20, -56, 214, -70, -68, -86, -98, -38, 122, 68, 212, 36, 168, -30, -218, 32, -58, -84, 94, 62, -120, -2, 42, 226, 90, -40, -40, 36, 56, 62, -138, -100, 44, -136, 62, -112, -2, -50, -90, -112, -80, -42, -76, -124, -12, 136, -182, -10, 86, 120, 42, -58, -28, -38, 16, -72, -48, 24, -68, -204, -110, 64, -8, -168, -14, 72, -4, -8, 84, 36, 158, 132, -50, -132, -16, -26, 36, 174, -6, -84, -34, -36, 74, 108, 138, 22, 48, 24, -66, 30, -130, -4, -2, 78, 20, 58, -198, -274, 4, -106, 114, -56, -26, 4, 208, 48, -72, -76, 4, 18, -64, 70, 18, -172, 28, 86, 72, -76, 118, -44, -146, -112, -8, -64, -194, -62, 16, 2, -96, 98, -94, -6, -138, 90, -50, 52, 166, -16, 96, 78, -94, -20, -42, -32, 110, 112, -44, 46, -6, -76, 54, 28, 26, -96, 180, 122, 178, 42, 18, 24, 198, -36, -238, 100, -16, -60, -60, -60, 36, -34, -6, 64, 24, -162, -74, -6, -78, 34, 28, 160, -64, -106, -256, -110, -60, 8, -42, 54, 38, -20, 126, 96, 150, -120, -18, 18, -24, -24, 52, 2, 64, -78, -22, -82, 38, -158, 120, -62, 148, 84, -72, 80, -138, 10, 20, -60, -64, -70, -18, 40, -218, -130, 104, -92, 108, -24, -198, 64, -44, 20, -14, -44, -20, -260, -54, -112, 18, 98, 22, 2, -68, -46, 194, 64, 244, -142, -36, 204, 212, 64, 198, -82, 20, -76, 176, 36, 72, 16, 22, 46, -14, -92, -80, 78, 30, -48, 8, 8, 270, 70, 80, 14, 192, 42, 90, -122, -44, 76, 80, -96, -88, -172, 84, 60, 40, 28, -20, 172, -172, -158, -44, -42, 26, 64, -34, -124, 34, 20, 70, -48, -70, 156, -108, 0, -46, -38, 50, 32, 74, 0, -10, 24, 202, 14, -172, -32, 8, 88, 78, -68, 218, 64, 296, 122, -4, -160, 80, -10, -104, 54, -2, 46, 2, 6, -194, 68, -44, -48, -174, 96, -106, 86, 14, -96, 120, 152, -134, 44, -146, 62, 2, 8, -2, 34, 82, -96, -36, 2, 12, 56, -56, -12, -50, -64, -88, -80, 38, 140, -202, -120, -154, -44, 14, -10, 18, -184, -44, -56, 146, 34, -14, -156, -212, 66, -24, 90, 130, -38, 128, -68, -288, 154, -28, -44, 122, -122, -120, 70, -30, -66, 94, 162, 120, 228, 138, -146, 22, 52, -78, -54, 82, 64, 166, 86, 68, 6, -10, 36, 64, 210, 156, 86, -54, -58, 102, -24, -92, -16, -86, -100, -16, -20, -104, -96, 6, -140, -82, 184, 110, 124, -2, -178, 46, -34, 162, 12, 82, 88, -40, 130, -58, -4, 60, 2, -40, -46, -98, -188, 106, -98, -88, 46, -44, -28, -44, -84, -286, -306, -42, 86, 82, 6, 116, -38, -64, 132, -32, -86, -34, -12, -40, 56, 68, -72, -118, 38, -30, -26, -76, 30, 122, 30, 20, 196, -292, 12, 16, 0, -36, 118, 
-12, -184, -98, -50, 36, 20, 44, 88, -102, -54, -86, -94, -44, 136, 114, -16, 60, 98, -48, 56, 54, 168, -34, -178, 68, 196, 74, 10, 32, -94, 120, 216, 30, 38, 12, 170, 48, -10, -82, 92, 156, -36, 106, 146, 122, 4, -58, 338, -34, -8, 86, 144, 100, -52, -154, -48, -44, -12, 236, 156, 80, 200, -12, 38, 80, -144, -20, -114, 116, -42, -80, -164, 226, 224, -14, 72, 68, -50, -82, 86, 114, 86, -24, -12, -118, -30, -52, -18, 66, 104, 172, 46, -40, 98, 16, -34, 218, 226, 114, 80, -280, -34, -88, -40, -224, -68, 80, -50, -136, 52, -6, -142, 10, 292, -10, -96, 48, 236, -18, 122, 138, 100, -168, -38, 176, 78, 160, -126, -8, -114, 240, 26, 256, 28, 186, -54, 134, -14, -148, 20, -54, 170, 62, 8, -6, -242, -98, 54, -12, 66, -90, 88, 108, 86, 74, -8, -92, 28, -140, 10, -66, 102, 84, 62, -64, -276, 124, 126, 2, 250, 68, -70, 10, 142, 216, -48, -14, -6, 140, 6, 154, -22, 56, 54, -142, -26, 256, 62, -48, 108, -88, -38, -168, 178, 8, 32, -2, 42, 30, 124, 134, 112, 38, -4, 28, 60, -198, 192, -76, 4, -28, -114, 104, -68, -104, 194, 228, -78, 94, -22, 136, -28, -48, -6, -58, 76, 136, 106, 100, -96, 128, 196, 116, 184, 250, -118, 70, -50, -12, 164, -30, 86, 92, -158, -86, 36, -30, 8, -108, -26, 50, -6, -170, 110, -196, 160, -42, 20, 116, 170, -10, 176, 16, 0, 114, 12, 140, -18, -30, 28, 110, -72, -68, -92, -228, 196, 318, 78, -38, 2, -126, 196, -80, 2, -10, -94, -130, -94, 126, 44, 44, -36, 174, 72, 28, 278, 134, -110, 14, -24, 242, -44, -18, 102, 208, -36, -16, 50, -98, -102, 26, 84, 108, 176, 164, -88, 14, -66, -92, 180, -76, -4, -222, 38, 44, 216, 40, -104, 74, 230, 114, 84, 40, -4, 318, 54, 102, 130, 126, -58, 176, -112, 102, 254, 38, -282, 4, -28, 132, -200, 36, -130, 48, 36, 116, 188, 86, 18, -134, -52, 86, -204, 88, -112, 180, 24, -52, 20, 48, 158, 62, 10, -14, -40, -36, 288, 124, 10, -76, -36, 170, 54, 132, -244, 178, 14, -216, 202, 4, 82, 100, -146, -154, 114, -8, 292, 98, -28, -24, 96, -208, -28, -118, -106, -176, 90, -88, -50, 136, 38, -6, -158, -90, 20, -36, -44, 94, 184, 142, -132, 42, -16, 38, 160, -74, 20, -36, 126, 162, -14, 56, 24, 50, 90, -76, -256, 150, 2, -142, 38, 66, 202, -78, -12, 98, -102, -140, 8, -56, -86, -4, 2, -114, 168, 38, -86, 186, 178, -96, -4, 172, -4, 146, -56, -64, 146, 198, 250, 84, 48, -68, 86, 0, 98, 52, -136, -32, 228, 30, -66, -106, -66, -34, 118, -6, 4, -2, 72, 86, -164, 34, 48, -80, -82, 236, 82, -98, 72, 30, -152, 
-4, -100, 46, -8, -80, 22, -20, 14, 80, 190, 182, -8, 150, -30, 76, 142, 68, 152, 104, -158, 156, 2, 170, 2, -64, 146, -112, 78, 28, 218, -10, -228, -36, 54, 46, -200, -76, -204, 32, -214, -106, 202, -108, 32, -138, -62, 40, -122, 148, 62, 2, 0, 66, -152, 190, 142, 46, 26, -208, -188, 54, -296, 30, 166, -82, 34, 192, -48, 8, -56, -38, -14, -122, -70, -194, -10, -56, 264, 114, -72, -30, -44, 56, 96, 134, 26, 226, 16, -80, -48, -44, 34, 88, 114, 102, 58, -118, -134, -114, -8, 84, 96, 48, 76, 144, -126, 58, 82, 114, 108, -8, -38, 122, -174, 98, 140, 44, -48, -14, -4, -190, 2, 208, 28, -204, -10, -224, 62, 88, 96, -64, -26, -240, 70, -172, -32, -114, -18, 152, -14, 74, -194, 48, -14, 4, 58, 0, -28, 94, -40, 28, 192, -14, -18, -78, 166, 88, 52, 102, -80, 50, 30, -22, -106, 214, 308, -54, -2, 76, -112, 92, 192, 122, 28, -124, 34, 8, -50, 4, 150, -178, 184, 174, -142, 90, 36, -224, 28, 6, -20, -4, 162, 214, -16, -124, 132, 230, 92, -144, -24, -280, -74, -62, -76, -52, 2, 28, -136, 166, 36, -64, -34, -152, 230, 124, 90, 14, -94, 0, 146, -112, 94, -34, 54, 104, 64, -50, -58, -62, 236, -168, -272, -164, 18, -196, -60, 0, 226, 70, -4, 122, 72, -40, 288, -82, 126, 52, 90, 88, 240, 146, -78, 150, -100, 16, -124, 128, -62, 92, 30, -60, -162, 90, -44, -86, 2, -168, 48, 56, 44, 38, 6, 98, 32, 208, -140, -142, -56, 92, -8, 102, 48, 38, 18, 6, 42, 30, -52, -144, 92, -90, 162, -44, 138, -92, -166, -44, 48, -58, 120, -64, 58, -12, 78, -104, 336, 82, 62, 188, 70, -20, -92, 22, -70, -76, 18, -48, -6, -82, -208, 218, -84, 262, 80, -70, -72, 64, -2, 56, -94, -86, 28, 94, -12, -386, 18, 66, -96, -150, 72, 84, 30, -88, -30, 130, 232, -82, 60, -118, 104, 74, -20, 138, 54, -96, -164, 12, 0, -16, 116, -72, 312, 60, 190, 36, -72, -82, -164, -172, -298, -24, -186, 50, -28, 108, 30, -8, -28, 142, -130, 64, 28, -124, 188, -100, 108, 144, -298, 48, -116, -36, 286, 90, -90, 144, -100, 34, 74, 0, 2, 334, 38, 242, -34, 72, 72, 118, 184, -90, 66, 104, 164, -50, 204, 134, 148, 130, -116, -154, 114, 28, 144, -134, -116, 32, 134, -58, -124, -14, 4, -60, -96, 0, 8, 122, 64, -236, -48, 102, 156, 86, -186, 90, 280, -12, 106, 100, 110, -122, 16, -10, 92, 96, -124, 94, 40, -242, 74, 50, -26, -318, 196, 12, 140, 172, -120, -172, -110, 82, -152, -68, -40, 14, -160, -78, 94, -42, 78, -94, 122, 132, 12, 196, -52, 40, -42, -16, -34, 24, 48, 40, -22, -46, 24, -4, -4, 176, 122, -52, 32, 
230, 62, 178, -56, 92, 22, -36, -42, -104, -118, -170, 154, -74, -148, 166, -96, 64, -204, -58, 56, -58, -10, -152, -20, 12, -54, 26, 164, -6, -110, 166, 224, 190, 0, -16, -16, 110, 84, 60, 172, 50, -132, -88, 4, 242, 212, 16, 20, 30, -6, 12, -80, 104, 172, -166, -22, -30, 116, 148, 306, 134, 246, 84, -74, -14, -18, -138, -110, 34, 52, 12, 136, 196, 76, 28, 136, 168, -204, -22, 12, 4, 48, -36, 116, -38, -68, -156, 18, 122, 22, 62, 236, -36, -20, 84, -154, 100, -36, 254, -80, 62, -92, -46, -126, 0, 172, -62, -26, -132, -100, 100, 2, 32, 266, -30, 92, 108, 96, -72, -14, 80, 168, -156, 14, 148, 46, 38, -16, 74, -68, 120, 110, 76, -220, 168, -4, 72, 186, 20, -40, -28, 250, 4, 86, -64, 60, 90, 52, 184, 294, -56, -256, 206, -144, 76, -68, 144, 54, -162, 20, -146, -24, 32, 74, -6, -194, 52, 72, -124, 76, -28, -284, -218, -130, 192, -62, -68, -42, 112, -222, 362, 80, -100, 236, 92, -22, 112, 86, -50, -24, 110, -72, -118, 6, 88, -66, -322, 58, 106, 174, 318, 58, 98, -54, 216, 166, 110, 176, -40, 44, 206, -38, 170, -78, -2, 60, -136, 10, 8, -64, 6, 12, 10, -38, 32, 70, -50, 162, 64, -102, -26, 142, 270, 6, -10, 46, 138, -232, -84, 40, 56, -156, 92, -226, -94, -160, -148, 72, 40, -128, 4, 154, 100, -64, 114, 118, -232, -14, -62, 128, 108, 52, 90, 120, -44, 4, 104, 86, -44, -64, 20, -12, 72, 28, -182, 140, 110, 104, 134, 26, -150, -36, -16, -126, -62, 36, 152, 34, 132, 98, 318, -88, 18, -14, 252, -40, 58, -118, 42, 8, 66, 14, 64, -14, 138, -116, 54, 144, -72, -122, -70, -22, 8, -42, 92, 46, -76, 120, 100, 226, 24, 158, -88, -134, 112, 40, 150, 18, -76, 16, 172, -122, -48, -34, 342, 198, 26, -4, 114, -62, -60, 18, 44, 92, -130, 74, 80, -100, -86, 44, 100, 26, -56, 42, 120, 152, 164, -100, 164, -136, -46, -312, 10, -210, 14, -6, 92, 78, 256, 244, 86, 72, -32, -120, 14, 146, -88, -10, -210, 216, -64, -2, 274, 58, 166, -138, -26, 350, 42, 24, 232, -132, 2, 78, 12, 168, 68, -220, -6, 22, -174, 48, -158, 108, -98, -22, -18, -34, -8, 88, -16, -240, 0, -146, 108, 174, -36, -80, 254, -80, -144, 12, -96, 264, -100, -108, 104, 64, 46, 138, -70, 72, 58, 76, 0, -130, 76, 34, -22, -80, 30, 98, -22, -152, -60, 136, -138, -64, 106, -48, 120, -88, -128, 132, 56, 10, 214, 20, 138, 44, 376, 6, -42, -46, -226, 268, 308, 228, -70, 172, 168, -18, 28, 108, 116, 16, -70, 20, 146, 74, -200, 70, -172, -90, 130, 100, 0, -80, -196, -182, -8, 122, 72, 10, -98, 154, -30, 0, -4, -66, 
-118, 100, -188, 46, -30, -50, -22, 212, -2, 164, 34, -10, -14, 62, 116, 144, 4, 132, 16, 6, -40, -80, 4, -14, 188, -116, 14, -122, 162, 70, -144, -114, -102, -22, 72, -94, -168, 14, -90, -110, 24, 212, 80, 82, 0, 96, 168, 24, 160, -2, 18, 20, 68, 128, 70, 96, -48, -80, -8, -24, 34, -194, 148, 366, 50, 114, 158, 96, -84, -66, 174, 0, 46, 100, 70, -28, -210, 54, 126, -2, -260, -36, 176, 90, 30, -172, 118, 68, -152, 44, 224, -44, 234, -58, -20, 182, -64, 80, -94, 112, 132, 32, 56, 60, 194, -78, 152, 176, 92, 124, -78, -116, -52, 82, 34, 76, -206, -42, 200, 64, 228, -58, 22, 100, -136, 120, 4, 48, -6, 48, 36, -12, 74, 130, 6, 2, 52, 66, -92, -32, -108, -174, 118, -24, -34, 60, 68, -42, -140, -252, 146, -20, -110, 136, -116, 110, 66, -4, 156, -90, 100, -22, -184, -50, 94, 188, -120, 96, 122, -34, -110, 418, 60, 48, -74, -10, 70, 108, 48, 144, -152, -14, 88, -252, -162, -8, 18, -118, -48, -54, -84, 156, 58, 124, -48, 72, 250, -64, -160, -68, -268, 158, 46, 28, 86, 106, 4, -20, 84, -62, -66, 26, -152, 94, -58, -260, 12, -80, 106, 176, -14, -176, -14, 68, -18, 100, 166, 26, -114, 264, 44, -110, 54, 66, 68, 56, 126, 350, 166, 188, 132, 24, -44, 44, 192, 276, 116, -162, 94, 338, 98, -48, 46, 140, -54, -136, 188, 56, -82, -144, 54, 0, 12, -74, 58, -8, -80, -36, 60, 116, -14, -96, -86, -2, 166, -96, -102, -22, -86, -40, 140, 92, -132, 138, 104, -76, -168, 64, -120, -138, -174, 40, -38, -220, -100, 40, 38, 78, -100, 8, 56, 78, -60, 28, -30, 214, -22, -148, 32, 222, 162, 8, -24, 42, -76, -138, -46, -136, 134, -178, -14, -256, 240, -64, 6, 58, -126, 238, 84, -86, -60, 68, 82, 180, -224, -116, 36, -12, -56, -64, 108, 114, 90, -58, 34, 46, -60, -22, 126, -64, -116, -276, 52, -108, -16, -106, -98, 300, -8, -6, 38, 256, 38, 262, 54, 176, -48, -20, -20, -178, -112, -70, 202, 152, 150, -156, 224, -62, 200, -122, -136, 90, -108, -140, -78, 74, 90, -78, -10, -68, -64, 198, -104, 100, -120, -118, -2, 26, 28, -4, -44, 30, 194, -84, 142, 88, 64, 26, -48, 144, 50, 276, 20, 370, -106, -194, -40, 14, -314, 42, 174, 12, 60, -18, 254, 198, -108, -288, -114, -136, 204, -96, -92, 116, 80, 82, -24, -22, 14, 126, -58, 128, 138, 84, 156, -284, 14, 66, -46, 186, -162, 4, 202, -106, -132, 40, -40, 98, -96, -30, -118, 74, -8, 156, 42, -110, -44, -220, 54, -52, -68, 174, -26, 64, 68, -66, -2, 124, -120, -236, 202, 108, 228, 102, -158, 150, 82, -28, 148, 68, 100, 136, 62, 122, 58, -160, 58, -48, 86, 68, 
84, -176, 194, -164, 52, -72, -62, -106, -44, -146, 84, 86, 140, -116, 6, 54, 108, -132, 76, 108, 18, -84, 82, 30, -158, -82, -14, 130, -24, 106, 146, 72, 74, -58, -16, 6, 86, 4, 70, 168, 148, -174, -48, 62, -48, -38, -152, -162, -12, 12, -52, 160, 108, -82, -50, -190, 28, 66, -106, 22, -190, 180, -32, -214, 46, -2, -98, -80, 180, 66, -168, 78, -32, -52, 148, 152, 306, -48, -118, -16, 66, 30, -40, -76, -42, 72, -128, -90, 296, -10, 82, 158, -222, 76, 64, -176, 126, 94, 162, 130, -158, 6, -8, -66, -74, 16, -100, -96, -48, -152, 230, 172, 6, -6, -44, -26, 4, 102, 84, 10, -68, 174, 84, 196, 88, -290, 122, 2, 178, 48, -218, 164, 152, -102, -72, 28, -54, -148, 162, 54, -8, 408, -26, 162, 74, -50, -152, 92, -26, 90, -194, 2, 104, -226, 168, -12, 4, -140, -32, 56, -84, 72, 82, 198, -164, -50, 136, 76, 28, 42, 76, -80, -44, 24, -10, 234, 40, -142, -22, -90, 108, 54, -4, 160, 60, 106, 226, 86, 166, 30, -94, 24, -122, 166, 88, -98, -158, -160, 132, -84, 272, -86, -44, -32, -242, -34, 56, 160, -16, 168, 202, -78, 120, 112, 128, 176, 42, 28, -74, -150, -18, 188, 54, -118, 100, -72, -94, 12, 76, -32, 76, 48, 254, 198, 6, -2, -24, -218, -248, -178, 68, 78, -28, -86, -232, -12, -2, 306, -102, -270, 116, 144, 118, -106, 26, 176, -92, 204, 166, 78, -46, 204, 118, 152, -196, 66, 32, -28, 46, -18, 70, 56, 34, -24, -124, -106, 32, -144, 128, 38, -256, -66, 234, -148, -8, 134, 124, 88, 12, 56, 314, 12, 18, 84, 118, 122, 6, -98, 0, 98, 86, -52, 42, -40, 144, -26, 70, 168, 66, -224, -56, -80, 16, -10, 236, 166, -18, 190, 200, 230, 248, 238, -380, 100, -38, 38, -10, -84, 68, -42, 44, -4, -96, 12, 46, 132, -78, 128, -172, -16, -104, -168, 0, 84, -60, -44, 36, 100, -142, 10, 248, 114, 98, 258, -14, 34, 272, -256, 50, 28, 36, -182, -8, -144, 10, -378, 26, 158, 4, 12, 70, 104, -56, -32, -34, 158, -42, -222, -172, 28, 156, -90, -50, 166, 116, 100, -192, 322, -28, 124, 230, -150, 10, -20, 108, -28, 178, 48, 90, 42, 124, -94, -18, 32, -72, -80, -62, 116, 80, -112, 104, -194, 274, -152, 92, 176, 78, -94, 240, -134, -152, -84, 50, 58, -24, -90, 28, 24, 64, 198, -40, 226, 152, -150, -190, 118, -102, 156, 10, -42, -2, 12, -34, -64, -62, 214, 140, 66, -46, -92, 196, -4, -54, 154, 204, -258, 48, -36, 8, 16, 136, -74, 78, -50, -20, 124, 156, -2, -138, 34, 76, -58, -26, -44, -28, -128, -4, -104, 82, 170, -220, 178, -148, -50, 270, -132, 56, -134, -76, 18, -78, -174, -32, -198, 54, 74, -36, 74, 182, 68, 
26, 58, -166, 216, -32, 212, 116, 62, 100, 68, 92, -138, 44, 150, 114, 132, -22, -6, 104, -24, -54, 38, 4, -108, 80, -36, 28, -6, -24, -140, -68, -46, -112, 42, -96, 62, -104, -178, 48, -176, 142, 180, 54, -96, 130, -212, 58, 82, -186, -38, 112, -120, 70, 204, -104, 136, 14, 42, 178, -228, -24, -38, 174, 118, 36, -14, 116, 268, -152, -54, 190, -248, 156, 80, 208, -96, -110, 204, 94, 48, 98, -178, 34, 40, 54, -118, -18, 96, -336, 54, -172, -174, 148, -30, -24, 192, -28, 68, -210, -168, 300, -130, -38, 80, 202, -148, 66, -68, 24, 196, -124, -136, 28, 150, 138, 0, 52, 50, 164, -2, 90, -168, -64, -122, -68, 184, -158, -42, -48, -84, 192, -156, -206, 186, 26, 144, 132, 176, -74, -184, 132, -58, 120, -78, -66, -36, 104, -186, 132, -20, 98, 200, 174, 100, -158, -16, 64, 242, 14, 58, 70, 106, 114, 198, 176, 94, -70, 56, 2, 112, -256, 134, 150, -186, -242, -266, -144, 76, 114, 10, 84, -22, 120, -68, 4, 80, 8, -134, -44, 8, 130, 78, 30, -28, -82, 8, 148, 108, 12, 144, -210, -140, 0, -212, 306, 130, 42, -62, 140, 38, -120, 26, 106, -42, -200, -128, 22, 12, 156, 22, -6, -206, -24, 242, -58, 110, 210, 38, -110, 12, -74, -132, -216, 136, -38, -112, -22, 148, 194, 274, -98, -20, -54, 176, 64, 46, 40, -186, 118, 302, -288, -118, 46, 112, -26, 62, -22, -244, 36, 134, 150, -266, -108, -48, 284, 48, 30, 90, -62, 140, 22, 108, -74, 106, -52, 42, -24, 80, 34, 80, 2, 168, -162, 42, 38, -60, 18, -158, -74, 58, -228, -206, 22, -122, -116, -90, 28, 194, -6, -14, 10, 212, 246, 48, 28, -46, -160, -70, -268, 202, 212, 88, 34, 8, -166, 40, 70, -36, -94, 124, 0, 140, 326, -208, 98, 92, -52, 128, -108, 190, 74, -168, 88, 16, -166, -168, 160, -46, 258, -98, -14, 156, 246, -92, 366, 46, -142, -86, -36, 128, -282, -110, -158, -66, -110, -64, -220, 132, 46, 104, 40, 166, -190, 160, 50, 564, 12, -90, -180, 56, 96, -190, -114, -156, 76, 54, 28, 190, 192, 206, -100, 108, 38, -116, -34, -26, 134, -294, 26, -108, -60, 250, 12, 36, -184, 186, -234, -112, -36, 108, -68, 104, 192, 8, 156, -36, 108, -144, 200, 86, 48, 188, -206, 160, 66, 46, 70, 66, -26, 172, 308, 60, 12, 40, -118, 20, -14, -16, -2, -84, 118, -146, -98, 302, 194, -218, 68, 126, 144, 124, 96, 46, 68, 248, 46, -154, -16, 126, 314, -36, -52, -92, 120, -40, -136, 306, -62, 108, -36, 88, -88, 14, 242, 206, 218, -110, -38, -186, 112, 30, -12, 294, 220, -146, -44, 170, -6, 78, -8, -158, 188, -8, -24, 26, -232, 252, 106, 90, 186, 160, 28, 112, 6, -34, -20, -4, -80, -16, 20, -182, 
86, -54, 88, -254, -18, -140, -156, -180, 50, 64, -52, 138, 22, -90, -152, -64, 72, -56, -20, 164, -30, 4, -146, 274, 128, 4, 38, -150, 144, -26, 142, 32, 88, -204, 78, -10, 94, 80, 142, 82, -104, 114, -126, 110, -180, 324, 52, -6, 190, 42, 2, 178, -8, -20, 184, -134, 44, 38, 20, 126, 54, 32, -46, 70, 160, 70, 48, -42, 4, -26, -146, 44, -166, 46, -100, 4, 70, -38, 84, 138, -152, 96, 120, -30, -32, 158, 74, -208, 310, 28, 104, 122, -68, 58, -4, 116, -20, 58, 138, 30, -114, -210, 182, 4, -258, 96, -32, -26, 60, 12, 226, -42, 42, -88, -230, 52, 50, -26, -174, 136, -36, 70, 178, -10, 228, -158, 52, -8, 146, 116, 72, 178, 268, -102, 34, -36, -124, -140, 96, 156, -26, 108, -50, 92, 248, 246, -36, 134, -66, 122, 44, -96, -146, 10, 172, 22, 32, -274, 84, -120, -224, -98, 116, -200, -130, 36, 118, -72, 4, -148, 96, -6, -50, -42, 232, 294, 254, -142, -138, -94, 22, 12, 62, 78, 14, -32, -8, -54, -162, -114, 24, 8, -140, -46, 68, 136, -68, -14, -98, -74, 170, 46, 168, 256, -136, -118, 36, 206, -130, 20, 76, -24, -124, 218, 110, 102, 128, 0, -36, 48, -70, 110, -110, -238, -62, -6, 152, 148, 166, 210, -94, 84, 98, -86, -154, 84, -28, -170, -256, -326, 168, -12, 80, -76, -212, -4, 26, 142, -100, -398, 244, 156, -46, -92, 36, 92, 132, 176, -30, -86, -98, 216, -18, -24, -64, 38, -62, -36, 146, 40, -82, -16, -32, -46, 52, -54, 34, -48, 116, 190, 158, -38, -32, 42, 82, 84, -134, 92, 138, 62, 216, 166, 120, 174, 52, 86, 30, -206, -60, -2, 74, -20, -142, -154, -42, -54, 68, 94, 360, 102, -100, -158, 268, 18, 278, 140, -126, -34, 84, -190, 74, -38, -100, 224, 8, -112, -66, -302, -34, 22, 76, -56, -72, 76, 56, 208, -216, -132, -210, 132, -24, -96, -66, 16, -42, -18, 102, 60, -24, -120, 140, 182, 4, -36, 136, 270, 224, 208, 50, -120, 14, -80, 106, -34, 170, -224, 30, -14, 218, -12, -180, 60, 216, 204, -144, -4, -54, 4, -180, 14, 290, -38, -36, -80, -28, -58, -80, 194, -8, 334, 54, -188, -168, -56, 244, -240, 138, 164, 28, -132, -58, -112, 10, -26, -110, 266, -8, -30, 58, -248, 60, -50, 58, 28, -94, 0, -152, 54, -120, -96, -154, -202, 72, 12, 146, -142, -18, 170, 158, 8, -60, 240, 112, -162, -288, 220, -300, -88, -70, -96, -38, 46, 16, 8, -124, 278, 98, -48, -66, 50, 226, 0, -82, -34, 128, -184, 186, 8, 2, 36, 22, -220, -14, -150, -66, 134, 28, 188, 12, 92, -6, -224, -90, 178, 72, -186, -14, -98, -118, -6, -58, 174, 86, -100, 120, -174, -48, 16, 40, 0, 100, 20, -58, 164, 202, 94, 112, 36, -126, 108, 
190, 74, -112, 2, 110, 198, 12, 66, 4, 66, -120, 72, 24, 108, 100, -44, -30, -256, 122, -34, 152, 90, 48, -96, -22, -112, -6, 4, -18, -76, -182, -56, -268, 16, 42, 148, 28, -134, -86, 12, 24, -260, 118, -84, 132, -364, 72, -60, -150, 16, -218, 10, -82, -108, -28, 86, -12, 2, 20, -24, -18, 10, 114, 92, -68, -120, 118, 136, 122, 108, 130, -152, 62, 78, 20, -34, 38, 192, 12, -114, 200, 96, 102, -46, 180, 34, -98, 274, -188, -24, -198, 24, -12, -38, 98, -116, 130, 66, 100, 8, 96, 212, -134, -74, 240, -66, 268, 174, 18, -80, -68, 12, -88, 34, 158, 16, 6, 46, 100, -74, 48, 92, -32, -130, -78, 234, 4, 278, -124, -154, 110, -32, 110, -22, -32, 46, 152, 174, -134, -32, 98, -38, 80, -64, -178, 78, 102, -90, 218, -76, -32, -26, 108, -216, -54, 90, 112, 200, -24, 22, 78, 34, 92, 282, 202, -26, -130, 30, 144, 100, -98, 30, 114, -26, 10, -64, -72, 296, 114, 6, 86, -168, 28, -136, 50, 256, 12, 38, -78, 106, -124, -80, 218, 150, -38, -150, 70, 132, 64, 134, -192, 36, -16, -146, 212, 132, -72, -54, 38, -58, -22, -86, 68, -242, -104, 62, -174, -42, 106, -98, 98, -28, 178, 252, 146, 94, -74, -62, -126, -156, 176, -198, -76, -60, 86, -128, 18, 204, 188, 204, 160, -42, -16, 200, -58, -58, 98, 136, 96, 236, -142, -172, -90, 194, 150, 14, 102, -144, -64, -6, 86, -246, 94, 54, -102, -182, 168, 34, -250, -28, 24, -52, 116, 124, 18, 4, 54, -42, -132, -230, -132, 18, 90, 166, -150, -24, 180, 92, -260, 210, -16, -34, -70, -56, -196, 2, 108, 292, 104, -140, -64, -18, 222, 150, 126, -78, -24, -44, -210, -60, 302, 6, -104, 80, -210, -170, 308, -116, 52, 56, -244, 112, 24, -158, -16, 8, 58, 122, 184, 180, -50, 88, 26, -72, -42, -98, 144, -14, 84, -182, 322, 246, 72, 26, -52, -48, 16, 20, -24, 82, -22, -152, -86, 82, -22, -190, -230, 50, 250, 94, -60, 54, -34, -84, 218, 230, -96, 106, -246, 78, 174, 44, -30, -210, 104, -12, 8, 68, 272, 110, -200, 60, -268, 142, 14, -26, 72, -234, -86, -108, -84, 116, 16, 162, -54, 206, -170, -190, -48, -22, -44, 42, -6, -28, 260, -54, -196, -42, -144, 162, 58, 44, 90, 138, -160, 72, 228, -180, 38, 218, 102, 20, -2, 56, -36, -30, 90, -168, -94, 24, 106, -44, 8, -12, 402, -62, 96, -70, 36, 78, -148, -224, -104, 40, 134, -70, -88, -76, 8, -50, -12, 58, 80, 10, -44, 54, -44, -48, -24, 48, -96, 164, 32, 192, 116, -154, -84, -138, 20, 14, -58, 180, 90, -130, -36, 228, -116, 86, 0, 82, 38, -154, 80, -138, -138, 382, 188, 80, 58, -10, 74, 28, 6, -8, -100, -34, -76, -106, 130, -78, 
12, -142, -84, -16, -186, -166, 126, -40, 130, -122, -48, 10, 166, -62, -34, -68, -14, 134, 50, 58, -54, -74, -148, 0, -66, -34, 8, -32, 226, 18, -16, 246, 0, -24, -178, 4, -32, 148, 168, -10, 170, 12, 4, 98, -84, 200, 2, -24, 60, 106, 34, 82, 48, -66, 146, 22, 204, 4, 48, 214, 118, -40, 80, -70, 152, 84, -152, -106, 168, 66, 8, 106, -106, -190, 14, -98, -38, -96, 122, 192, -144, -274, -6, 36, -318, -256, 12, -22, 214, 66, 212, -38, -40, 126, -16, 78, -38, -14, 50, -94, 58, -86, -18, -26, -198, -70, -198, -162, 68, 206, -86, 52, 114, 142, -18, 94, -116, -146, 64, 264, -42, -50, -34, -4, 6, -12, 124, -190, 50, 34, 46, 32, -74, 130, 142, 0, -166, -38, -40, -28, -272, 26, -236, -12, 84, 18, -108, -144, -236, 190, 4, -68, 132, 320, 30, 4, 26, 20, 76, 102, -232, -32, 12, 28, -274, 26, 38, 82, -30, 196, 148, 96, 72, -34, -52, 110, 188, -294, 28, -4, 8, 160, -220, 242, -38, -188, 88, -124, 204, -82, 208, 38, -114, -210, -34, 180, -94, 14, 72, 8, 42, 92, -114, 268, -192, -144, 140, 124, 24, 4, 76, 62, 6, 474, 180, -36, -64, -88, 2, 130, -114, 28, 56, -196, -158, 50, 44, 60, 112, 138, 46, -44, -100, -12, -10, -188, 76, 70, -58, -106, -152, 112, -116, 42, 38, 36, -240, -18, -6, -36, 152, 188, 96, 98, -398, 46, -88, 234, 264, -14, 40, 160, -106, 108, 114, 4, -160, 24, 240, 0, 74, -70, -102, 84, -178, 216, -110, -18, 44, 172, 44, 122, 100, -62, 150, 220, -164, 70, 276, -20, 84, 182, -236, 26, 204, 182, 20, -304, 4, 208, 80, 52, 96, -8, -24, 38, 28, 82, 278, -108, -42, 20, 88, 10, 76, 154, -222, -68, 12, 100, 202, 26, 62, 108, 166, -132, -112, -44, -42, -172, -90, 22, -52, -20, 102, 146, -104, 12, -62, 108, -108, -154, 76, -24, 2, 36, 238, -54, 4, 56, 30, 214, 120, -24, 58, 186, 186, 36, -160, -132, 26, -200, 78, 32, -122, 22, -46, 12, 262, -50, 124, -198, 92, 60, 74, -90, -4, -2, -108, -36, 48, 260, 10, -160, -14, 94, -10, 160, 144, 76, -44, -66, -12, -186, -72, -276, 62, 20, 24, -32, 36, -28, 228, 96, -132, 60, 136, 106, 196, -92, 114, -62, -52, 36, -4, -118, 54, -4, 40, -68, -128, -98, 72, 56, 44, 148, -28, 74, 112, 74, -170, 66, 194, 8, -322, 98, 86, 114, -72, 0, 74, 188, 140, 46, -198, -82, 42, -88, -74, 258, 4, -74, -132, 90, -18, -54, 154, 204, -84, 94, 108, -236, -56, -32, -78, -34, 2, 122, 94, -62, 18, -174, -228, 66, -100, -142, 36, -74, 124, 14, -202, 118, -30, -54, -40, -226, -90, 154, -20, 242, 146, 84, -218, -50, 138, 50, 152, 112, 32, 60, 
104, 38, 90, 62, 72, 64, -186, -18, -86, 188, 42, 28, -242, 84, -52, 182, 124, -16, -54, -6, 80, 72, 280, 98, 26, 102, 72, 168, -4, -94, 84, 10, 66, 152, 240, -78, 44, -168, -2, 104, -44, 192, -114, -6, 112, -116, -136, 162, -44, -38, 102, 74, -198, 100, -140, 2, -84, -130, -10, -210, 14, 198, -96, 98, -186, 26, 140, 256, -224, 176, 126, 72, 52, 58, 134, 128, -96, 48, -154, -122, 100, 20, -50, 0, 294, 212, 64, 120, -200, 86, 46, -190, 66, -42, -26, -84, 74, -2, 132, -14, 26, 30, 0, 100, 166, 300, 108, 72, -50, 34, 80, 34, -168, -98, 160, -104, 14, 208, 142, -254, -66, 10, -46, -106, -82, 174, 4, -68, 94, -196, 58, -18, 70, -270, -160, 84, 58, 188, -20, 198, 164, 106, 48, 292, -206, -152, 98, 52, 262, -100, -52, 2, 48, -58, 84, 214, -82, -18, -50, -282, 20, -156, 40, 98, 116, 96, -56, -230, 20, -152, -8, 10, -150, 102, 48, 128, -10, 396, 8, -34, -8, 40, 186, -142, -120, 244, -154, 166, 0, 86, -206, 168, 60, 266, 50, -32, 30, -36, 180, 112, 52, -118, 288, -232, 252, 114, -100, 64, -24, 174, -156, -172, -24, -226, -170, -68, -116, 42, -116, 58, 106, 202, 78, 82, 184, -56, -34, -72, 28, 2, -102, -10, 164, -44, 44, 154, -54, 56, -248, 118, 18, 54, 80, 14, 62, 4, 124, 96, 78, -118, -44, 8, -148, -166, 352, -30, 76, -32, -176, 114, 78, -46, 264, -20, -32, -44, -68, 128, -108, 30, 138, 178, 196, -12, 172, -76, 84, 28, -148, -176, 16, -48, -14, 174, -32, 84, 286, -100, -72, 60, -122, -58, 144, 0, -16, -92, -34, -62, -64, -82, -236, -46, -86, 126, 158, -238, 94, 30, -292, 70, -50, 26, -62, -22, -92, -56, 164, 248, -6, -164, -108, 44, -92, 150, -98, 26, 94, 96, 110, 112, 210, -42, 22, 114, -246, -58, 144, -38, 56, -126, 226, 16, 10, 30, 22, 16, -340, 84, 178, -16, -20, -12, -26, 74, 14, 10, -20, 16, 98, 192, -94, 142, -128, -208, 20, 118, 116, 156, -216, -16, -74, 110, 112, -120, 14, 72, 124, 10, 0, 174, -6, -378, 140, 64, -6, 232, 14, -84, 28, 98, 78, 18, 118, 248, 80, 108, -20, 82, -12, -106, 122, -188, -130, 210, -60, -52, -116, -2, -8, -26, -210, 126, 62, -48, 132, 254, -52, -20, 0, 60, 208, 48, 18, -2, -16, -104, -178, -112, -138, -188, 166, -116, -6, 170, 462, 52, 32, -210, 100, -92, -86, -80, -24, 56, 266, -98, -6, 40, -20, -156, 60, -102, 170, 154, -72, 66, -58, -8, 34, -174, -132, 92, 26, 192, 90, 138, -52, -102, 86, 38, 98, 150, 104, -138, 224, -50, -106, 0, 6, -26, 142, 80, 134, 150, -8, 272, 2, -98, -34, -316, 218, -58, 224, -18, -86, -58, -60, -114, -78, 106, 
-52, 8, -54, 144, -16, -122, -32, -78, 18, -114, 166, 54, 84, 160, -18, -220, 172, -90, 138, 226, 118, -100, -150, 88, 134, 96, -26, -50, -24, 22, -114, 226, -116, -172, 12, 136, 26, 326, 124, 16, -46, -196, 210, -72, -152, 166, 164, -24, -98, 74, 50, -102, 220, -2, 78, 92, 304, 102, 8, 238, -12, -212, 232, -38, 58, 276, 40, -182, 210, 110, 0, -162, -80, -130, 202, 40, 58, -118, 248, 30, -224, 2, 78, -12, -192, -86, 100, -104, 226, -46, -90, 150, -122, -84, 30, -6, -184, -250, -160, 10, 30, 2, 26, -172, -8, -238, -72, 130, 84, 180, -40, -180, 158, 28, -44, -14, 0, -94, -108, 128, 118, 30, -124, 46, 210, 10, -26, 156, -140, -60, -48, 62, 14, 246, 196, 136, -172, -152, -112, -50, 30, -116, -40, -196, 28, 100, -170, 4, -272, 166, 60, 36, 322, 2, 176, -132, 168, -2, 18, 274, 102, 180, -94, 114, -70, 6, -56, 206, 98, 180, -60, 120, 210, 10, 26, 2, 14, -356, -26, 54, 194, 54, -176, -16, 64, -312, 164, -72, 6, -90, 92, -200, 152, -126, 178, 48, 40, -34, -166, -148, -160, 130, 26, 262, 58, 272, 224, 112, -132, -28, 146, 136, 126, 246, 240, 152, 302, 48, 14, 182, 160, -48, -58, 44, -312, 38, -54, 48, -136, 60, 50, 150, -198, 156, 152, -20, 40, -24, 258, -72, -44, 4, -74, 100, -4, 330, -110, 18, 90, 156, 72, 104, 126, 12, -226, 14, 16, -68, 42, -110, -44, -134, -136, 38, -54, -26, 148, -34, 82, 190, -132, 18, -84, 224, -74, 290, -26, 166, -22, 136, -190, -204, 222, -24, 82, 138, -218, -66, 60, -76, 138, 368, 46, -156, -170, 104, -160, -36, -134, 80, 128, 132, 18, -36, 120, 304, -106, -38, 230, -56, 180, 116, 254, 260, 116, 166, -26, -166, 68, 190, 52, 174, 230, -10, 344, -64, 68, 60, -28, -170, -182, 36, -48, 96, 344, -34, -40, 106, 94, 122, -280, 132, -158, -52, 96, -92, 212, -202, -144, 218, -80, -122, 36, 66, -224, 58, 88, 88, 76, -258, 0, -22, 110, 74, -14, -68, -226, -122, 10, 148, 90, 158, -50, 210, -42, -68, 86, 170, 6, -46, -158, 272, -36, -56, -56, 98, -168, 198, -14, -48, 46, 148, -62, -190, 114, 22, 2, 74, 110, 62, -96, 180, 34, -86, 100, 40, 16, -8, 26, 84, 252, -8, -124, 144, -52, -146, -70, 250, -54, -64, 96, -50, 44, -38, 12, 94, 150, 36, -98, 52, 68, 46, 144, -138, -262, 238, -28, 120, -10, 78, -112, 82, -18, 32, -160, 184, -8, -62, 56, 182, -4, 108, -86, -196, -104, -48, 82, 180, 176, 172, 134, -124, -84, -140, 138, -172, -6, 130, -214, -148, 32, -72, -40, 338, -124, 80, 148, 0, 68, -112, -18, 24, -42, -46, -50, -186, 76, -26, 104, 30, -156, 12, 18, 144, 158, 134, -36, -14, 84, -8, 
236, 156, 146, -120, 48, 96, 206, -8, -40, 42, -50, 12, 36, 22, -36, 148, -38, -126, 98, 78, -30, 128, 260, 144, -28, -36, 108, 192, 24, -28, 258, -94, 142, 340, 106, -44, -78, -256, 200, -34, 148, 68, -148, 66, 76, -158, -30, 86, -2, 60, 154, 4, -106, -14, -120, -74, -204, -162, 6, -30, -36, 228, -122, 184, -136, -266, 88, 250, -60, -64, -22, 86, -42, 100, -156, 70, 174, 104, -216, -6, 254, -10, 142, 180, 36, 84, -136, 6, -254, -44, 38, -108, 80, 318, 68, -4, 90, 224, 272, -236, 126, 4, 2, -28, -88, 154, 50, -178, 184, -144, 114, 372, 64, -44, 126, 28, 74, 250, 246, 32, -102, -88, 162, -104, -28, 136, -120, 16, 68, 76, 102, -260, 86, -228, -154, -186, 162, 152, 156, 280, 170, 128, -160, 126, -4, -110, 176, 124, 346, 192, 44, 32, -112, 110, 78, 104, 122, -16, -12, -30, -194, -168, 4, 56, -32, 114, 54, -34, -168, -44, -24, -78, 12, -160, -76, 8, -38, 228, 120, 12, -92, -120, 226, -88, 94, 232, 192, 0, 172, 82, -92, 192, -22, 158, -128, -16, 136, -80, 158, 166, 124, 6, 118, -68, 4, 86, -2, 20, -56, 280, -66, -4, -32, -142, -246, -76, -154, -52, 250, -110, -32, 74, 66, 122, 50, -60, -166, 2, 128, 62, 50, 70, 290, -6, -80, 0, 12, 148, -350, 0, 42, -96, 12, -162, 226, -190, 54, 56, 44, -212, 94, -32, -312, 98, 160, -102, 44, 18, -2, -76, -24, 152, 216, 8, -20, 134, -104, -24, -84, -116, 0, -4, 118, 4, 130, -62, 82, -96, 52, -62, 52, 160, 72, 246, -6, -8, 220, 94, 138, 84, -106, -158, -64, 136, 60, -120, 72, -2, 120, 98, 38, -138, 56, 72, -154, -352, -92, 58, -232, -36, -198, -36, -76, 16, -232, -130, -8, 214, -150, -240, -24, -62, -40, -102, -122, 78, -80, -66, 204, 312, 230, 114, 20, 52, -94, -40, -102, 34, -144, 126, 134, -178, 90, 256, -126, -56, 90, 332, 128, -132, 192, 218, 60, -72, 272, 32, -64, -68, 60, 350, -12, 38, -14, 22, -94, 212, 258, 186, 22, 112, 108, -128, -140, -78, 88, 160, -34, -8, 76, 336, 166, -22, 6, 24, 46, -190, 216, 14, 80, 190, 114, 18, 172, 176, -52, 14, 66, -38, -238, -54, 130, -158, 174, 74, 50, 42, -118, 66, -4, -188, -78, 84, 78, -74, -28, 162, 372, -156, -54, 32, -76, 40, 58, -44, 4, 60, -22, 162, 46, -78, 10, 44, -78, 158, 294, 38, 62, 86, -64, 30, 114, -32, -20, 0, 28, -136, 108, 2, -14, -2, 156, 64, 78, 172, 166, 6, -88, 10, 60, -154, -280, 178, 190, 70, -2, 140, -34, 146, 240, 98, 122, -76, 50, -160, 120, -128, 10, 96, -218, 46, 110, -202, 192, -74, -18, 316, -214, 224, 84, 106, -20, 162, 106, 90, -48, -156, -42, 136, -228, -84, 
-150, -64, -162, 90, 32, -30, -60, 132, 114, -48, 62, -28, -22, -32, 42, -124, -42, 162, -206, 54, 66, 12, -182, -58, 152, 30, -126, 16, 200, -2, 46, 162, 258, -178, -88, 160, 56, 34, -136, 98, -166, 72, 134, -6, 134, 110, 12, -84, 40, -2, 34, 26, 298, 2, 172, 22, 68, -66, -60, 138, 90, -180, 94, -142, -24, 124, 40, -110, 198, 118, 44, -56, -122, -94, 180, -110, -26, 112, 134, 92, -88, 134, -206, 132, -54, -16, 282, 154, 128, 4, -110, 62, 48, -204, -16, -66, 146, 48, -60, 212, -100, 192, 20, 16, 84, -102, 130, 62, 2, 70, 28, -410, 124, 134, 112, -190, -82, 58, -20, -58, -50, 166, -110, 252, 136, 24, 230, 38, -60, -20, -96, 136, 124, 188, -50, -58, 34, -30, -68, -62, -184, 124, 186, -118, 70, 180, -58, -158, 48, -66, -188, -16, 88, -40, -34, 56, 14, -128, 66, -132, 272, -74, 100, 50, -6, -124, -46, 120, 148, -118, 30, 114, 46, -30, 10, -34, 30, -134, -96, -6, 130, 230, 8, 202, -86, -174, 6, 152, -100, -36, 278, -220, -6, -10, -22, 16, -226, 254, 8, 100, -112, 30, -44, -26, 96, 58, 8, 42, -48, -170, 194, 218, 6, 106, 46, 112, 122, -84, -68, 64, 0, 114, 98, -50, -90, 164, 136, 196, 30, -190, -62, -54, -170, 22, 4, -86, -40, -174, 242, -20, 96, -64, 116, 32, 14, 114, -26, -174, 232, 90, -4, 312, 354, 104, -216, 120, -88, 54, -26, 62, 44, 96, -4, -66, -124, 46, 118, 10, -58, 206, -34, 8, 4, 86, -232, 80, -136, 90, -18, 168, 40, -170, -6, -34, 90, 50, -194, -80, 46, -56, -8, 82, 134, -82, -42, 280, -152, 132, -366, 28, 70, 252, 110, -18, 38, 228, 126, 14, -72, 100, 0, -112, 84, 234, 72, 68, -10, 76, 60, 208, -86, 2, 168, 30, 12, 160, -62, 96, -124, -74, -132, 16, -32, -168, 156, -204, 176, 38, 150, -46, 60, 130, -4, -166, 62, -176, -14, -138, -120, 64, -178, -212, 214, 114, -154, 110, 30, 156, -48, -286, 170, -24, 100, 74, 16, -104, 2, -200, -14, -16, 74, 90, 10, 68, -36, -150, 176, 128, 34, -108, -82, -76, -152, -72, -12, 94, -152, 76, 60, 8, -14, 8, -54, -50, 244, -134, 8, -48, 2, 218, -44, -2, -156, -98, 16, 146, 184, 134, -128, 184, 156, -64, 76, 14, -130, -162, -202, 176, -4, 90, 120, 90, 196, -12, -16, -62, -2, 10, -146, 254, -42, 112, -36, -122, -268, 54, -64, -164, -146, 176, -90, 26, 82, 112, -102, 110, 74, 212, -116, 244, -216, -180, -104, -156, -176, -170, -108, 4, 14, 136, 184, -164, -74, -50, -12, -52, 114, 78, -130, -162, 16, 22, 10, 280, -18, -64, -178, -106, -70, 10, -92, 164, -16, -4, 282, -120, 218, -26, 60, -80, 130, -30, -8, 120, 42, 70, -56, -286, 40, 42, 
126, 74, 100, -68, 84, 26, 142, -150, -78, -74, 14, 64, -50, 76, 130, 222, 102, -154, 136, 26, 42, -36, 278, 12, -84, -44, 74, 128, -202, -88, -196, -84, -286, 42, 244, -72, -8, -76, -94, 118, 96, 64, 72, 270, -66, -100, 4, 128, -32, -42, 8, 96, -298, 14, 28, 6, -126, 202, 72, -62, -262, -14, -128, 216, -52, -184, 42, 272, -166, 52, 50, 134, 106, 112, -16, -78, -140, 40, -54, 46, 64, 52, -16, -2, 12, -28, 28, -168, 136, 178, 146, 16, -160, 318, 30, 156, 122, 10, -8, -158, 94, -140, 116, -26, 22, 186, 102, 54, -144, -114, 4, 332, 42, -68, -42, 106, 94, -150, 50, 24, 22, -158, -102, -88, -114, -24, -94, -154, 28, -34, 90, -134, -176, -150, -66, -4, -42, 188, -14, -72, 166, -20, -2, 198, 18, -54, -10, 124, 2, 194, -26, 76, -30, -164, -202, 82, -22, 76, -80, 336, -96, 60, 74, -66, 82, 124, 158, 4, -154, 4, 40, 106, 46, 38, -82, -82, -90, 256, 54, 178, 16, -194, -106, -94, 208, 24, -180, -240, 90, 118, -162, 158, 28, 80, -72, 6, 126, -128, -114, 72, 64, 122, 170, 96, 82, -34, 114, 178, 90, 136, 92, 2, 50, 114, -58, 124, -32, 56, 152, -104, -150, -164, -30, -150, -68, -140, -78, -36, 62, 262, 96, 24, 12, 50, 84, 202, -154, 204, -34, -94, 28, 60, 144, 72, -96, -94, -64, 74, -54, -44, -16, -258, -258, -104, 260, 60, -42, -8, -74, -50, -76, -34, -46, 158, 134, 120, -4, 48, 112, -252, -22, 2, -78, -120, 44, 6, 108, -62, 158, -42, -54, 54, 90, 144, 48, 122, 98, 20, 8, 224, -16, -92, -46, -8, -20, 88, 18, -106, 148, 142, 16, -204, -198, 156, -54, -132, -42, 62, -80, -152, 16, 150, 132, -32, -44, -94, 10, 74, 66, -100, 2, 122, 6, -44, -38, -154, 144, -224, 42, 84, 152, -118, 80, 68, -104, 80, -240, -56, -22, 198, 54, 88, 134, 144, -136, 24, 142, 50, 40, 8, 364, 96, 18, 26, 102, -284, -34, -8, 120, 82, -262, 128, 18, -128, -60, 72, 132, 230, 182, 94, -70, -24, -144, -90, 38, 236, 40, 38, 36, 208, 54, 90, 164, 60, 50, -44, 272, 6, -2, 66, -110, 60, 24, 108, -192, 124, 26, 42, -38, -124, -64, 70, -36, 28, -168, -6, -72, 28, 36, -108, -198, 128, 184, -28, 232, 196, 102, -128, 12, -22, -46, 122, -40, 46, -154, 24, -172, 6, -16, -86, 180, 32, 80, 238, 314, 112, 80, 236, 108, -148, 190, -214, 20, -106, 88, 16, 4, 40, 154, -52, 32, 14, 132, 232, 228, 148, 162, 186, -88, -88, -204, 238, 48, 8, 66, -2, -144, 68, 334, 124, 154, -2, 140, -214, 14, -92, 172, -64, 68, -138, 128, -208, 268, 142, -266, 26, -266, 68, -104, 28, -106, 218, -84, 192, 0, -118, 130, 358, -54, 108, 
-72, 2, -52, 196, 28, 160, 28, 204, -72, 90, 40, 130, -78, 6, -106, -84, 128, 104, 28, -114, 14, 92, -102, 22, -160, -44, -4, -30, 218, 64, 92, 34, 248, -40, -284, -10, -134, 172, 260, 24, 28, 164, 68, -288, 136, 146, -18, -42, -164, -22, -220, 0, 254, 268, -4, 172, -14, -172, -86, 78, 240, 8, 150, -8, -4, 70, -68, -50, -182, -62, -80, -134, -106, -144, -122, 138, 100, 80, 96, -70, 34, -8, -54, 2, 102, 186, 88, 106, -66, 8, -26, 124, 160, -194, 30, -180, -14, 136, 84, 74, -154, 176, -128, 34, -50, -70, -198, -12, 78, 244, 38, -30, 138, 62, 354, -18, -94, 120, 16, 86, -82, 58, 180, 256, -16, -174, 64, -112, 242, 206, -2, 132, 116, 100, -22, 110, 50, -142, 70, -32, -66, 134, 28, -122, 58, 32, -62, 116, 184, -56, 60, -48, 104, 88, 210, -72, 62, -238, 194, -348, 176, -342, 20, 118, 54, -194, 26, 20, 288, 90, -96, -4, -26, -32, 122, 6, -50, -220, 50, 38, -72, 162, 106, -40, -284, -62, 204, 166, -148, -248, 34, -64, -122, -44, -84, 10, -74, 164, -22, -144, -36, -174, -144, -142, -74, 86, -10, -12, -50, -82, -32, 74, 68, -22, 248, -72, 66, 100, -306, 156, 262, 206, -40, 92, 80, 46, 162, 4, -148, 100, -212, 52, 28, 90, -126, -110, 80, -176, -56, 152, 198, 58, -114, -102, 120, 60, 112, -48, -152, 66, 20, 188, 78, -20, 70, 66, -38, -8, 132, -56, -34, 10, 84, -132, -150, -90, 230, -88, -86, 378, 232, -34, 76, 284, -66, -98, -40, 198, -120, 42, -52, 28, 62, -114, -14, 30, 88, 134, 30, -194, 12, 36, -74, 6, 102, 20, -140, 110, 16, -50, -96, 148, 240, 16, -82, 66, 62, 48, 64, 106, -164, 12, -58, 30, -2, 94, -118, -128, 108, 6, -74, -164, 12, 224, -176, 46, -10, 18, 18, -12, -26, 248, 58, -36, 88, -78, 264, 144, 16, -22, 14, -64, 20, -252, -44, 44, -212, 138, 34, -86, -108, 32, -154, 68, -58, 266, -112, 108, 34, -178, 170, -12, 58, -156, 196, -40, 28, 10, 36, 96, 172, 260, 186, 124, -132, -58, -168, -36, 16, -152, 56, -118, -86, -12, 136, 124, -90, 18, 14, 40, 84, -50, 68, 148, 84, -34, -42, -58, -30, 18, 144, 70, 76, 96, 168, -44, 18, 114, 8, 94, 214, 58, -228, 130, 22, -110, 44, 50, 62, -62, 128, -38, 192, 46, 170, -12, 218, -102, -182, 148, -6, 148, 112, -98, -232, 2, -10, -26, 94, 110, -216, -56, 52, 170, 22, 90, 132, 24, -222, 260, 40, -128, -66, -206, -100, 46, -34, 146, 60, 222, 82, 60, 144, 124, -298, 52, 192, 86, -228, -6, 4, 140, -204, 80, -54, -50, -180, 78, 68, 102, 48, 168, -58, -226, 114, -64, 212, -44, -24, 208, -16, -20, 136, -92, -204, 216, -178, -126, 42, -108, 
-62, -108, 124, -6, 82, -88, 128, -102, -14, -164, -128, 4, 256, 42, 78, 248, -14, 16, 14, 22, 104, -80, 198, -126, 208, 28, 238, -2, -256, 22, -134, -72, -378, 100, 262, 68, 100, -36, -116, 130, 192, -180, 130, 208, -90, 0, 174, 4, 262, -52, 196, 138, -258, -188, 118, 22, -106, 28, 144, -38, -222, 112, 2, 102, 30, -58, 166, 142, 36, -30, 18, 20, 186, 144, 178, -194, -86, -114, 22, 74, 18, 200, 152, -42, -220, 70, -56, -134, 148, -30, -22, -104, -222, 76, 48, 254, 82, 4, -98, 50, 54, -62, 128, -60, 156, 90, 208, 206, 38, 38, -12, -4, -72, -102, -238, 80, 224, -238, 38, 134, 146, -88, 98, -142, 164, 254, -20, 112, -244, -34, 74, -124, 90, -64, 322, -132, 50, 110, 132, -14, 84, -94, 68, -18, 68, -138, 44, 158, -150, -14, 82, 82, -276, 92, -304, 102, -68, 264, -130, 198, -64, 244, -10, -90, -176, 230, -138, 136, -174, -72, 62, 60, -38, -48, -232, 38, 84, 238, -88, 36, 82, -120, -10, 156, -12, 34, -88, -228, 30, 372, -116, 128, 210, 110, 20, 140, 108, -128, 142, -14, 162, -74, 42, 188, 100, 64, 58, 44, -14, 14, -32, -4, -36, 206, -124, 156, -122, 140, 100, 58, -148, -104, -28, 162, 22, -146, -194, -50, 114, -60, 18, -54, 172, 0, 258, -26, -176, 62, 202, -52, 62, 8, 78, 96, 68, 108, -152, 118, 158, -16, -4, -212, -24, -4, -8, 108, 4, 12, -42, -132, 118, 90, 126, 104, 132, 110, -78, 110, 78, -268, -150, -18, 24, -202, 184, 126, 8, -104, -28, -96, 28, -84, -66, 124, 92, 44, 106, -56, 150, 276, 22, 144, 112, 110, -38, 30, -8, -62, 20, 10, 110, -122, -152, 194, 32, 30, 176, 64, -128, -96, 212, -10, -82, -8, 132, 14, 344, 202, -70, -70, 40, 110, 128, -190, 146, 102, -36, -94, 76, 150, 78, -24, 48, 142, 76, 54, -242, 6, 32, -30, -110, 102, 52, 246, 10, -68, 116, 10, 136, 132, 38, -104, 204, -54, 68, -126, 212, -212, 44, 102, -280, 242, 110, 44, -158, 48, 120, 112, 28, -110, -68, -46, -128, -2, 0, 86, 140, 48, -128, -114, 32, 100, 54, 20, 22, -170, 94, 40, -14, -8, -46, 6, -168, -176, 60, -58, 18, 86, 162, -60, -110, -148, -254, -64, 30, -62, 92, -52, -14, -78, -148, 72, 224, -44, 194, 96, -120, -156, 90, 74, -366, -34, -240, -70, -192, 104, -288, -100, 54, -40, -66, 8, -80, -18, 78, -110, 168, 244, 28, 184, 100, 56, -48, -38, -86, -94, 88, 40, 132, 2, -22, 184, 136, -8, 88, -72, 86, -126, -22, -188, -2, 240, -118, -94, 132, -66, -188, 144, 94, -24, 54, -136, 160, 84, -102, 36, -4, 76, 48, 174, 160, 106, 226, 266, -112, 90, 76, 20, -86, -164, -12, -78, -100, 96, 142, -214, 200, 270, -50, 0, 
24, -44, -234, 126, -60, 140, -156, -106, 66, 218, -38, 200, -194, 56, 104, -150, 2, -80, -4, 110, -154, -46, -106, 218, -234, -56, -268, -120, 76, 88, 76, -24, 426, 140, -62, -100, -22, 210, -72, -68, -42, 70, -44, -96, 100, -38, -128, 36, -256, 40, -108, 10, 290, 342, -70, 54, 46, 32, 4, 234, 330, -100, 16, -80, 60, 314, -60, 94, 10, -68, -40, 116, -384, 138, 24, 108, 58, 26, -2, 212, -64, 16, -104, -174, 76, -98, -22, 122, -150, 366, 92, 184, 152, -100, -74, -94, -60, 74, 182, 162, 2, 142, -204, 66, -114, -178, -60, -98, -84, 38, 18, 80, 80, 278, 50, -96, -114, 8, -54, -118, -154, -118, 20, 74, -100, -130, -122, -142, 218, 14, -48, 138, 152, 70, -238, 54, -2, 48, -106, 190, 26, -14, -156, 180, 36, 78, -44, 154, 62, 86, -130, 128, 380, 82, 206, -122, 30, 10, 202, -228, -72, -68, -112, 170, 162, -152, 136, -82, 78, 62, 66, 2, 196, 158, 200, -232, 112, 14, 288, -174, -104, 90, 122, 14, 246, 6, 208, -50, -2, -338, 186, -52, -20, -114, -196, -208, -304, 80, -88, -88, -116, -72, 72, -96, -98, 102, -6, -186, -54, 38, 96, 50, 66, -202, -16, -42, 228, -70, 4, 92, 282, 284, 24, -98, -62, 170, 56, -4, -204, 6, -76, 70, -170, 176, -204, -36, 60, -18, -28, -16, -38, 138, 96, -24, 70, 38, -30, 90, -66, 26, 220, 172, 36, 76, -8, -58, 102, 112, 4, -8, -24, -50, -46, -108, -24, -102, 80, -194, 148, 298, -54, 76, -4, -86, -142, -56, -178, -18, 38, -16, -168, -100, -130, -144, -170, -138, 14, 150, -106, -58, 90, -68, -264, 26, -26, -208, 46, 172, -88, 52, -112, 182, 30, -154, -20, -124, -64, 28, 30, 374, -284, 10, -130, -96, -14, 152, -210, -118, -62, 16, 74, -160, -132, 66, -12, -48, 130, 142, 78, -26, -86, 98, 46, -156, 18, -88, 84, 252, -70, 20, 212, 94, -16, -118, 258, 0, -234, 32, -172, -6, 116, 110, -90, 48, 34, 210, -218, 346, 184, 146, 408, -66, -74, -210, 274, -68, 102, -102, -144, 50, -18, -78, 14, -100, 58, 52, -42, 10, 182, -46, 20, -136, -142, -8, -12, 278, 46, -84, 2, -30, -30, 178, 4, 176, 38, 46, -204, -88, -216, 28, 8, 82, 218, -104, 86, 28, -108, 66, 8, 330, 110, 232, -60, 52, 154, 82, 292, -60, -142, -118, 320, 44, 132, 172, 178, 6, 176, 78, -160, 130, 102, 138, 0, 164, -152, 298, -128, 42, 66, -106, 146, -92, 50, -64, 16, 218, -38, 0, -128, 178, -52, -48, -94, -62, -40, 152, -46, -84, 168, 130, -38, -240, 14, 52, 98, 26, 234, -206, -62, -58, -80, 64, -152, -62, -32, -78, -56, -310, -106, -86, -8, 10, -138, -160, 160, -160, 82, -60, 192, 158, 76, 14, 18, 100, 24, 366, -162, -222, 6, 12, 
34, -34, 2, -172, 124, -34, 108, 164, 94, -246, -236, -24, 152, -38, -30, 12, 64, 66, -46, 24, 174, -10, 50, -80, 234, 148, 126, 174, 80, 52, -96, 134, -172, -96, 4, 74, -44, -116, 114, 14, 144, -100, 152, 70, -112, 42, 68, -142, 166, 36, 44, 106, -312, -144, 142, 22, 106, 2, 160, -278, -264, 18, -56, 182, 158, -270, 6, -16, 30, 204, 20, 24, 170, -52, 30, -50, 44, 122, 82, 0, 28, -198, -12, 280, -122, 168, -20, -54, 154, -146, -12, -178, 48, 70, 286, 294, 156, -20, 98, -186, -76, -20, 56, 36, 94, -10, 62, -156, 176, -26, -16, -2, -132, -188, 38, 144, 136, 60, 84, 28, -118, -70, 10, -22, 160, 106, 126, 144, -116, -84, 30, 80, 72, -140, 190, -32, -26, 96, -14, -188, -52, -66, 6, -314, 12, 0, 26, -184, 74, -166, 156, -50, -340, -92, -136, 226, 94, -4, 46, 216, -34, 116, 144, 78, -170, 316, -12, 134, -164, -106, -140, 84, -184, 86, -168, 274, -4, 120, -78, 108, 148, -76, 22, 90, -38, -152, -2, 28, -68, 58, -216, 36, 166, 118, 162, 148, 90, -24, 220, -48, 84, 162, -206, 152, 166, -182, -10, 214, -40, 4, -230, 20, -298, 204, -56, 216, -158, -26, -148, -64, -224, -76, -92, 138, 200, -242, 174, -76, 92, 32, -38, -100, 78, 144, 166, -40, -64, -66, 88, 40, 160, -176, 12, 136, 214, -76, 18, -10, 142, -118, 36, 10, 124, -2, 122, 78, -152, -160, 142, 100, 230, 46, 66, 206, 142, 4, 96, 296, -26, -144, -36, -16, 38, 142, -36, 18, 170, -96, -30, 156, 160, -180, 100, 250, 120, 124, 108, -48, 100, 54, 12, 172, 128, 88, -118, 242, -120, -110, 16, -54, 266, -80, -2, 224, -10, 118, 78, -58, -134, -266, 200, 10, 218, 280, 206, -130, 102, 150, 42, -226, -14, 86, 32, -158, 102, 228, -16, -146, 32, 12, -96, 60, -174, 176, -100, 100, -104, -156, 162, 80, -176, -2, 164, 176, -142, 104, 86, 18, 332, -92, -184, -64, 36, -188, 60, -52, 206, -252, 10, -32, -312, 94, 168, 140, -138, 178, -16, 380, 136, -46, 38, 18, -82, -86, 128, -64, 28, -126, -92, 64, 88, -176, 150, -42, -14, -190, -52, 204, 56, -190, 180, -94, 140, 8, 48, -230, 180, 52, 154, -102, -26, -106, -152, -168, -164, -142, 28, -32, 164, -178, -40, -68, 196, -54, 54, 90, 84, -106, 4, 52, -190, -32, 106, -6, 28, -30, -188, -226, 10, -16, -16, -68, 22, -68, -30, -250, 66, -4, -32, -10, -124, 246, 78, 134, -104, -68, 102, 228, 134, -16, 124, 2, 132, 244, -62, -48, 28, 124, -230, -20, 12, 250, 164, -184, 0, -32, -50, 0, -158, 4, 46, 102, 110, 64, -70, -10, -44, 240, 190, 70, 186, -22, 16, 150, -190, 134, -134, 32, -66, -376, -26, -24, 104, -252, 2, -140, 218, 98, 226, -56, 
106, 50, -222, 102, 56, -6, 30, -318, -124, 162, 92, -112, 42, 46, 154, 32, -232, -144, 156, 76, -52, 106, 118, 224, -108, -208, -108, -128, -98, 10, 106, -52, 252, 94, 92, 54, -24, 62, -172, -204, -50, 106, -146, 22, 80, 94, 52, 176, -328, -96, -40, 66, 336, 56, -78, -46, 82, 126, -106, 184, 264, 72, 70, -118, -22, 286, 64, -52, 54, -72, -76, 66, -112, -56, 164, -78, 74, -44, -158, 12, -4, 114, 72, -4, -4, 52, 174, 118, -162, 148, 28, 86, -104, 80, -142, -198, -134, 74, 46, 56, 60, -114, -40, 174, -46, 228, -6, 50, -114, -16, 102, 206, 162, 332, 66, 34, 86, 26, -24, 74, 100, 84, 46, 332, -254, 0, -168, -84, 250, 378, 32, -84, -148, 30, -148, -4, 108, -18, 78, 130, 36, 88, 22, 122, 82, 270, 80, 10, -12, 270, -30, 226, 170, 78, -164, -136, 68, 16, 48, -62, -12, -86, 122, -54, 82, -132, 104, 0, 240, 126, 78, -76, 262, -84, 246, -230, 90, -86, 128, -40, -144, 302, 172, 204, 116, 108, 44, 86, 124, 214, 30, 114, -32, -94, -70, -110, 30, 74, -112, 52, -150, -98, 150, 54, -112, -40, -136, 210, 40, 98, 102, 214, 244, -160, 54, -74, 126, 196, 136, 324, 200, 22, -44, -6, -196, 62, -16, -4, -62, -138, 106, 186, 14, -210, -114, 170, -66, 44, -224, -116, 78, 136, -62, -100, -170, 98, 156, -48, -134, 118, -56, -18, 24, -76, -52, -46, 110, 4, -188, -70, -206, 72, 98, -208, 130, -84, -10, -104, 72, 198, 40, -68, 58, 12, -60, 200, -40, 8, -74, -90, -80, 102, -222, -144, -108, -58, -170, 6, -42, 78, -64, -48, -10, 134, -52, -172, -22, 134, 100, 38, -94, 86, -70, -200, -20, -78, -78, 52, 86, 228, -102, -64, -68, 46, 16, 122, -152, -160, 30, 4, 20, -4, -30, 236, -60, -174, 10, 130, -48, -2, 172, -24, 212, -116, -24, -198, -138, 142, -100, -98, 6, -116, -176, -38, -38, 76, -124, 260, -232, 130, 124, -44, 80, 76, -64, 190, 64, 20, -122, -110, 220, -10, -24, -80, 114, 32, -16, 4, -40, -100, -22, 42, -74, 76, -64, 86, -158, 170, 14, 50, -148, 242, 196, -16, 98, 234, 74, -64, -196, 136, -112, 66, 42, 50, 4, 16, -26, 66, -34, 134, 46, 46, 198, 80, 48, 94, -32, 140, -80, 86, -64, 134, -62, 44, 224, -68, -88, 28, -82, -12, -2, -50, 36, 158, 70, -14, 250, -168, 72, 150, -92, 38, -70, -14, 64, 362, -102, 168, 102, -180, 308, -174, -90, 144, 10, -22, -60, -250, 100, -8, -158, -34, 6, -170, 130, 124, -28, 6, 262, -56, 98, -230, -114, 212, -112, -160, -4, 32, 16, -86, -154, 10, -98, 90, -18, 56, 78, -264, -102, -8, 12, 90, 62, -44, 232, 104, 98, -42, 218, 326, 32, -14, 146, 106, 162, 44, -6, -104, -122, 20, 
-110, -42, 188, 112, -148, 26, -2, 118, 34, 28, 48, 78, -6, 62, -100, -18, 212, 202, -80, 84, 122, -106, -118, 4, 82, 218, 94, -118, 162, 46, -112, 92, -252, 78, 72, -52, 62, -22, 128, 232, -44, -190, 128, -66, -120, -98, 22, -80, 258, -156, 138, -74, -124, 6, 110, 54, -4, -114, -94, -48, -258, -170, -62, 198, 16, -92, -86, 144, -46, 74, -28, 112, 66, 46, -198, -6, -146, 150, 188, 198, 32, -204, -20, 114, -86, -40, 46, 54, -64, 32, -82, -14, 146, -44, -48, 156, 68, 70, 106, -80, 96, 96, 54, -86, 110, -18, -46, 150, 104, 44, 36, -152, -30, -230, 74, 144, 44, 112, 94, 2, 4, -52, 168, -152, 306, -136, 162, 122, -112, -138, 52, 142, 166, 96, -18, -172, -252, 6, -74, -32, -64, -52, 68, -122, 70, -160, -172, -140, 58, -154, -34, -224, -108, -14, 188, -138, -154, -50, 16, 204, 204, 16, -130, 72, 0, 304, -10, 54, -160, -124, -222, 230, -134, 36, -100, 202, -106, 70, 126, 4, 178, -76, -136, 20, -32, 2, -20, -68, -24, -42, -40, -90, 2, 20, 112, 130, 110, 32, 98, -16, 102, 172, -176, 236, 228, 34, 88, 12, 88, 150, 56, -80, -130, 94, -54, -208, 114, -138, -84, -64, -84, -64, 374, 118, 264, -8, 102, -66, 120, 168, -4, -100, 214, 76, 208, -116, -72, 32, 54, 72, -170, -276, -80, 76, 6, 6, -94, -16, -82, -184, 56, 80, -106, 94, 162, 104, -20, -188, -10, 174, 112, -78, -78, 116, -156, 136, -32, 48, 64, -182, -162, 48, -126, -88, 20, -48, 40, -6, -42, -18, 156, 4, 102, 212, 34, 148, -100, 120, -58, -102, 122, 122, 8, 142, 20, 190, 118, 48, 92, 76, 32, -36, 16, 176, 62, 94, 228, -64, -16, -212, 188, -38, -84, 42, 46, -56, 118, 216, -12, -26, -16, -36, 132, -212, -30, 386, 108, 40, 140, 308, 48, 122, -102, 192, 152, 134, 2, 26, 132, 194, -104, 150, 194, 92, 126, 20, 156, -150, 234, -78, -46, -96, 62, -30, 120, -66, -166, 104, -22, 60, -214, -2, -36, 42, -144, 72, 32, -54, 104, 138, -14, 40, 114, -108, 226, 82, 16, -28, -84, 4, 136, -184, 46, -92, -34, -212, 42, -42, 80, -166, 66, -46, 142, 66, -266, -46, -32, 82, -44, 66, 38, 54, -10, -138, -38, 4, -78, -142, 180, -36, -74, -158, -22, 64, -262, 156, 140, -58, 48, 56, -20, -200, 28, -170, 70, 82, -236, -56, -56, 48, 232, 36, -4, 22, -28, -226, 24, -156, 124, 118, -82, 40, 50, -214, -34, -78, 68, 236, -50, 22, 228, 96, -158, 328, -108, 126, 66, 76, -30, 44, -34, 166, 230, -114, 116, 212, 20, 102, -70, 216, 260, -88, 80, 128, -2, -80, -16, 60, 62, -10, 46, 36, 70, 36, -42, -122, 40, 182, -280, -180, 138, -58, -100, -188, -4, -88, 116, 134, 70, -28, 
178, 232, -38, -86, 220, 26, 14, 164, -40, -40, -162, 28, 38, 76, -52, 60, -166, -222, 66, 92, -86, 50, 44, 150, 120, -198, 20, 230, 42, -44, 86, -126, 166, -34, -98, -28, 124, 182, -204, -132, -134, 170, -20, 24, 64, 72, -34, 36, 14, 106, -78, 36, 86, -102, 30, -16, -12, 128, 110, -100, 274, -2, 130, -194, -84, 94, -2, -34, 238, -12, -136, 46, 42, 120, 242, -52, 142, -46, -156, -124, 52, 188, 60, -126, 42, 210, -28, 74, 118, 150, 0, 132, -62, -104, -60, -232, 162, 86, 10, -28, -68, -68, 118, 180, -20, 44, 110, -134, -32, 294, -194, 180, -82, 172, -100, -116, 38, 10, 112, 18, -38, 144, -12, 18, -116, 300, 28, -12, 120, 110, 0, 68, -66, -144, -110, 70, 182, -70, 86, -130, 0, 58, -22, 78, 12, 60, 102, 58, -236, 156, 56, 226, 194, 126, -60, 24, 96, -38, 2, -164, -66, 40, 0, 36, 88, -264, 72, 166, 50, 110, 308, -10, 126, -92, 134, -120, 34, 98, -166, 68, -106, -28, 140, -194, 152, 248, 44, 60, 134, 156, 46, 162, -62, 150, -76, -132, -20, -72, -6, 64, 42, -142, 154, 166, -262, -178, -62, 170, -138, 126, 22, 90, 82, -160, 52, 202, -210, 274, 2, 84, -86, 160, -290, -208, -130, -82, -164, -2, 30, -104, 0, 56, 170, 108, 8, 146, 164, 108, 60, -156, 28, 290, 184, 50, -22, 80, 70, 160, 108, 0, 4, 6, -210, 6, -36, -152, -78, 270, 20, 48, 92, -32, 40, 110, 0, 106, 130, 94, 132, 346, 80, 256, -30, 62, -192, 40, -42, 70, 32, 206, -102, 78, -12, -62, 10, -168, 198, 28, 200, 96, -54, -90, 30, -96, 62, -28, 14, -62, 146, -10, 98, 76, -286, -66, 0, -132, -232, 92, -10, 314, -252, 238, 94, -72, 14, 134, -86, -108, 38, 22, -184, -10, -210, 160, -88, -180, -22, 102, -142, -26, -38, 110, 164, -160, -62, -148, 14, 184, 220, -238, -76, -68, -4, -142, -134, 38, -82, 148, -296, 70, 130, -60, 98, -12, 166, 324, 122, -34, 34, -72, 34, -112, 16, -36, 116, -106, -80, -124, -126, -24, 196, -154, -22, 78, -174, -274, -74, 20, 136, 18, -268, 206, 34, 10, -60, 144, -126, 8, -84, 22, -56, 50, -74, 182, -40, 160, -154, -62, -114, -44, 138, 18, -160, -28, 274, 66, 130, -36, 0, -112, 58, 184, 52, -12, 200, -208, 112, 94, 160, 66, 2, 220, 52, 102, 46, -146, 42, -86, 96, 164, -14, 256, -210, 90, 262, -38, 132, -44, -144, -110, 148, 146, -6, 212, 64, -144, -166, -128, 64, 12, -60, -12, 92, -158, 14, -64, -176, -62, -204, 72, 76, -278, -158, 108, 18, -138, 190, 38, 308, -26, -158, -110, -114, -128, 68, -4, 166, 134, 66, -160, -34, -14, -18, -68, -60, 124, -58, 118, 38, 230, -92, -18, 70, 196, 120, 178, -66, 18, -10, 128, 
-90, -144, 130, -168, -246, 76, -40, 140, -102, 2, 152, 194, -42, -38, 42, -130, 94, 150, 14, -42, 42, 78, 44, -120, 144, 230, -20, -80, 66, 34, -202, -50, -22, -6, 292, 104, -250, -182, 214, 62, -110, -168, 100, -58, 172, 64, 88, 58, 52, -54, -12, 66, 130, -62, -52, -8, -152, 42, -174, 80, -382, 82, 50, 148, 78, -14, 36, 156, -128, 46, 188, 18, -22, 4, -86, -68, 30, -40, 200, 78, -32, -14, -50, 146, 124, -124, -24, -76, 196, -34, -90, -64, 222, 48, 198, 238, 26, 88, -42, -58, 6, 46, -82, -224, 80, 12, -132, 116, 66, -82, 184, -30, 190, 96, -10, 188, 4, 118, -38, -148, -10, -284, 10, -68, 48, -298, 240, 6, 152, -48, 136, 120, 52, 208, -16, 60, 178, 50, -116, 64, 40, 6, 140, -26, -50, 224, 42, 26, 50, -214, 138, -124, 4, -52, 48, 54, -86, 174, 30, 74, -182, -216, 100, 70, -44, 292, 102, 74, -28, -46, -426, -58, 70, 268, -156, 70, -12, -178, 102, -64, 122, -70, -98, 180, -50, 134, -38, 50, 104, 64, 34, -32, 102, -142, 180, 120, 166, -12, 148, 38, 180, 180, 172, -66, 88, 132, 78, 28, 192, 34, -26, -126, 36, 68, -134, -46, 158, -170, -190, 122, 108, 40, 172, 258, 204, 120, 4, -74, -66, -66, -158, -128, 42, 72, 146, -106, -350, -94, 8, 178, -184, -192, -160, 60, -34, -10, 154, -56, -86, 20, -32, -20, 272, 110, -22, 10, 38, -70, -20, 42, -158, -150, -126, 102, 54, 42, -56, 70, -208, -242, 78, -84, 156, 2, 210, -116, 86, 72, 14, -166, 96, -12, 56, -20, 16, 242, -110, 126, 0, -114, 240, 198, 74, 226, 64, -36, -66, 74, -50, 6, -118, -90, 112, 106, -10, 158, 198, -6, -196, -142, 308, 36, -124, 2, 174, -86, 56, 218, 112, 174, 84, -18, 202, -26, 182, 34, 142, -170, 142, 202, 112, 268, -240, 278, 60, 90, 84, -108, -98, 262, 148, 24, 44, 348, 112, -24, 188, -22, 186, -184, -16, 136, -38, 48, -20, -178, -32, -14, 10, 208, 60, -92, -76, 62, 40, 178, -24, 56, -16, 70, -258, 166, -96, -90, 202, 174, 30, -32, -120, -18, 236, -58, -48, -44, 96, -34, 130, 166, 24, 104, -116, -114, 132, -170, -110, -244, 172, 0, 286, 140, -234, -32, 180, -40, -42, -68, -116, 30, 94, 122, 50, -136, -104, 106, -140, 298, -182, 70, 36, 88, 36, -38, -18, -28, 46, 190, -30, 112, -18, -54, 102, -224, 192, -116, -274, 96, -110, 190, 76, 326, -102, -176, 0, 18, -134, 254, 224, 214, 30, -34, -26, 106, -80, 214, 94, 102, 150, 100, 208, -30, 80, 208, 196, 48, 122, 132, -48, -80, -268, -122, 182, 74, 194, 196, 162, 78, -44, 46, 122, 262, 32, 62, 168, 148, 34, -154, 106, -34, 52, -338, 12, 94, 8, -56, -22, 14, 210, 116, 24, -58, 
128, 224, 92, 54, 194, -274, 136, 8, -22, 46, -176, 184, -134, 116, -66, 20, -186, -110, 240, -76, 222, 0, 242, -30, 10, -258, 72, 140, -108, -190, 418, 230, 126, -58, -34, 148, 224, 122, -238, -30, 144, 34, -34, 52, 4, -48, 44, 164, 10, 140, 160, -138, 54, 50, -32, -48, 130, 64, 106, -22, 276, -50, 256, 120, 96, -138, 80, 28, 168, -152, 10, 54, 54, -26, 166, -38, 14, 40, -196, -12, 176, 30, 114, -178, -136, 142, 106, 136, -42, 132, 40, 68, 26, 110, -270, -152, 32, -56, 212, 16, 100, -16, 12, 0, -252, -118, 144, -90, -208, 200, -128, 208, -92, 158, -58, -208, 0, -178, -50, 22, 16, 234, -20, 90, 92, 100, 20, 178, 50, 136, 20, 90, -24, -44, 68, 46, -30, 40, 150, -148, -6, 102, -24, 110, 288, 4, 50, 120, -76, 152, -20, 156, 78, 46, -16, -120, 166, -14, 108, -202, 52, 188, -92, -28, 24, -44, 48, 130, 4, -94, 304, 124, -48, -174, -52, 182, 0, 164, -288, -124, 86, 142, 56, -102, 226, 86, 128, 96, 60, 30, 134, 82, -134, 168, 88, -202, -210, -6, 0, -128, -114, -176, -56, 172, -90, -172, -102, -46, -170, -24, 136, -62, -66, 2, 110, 70, -200, 174, -8, -86, 18, -58, -152, -78, 72, -100, -206, 102, -124, 204, 70, 208, 2, -20, -10, 40, 416, 96, -16, -30, 356, 98, 144, 44, -138, -4, -174, 110, 116, 62, 176, 96, -340, 40, 38, 2, -82, -12, 124, 154, 220, 118, 206, 100, -80, 2, 110, -24, 142, 190, 10, -36, -4, 102, -100, 166, -16, 122, 50, -10, -68, 184, 40, 20, -118, -162, 56, -188, -162, 310, -134, -112, 0, -200, -42, 56, 92, 26, 42, -84, 40, 84, -14, -126, 76, -50, -142, 56, 86, 58, -146, -172, 2, 112, -56, 100, 306, -104, -44, -56, 86, -126, -184, 30, -42, -8, -32, 110, -138, 70, -72, -130, 116, -104, -122, -126, -44, 268, 2, -62, -2, -50, -108, -350, -16, -66, -116, 134, -286, 128, 62, -56, 66, -16, 56, 118, 116, -40, 128, -92, 52, -66, -64, -14, -146, 62, 6, -142, 120, -130, 174, 228, 286, 98, -14, -228, 54, -28, 344, -78, -90, 116, 192, 52, 86, 18, -334, 24, -52, 12, -4, -38, -24, 58, 248, 210, 58, -140, -78, -50, 278, -92, -192, 22, 42, 188, -12, 120, -10, -126, -164, 210, -84, -104, 58, -342, 192, -120, -140, 88, 156, 218, 64, 78, 114, -142, -150, 94, -64, 124, 140, 162, -240, -14, 302, -36, -54, -58, 110, -46, -60, 350, 96, 56, 0, -38, -34, -64, -6, -22, -30, 282, 124, -182, 116, -188, -36, -16, -186, -162, -24, -198, -88, 142, -254, -48, 114, 228, 380, 30, -278, 50, -216, -40, 76, 8, 34, -40, -194, -176, -134, 50, -42, -54, 138, 296, -74, 178, -64, 188, -134, -154, 64, 144, 120, 126, 8, 102, 72, 16, 
-160, -20, -116, -132, -182, 144, -14, 132, -152, 124, 68, -236, 234, 54, 146, 40, 128, 56, -100, 112, -90, 106, -140, -16, -10, 184, 42, -106, 222, 92, -82, -106, 48, 14, 160, -138, 38, -34, 174, -40, -106, -36, 0, -54, 222, 44, 116, -4, -4, -70, -78, 306, 6, -46, 124, 72, -196, 132, 10, -30, -34, 20, -202, 12, -92, -38, -8, 148, -184, 144, -80, 2, 100, 182, -8, 204, 38, -126, 32, -28, -86, 48, -64, -30, 138, -60, 80, -88, -80, 64, 142, -72, -84, 74, 188, 60, -48, 108, -216, 56, -72, 150, 4, 26, 308, 70, -74, 20, 20, -102, 88, 28, 200, -56, 14, 50, 16, 166, 6, -24, -32, -168, 28, 0, -4, -34, -86, -110, -106, 46, -172, 0, 62, 266, -94, 2, 8, -48, 64, 0, -10, 46, 50, -108, -60, 168, -8, -122, 194, 82, 16, -54, -100, -96, 166, 130, -160, -180, 158, -44, -46, 88, 70, 20, -168, 162, -18, 76, -158, 128, -292, -68, 244, 204, 148, -206, -206, -208, 244, 160, 4, -100, -42, 168, -200, 104, -172, 96, 0, 156, -50, 196, 76, -176, 48, 234, 206, 38, 310, 146, 132, 348, 138, 100, 174, -32, 80, -16, 94, 104, -240, 152, -6, 122, -50, 38, 136, 10, 38, 134, 140, 0, 158, 120, -128, 164, 266, -10, 12, -70, -18, -80, -4, 8, -98, 98, -8, -48, 70, 54, -240, -170, -140, -46, 24, 106, 138, -238, -300, -24, -80, 30, 292, -92, 10, 178, -48, -100, -14, -50, -210, 66, -24, 90, 76, -100, -36, 116, 70, -130, 126, -94, 70, -146, 52, -248, 100, 84, -184, -56, 16, -70, 220, 70, 132, 164, -32, -66, 96, -172, 64, 122, 14, 340, 106, 14, -176, 246, 22, 172, -116, -178, -64, -66, -40, 116, 34, -106, -198, -42, 10, 68, -34, -100, 82, -80, -216, 138, 184, 60, 24, 156, 244, 48, -134, -110, 78, -28, 16, -116, 122, 14, -204, 68, -10, 148, -66, -154, 190, 136, -78, -64, 74, 114, 316, 0, -48, -106, 398, 62, -82, 116, -8, 128, 10, -192, -14, -20, -176, 2, 126, -16, 116, 72, -98, 46, 34, 146, -202, 138, -104, -82, -182, -176, 132, -70, -10, 210, -318, 76, 120, -26, -156, -32, -162, -58, 116, -78, 0, 60, -88, 136, -46, 166, -46, -72, -6, 138, 10, 46, -54, 24, 206, -54, 12, -52, 36, -108, 78, 174, 222, -362, -18, 16, -128, 126, -182, 272, 134, 152, -58, 8, -42, -152, -112, 106, 76, 74, 4, -88, 30, -158, 278, -18, -222, 140, 8, -122, -90, 38, -74, -490, -126, 244, -44, 152, 58, 18, 2, -34, -18, -238, -232, 98, 162, 128, 110, -84, 136, 54, -56, 408, 32, -148, 440, 56, -96, -54, -436, -90, 194, -60, -58, 160, 174, 114, -148, 8, 218, 102, 0, -124, 118, 80, -122, -136, 58, -52, 96, -64, 34, 114, -94, 84, 28, -24, 42, -198, -230, 92, 
106, 132, -126, 10, -58, -80, -52, -36, -42, 42, 40, 156, -132, 108, 108, -24, -94, -28, -64, -158, 86, 18, 48, -68, 186, -128, 68, -114, -156, 256, 44, 80, 70, -84, -208, -16, 14, 144, -252, -78, 212, 162, 46, 292, -68, 188, -160, -74, -56, 16, 56, -48, 60, 96, -102, -132, 116, -98, -16, 52, 46, 144, 142, 40, 176, -48, 24, 66, 70, -86, -20, -16, 70, 24, 142, -192, -178, 108, -140, 28, -30, 4, -112, 204, -156, 68, 30, 188, -102, 50, -42, 200, 10, 144, 12, -140, -136, 142, 32, 182, 6, 62, 58, 86, -258, -82, 120, 66, 154, 134, 40, 24, -174, 166, -34, 22, -64, -40, 68, 6, -12, 84, -50, 72, 0, 86, 80, -48, -68, -16, 22, 14, 48, -28, 20, -48, 72, 128, -90, -10, 194, -72, 46, 140, 48, -106, -2, -14, -212, -108, 110, 192, 122, 220, -112, -98, 172, 416, 90, 130, 118, -148, -32, -18, 118, 66, 76, -112, 14, 46, 282, -44, -46, -194, -2, 184, 54, 326, -108, -8, 12, 174, -42, -32, 100, -390, 264, -238, 74, -58, 134, -128, -102, 152, 182, -52, -72, -36, -152, -216, -58, -334, 38, -100, -156, -160, 36, 234, -48, -180, 0, -56, 138, 60, 112, 122, 38, 10, -60, -110, -14, 154, 14, -98, -44, -248, -148, 14, 102, 70, 26, 82, 152, -48, -56, -8, 74, 216, 54, -74, 304, 84, 166, 94, -68, -70, -278, 252, 210, -22, -30, -60, -168, 52, 82, -258, -48, 10, -22, 172, 254, 2, 64, 6, -140, 116, 308, 28, -60, 192, -108, 58, 64, 68, -2, 112, -38, 58, 106, -16, -80, -36, -144, 108, 124, -68, -50, 138, -44, 74, 54, -112, -78, -216, 16, -134, 8, -94, -106, -170, 0, 186, 208, 14, 52, -52, 80, 338, 162, 26, 12, -150, 166, 132, -104, 72, 216, -4, -70, -268, -22, -128, -214, -288, -18, 62, -112, -52, 90, 20, -88, 24, 106, -86, 64, -90, 68, -78, -86, -206, 68, 160, 196, -92, -166, 16, 104, 52, -142, 32, -24, -86, 50, -66, 148, 44, -92, 166, 60, 108, 0, 34, -40, -108, 10, 58, -76, -278, 214, -8, 122, 142, 156, 128, -142, -162, -14, -4, 334, -154, -8, -54, 50, 186, 114, 110, -6, -24, 258, 144, -46, -124, -186, -188, -112, 246, 50, -66, 28, -18, 56, -22, -362, 128, 164, 172, -12, 0, -64, -12, -100, 304, -16, -46, 158, -100, 250, -268, -178, 84, 4, 210, 106, 10, -28, 36, 126, 48, 20, 86, -124, 286, -314, 42, 182, -64, 50, 102, 60, -166, 122, 424, 48, -272, 114, -104, 290, 68, 38, -26, 40, 210, 306, -144, -20, -186, -152, 92, -168, -70, 92, -172, 68, 152, -352, 176, 112, 6, 272, 190, -184, -32, 92, -76, -66, -76, 106, -4, -58, 50, 150, 36, 140, -30, 324, 62, 50, 192, -92, 218, 60, -246, 22, 2, 52, -84, 90, 182, 116, -38, 
16, 64, 26, 52, 46, 110, 24, 52, 84, 110, 126, -80, 196, -148, -26, 200, 88, -2, 86, 20, -62, -68, -154, 108, 12, 126, -32, -60, 84, -224, 30, -150, -124, -88, 118, 4, 90, -172, 260, 158, -62, 80, 218, -152, -12, -24, 140, 34, -26, 10, -50, 128, -144, -182, 228, 70, -152, 82, -108, -102, 108, -258, 14, 112, -66, 70, -10, 22, -24, 66, -74, 16, 20, 86, 46, 60, 224, -114, 20, 56, 36, -16, -70, 60, 192, -26, -40, -108, 128, 36, -108, -114, 54, 0, -96, 116, 80, 150, 84, 28, 84, 40, 34, -54, 72, 152, -286, -144, 34, -138, 4, -26, 414, -118, 206, 40, 80, 22, 188, -28, 40, -94, 144, 4, -172, 62, -102, 148, 72, 114, 96, 96, -78, 16, 56, 62, 72, 20, 40, -20, 114, 54, -28, -10, -140, 72, 6, 144, 220, 80, -12, -24, -72, 120, 118, 284, -142, -154, 12, -48, -188, 208, 32, 154, -168, -56, 62, 114, -24, 2, 48, 118, -86, 138, 178, -52, 118, -206, 136, -94, 88, -52, -20, 116, -16, 396, -212, 162, 116, -50, 26, 200, 278, -106, -124, -38, -202, 4, 198, 54, -30, 40, -54, -120, 192, -56, 30, -80, 178, 148, 10, 66, -140, 16, -56, 22, 82, 116, 92, 120, -34, -12, 40, 98, 82, 238, 226, -162, -68, -44, 20, -10, -68, 30, 106, -20, 10, -60, -218, 76, -114, 116, -230, -4, 130, 38, 352, -148, -50, -94, -78, 112, 162, -88, -6, 146, 116, 74, 38, -162, 38, 152, -174, 142, 236, -44, -218, 192, 180, -46, 98, -10, -62, -166, 60, -66, -4, -150, -26, -28, -104, 130, 246, 12, 46, 136, 114, -20, -78, -18, -68, 60, 174, 136, 102, 140, 182, 166, 106, 144, 6, -120, -10, 116, 96, 52, -14, -104, -124, 120, 124, 114, -82, -18, 174, -2, -108, -188, -12, 96, -8, 214, 128, 160, -180, -34, 102, -78, -158, -86, -20, 24, 90, 214, -62, 72, 14, -124, -46, 180, 72, -126, -190, 46, -94, -148, -36, 20, 248, 62, -56, 244, 80, 68, 2, -46, 112, -58, -146, -132, 134, -50, -38, 24, -92, -64, 64, 250, -138, 2, -118, 6, -12, 132, 292, 346, 16, 126, -148, 72, 22, 74, -30, -84, -18, 100, 38, 8, -230, -66, 60, 148, 184, 160, 150, -84, 56, 58, -86, 262, 120, -104, 182, -8, -60, 84, 16, 0, 22, 30, 124, -248, 138, -2, 90, 222, -178, 114, 158, -54, 44, -126, 182, 48, -44, -126, -62, -82, -12, -20, -70, -218, 176, 94, -96, 186, 78, -18, 328, 46, 36, -466, 62, 100, 24, 46, -40, 46, -74, 66, 84, -66, -178, 290, -50, 230, 90, 108, 250, -50, -156, 128, -90, 66, 286, 36, -24, -86, 18, -78, 344, 154, 30, 84, 144, 72, -74, 48, 214, -18, -198, 100, 66, -22, 46, -58, -82, -150, 72, -242, 26, 168, -24, -114, 132, 116, -132, -38, -26, 146, 
-114, -10, 174, -102, -18, -26, 8, 24, -40, 52, -168, -88, -62, -80, 16, 92, 44, -36, -24, 78, -84, 200, 26, 96, 180, -26, -92, 206, -168, 46, -48, 184, 28, 154, -52, -46, -34, 184, -20, -160, 28, 98, -60, 146, 82, 90, 136, 42, 124, 118, 40, -4, 10, 4, -48, -110, 80, 16, 110, 30, -54, 16, -78, -124, 20, -170, 28, 48, 80, 20, 192, -10, 30, -6, -26, -12, -250, 384, 132, -16, -98, 140, 38, 174, -84, 78, 36, 140, 58, 68, 88, 48, -100, 132, 80, 22, 94, -86, 38, -30, -84, 152, 44, 226, 86, -74, 250, -8, 58, 220, 52, 138, -194, 92, -194, -24, 10, -156, -188, 140, 42, 184, -98, 38, 132, 60, 182, -208, -158, -30, -112, 40, 88, -74, -24, -14, -34, 16, -40, -158, -2, -2, -6, 46, 272, 36, 184, -162, -204, -46, -74, -44, -90, 30, 118, -142, 156, 172, -110, 148, 280, -212, 210, -178, 54, -2, -84, -134, -134, 60, 74, -164, -28, 12, -120, 24, -126, 144, 12, 238, 132, -116, 166, -44, 48, -298, 292, -160, -164, 140, 66, -344, -202, 210, -16, 194, 102, -2, 26, -34, 242, -54, 222, 36, 76, 96, 66, 64, -106, -76, 84, -52, 92, -146, 156, 30, -110, -130, -96, -52, 178, -14, 60, -4, -134, -66, -84, -62, 190, 26, -90, 62, -24, 52, -54, 64, -114, 252, 228, -24, 166, -202, 168, 20, 116, 2, -252, 38, 210, -24, 144, 220, -236, -30, -64, -80, 188, -198, -192, 430, -110, -86, 220, -160, -172, -22, 190, -96, -108, -58, -72, 40, -38, 176, 92, -94, 46, 204, 50, 4, 256, -88, -196, -146, 134, 154, 86, -82, -84, -100, 102, 96, -82, -176, -74, -216, -52, -274, 148, -10, 138, 58, -88, -64, 84, -6, 30, -14, 20, -98, -194, -136, -62, 144, -156, 4, 56, 72, 8, 46, 26, -116, -196, 66, 326, 112, 36, -36, 40, 60, -120, 64, 72, -60, -64, 36, -124, 200, 182, -62, 24, 372, 160, -40, 182, 122, 94, 0, -136, 60, -6, -260, 112, -142, -14, -68, -154, 44, 156, 178, 172, 108, -82, 20, -6, -64, 108, -258, 58, -50, 98, 40, 264, -68, -194, -206, 128, -138, 174, -106, 94, -96, -4, 52, 78, -6, 58, 20, 228, 222, 120, -40, -156, -40, -84, 48, 126, -28, 122, -162, -200, 260, -240, 34, 170, -2, 22, -94, 54, -70, -52, 110, -40, 24, 60, -158, 300, -90, -36, 10, 152, 84, -86, -8, 130, 44, 352, -94, 2, -82, 146, 132, 112, -82, 176, -276, -28, -142, -160, 112, -64, 326, 84, 40, -136, 96, 112, 0, -94, -64, 12, 106, 266, -288, 106, 6, -100, -72, -34, -54, 208, -142, 128, 8, -46, 150, 118, 110, 222, 174, -126, -20, -106, -28, 82, 40, -106, 48, 134, 16, 48, -56, -162, -72, -42, 100, 132, 210, 8, 194, -76, -80, -136, 146, -210, 64, -20, 284, 104, 100, 
28, 122, -10, 192, -80, 80, -66, -200, -8, -42, 174, -64, -12, 18, -8, -28, 84, 138, -76, -160, 156, -70, -56, -18, 72, 80, 30, -96, 140, 136, 190, 10, -222, -154, 8, -128, 28, 98, -80, 92, -36, -18, 174, -208, 6, -28, -124, -184, -108, -12, 58, 52, 46, 92, 64, 86, 26, 30, 2, -68, 126, 198, 220, -46, 68, 104, 14, -62, -42, 108, -102, 18, 90, -36, 18, 28, 140, -208, -8, 58, 130, -34, 24, -56, 52, 92, -100, 26, -74, -138, 4, 42, 36, -58, 34, -96, -112, 92, 116, -92, 46, 96, -96, -40, 176, 226, -160, 210, -158, -62, -46, 148, 226, 110, 36, 134, 246, 124, 74, -148, 6, -38, 22, -26, 2, 138, -174, 294, 264, -50, 212, -10, -28, -72, 226, 122, -50, -12, 4, 172, 86, 28, 260, 44, -74, -136, -140, 192, 80, 88, 106, 302, 56, -156, 10, 104, 66, -56, 58, 80, -88, 52, -6, 206, -12, 6, 116, 116, 236, -36, -32, 146, -50, -8, 108, -178, 148, -74, -8, -170, -150, 156, -332, 200, -164, 156, -206, -24, 204, -68, -88, 238, 120, -114, -120, 224, -150, 126, 52, 40, -48, 80, -158, -52, 18, 2, -108, -24, -12, 196, -76, 120, 86, 202, -66, -10, 132, -58, 4, -14, -252, 90, 106, 134, 10, 46, 72, 152, -130, 104, 128, -90, 106, 100, 22, 100, 76, -200, -202, -20, -36, 134, -106, 14, 62, -162, 132, -58, -156, -38, -204, -258, 332, -40, 132, 78, -146, 258, 36, -276, 102, -24, -100, 130, 74, 14, -278, 178, 160, 8, 64, 16, 150, -96, 28, 86, -64, -158, 82, -104, -50, 10, 360, -38, -44, -186, -40, -52, -108, 54, 28, -30, 144, 150, 26, 24, -26, 312, 6, 100, -142, 136, 212, 60, -94, 178, -62, 108, -16, 110, 172, 140, 6, -130, -12, -128, 28, 16, -50, 72, -108, 202, 100, -4, -132, -86, -104, 68, 6, -22, 194, -4, -26, 132, 112, 10, -20, -26, -212, 160, 8, -204, -82, 118, -218, -26, -40, 122, 192, 86, -16, 348, 80, 266, 18, 152, 110, 204, -158, -294, -88, -222, 76, -82, 110, -100, -66, 214, -94, 144, -92, -38, -150, 72, 90, 240, -26, 138, -168, 256, 100, 60, -24, 58, -2, 78, -46, -16, -108, -166, 44, 108, 52, 36, 128, 10, -168, 4, 2, 58, 258, -166, 274, 10, -164, 242, 46, -100, -30, 90, 168, -122, 158, -62, 34, 46, -248, 200, 68, -22, -174, -6, 132, -264, -188, 22, -202, -10, 242, -22, 58, -92, 10, 214, -68, 276, 38, -80, 144, -36, 56, -228, 180, 44, 104, 14, -90, 82, 68, 44, 2, -68, -290, 316, -120, 196, 132, 60, 46, -160, -78, 192, -14, -68, 200, -18, 44, -16, -164, -84, 196, 108, 128, -120, 160, 108, -4, -34, -36, -58, 46, -38, 104, 162, 64, 98, -74, -298, 164, -50, -168, 150, -70, -124, 392, -156, -74, -164, 28, 84, 
-60, 64, 16, -236, -52, 18, -72, 240, -32, -58, -146, 254, -84, 8, 46, 156, -18, -18, 48, 84, 20, 34, -4, 170, 124, -4, -74, 52, 106, 136, -296, -20, 26, 88, -98, -46, -44, 68, -62, 4, 64, 218, -46, 38, 10, 46, 112, -64, 164, -110, -94, -44, 96, -188, 62, 14, 42, 108, -8, 178, 44, 60, -78, 4, -38, 16, -2, 110, 172, 60, -18, 34, 158, 78, -2, -98, -196, 234, 126, -122, -94, -28, -20, 118, 44, -22, -6, -6, 24, 72, -18, 120, 60, 54, -108, 48, 24, -76, -164, 58, 172, 94, 138, 160, -152, 2, 274, -312, 156, 130, 302, -168, -24, 38, -120, -48, -22, -270, -188, 240, 18, 60, 10, 54, -28, -28, 278, -304, 76, -118, -56, 108, -30, -80, 72, 78, 146, -8, -144, -122, -140, -160, 46, -28, 38, 90, 46, -94, -72, -34, -30, -90, 84, 84, 114, -16, 0, -186, -80, 8, -26, -62, 32, -42, -104, -42, 36, -128, -34, 74, 148, -188, -86, 190, 56, 80, -92, 58, 160, 252, 112, 22, 184, -192, 96, 6, 88, 58, -114, 230, -4, 6, 180, 62, -44, 4, 86, -156, -82, 8, 36, -52, 136, -32, -18, -26, 56, 126, 110, -108, 128, -12, 68, -232, -60, 46, -12, 58, -50, -38, 62, -52, 128, -122, 32, -158, 58, -22, 228, -98, 86, 108, -24, 14, -36, -26, 78, 84, 46, -24, 260, 6, 228, -14, -16, 28, -136, 174, 14, -28, -74, 70, -182, 190, -56, 158, 228, -148, 116, 432, -8, 190, 58, -12, -12, 70, 100, -104, -202, -36, -146, 108, 40, 120, 46, -124, -18, 142, -38, 134, -82, 124, -218, 74, 92, 242, 52, -32, 12, -8, 40, -48, -34, -294, -92, 32, 66, -174, -124, 130, 88, 158, -28, -8, 16, -136, -60, -124, 50, -102, -164, -74, 98, 38, -68, 122, 64, 158, 80, 54, 72, -234, -212, -240, 404, 288, 84, 98, 146, -54, -206, 72, -2, 60, -48, -22, 64, 6, 256, -148, -10, 276, -28, -252, 186, -26, 212, -30, -184, -120, 70, -64, -44, -248, -94, -96, -110, -136, 104, 114, 112, 200, 32, 52, -50, 160, 222, -78, 46, 76, 196, 66, 32, -46, -154, -122, 116, -64, 132, -162, -170, 116, 20, -136, 20, -88, 122, 10, 34, 336, 148, -306, 32, -48, -36, 52, -2, -8, 64, 12, 14, 24, -206, 202, 70, -168, 80, 106, 196, -98, -204, 102, -298, -66, -24, 54, 132, -204, 56, 118, 194, 48, -2, -38, 212, -18, 274, -176, -122, -178, 40, 152, -32, -202, 8, -156, -32, 140, -188, 154, -68, 150, -66, 164, 34, -34, 82, 44, -182, -90, 116, -52, 196, -224, 288, -122, -22, -156, 96, 60, 80, -80, 64, -32, -22, 170, -48, -154, 208, 70, -184, -94, -4, 68, 112, -114, 4, -94, -18, 310, 34, 138, 40, 30, -70, 16, -36, 312, 2, 124, 260, 34, 322, 52, -88, -12, -10, 246, -8, -132, 
70, 24, 142, -6, 36, 68, -76, -184, -12, -36, 78, -452, -38, 112, 44, -6, 68, -44, 64, -162, 118, -162, 10, 122, -142, -36, 228, 134, -322, 38, 160, 106, -164, -70, 14, -72, -56, -72, -2, 166, 32, -242, 122, -38, -134, 12, -110, 58, -94, 54, 174, -36, 40, 172, -120, 28, 106, -108, -126, -60, -180, 154, 128, 36, 134, -36, 158, -24, -44, 4, -96, 42, -90, -124, 246, 116, 134, -94, -94, 144, -160, 184, -14, -168, -94, -72, -96, 54, 16, -20, -58, -194, 124, 92, 6, -58, -98, 8, 76, 44, -144, -118, -154, -64, 260, -34, -226, 172, -308, -140, -254, 172, 52, 38, 86, 6, 68, 88, -18, 4, 12, 72, 130, 130, 26, 160, -266, 170, -90, 44, -54, -62, -42, -76, 166, 32, -302, 0, 26, 28, 68, 50, 26, 108, -56, -272, -176, 182, 88, 42, -50, 110, -202, -80, 82, -78, 6, -100, 234, -44, 148, 146, -184, 156, -38, 98, 112, 214, -260, -102, -172, -2, 22, -16, 6, 94, -138, -44, -172, -106, -200, -174, 52, 70, -114, -84, 148, 142, 196, -14, 110, 32, -198, 128, 84, 76, -262, 158, -92, 4, 12, 116, -112, 48, 60, 112, 124, -104, 4, -16, -14, 144, -98, 138, 52, -122, 156, 40, 2, -86, 24, 102, -78, 272, 30, 220, 132, 46, -320, 142, -238, -60, 48, 8, 86, 88, -48, -122, -96, 138, -24, -32, -240, 136, 104, -48, 174, -172, 80, -88, 112, -58, 196, -34, 60, -54, 20, -74, -144, -186, -82, -122, 152, -2, -86, 102, -18, 58, 14, -74, -132, 6, -8, -16, -68, 10, 22, 130, 36, -46, 116, 36, 96, 20, 14, -120, 174, 228, 22, -12, -158, 170, 32, 190, 50, -2, -160, -92, 126, -260, -98, -12, 52, -46, 54, 148, 38, 52, -4, 20, 240, 38, -80, 106, 184, 62, -36, -250, -124, 28, 48, -26, 184, 186, -440, -146, -4, 126, -110, 38, 94, 86, 62, -6, 72, 8, 76, 94, -124, 144, 42, -334, -18, 112, -62, -98, 134, 32, 128, 96, -16, 182, 78, 44, 58, 116, 98, 88, -102, -114, -48, -180, -60, 56, -60, -46, -246, 54, -52, -78, -126, 26, 98, 198, 86, 174, 0, 188, -112, 72, 194, 32, 122, 112, -104, 52, -6, 166, 98, -212, 52, 204, 74, 144, 50, -58, 50, -18, 24, -134, -2, -24, 120, -4, -90, 228, -80, -144, -298, 102, 48, -40, 120, 176, 18, 108, -80, 136, -46, 4, -146, 92, -178, 116, -78, 48, -96, 112, 62, 112, 52, -2, 108, 352, 200, 20, -14, -248, -6, -30, -138, 278, 248, -28, -46, 190, -84, -28, 70, -8, -32, -40, -248, 78, 32, 20, 88, 36, -132, 92, 14, 96, 24, -70, 80, -4, 14, 264, -68, -38, 288, 0, -188, 90, -266, 108, 140, -12, 126, -292, -180, 98, 26, -40, 22, 142, 30, -244, 124, -134, -142, 68, -216, 0, 90, -10, 52, -198, 10, 160, 
-34, -80, 58, -118, 204, -208, 246, 244, 192, -28, 140, 346, 6, 2, 218, 114, -136, -10, -24, 58, 50, 208, 222, -92, -54, 58, -120, 110, 194, -146, -162, -8, 96, 172, -152, -12, -64, -8, 140, 6, -250, 98, -88, 42, 66, 174, 234, -72, 80, 154, -228, 114, -42, -122, -90, -110, -38, 208, 22, -14, 46, 98, -266, -144, -38, 126, -160, -152, 146, -36, 258, -16, -18, 58, -58, -16, -70, 88, -62, -74, 120, -174, 132, -16, 78, -84, 106, -66, 54, 156, -74, 8, 44, -8, -80, 114, 168, -180, -78, -54, 206, 192, 148, 306, -156, 18, 276, -178, 456, 110, 210, -272, 46, 56, 84, -98, -22, -146, -128, 76, 2, 32, 92, -56, 86, -30, 92, -232, 238, -74, 130, 182, 102, -14, -238, 110, 60, 110, 14, -64, -16, -58, 82, 202, 124, 218, -58, -228, -66, -276, 40, -40, 326, 66, -246, 66, 12, -92, -46, 80, -176, -136, 126, -202, 198, -102, -88, 46, 318, 274, 114, 14, 144, 114, -92, 74, 76, 218, 182, 78, 116, 172, 172, -28, 58, -6, -68, 12, -182, 112, 166, 60, -10, -6, 2, 0, 252, -138, 226, 86, -44, 2, 124, 34, 2, -82, -90, -64, 142, 150, -28, 134, 96, -208, -142, 212, -138, 102, 42, -66, -20, -126, 20, -160, 76, -104, -258, 14, 184, -164, 352, 86, 46, 112, 84, -184, 120, 162, 100, -72, 66, 76, -12, -90, -84, 162, -88, 48, -6, 170, 112, 166, -64, 146, 212, 70, -16, 134, 90, 112, 66, 160, -42, 162, 56, -96, 34, 8, -120, 32, 58, -78, 40, 90, 30, -84, 166, 106, 138, 94, -128, 150, -30, 90, -48, 60, -86, -158, -46, -12, 228, 28, 100, -24, 154, 150, -12, 106, 34, 240, 0, 118, -208, 42, -46, -68, 202, -16, 48, 62, -70, -144, 206, 30, -222, -100, -104, 192, 178, 66, 84, 2, -50, 36, 506, 256, 134, -2, 168, -206, -118, 126, -124, -32, -200, -120, 44, -74, 96, -188, 78, 70, 4, -42, 42, 50, 136, 0, -218, 84, -66, 50, 74, -82, -192, -32, 180, 36, 14, 60, -54, 182, -32, 20, 10, 24, 68, 78, 128, 124, 324, 72, -92, 92, 2, -148, 182, -84, 152, -24, 76, 12, -172, -316, 114, -8, -194, -70, 16, -58, -158, 34, 188, -104, -22, 106, -100, 20, 10, 36, -110, -76, 80, -84, 172, -136, 132, 294, 254, -28, 26, 138, -96, -14, 104, -90, 26, -88, -60, 182, 124, -24, -24, 6, 104, -78, 64, -36, 136, -88, -2, 62, 32, -28, -182, 66, 190, 184, -140, 28, -38, -184, -8, 142, -50, -188, 168, 144, -102, 24, 28, 44, 268, -122, 60, -130, -38, -136, 50, -74, 200, -72, 66, 76, -82, 76, 50, -84, 18, -14, -172, -56, 228, -28, 16, 118, -34, -8, -90, 322, 184, 42, -18, 56, 128, -120, -120, 282, 64, 202, 142, 106, 50, 182, -34, -112, 64, 100, -24, -46, 
38, 146, 190, 80, -178, 96, -346, -210, -174, 94, -134, -120, -50, -138, -12, 50, 84, 98, 82, 118, 56, -308, -136, 10, 108, -30, 170, 66, -200, 12, -80, 140, 164, -202, 224, 24, 166, 34, -86, -130, 156, -162, 286, 22, -58, -48, -206, -168, -8, -158, 38, -108, 8, 130, -74, 74, -22, -314, -120, 154, 104, -34, 168, 140, 98, -130, 196, -60, 160, 14, -116, 34, -132, 10, 132, 66, 134, -58, 134, 270, -230, 140, -168, 38, 24, -106, -100, 138, 118, -122, 52, 52, 62, 54, -4, -48, 10, 50, 62, -12, -42, -76, -168, 112, 256, -146, -168, 150, -264, -56, -78, 226, -18, -48, 32, 146, 14, 118, 148, 84, -140, 82, -8, -16, 98, -142, 34, 138, -66, 164, -56, -98, -24, 140, 228, -70, 118, -228, 40, 164, 178, 34, -22, -18, 54, -92, 32, 156, -120, 168, 38, -32, 46, -216, -8, 152, -26, 130, 58, -44, 244, 136, -70, 102, 42, 12, 156, -112, -326, -252, -94, 114, -28, 22, 204, 10, 12, -166, 46, -186, -156, -120, 28, 54, 46, 292, -46, 248, 152, -126, -208, -68, 68, -64, -152, 68, -34, 180, -12, -126, 148, -66, -124, 4, -172, 168, 62, 20, -156, -66, 102, 88, 30, 270, 278, -168, -104, -8, -70, 142, 108, -46, -24, 162, 36, 242, 80, -186, -170, 294, 32, -30, -26, -24, 100, 322, 46, -32, -162, 54, -264, -22, 112, 96, 188, -92, -20, 116, -76, -218, -126, 78, 134, -46, -66, -72, -20, -142, 100, -124, -222, 30, 236, -162, 64, 124, -198, -116, 94, -148, -174, 100, -120, 198, -136, 236, 68, -42, 70, -158, 202, -104, -32, -130, 194, 72, 54, 12, 134, -148, -78, 180, 48, 2, -106, 42, -52, -170, 150, -146, -116, 0, 10, 6, 10, 300, -112, -194, 198, 76, 156, 94, -300, 64, 116, 26, 8, 38, -16, 18, -4, 110, 248, -66, -398, -258, 36, 100, -152, 136, 254, -126, 20, -16, 218, 218, 76, -82, 18, 14, -92, 12, -90, 78, 14, -146, 56, 32, 96, 132, 12, -30, -12, 218, 130, 162, -338, 14, 136, -88, 158, -236, 76, 304, -24, -96, -128, 50, 120, 172, -132, 128, -64, -98, 176, 134, -104, 80, -100, -10, 22, 90, 68, 220, 0, 52, 234, 168, 18, 36, -14, -226, -42, 132, 160, -112, -66, 0, 6, 90, 148, 10, -52, 172, 20, -54, -92, -128, -164, -116, 202, 94, 176, -64, 12, 238, 104, 100, 54, 14, -250, 76, 54, -166, 114, 288, -128, 116, -88, 8, -48, 62, -152, 46, 514, 10, -214, -62, 80, -166, 36, 182, -22, 40, 48, 92, -182, -4, 46, -24, -4, -114, -120, -32, 0, 112, -32, 84, -152, 62, -122, 102, -110, 132, 84, 84, 54, 100, -82, 78, 238, 44, -110, -28, 32, 44, 14, 196, 252, -114, -182, -36, 140, -114, 6, 36, -158, -44, 26, -102, -130, 0, -42, -126, -172, 146, 6, 72, 104, 28, 
-42, 46, -68, 34, 158, 40, 56, 98, 156, 34, -120, 30, 96, 106, -18, -62, -204, -56, 26, -90, -60, 218, 128, -120, -50, -28, -4, 32, 86, -4, 204, 126, -162, 136, -50, 52, -14, -44, 138, 248, -24, -40, -268, -124, -30, 258, 126, -74, 66, 116, -216, 204, -142, -52, 70, -48, 110, 260, 10, -30, 58, 18, -38, -64, -200, 52, -160, 10, -228, 138, 76, 8, 166, 10, -82, -166, -6, 122, -10, -64, 408, -104, -104, -88, -68, 242, 214, -174, 54, 156, 108, 48, 24, -78, 82, 108, 8, -4, 4, 142, 144, 56, 250, -140, 40, 48, 192, -60, 188, 14, 126, -288, 180, 14, 132, 4, -22, 2, 20, 44, 286, 104, 20, 170, 80, 20, -116, -96, -6, -178, -12, 224, 172, -94, -46, 36, -134, 102, -120, 92, -96, 28, 18, 154, -102, 122, 50, -178, 228, -88, -62, -104, 2, 258, 98, -246, 104, -132, 4, -30, -358, 94, 50, -14, -108, 0, -82, 16, 90, 262, 114, -148, 120, 32, -242, 62, -54, 158, -44, 46, 196, 108, -90, 58, -50, -202, 296, -184, -58, 4, 304, 182, -94, 172, 72, -194, 126, -196, 62, 58, 112, 178, 112, -114, -6, 106, 22, -60, -52, 114, -72, -18, -148, -132, -244, 92, 28, -36, 178, -14, 120, 36, -10, -36, 16, -140, 104, 250, 144, -200, -30, -116, 0, -36, -62, -176, 18, -78, 100, 2, 44, 30, -16, -148, -230, -70, -96, -56, 164, 290, -92, 34, -166, 22, 70, 186, 26, 198, -60, 280, 230, -122, 162, 148, 42, -106, 106, 148, -146, 46, 58, 10, 246, -152, 86, 84, -4, -18, -114, 156, -138, -22, 144, 216, -258, -12, 18, 50, -94, 22, -124, 42, -134, 60, 6, 96, 64, 94, -180, 152, 122, 94, 86, 50, -46, -200, -32, 136, -162, -82, -52, 18, 164, -52, 74, 110, 98, -14, 150, 88, 18, 106, -78, -162, 390, 176, -30, -10, 14, -78, -54, -34, 46, 10, -76, -168, 82, 28, -56, -20, 82, -8, 10, -124, -196, 240, 36, 146, -36, 34, -8, 38, -48, 4, -182, 80, 308, 20, 18, 90, 18, 98, 78, -130, -8, 42, 94, 70, -118, 30, 78, -56, -60, 74, 62, -38, 70, -58, 14, 16, 58, 4, -106, -42, -164, 26, -52, -56, 122, -146, 134, 300, 246, 94, 12, -10, -20, 266, 108, -62, 112, 128, 104, -122, 108, 62, 124, 232, 190, 130, -236, -64, 130, 28, -46, -282, 28, 6, -82, -38, 110, -18, -258, 188, -60, -266, 106, 122, -8, -12, 312, -12, 108, 6, -318, -16, 292, 88, -26, 190, 80, 44, -52, -74, 108, -74, 42, -10, -188, 254, 40, 264, -56, 58, -18, -42, 102, 126, -2, -90, -46, -72, 166, 40, 108, 4, -38, 50, -36, -14, -90, 42, -18, 120, -26, -40, -214, -8, -196, 194, 32, 166, 0, -4, -120, 32, 162, -264, -86, -58, 10, 30, -100, 374, 10, -160, -12, 40, -220, -182, 
-18, -16, 14, 186, -176, -8, 6, 18, -98, -68, 300, 8, 230, -8, 32, 0, 280, 168, 28, 162, 98, 6, -218, -52, 64, 224, -78, -52, -100, 90, -296, -48, 96, -68, 42, 58, 40, 80, -100, -350, 12, -32, 208, 218, 76, -254, 64, 72, -30, -124, 188, -102, 134, 204, -124, -20, -130, -38, -26, -34, -18, -96, 160, 56, 92, 154, 234, -120, 160, -226, 16, 150, -138, 164, 240, 272, 10, -8, -154, 124, -62, 48, 274, 158, 206, -192, -26, 150, 12, -98, -38, -54, -128, 26, -152, 36, -30, -128, 60, -56, -204, -6, -202, 228, -190, 26, -274, 82, -58, 22, -200, 252, 132, 84, -110, 64, -50, -182, 54, 134, -114, 176, 188, -136, -112, 70, 168, -44, -22, 76, -12, -242, -228, 88, -142, -112, 174, -172, 296, -32, 192, -8, -62, -114, 18, -32, 166, 228, -48, 178, -8, -80, -6, -274, -98, 110, -86, 130, -48, 276, 78, 186, -72, -24, 130, -162, -20, -30, 0, -118, 38, 98, -108, 40, 86, 130, 72, -168, 44, -204, -166, 24, 24, 58, 34, -2, -40, 82, -22, -176, 66, -52, 4, -50, -90, 160, -52, 54, 104, -170, -52, -206, -68, -30, 154, -130, -8, -198, 16, -18, 114, -142, -52, 182, 232, -62, 138, 12, -318, 112, 140, 86, 46, -28, -4, 168, 48, -212, -78, 204, 158, 60, -100, -2, 122, 22, 88, 56, -32, -38, 122, -74, -14, -4, 146, -76, 90, -28, 30, -252, -74, -40, 80, -82, -2, -76, 84, -96, 76, -202, -38, 22, -84, -108, -156, 302, 60, 52, -38, -24, -58, 104, -72, 0, 86, -20, 32, 208, 342, -142, 160, 72, -68, -160, 388, -24, -132, -24, -52, 38, 186, -60, 210, 10, -4, 58, -16, 6, 40, -110, -70, 30, 8, -64, -14, 222, 46, -188, 266, 76, 218, -20, -166, -100, -68, -74, -30, -22, -52, -156, 150, -114, 84, 216, -158, -158, 40, 124, 88, 86, 284, -132, 34, 20, 6, -22, 12, -46, 90, -24, -88, -6, 294, 192, 66, 114, -6, 66, 48, 16, 60, -8, 194, 34, 96, -72, -90, 16, 24, -74, -66, 76, 10, 186, 120, 66, -20, -100, 156, 102, -142, 60, 56, -156, 132, -34, -74, 48, 34, 54, 70, -114, 74, 58, 78, 240, 170, 152, -72, 78, -96, -104, -96, 30, 108, 162, -162, -136, -218, 190, -78, 108, -50, 196, -10, 16, 20, -40, -122, -40, 216, 82, 50, 60, 116, 460, -24, -142, 68, -86, 80, 2, 174, -178, -18, 268, -138, -46, 136, -12, 8, -100, -98, -214, 172, 104, -106, -68, 186, -234, -110, 154, 90, -104, -32, -110, 58, -20, 330, -12, 68, -254, 140, 26, -124, 142, -18, -98, -146, 90, -22, 180, -180, -58, -216, 48, -68, -4, 208, -96, -6, -180, -16, 52, 254, 26, 124, 82, 64, -332, 0, 60, -56, 10, 62, -26, 94, 166, 42, -56, -44, -24, 88, -314, -34, 182, -14, -148, 74, 34, 
30, 74, 104, -80, 82, 156, 18, 24, 22, 114, -172, 8, 22, -32, 130, -102, -114, -44, -22, -68, -8, 54, 70, -32, -96, -88, 22, -10, 66, -166, 422, 54, -170, 34, 118, 10, 216, 20, 216, 56, 70, 22, -236, -192, 12, 192, -70, 202, -40, -40, -246, 72, -98, 2, -2, -98, 132, 76, -2, 170, 18, -8, 84, -244, 20, 26, -244, 52, -24, 40, 58, 92, 174, -102, -186, -74, -8, 18, 202, -22, 214, -58, 16, -78, -82, 128, 214, -188, -62, -88, 52, 168, -48, 20, 94, 8, -58, 116, -50, 92, -4, 174, 116, -68, 60, 28, 272, -44, 166, 6, 142, -152, -50, -66, -14, -56, 30, 98, -32, -96, 42, -254, -172, 80, 118, -24, 22, 80, -28, -46, -96, 404, 100, -174, 104, 170, 44, 92, -54, -42, -86, -14, 32, 76, 42, -80, -22, -58, 160, -42, -6, 222, 54, 156, -50, -18, 2, 62, 172, -230, -184, -98, -68, 176, -258, 54, -14, -38, 78, 90, 310, 80, -64, 10, 78, 66, 50, 430, -160, 284, 130, 36, 142, 154, -34, 122, -178, -158, 36, 106, -30, 66, -36, 128, 246, 138, 44, 60, -84, 112, 96, 376, 126, -352, -242, 40, 96, 122, -50, -114, 134, 190, 174, -38, -62, 10, 4, -158, 238, -12, -34, 94, 44, 360, 30, -8, -4, 22, -14, -130, -70, -54, 76, 48, -136, 202, -172, 72, -92, 122, -40, 228, -102, -142, -232, 120, -100, -6, -104, 230, 92, 100, -108, -6, -130, 34, -138, 250, 2, 138, -64, 70, 98, 24, 0, -112, -138, 44, 22, 160, -84, -8, 92, -14, 4, 84, -6, 20, -128, 226, -114, -2, -118, 88, -206, 128, 88, -58, 122, 68, -116, 120, 20, 74, 98, -52, 62, 146, 10, 158, 158, -2, 154, 2, 108, -20, -30, 200, -184, -72, -220, -18, 270, -6, 66, 258, 302, 114, 30, -14, 90, -58, 2, -150, 102, -52, -140, -42, 92, 36, -54, -38, -212, -96, -18, -114, 36, 16, -106, 168, 354, 166, -90, -162, -8, 106, -12, 42, 76, 158, -26, 68, -144, 42, -74, -56, 202, -68, 36, 186, 4, 110, 26, -106, 48, -134, -48, 80, -88, -30, 156, 14, -52, -26, -102, 128, 58, -36, -160, 24, 20, 166, -28, 100, -198, -298, -114, -96, 86, 280, 228, 90, -118, 140, -8, -6, 116, 72, 154, -170, -12, -100, 236, -76, 84, -58, -246, 100, 62, -20, -80, -198, -20, 16, 66, -206, 16, 244, -52, -70, 40, -80, 112, 152, 50, -24, 36, 136, 0, 26, -20, -82, 272, 86, -42, -184, -26, 4, -166, 48, -36, -10, -96, -92, -186, 108, 78, -190, -120, 50, 154, 280, 56, -16, 166, -128, 140, 216, 42, 4, -88, -108, 238, 92, 232, 50, -38, -18, -188, 44, -36, 150, -174, -2, -288, 32, -22, -94, 68, 290, 26, -48, 88, 70, -98, 218, 116, -12, 80, 150, -78, 26, 66, 308, -2, -196, -86, 60, -96, 140, 
-110, -174, -8, 16, 126, -254, 48, -112, -232, -64, 212, 4, 92, 90, -138, 104, 124, 56, 94, 132, -110, 16, 48, 220, 18, 102, -108, -64, 160, 58, -232, -6, 2, -34, -58, 92, -98, -46, -46, 18, -58, 84, 194, 254, -28, -62, 294, 102, 6, -80, 158, -114, 170, -18, 68, 190, 108, 86, 76, -228, 242, 40, -34, 48, 18, 36, 206, -224, 30, 54, 48, -50, -204, 210, 230, -46, -74, 8, -28, 74, -252, 190, -20, -202, 76, 2, 4, -18, 100, 230, 18, -232, -40, -198, -12, -30, 82, -106, -74, -92, 32, -82, 98, 34, 42, -144, -240, 270, 40, 66, 154, 226, 238, 220, 14, 100, 34, -150, 40, 204, 82, 166, 126, -250, -226, 292, 66, -110, -106, 46, 46, -222, -86, -132, 4, -116, -26, 54, 138, -136, 132, -18, 26, -224, -42, -74, -78, -168, 138, 146, 244, -396, -100, -76, 44, 154, -72, 32, -56, 216, 168, 94, 122, -132, 140, 48, 156, -130, 232, -32, -240, -34, 110, 8, -188, 86, 38, -314, 118, -248, 142, 34, -26, -42, 162, -58, 162, 42, 254, -138, -50, 110, 12, -56, -178, -44, 86, 4, 0, -108, -84, -64, -206, 238, 202, -50, -44, 26, 120, 246, -260, -20, -20, 226, -54, 144, 112, 196, -158, 190, -44, -34, -6, -72, -84, -68, -86, 106, 74, 172, 102, 74, -56, -74, -20, -66, 176, -116, 98, -28, 22, -352, 322, 244, 74, -100, 178, 102, 76, -66, -92, -114, -58, 214, 222, -80, 84, -146, -102, -12, 150, -38, -54, 126, 224, 148, 36, 16, -20, -42, 30, 24, -34, 70, 90, 26, 132, 32, 140, -180, 108, 18, 22, 74, 74, -96, -30, 32, -70, -84, -2, -38, 132, 76, 36, 310, 6, -168, 68, 58, -22, -44, 68, 86, 42, 128, 82, 52, 170, 54, 190, 16, -206, 34, 42, -158, -204, -50, 74, 42, -22, 166, 44, 208, -56, 136, 136, -38, -40, 86, -24, 98, 174, 162, 78, -28, 62, -90, 136, 74, -318, 88, 88, 220, 56, 38, 80, -110, 22, 12, 124, -8, 114, -138, 120, -84, 22, 60, 92, -76, -104, -56, 42, 72, 126, 148, 174, 2, -118, 120, -62, -68, 80, 158, -78, 122, 50, -24, 108, 66, 20, 6, 144, -222, 138, 88, 100, 78, 56, -10, -52, -100, -54, -236, 72, 100, -30, -244, -70, 292, 74, 26, -70, 142, 50, 36, 112, -74, 60, 208, 20, 230, 96, -80, -158, 30, -104, -102, -32, 6, -72, -172, -184, -116, -116, -88, -14, -30, 82, -60, 242, 54, -110, -40, 46, 84, -10, 110, -42, -148, 210, 6, 90, 68, 76, -50, -58, 168, 58, -92, -76, -158, 74, -70, -202, -52, 2, -98, 12, -54, -28, 106, -102, -284, -120, -58, 96, -68, 148, 16, -4, -100, 244, -78, 242, -2, -94, 236, -154, -146, -56, 144, -82, -22, 68, -244, 24, 126, -68, -130, 84, -32, 38, -214, 56, 166, 156, -138, 174, -8, 
150, 20, -18, -66, -148, 158, 42, 104, 116, 44, 12, 64, -58, -36, 148, -50, -112, -32, -98, -50, 128, 118, -116, -12, -112, -18, -80, 154, -66, -40, 250, 4, -90, 192, -20, 156, -34, -14, 20, 176, -78, -112, -198, -142, -46, 46, -36, 52, -114, 30, -146, 96, -102, 66, 2, 78, -54, -216, -22, 224, -130, -122, -60, -106, -208, -142, 52, 198, -40, -10, 182, 86, 148, -48, -330, -10, 158, 4, 36, -146, 220, -178, 78, 92, -136, -4, 4, -8, -152, -92, 146, 16, -30, 116, 30, 104, -178, 46, 102, -28, 154, 176, 128, -62, -166, 326, 352, -6, 30, -16, -14, -254, -112, -108, -62, -24, -6, 136, -134, -34, -78, -110, -80, 164, 96, -254, 134, 48, 148, -60, 60, 78, -100, 60, -62, 16, 24, 144, -200, -6, -56, -54, 30, 244, 190, 158, 158, 42, -110, 66, -90, 188, 74, -118, -352, -192, 130, -166, 26, 12, -216, -12, -58, 196, -16, -70, -96, 74, -72, 50, 122, 112, -30, 74, 174, 72, -146, 296, -8, 216, -266, -50, 174, 158, -60, 120, -140, -128, -246, 214, 48, -36, 44, 6, 62, -38, 2, 88, -94, 140, -82, 70, 90, -80, -142, 136, 6, -86, -110, -92, 56, 6, 76, -124, 88, -76, -4, -104, 92, -62, 50, -54, -20, 238, 226, -78, 104, -136, 30, 58, 34, -96, 96, 106, 14, -70, 40, 164, -136, -154, -56, 86, -284, 6, 32, -6, -2, -82, -20, 104, 44, 254, 254, -102, -180, -12, 72, 190, 178, 30, -108, -92, 184, -156, -208, -68, -18, 32, 78, -26, 54, -20, -58, 108, -180, 60, -108, -130, -258, 80, 44, 40, -28, 8, -94, -54, -88, 158, 64, 32, 32, 152, 4, 130, -112, 8, -40, 334, -160, -48, -108, -94, -90, 104, 38, -162, 146, 56, -132, -110, -150, -36, 128, -168, -148, 46, 66, 92, 54, 176, 280, 0, 68, -82, 166, 30, 66, 174, 86, 6, -88, -64, -16, -26, -36, 130, -168, 58, -210, 42, 288, 56, 212, -182, 40, 60, -8, 192, 28, 74, 178, 176, 184, 56, -90, -44, 172, -20, -76, 26, 50, -44, -176, 8, -148, -100, 34, -66, -12, -154, 54, -120, 12, -254, 184, -104, 250, 56, -6, -136, -32, 78, -10, 356, 34, -18, -164, 36, -66, 68, 12, 214, 90, 124, -58, -260, -36, 288, 52, -38, -66, 104, 106, -36, 136, 126, -220, -40, -112, -112, -82, -338, -24, 164, 170, 114, 66, 46, 110, 140, 184, 106, 50, 170, 4, 172, -46, -96, -120, 246, -176, 74, 86, -26, 96, 30, 144, -106, 10, 236, 16, 12, 6, -16, -148, 116, 88, -34, 8, 34, 110, 234, 38, 182, 324, -62, -20, 38, -66, -164, 106, 98, 124, -104, 162, 132, 68, 44, 98, 102, -192, 130, -186, 78, -152, -42, 8, -286, 136, 76, 82, -190, 2, 72, -188, 264, 38, -34, 204, 42, -6, -50, -96, 176, -14, -90, 102, 52, 6, 182, 
-44, -78, -186, 72, 168, -52, -160, 36, -60, 2, 136, 8, -60, 76, 0, -86, 44, 94, -70, -62, -54, -136, -14, -134, 96, 82, 314, -254, 32, 84, -198, 70, 152, -8, 116, 178, 36, 80, -126, -140, 18, -56, 226, 104, 150, -36, 104, 110, 6, -162, 190, 38, -96, -46, 4, 106, 202, 238, 52, -84, 38, 64, 278, 140, 272, 90, 66, -220, 14, 52, -246, 40, 10, 176, 302, -44, -258, 130, -126, 178, -214, 212, -56, 218, -88, 6, 100, 80, 56, 66, -60, -52, -42, -406, -118, 4, 64, -64, -122, -60, 12, -226, -108, -36, 116, -446, -272, 42, -32, 80, -64, 250, 78, 248, 98, -78, -64, -348, 130, 54, 62, 36, 68, -2, 72, 78, 114, -74, -82, -32, -72, -20, 128, -94, 224, 180, -12, -48, 304, -4, 90, 12, -22, -148, -192, -48, 88, -126, 18, -76, 228, -148, 50, -36, 212, 112, -98, 208, -18, -20, 210, 92, 248, 44, -14, 24, 174, -2, -8, -48, 66, -58, 190, 4, 40, 88, 30, -188, 216, -50, 108, 130, -132, 2, 154, -146, -8, 56, 66, -68, 8, -112, -106, 46, -34, 92, 192, 236, 190, -102, -130, 54, 48, 208, 68, -136, 22, 70, 132, -128, 14, 124, 0, -66, -260, -24, -34, 6, -106, 20, 32, 122, -26, -126, -10, 60, -138, -46, 0, -160, 14, 136, -228, -72, -64, 160, 8, -122, 422, 88, 158, 18, 70, 156, -142, -78, -28, 42, 30, 256, -48, -28, -238, 88, 202, 54, 98, -30, -80, 16, 52, 128, -136, 104, 38, 160, 8, -126, 26, 178, -84, 134, 26, 142, 90, 38, 74, 104, 164, 154, 66, 130, 178, -38, 38, 70, 34, 0, -24, -34, -78, 154, 180, -88, -174, 150, 32, -264, 60, 48, 90, 140, 70, -274, 4, 32, -46, -26, 62, 48, 348, 12, -22, 28, 148, -74, -60, -22, 26, 40, -246, -30, -28, 194, -78, -30, -62, -98, -140, 124, -108, 182, -8, 62, 90, 122, 354, 90, 420, 78, -32, 102, -258, -50, -12, 98, -48, -50, 146, -2, -156, -212, 66, -136, -38, 102, -24, 0, 186, 62, 12, -174, 146, -126, 284, 146, -66, -16, -94, 238, -102, -84, -20, 146, -90, 130, 32, -210, -82, 64, -106, -82, -46, -238, -10, 4, 152, -8, 182, 64, -86, -198, -242, -216, 278, 180, -54, -46, -70, -42, -62, -164, 108, 98, -208, -34, 184, 28, -2, -58, 226, 320, 104, -186, 2, -2, 26, 176, -60, 138, 30, 84, -102, 14, -10, -60, -104, 2, 356, -158, 100, 208, -24, 58, -208, -144, 32, 24, 164, -124, 68, -92, -26, 94, 96, -74, 14, 66, 126, 74, 84, -180, 98, -58, -10, 86, -132, -72, -78, 4, -84, -128, -108, 126, -198, -72, 50, -22, 26, -248, 212, -188, 74, 78, 208, -22, -52, 390, 16, -30, -40, 226, -154, -180, 202, -250, 220, -78, 88, -66, 180, 36, 84, -114, 2, -136, 42, 22, -268, -182, 
50, 126, 170, 26, -26, 258, 104, 180, 216, 6, -92, -36, 174, 44, -78, 174, -58, -88, 4, 56, 210, 110, 76, -104, 0, 186, -118, 176, -96, -92, 326, 30, -54, 106, -230, -130, -62, -148, -58, 92, -22, -86, -16, -158, 26, -10, -28, -240, 112, 0, -68, -66, 140, 16, -118, -104, -108, -104, 0, 82, -2, -188, 22, -68, -234, -100, -104, 218, -24, -30, 32, 236, -58, -30, 42, -68, 282, -104, 258, -266, 194, -70, -66, -162, 154, 70, -172, -358, -76, 98, 106, -40, 28, 296, 72, -24, 158, 98, 62, 118, 120, 386, 138, 12, -20, 288, 304, 78, 186, -20, -10, -148, -32, -272, -80, 256, 196, 178, -14, -112, -116, -106, 182, -76, -140, 20, -116, -38, 86, 136, -40, 36, -274, 86, -20, -142, 130, 0, -112, 158, 90, 102, 140, 86, 96, 18, -36, 58, -146, 102, -192, 268, -32, 40, -184, -24, 224, -4, -150, 74, -250, -46, -120, 168, -98, 48, -90, -150, -50, 138, -34, 244, 86, -6, 18, 22, -210, 208, -44, -32, -124, -186, 22, 10, -112, 68, -12, 52, -106, -2, 158, -16, 6, 44, 58, 50, 36, -268, -30, 28, 38, -68, 16, -118, -48, 240, -100, -34, -170, 112, 66, 0, 14, 110, 250, 146, 40, -16, 174, -146, 114, 72, -24, 122, -82, 86, 16, -52, -16, 76, -24, 20, 94, 88, 144, -156, 56, -18, -308, -12, -216, 162, -40, 8, 6, 6, -84, 34, -38, -78, 64, 144, 346, 24, -256, 12, 26, -6, 52, 124, -34, 16, 138, -98, 76, 110, -82, 120, 176, 18, 78, -100, 276, -24, 114, 114, 32, -134, -134, 32, 72, -156, -36, -30, -124, -82, 2, -78, 312, 120, 30, -60, -10, 130, 18, -44, 30, 132, -254, -104, -68, -96, 38, 44, 142, 100, 58, -162, 6, 40, -416, -28, 86, 0, 36, -122, 140, 152, 48, -76, 132, 32, 104, -152, 0, 56, 56, 0, 6, 70, 48, -212, -202, -118, -78, 40, -176, 96, -160, -36, -4, 136, 164, 72, 98, 124, 20, 66, 60, 68, 48, 348, 72, 160, -24, -56, 252, -140, -158, -130, 20, 292, 46, 14, -144, -102, 104, -48, 50, -204, 124, 210, -22, 48, 140, -30, -74, 250, 116, 78, 80, 150, 138, 20, -14, 22, -112, 36, 26, 60, 124, 14, 246, 142, -174, -74, -42, 46, 64, -172, 92, 8, -92, -198, 168, 14, -72, -2, -24, 14, -68, -132, -28, 106, 156, 44, 10, -20, 202, -56, -30, -116, 78, -132, 68, 98, 188, -24, -118, 176, -82, -132, 118, 102, 324, 158, 92, 118, 90, 68, 116, 58, 64, -26, 128, 68, 70, 14, -102, 28, 50, 124, 160, 104, 34, -76, 202, 108, 2, -86, 128, 100, 90, 36, 192, 160, -64, 10, -42, 222, -46, 142, 104, -188, -134, -134, 148, -98, -22, -56, 64, -70, 120, 8, -312, 138, -230, 130, 28, 82, -42, -244, -218, 178, 36, 10, 48, -20, 258, 152, 
-166, -100, -12, 106, 98, -242, -8, -80, -34, 106, 262, 164, 164, 14, -78, -156, 82, 28, -10, 16, -162, 10, -52, -40, 48, -30, 162, -234, 122, 252, -300, -24, 68, -92, 36, -126, 86, 142, 178, 132, -108, -164, 38, 194, 164, 32, 290, 190, 202, -18, 98, -52, -128, -56, -26, 4, 76, 86, 54, -144, -42, 156, -132, 44, 154, 138, 34, -16, 50, 86, -40, -102, 20, 98, 44, -66, -206, 84, -170, -30, -16, -90, 114, 144, 68, -138, 0, 184, 104, 48, -184, 30, -2, -184, -50, 200, -124, -72, -64, 118, -80, -318, -116, 68, 174, -244, -208, -156, 104, 78, -36, 178, 70, 120, 122, -162, -202, 32, -4, -10, -10, 118, -108, 66, 192, 234, 100, -38, -86, 130, -66, -56, 156, -118, -88, 190, 16, 42, 40, -204, -106, -6, -72, 26, -2, 74, 44, -78, -90, -130, 248, -104, -22, 162, 230, -44, -134, 38, 68, 72, 176, 128, 106, -4, -34, -126, 8, -34, 112, 146, 206, -216, 24, 162, 28, 80, 316, -78, -26, -18, 166, 146, -74, 196, 54, 62, 210, -36, -68, 84, -4, -12, -96, 134, -22, 148, 116, 80, 120, 2, -222, 70, 104, 262, -82, -392, 82, 54, 192, 92, 76, 158, -62, 20, -106, -110, 8, 18, -44, 314, -16, 44, 46, -236, 112, 112, 50, 82, -28, -32, 62, 140, 12, 152, -46, 254, -98, -54, 264, 116, 182, 164, 270, 160, 46, -76, 16, 16, 100, 108, -40, -98, -164, -30, 234, 70, 58, -8, 0, -6, 120, 134, -80, 148, -108, -2, -20, 16, -128, -150, 178, 198, -78, -22, 14, -58, 52, 278, 96, -62, -52, 30, 42, 56, 20, -100, 54, 144, -176, -52, -326, 110, 104, -64, -16, -146, 66, -144, 322, -8, -28, 68, 28, 96, -108, -178, 58, 166, -56, -28, 274, 252, -28, 62, 0, 222, -62, -14, 24, 98, -110, -62, 20, 124, -128, 24, -108, -112, -32, -226, 24, 256, 146, 98, 74, 120, 150, -110, 166, 42, 46, 96, -26, 52, -162, 26, -112, 22, 144, 38, 42, -86, -70, -8, 28, -84, -130, 210, 142, 242, -14, -110, 38, -100, 126, 56, -70, 60, -138, 104, -42, -282, -58, 22, -18, -132, 132, -164, -234, 132, -16, -10, -38, 260, 130, -86, 150, -50, -82, 26, 18, -10, -158, -74, 136, -8, -12, 142, 26, 30, -108, 144, -48, 114, 16, 100, 46, 102, -118, -40, -142, 112, -106, -106, -56, -16, 104, 62, -108, 48, 108, -76, 232, 142, 86, -22, -54, -102, 10, -28, -96, 164, -182, -46, -162, -84, -52, -76, -14, -46, -166, 98, -162, 14, -8, -72, 64, 8, 18, 38, 56, -26, -208, 292, -150, -76, -138, -150, 10, 236, 26, 52, -30, 36, -374, -212, 94, 108, 156, -22, 58, -152, -16, 146, 206, 28, -28, -8, 148, 40, 30, 122, -198, 4, 268, -128, 80, -88, 40, -32, 4, 356, 126, -94, -48, -100, 14, -10, -448, -8, 
-8, 254, 198, 18, -78, 166, -6, 46, 36, -18, -100, -98, -150, -130, -72, 102, -152, -62, 162, 18, 56, -28, 118, 86, 76, 50, -70, 348, -216, -204, 366, 196, -104, 50, 108, 34, -146, -90, -54, -22, -24, 448, 58, -82, -128, -38, -184, -76, -82, 72, -84, 76, 162, 32, 74, 4, -126, -32, -42, 236, 108, -182, -8, 20, -114, -26, 58, 74, -20, 166, -132, -78, 40, -144, 202, 34, 150, 30, 262, -60, 54, 158, 42, -156, -64, -56, -44, -134, -24, -100, 198, 112, -54, 172, 106, -90, 154, 208, -40, 68, -76, 58, 144, 24, -82, 130, 150, 40, 14, 90, 90, -114, -48, -100, -12, 154, 124, -20, 20, -92, -38, -216, 188, -92, -166, -302, -118, 40, 72, -204, 112, -24, -150, 92, 102, -176, 44, 128, -118, 134, 6, -18, 158, -24, -80, -150, 112, 126, 32, 72, -98, 50, -164, -206, -172, 186, 342, -82, 146, 96, -94, -84, -66, 168, 48, 130, -20, 138, -10, -72, -216, -22, 166, 8, -26, 144, -240, -30, 136, 256, -30, -158, 10, 80, 16, -158, 114, 0, 34, -124, -62, 112, -68, 38, 54, -72, 6, -228, -74, 168, 316, -30, -96, -144, 174, 206, -86, 34, -50, 250, -22, -86, 92, 120, 216, 208, 62, 182, -230, -80, 168, -62, -4, 438, 66, -192, 100, -118, -64, -62, -210, 2, -4, 106, -16, -34, 152, 270, -156, 102, -44, -260, -232, -120, -14, 124, -130, 166, 18, -68, 96, -20, 196, -76, -88, -212, 58, 78, 114, 80, 4, -74, -52, -74, 140, -82, 88, -96, 156, 66, -134, 32, 148, -26, 70, 224, 50, -318, -176, 62, -96, 88, 20, -48, 160, -70, -34, -112, 240, -4, 238, -134, -22, 38, -4, 100, 30, 168, -106, -52, -6, -22, 32, -122, 112, 28, 98, -176, 112, 6, -156, 34, 40, -30, 34, 144, -86, -92, 186, -6, 286, -46, -8, 16, 92, 50, 144, 156, 206, 264, 56, -80, -102, 114, -68, 54, -200, -6, -50, -174, -64, -174, 212, -56, 118, 16, 146, -126, 2, -20, 44, -26, 64, 42, -102, 26, 212, -160, -192, -112, 270, 76, -82, -38, -56, -18, 86, 158, 56, -194, 170, 130, -102, 52, 64, 34, 86, 116, 436, -92, 134, -20, 70, -202, -240, -4, -30, -52, 18, 110, -24, 18, 274, 34, -62, -6, -54, -16, -102, -82, 112, 100, -60, -72, -76, -70, -56, -14, -2, 98, 52, 58, 132, 254, 148, 92, 18, -92, 80, 178, -196, 50, -22, -178, 40, 160, 194, -2, 48, 86, 58, -222, 134, 28, 206, 116, 58, 138, 178, 98, 192, -144, 120, 2, 146, 48, 50, -88, 104, 4, 134, 2, 436, -168, 56, 32, 128, 174, 118, -182, 66, -182, -20, 130, 330, 208, -20, -56, -88, -54, -178, 78, -174, -60, 0, 56, -112, 136, -170, -26, -38, -170, 250, 28, 36, 42, -26, 92, -66, 284, 0, -154, -120, 30, 68, 66, 0, 106, 244, -68, 
-188, -166, -164, 148, 68, -216, 156, 54, 26, 70, 110, 196, 214, 86, -38, -32, 60, -182, -40, 84, -74, 88, 4, -36, -280, 32, 168, -216, 244, 78, -296, -44, 134, 4, 42, -52, 260, 70, 112, 100, 114, -108, 128, -40, 94, 126, 124, 190, 120, -76, 24, 62, -98, -244, -136, -8, 80, -106, 58, 104, -20, 262, -72, -60, -20, -34, 38, 12, 22, 92, 12, 16, 168, 240, 14, -18, -226, 26, -188, 170, 82, -98, 138, 276, 84, 84, -8, -74, -110, 180, -58, 46, 70, -176, -118, 6, -110, -50, 114, -92, -40, 30, -62, 104, -136, -130, -92, 106, -54, -32, -44, 140, -36, 80, 218, 4, -102, 68, 104, -4, 12, 156, -158, 92, 170, 178, -200, -172, 2, 274, -74, -60, -66, -98, 28, 66, -180, -178, 36, -26, -36, 116, -202, -118, 100, -8, 36, 42, 144, -26, 182, -8, 246, 172, 128, -162, -156, 94, -48, -34, 112, 222, 140, -6, 92, -152, 132, -126, 64, 116, 102, -130, -2, 146, 130, -80, 200, -26, -76, -50, 28, 148, -8, 34, 246, -40, -108, -110, -52, -26, 168, -8, 154, 66, -138, -98, 102, 258, 20, -150, -486, 0, -36, 86, -76, 194, -42, 60, -56, 12, 60, 190, 32, -58, -170, 0, 76, -160, 224, 30, -212, 112, -4, -294, 44, 172, -154, 134, 98, 68, 336, -94, 24, 66, -40, 58, -202, -82, 138, -226, 26, 246, 244, 98, -156, -62, 206, 26, 4, -24, -120, -82, -44, 118, 164, 172, 0, -178, -38, -98, -182, 18, 14, 236, -134, 90, 180, -38, -62, -66, 136, -12, -20, 46, 32, -4, 54, -16, 196, -84, 108, -22, -126, -40, -70, -104, -132, 0, -112, -22, -166, 20, -128, 28, -50, -10, -24, 22, 38, -112, -32, 84, 2, 262, -130, 30, 182, -16, -20, 252, 252, 50, -120, -10, 108, -28, -138, 172, 56, 96, -236, -18, -28, 52, 64, 90, 20, 32, -116, 10, -296, 120, 30, -98, 30, 196, 106, 68, 104, 44, -16, 268, -134, -10, -26, -68, -32, 66, -24, -74, 100, -72, -162, -132, 120, -32, -88, 142, 126, 216, -82, -56, 164, 114, 70, 68, 152, -162, -168, 206, -6, -6, 28, -116, 44, -36, 42, -88, -174, 250, -122, -120, 100, 316, 206, 78, 0, 22, -12, 54, 144, 12, 16, 66, 50, 36, 132, 200, 138, 126, -152, 46, 76, 134, 26, 154, 0, 44, -150, 52, 88, -20, -22, -132, -180, -114, -14, 158, 80, -184, 180, -44, 64, 148, -114, -226, 44, -120, 38, -108, 16, 184, -174, 18, -64, -128, 56, -274, -68, -64, 132, 34, -32, -68, -32, -172, 106, 38, 260, -30, -36, 40, -140, 0, -122, 164, -298, -136, -182, 194, -108, 172, 56, -100, -70, 42, 104, 104, 66, -54, 134, -48, 268, 32, 2, -80, 120, -28, -22, -58, 50, 72, -248, -40, -34, 158, 38, -44, 84, -102, 128, 264, 38, 144, -192, 54, -66, 110, -238, -102, 
132, 80, 250, -148, -96, 154, 46, -136, -38, -188, -2, -224, -120, -92, 94, -76, -68, 48, 220, 24, 224, 62, -2, 236, 394, -22, -212, 128, 154, 112, 316, 58, -2, 262, 146, 2, 16, -122, -24, -186, -164, 36, -46, -12, 48, -102, -142, -142, -176, 228, 50, 2, -2, 222, 132, 48, 36, 398, -18, 10, 74, -2, 90, 160, 24, 68, -38, 76, 30, -82, 90, 172, -244, -78, -54, -6, 264, -26, -42, -108, 254, -12, 18, -304, -52, -126, 86, -12, 58, -154, -36, 2, -196, -32, 136, 144, 148, -144, 54, 88, 200, 46, -46, -220, 196, 138, 138, -240, -146, -66, 22, 6, 132, 28, -134, -224, 54, -20, 26, -20, -138, -18, 224, 94, -74, -174, 120, 18, -84, -180, 194, 68, -6, 186, 44, -118, -4, 280, -14, 204, -48, -68, 200, 146, 46, -52, -6, -100, -90, 90, -98, 38, -186, -86, -78, 194, 208, -22, -78, 68, -34, -132, 126, 124, 252, 212, -142, 0, 72, 14, 98, 108, -20, -30, -112, 34, -68, 36, -108, 108, 68, -126, 72, -104, -40, 102, 36, 120, 14, 10, -158, 2, -24, -98, 116, 256, -102, -124, -290, 170, 16, 114, 36, -136, 210, -4, -50, 72, 44, 98, 10, -94, -32, 18, 48, -28, 100, 236, -162, 88, 166, -22, 70, 128, -8, 76, 128, -120, -146, 114, -220, 142, -112, 8, 176, -192, -20, 74, -22, 108, 28, -408, -166, -58, 16, -42, 164, 176, -56, -54, 94, 192, 68, -76, -10, 2, 82, 130, 170, 76, 20, -30, 116, -114, 198, -44, -48, -8, 66, 58, 16, 50, -16, -206, -68, -118, -48, -18, -40, -26, -182, 164, 292, 50, 16, 162, 80, 120, -2, 28, 18, 32, -14, 100, 82, -178, -70, 42, 184, 272, 304, 58, 36, -34, 16, 132, -146, 130, 78, -216, -298, -80, 276, -10, 98, -10, 114, -224, 20, 8, 166, -86, 102, -24, -256, -4, 36, -76, 32, 154, 408, 48, -2, 48, -16, 84, -192, -6, -12, 118, 168, -232, 10, -60, 110, 50, 26, -210, 168, 170, 16, 268, 78, 154, 2, -20, 68, -82, -44, -154, 142, 106, -152, -114, -14, 106, 20, -42, 14, -32, 152, -64, -110, 236, 78, 208, 140, -56, -58, -148, 20, 78, -66, -346, 90, 98, -86, 122, 218, -88, -176, -140, -20, 54, -140, 4, -86, -116, 70, 82, 328, -118, 100, -170, -38, -116, -50, 110, 80, 132, -2, 146, -26, 86, 188, -142, 62, -44, -32, 128, -2, 200, 62, -160, 136, 312, 8, 194, 138, 72, -92, -8, 162, 50, -54, -82, -48, 138, -4, 42, -50, -12, 68, 212, 128, 144, 38, -66, -90, -80, -34, -100, 234, -40, 62, -116, 124, 100, 20, -36, 152, 74, -154, -84, 136, 42, -94, -162, 76, -12, -22, 120, -272, -124, -112, 56, -192, 26, 42, -78, 70, 66, 104, 116, 8, -48, -6, -2, -68, 6, -74, -124, -40, -192, 74, 26, 128, -76, 94, 64, 
-2, 138, -192, 154, 182, 4, -78, 280, 200, 38, 38, 286, 222, 182, -48, -66, 10, -172, -230, 40, -44, -196, 90, -112, -118, 52, 218, 34, -36, -94, -62, 78, -100, -4, -198, -42, 294, -16, 58, 252, 96, 40, -12, 72, 10, 132, 344, -16, 232, -122, -148, 50, 40, -100, -72, -124, 218, -202, -90, 74, -208, -4, -128, -128, -174, 78, -56, 110, 74, -6, 22, -6, 212, 212, 30, -50, -196, 42, 106, 224, -74, -168, 22, 284, 232, 320, -18, 90, 20, 178, -60, 58, 112, 22, 10, -22, 44, -56, -34, 142, 136, 206, 30, 88, -114, -6, -140, 176, 230, 174, -172, 60, -112, 18, 260, 248, -36, -22, 32, 138, 118, -68, -58, 0, 104, 96, 74, 72, 166, 174, -148, -164, -74, -36, -14, 156, -84, -178, 0, -156, 58, -24, 32, -18, -54, -6, -70, 274, -86, 26, -32, 54, 168, -102, 42, -112, -114, -28, -30, 58, 90, 76, -72, -2, -132, -230, -18, -116, -96, 162, -12, -148, 96, 108, 74, -76, -40, -62, -98, -78, 230, -76, -6, 134, 70, -82, 58, 32, 56, 6, 172, 74, 82, 122, -116, -226, 262, -82, 266, -162, -202, 0, -60, -6, 132, -14, 118, 52, 0, -68, 12, 20, -94, -84, 22, -38, -66, 102, 252, 4, 10, 180, -76, -160, 166, 80, -44, -18, 122, -98, 102, 54, 96, -46, -82, -64, -50, -64, -52, -60, 166, 314, 164, -46, -208, -14, 42, -156, 128, -4, -160, -126, -72, 52, 50, 88, 26, -144, -72, -26, 152, 192, -100, 38, 54, 266, 34, 86, -104, 50, 20, 64, -8, 106, -36, 38, 84, 28, 112, 152, 208, 210, -62, -202, -140, -112, -160, -72, 108, -52, 292, 14, 206, -270, -58, 138, 82, -106, -22, -260, -156, 36, 14, -14, 40, -90, 36, -62, -44, 140, 142, 266, -44, -28, -38, 104, -50, 324, -6, -22, -58, 100, 50, 128, 144, 66, -68, 72, -78, -238, -170, -26, -34, 136, 102, -98, 70, 26, -44, -90, -210, 264, -164, -24, -24, 160, 94, 242, -282, 42, 60, -118, -108, -146, -10, -86, -24, 124, 158, 156, -254, -6, 10, -42, 172, -186, 92, 72, 184, 158, 80, 14, 104, 58, -28, -300, 32, -22, 230, 276, 62, -66, -52, 148, -96, -16, 62, -8, -192, 158, 138, 278, -78, 96, -122, 64, 124, 88, 116, 6, -140, -2, -36, 120, 136, 106, 52, 36, -128, -40, 82, -60, -106, -120, -92, -110, 16, -132, -16, -264, 248, -100, 90, 220, 14, -48, 222, -210, -96, -10, 16, 222, -308, 124, 74, 46, -36, 4, -18, 32, -92, 96, -72, -216, -224, -100, 250, 58, 150, 200, 80, 232, -84, 2, 60, 266, 54, 112, 52, -86, 38, -50, 98, 214, -118, 100, 128, 310, -6, 36, 168, -22, 170, 136, 58, 210, 170, 8, -4, -96, 28, -142, -62, -14, 130, 94, 114, 18, 14, 94, 76, 264, 50, 252, 58, -214, -144, 110, -114, 120, 
122, -92, 168, -76, 26, 98, 282, -382, -348, -14, -94, -350, -212, -182, -140, 178, 104, 278, 210, -52, 94, 236, 28, 184, 36, 134, -200, 132, 168, 226, 250, -172, 122, -60, 126, 140, -152, 64, 90, -172, -98, -112, -180, 44, -96, -24, -202, -34, -56, -90, 106, 188, 166, -90, 284, 162, -192, 118, 194, 18, 98, 54, 24, 92, 136, -126, -2, 46, 114, 56, 40, 286, -24, -172, 62, 288, 56, -62, -74, 32, 148, 72, 124, -18, -272, -176, 34, -24, 118, -100, 18, 98, -76, -156, -26, 154, -32, -74, 52, -126, -240, -152, 104, -42, 114, -88, 140, -126, -184, -220, 206, 20, 66, 184, -304, -196, 154, 70, 104, 70, 14, 32, 32, 42, -8, -168, -48, 26, 134, -252, 60, 194, 24, -6, 102, 42, 42, 194, 24, -10, -172, 94, 104, 42, 164, 178, -8, -314, 144, 38, -56, 92, -248, -38, 36, 202, 222, 34, -70, -32, -110, -10, 98, -14, -104, -28, 22, 40, 50, -118, -10, -14, 14, -8, 40, 100, 50, 6, 46, 108, -172, 128, -16, -26, 22, 46, 62, 36, 80, -112, 216, -2, -150, 74, 220, 256, -128, 54, -44, 114, 48, -106, 28, -86, -56, -68, -12, -40, -48, 14, -14, -134, 62, -82, 90, -2, 170, 2, -88, -14, -66, 2, -72, 96, -122, 72, 122, -44, -62, 44, 168, 16, -216, 140, 98, 66, 118, 270, 226, -74, -92, -326, -130, -46, 220, 4, -88, 118, -68, 22, 128, 166, -42, -78, 42, 24, -140, 88, 210, -36, -124, -146, 148, -40, 38, -160, 126, 0, 240, -76, -40, 82, 126, 6, -224, 96, 40, -106, -248, -58, -134, -54, -34, 174, 204, -84, 212, -54, 12, 194, -130, -14, -186, 62, -12, -22, 198, -10, 26, 198, 212, 4, 84, 22, 74, 72, -96, 304, 212, -36, 12, -300, 80, 38, 132, -100, 36, -132, -12, -38, -126, -72, 26, -88, -140, -68, -148, 116, 132, 28, 168, 292, 168, -220, 24, 320, 4, 0, -82, 144, 150, -30, -138, 6, 92, -76, -8, -156, 324, -188, -70, 166, 228, 330, 62, 44, 18, -82, -110, 24, -2, -144, 106, 42, -216, -58, -120, -28, -30, -94, -78, 36, 66, 210, -46, 264, 128, 86, -184, -192, 46, 154, 106, -18, 184, 162, -50, 42, 140, -214, -160, -6, 110, -20, -18, 46, 2, 2, -60, 28, 26, -78, -66, -96, -76, 52, -112, 6, 120, 186, 26, -56, 160, 58, 44, 46, 20, -50, 30, 118, -190, 354, -218, -16, -112, 102, -60, 148, 146, -34, -18, -156, 328, -184, 100, -28, 274, 86, -70, -160, 196, -118, 104, 116, -56, 164, -50, -82, 54, -92, -78, -202, 78, 22, 32, -168, -102, 6, 48, 118, 32, 160, -46, -148, 190, -108, -170, -120, 26, -8, 66, 16, -56, 100, -18, -66, -372, -132, 52, 206, 68, 232, 62, 38, 6, 40, -136, -128, 70, -88, -18, -2, 220, -118, -34, 30, 154, -62, 120, -130, 
-74, -132, -126, 34, 194, -148, -42, 198, 190, 40, 194, 264, 154, 158, 56, -10, -62, -24, -74, -64, 18, -218, 208, 16, 10, -180, 342, 0, -202, -320, -174, 162, 122, 180, -64, -40, 302, -126, -160, 340, 88, 64, 124, -72, -50, 166, 224, 12, 132, 246, 182, -56, -48, -46, -218, 172, 110, -146, 26, 128, -100, -158, 12, -82, 2, -20, 70, -2, -22, 34, -12, -216, 24, 124, 84, -178, 8, 70, 66, -180, -182, -28, -36, 22, 238, 248, -156, 232, -164, -12, -4, -140, 116, 8, -66, -38, 290, -4, -6, -46, 116, 94, -286, 116, -28, 66, -120, 222, 74, 206, -78, -24, -120, -174, 198, 234, -146, 94, -118, 18, 240, -158, -138, -20, 260, 190, -176, -16, -108, 172, 34, -298, -56, -132, 4, 30, 98, -94, -84, -126, 4, -90, 56, 58, 74, -180, 198, 132, -8, 76, -54, 18, 186, 262, 162, -38, -124, -176, 20, 216, 12, 30, -140, 18, -24, 62, -60, 0, -74, 268, -186, -58, -82, 72, 116, -40, -114, 26, -126, -180, 70, -144, -74, -54, -14, 34, 234, 24, 44, 48, -82, -146, 154, 66, -134, -214, 76, -46, -74, -18, 122, 78, -2, 150, 38, 326, 76, -106, 34, 138, 66, 148, 54, -14, 46, -174, -102, 204, -68, 42, -42, 58, -12, -222, 262, -122, -34, 58, -90, 12, -24, 46, 138, -188, 30, 162, -118, -350, -58, -62, -58, 266, 132, 60, -140, -60, 212, -22, 150, -22, -44, 28, -130, 44, 52, 24, 374, 128, -194, 112, 102, 220, -62, -48, 46, 266, -36, -136, 126, 24, 270, 160, -120, 56, 46, 0, 154, 316, 296, 132, 180, -188, -70, -56, -60, 14, -16, 134, 104, -112, -46, 104, -20, -26, 132, 122, -184, 178, 96, -84, -182, 58, 56, -60, 110, -82, 292, -94, 0, -52, 106, 26, -34, -162, 66, 200, 2, 234, 106, 190, -10, 4, 164, 48, 68, 220, 120, -36, 4, 56, -106, -278, -186, 274, -102, -326, -108, 56, -60, 58, -108, -36, 276, 272, 154, 32, 64, -32, -256, 274, 132, -166, -190, -166, 92, -76, -78, -66, 74, 4, 108, 64, -18, -28, 124, 100, 44, 48, -124, 144, 212, 86, -128, 34, 30, -152, 162, -8, 152, 242, 140, -20, -136, 22, -186, 94, -172, 12, -128, 48, 140, 34, -36, 18, 58, 6, -44, -120, -48, 152, 126, -58, -214, -76, 80, -68, 228, 120, -258, -108, -102, 152, -272, 34, 62, -38, 162, 62, 186, -72, 200, -186, 252, 52, 126, -206, 202, -238, -66, 124, -56, 148, -262, 182, -180, -62, -184, -12, 218, 224, -82, 186, -86, 46, 56, 36, -26, -10, 156, -28, -82, 76, 134, 172, 132, 120, 72, 158, 54, -88, 224, -50, -54, 224, -8, 142, 144, 24, -56, 140, 66, 200, 10, 104, 8, 86, 202, 214, 22, -228, 86, -96, 84, 12, 28, 124, 164, 158, 72, 298, 78, 132, -76, 86, -18, 16, -64, -112, -34, 206, 
-8, 2, 152, -122, -30, 60, 60, -150, -76, 216, 8, -194, -90, -20, -42, 172, 248, 84, 158, 178, -2, 192, -136, 170, -18, 114, -238, 80, 166, 238, 150, -230, 2, -188, 48, -54, -126, -24, 242, -158, -212, -132, -148, 190, 52, -70, -174, 188, 144, -218, -90, 30, 170, 10, 340, -114, 132, 128, 80, 36, -74, 130, 90, 20, -84, 50, -6, 44, 22, 16, -150, 108, 14, -128, 312, 218, 98, -106, 56, 202, 82, -72, 166, 32, -166, -368, 192, -62, 116, 120, 154, 8, -138, -64, 168, 12, -154, 68, 26, 0, 76, 40, 246, -82, 256, -162, 70, -16, -50, -38, 112, -42, 142, 238, 10, -132, 10, 82, 64, -6, -194, -36, -60, 210, 110, -92, 142, 78, 120, -232, 102, 186, 76, 76, -68, -6, -26, 252, 150, 190, 102, 192, 8, 82, -68, 220, -238, -92, 82, -122, -84, 80, -148, -248, -70, -26, 98, 56, 32, 72, 84, 82, -34, -98, 140, 0, 74, 36, -86, -78, 222, 8, 24, -44, -6, 158, 132, 118, 340, -16, -104, 196, 86, 42, -78, 90, -30, 120, 44, 10, 28, 80, 146, -68, 76, 194, -122, 242, -98, 72, -2, 112, 26, 98, -72, -170, 88, 56, 82, -88, -116, -70, -106, -92, -4, 76, 24, -186, 48, -80, -48, -42, 78, 146, 62, 186, 82, -10, 270, 126, 66, 98, -160, 108, -10, -168, 138, 364, 46, 136, 40, -156, -32, 112, 172, -10, -138, 8, -44, 2, 72, -2, 80, 116, -18, -224, -256, 82, 198, -120, -158, -66, 264, 106, 48, -200, -114, 346, 60, -138, -144, -154, 84, -62, 4, 146, 26, -148, -230, -18, -100, 82, -8, 292, 44, -136, 138, -144, -12, 112, 80, -16, 102, 24, -58, 44, 248, -64, 78, 150, 146, -58, 8, 194, -116, 80, -82, 170, -84, 112, -204, 164, -34, 112, 106, 20, 30, -186, -32, -312, -66, 278, 106, 2, -10, -302, -38, 54, -24, -92, 264, 202, 240, -88, 68, 336, -4, -44, 214, -54, 134, 128, -316, -154, 32, 94, 48, -90, 84, -230, -80, 40, 226, 56, -130, 34, 166, -92, 20, -76, 42, -146, 120, 102, -58, 90, 104, -260, 96, 80, -148, 68, 164, -104, -86, 282, -112, -60, 38, -76, -126, 94, 38, -118, 72, -46, -20, 28, -44, -120, 2, -116, 218, 136, -130, -122, 50, 194, 38, -204, -26, 196, 74, 166, -104, 198, -240, 16, 322, 120, 142, -34, 38, 126, 78, 122, -164, -258, -14, 62, 94, 240, -206, 44, -58, 102, -86, 126, 108, 72, -6, -248, 162, -2, 140, 52, 64, 30, -72, -222, -82, -118, -48, 66, -82, 104, -144, -32, 124, 134, 30, 42, -112, -132, 122, 12, 160, -230, 14, -214, -130, 194, -152, -186, -58, -46, -118, 88, 60, 42, 10, -48, -54, 52, 158, 58, -254, -60, 38, 212, -58, 248, -60, -146, -26, -32, -98, -198, 96, -188, -16, 16, 80, -170, 74, 44, -38, -94, -118, 122, 
140, -44, 72, 14, 132, -8, -184, 134, -64, -52, 230, 308, 2, 20, -38, -84, -116, -46, 8, -328, -164, -236, 54, 4, 44, -64, 238, -48, -206, -136, -162, 152, 34, 66, 18, 44, 208, 162, -40, 128, 110, 124, 64, -30, -46, -28, 112, -18, 42, 326, 250, 12, -44, 48, -136, -42, 0, -136, -54, 114, 102, -282, -254, 158, 198, 32, 150, 112, 98, 62, 230, 28, -18, 328, -188, -154, -32, 60, 94, -98, -32, 30, -212, -166, 174, 322, -298, 138, -110, -200, -62, 36, 48, 118, -138, 58, 8, 150, 134, 202, 68, 136, -28, -12, -40, 4, 160, 58, -36, -88, -38, -24, -208, -8, 108, 240, -104, -82, -20, -200, 162, 168, -130, -98, -116, 24, -104, 98, -204, 32, -124, -66, 48, -130, 386, 76, 8, -120, 80, -170, 112, -70, 118, 64, 28, -172, 146, 78, 310, 122, 2, 32, 62, 46, 44, -76, 22, 4, -50, 58, -62, -126, 72, 74, -42, 48, 46, 210, 2, -62, -120, -102, 34, 242, -12, -14, -86, -94, -228, 22, 166, -236, -18, 46, 134, -50, 34, -120, 224, -4, -72, 10, -52, 140, 78, -4, -8, -16, -30, -60, 82, 74, 10, 128, 104, 230, -196, -112, -60, -202, -34, 110, 102, 12, -94, -146, 114, 328, -22, -20, -98, 76, -40, 16, 40, 34, -16, -6, -74, -140, -34, -4, 172, -34, 14, 258, 94, -210, -38, -38, 78, 140, -14, -26, -180, 6, -66, 124, 92, 50, 36, 76, -46, 46, -34, 348, 282, 24, -64, 78, 66, 112, -74, -126, 366, 264, 184, -278, -36, 46, 4, 252, -48, 200, -44, 0, 88, 136, 140, 20, 46, 6, -48, 20, 4, 152, -122, 222, -38, -216, -92, -92, -38, 26, 156, -36, -62, -50, -28, -16, 14, 212, -172, 6, 100, -58, 252, -196, 302, -110, 162, 38, 0, -50, -80, 18, -162, 140, 44, 270, 146, -126, -204, 144, 54, 88, 16, -138, -48, 74, -56, -172, -78, -42, -112, -178, -20, -142, -250, 134, -160, -84, 160, 134, 50, 134, 88, 118, 38, 30, 190, 34, -38, -92, 104, 86, -206, 42, 4, 240, -52, -128, -130, -148, 78, 26, 16, 324, -16, 84, 32, 126, -184, 10, 68, -142, 158, 80, 48, 244, 120, -4, 72, 58, 56, 190, -70, -76, 124, 70, 46, 188, -136, -212, 30, 190, -164, -150, -50, 122, 32, -36, 56, -30, 196, -2, 126, 124, -20, -128, -106, 134, 120, -180, -56, -236, 36, 216, 8, 10, -8, -224, 92, -6, 4, -74, 168, -126, -28, 72, -48, 62, 28, -6, -34, 14, -160, -168, 118, 236, 116, 146, 108, 2, 60, 68, 28, 10, 26, -96, -14, -28, 122, 320, -54, 138, -112, 210, -36, 108, 150, -210, 296, 226, -48, 222, 60, -8, -62, -166, 98, 192, 78, 146, -130, 124, 240, -18, -74, -222, -112, -10, 62, 110, 124, 44, 64, 10, -36, 120, 96, 72, -28, 350, 34, 100, 4, 58, 226, -150, 
-134, 44, 58, 108, -224, 176, 116, -116, -102, 92, -88, -102, 266, 100, 142, 54, 154, 74, 222, 362, 90, 210, -160, 122, -48, 110, -168, -162, 24, 166, 66, -250, -102, 78, 94, 100, -126, -22, 190, -172, 82, -204, 32, -22, -14, 158, 52, 56, -64, -266, -122, 6, 130, -34, 174, -78, 280, 152, 116, -132, 142, 330, 280, -188, 132, -96, 2, 126, -190, 36, -132, -72, 158, -354, 96, 30, 200, -48, -142, 112, 132, -104, 198, 106, -20, -336, 370, -178, 110, 126, 88, -24, -182, -50, 144, -112, -64, 24, 50, 72, -14, -230, 32, 64, -52, -72, -112, -114, 202, 74, -42, 248, 226, 42, 0, 0, -6, 186, -58, 292, -28, -76, 88, 74, 12, 100, 230, 44, -6, 62, 78, 84, 118, 82, -306, -104, 118, -40, 42, 68, -102, 10, 72, -136, 4, 162, -252, -56, -246, 4, 108, 10, -132, 18, 180, 98, -128, 56, 170, 80, 80, 70, 26, -152, -10, -112, -32, -134, 40, 136, 84, 112, -4, -196, -42, -52, -70, 202, 42, 100, -12, 62, 148, 116, -202, 50, 4, 58, -32, -22, 66, 58, 32, -100, -140, -158, 34, 94, 76, 240, 96, 54, 34, -46, -222, -176, 90, 208, 30, 238, 6, -22, -80, -100, 10, 358, -36, -96, -52, 140, 182, 66, -62, -158, -254, 118, 250, 60, 70, 208, 32, -264, -276, 54, -62, -220, -134, 168, -6, 220, -2, 4, -114, 14, 486, 16, -14, -284, -206, 110, 4, 88, 66, 156, 156, -174, -122, -34, 180, 104, -36, 62, 36, 134, -370, -226, 2, 8, 88, 152, 46, -64, 80, -16, -56, 144, 134, -40, 8, -48, 16, -92, 114, 82, 50, -102, 40, 20, 186, 276, 102, 76, 212, 32, -218, 144, 266, 36, 102, 104, 154, -34, 170, 142, -104, -54, -136, 168, -354, -54, -38, -134, -8, 94, 72, -34, 162, 120, -54, -240, 116, 206, 102, -116, -92, 0, 30, 190, 224, 154, 184, 222, 2, 52, 352, 40, 82, 100, 166, 62, 360, 76, -106, -154, -14, -16, 22, -22, -84, -54, -80, -44, 98, 40, -326, -36, 294, -58, 74, -142, 16, -28, -4, 84, -112, -38, 70, -146, 196, 100, -70, 50, 362, 30, -64, 158, 36, -122, -72, -276, 30, 124, -20, -20, 6, -80, 128, -26, -224, -90, 10, -108, 132, 172, 26, 114, 92, 94, 230, -176, -80, -196, 88, 54, -138, -138, 98, -60, 24, -32, 56, -70, -32, 192, 100, 74, -72, -162, 116, 240, 262, 140, 94, 196, 14, 136, -186, 114, -46, -102, 174, -66, 8, 48, 196, 90, 18, 252, -136, -228, -106, -86, -104, 150, -168, -124, -20, 20, -156, 30, 214, -140, -62, -66, 114, 18, 74, -168, 62, 108, 98, 230, 22, -250, -44, -134, 108, 94, 186, 80, 170, -124, 102, -138, 68, 40, -200, 100, 84, 240, 138, -54, 112, 36, 20, -76, -102, 20, 338, -58, 38, -110, 12, -196, -36, 66, -126, 22, -12, 148, 
48, -66, 114, 0, 266, -22, 52, 124, 226, 62, 142, 136, 58, -116, 32, -176, 18, -104, -86, -70, -36, -74, -50, 82, 4, 8, 340, 64, 168, 102, -70, 262, 104, -58, -46, 4, 200, 40, -174, -22, 8, 80, -22, 146, -102, 20, -74, 136, 72, 148, 216, 108, -208, 198, 110, 102, -122, -44, -52, 196, -32, -426, 44, -54, 6, -96, 188, -20, 70, -52, 106, 104, -66, 146, 46, -30, 34, 38, 84, -100, -128, 216, -148, -100, -42, 38, -204, -30, -12, -6, -26, -104, 132, 80, 6, -18, -82, 68, 62, -102, 38, 132, 120, -202, 14, 148, 24, 78, -168, 32, 90, -150, -28, 62, -166, 164, 178, -112, 152, -218, 12, 38, 10, -56, 136, -54, -46, 146, -2, -78, 134, -178, 10, 10, 288, 94, 182, -118, -68, -168, -36, -70, 54, 152, 54, -20, 358, 142, 86, 120, -122, 102, 76, 46, 40, -128, 138, 210, -36, -4, 140, 170, -74, 224, 252, 62, 10, 176, -80, -120, -32, -18, -28, 200, 76, 84, 44, -52, 274, -102, 26, -34, -178, -228, 70, -60, -6, -28, 278, -150, 34, -42, 76, 136, 178, 44, 22, 8, 72, -236, -124, -2, -20, -286, 200, 248, -94, -222, 32, -54, -102, 218, 128, 52, -86, -146, 146, 186, 74, 4, -156, 74, 126, 144, 140, -44, -104, 36, -36, -190, 68, 118, 152, 14, 162, 70, 238, -268, 20, -52, 94, -134, 74, -108, -154, -134, 26, 460, 222, 24, 46, 28, 188, 18, -156, 164, 94, 34, -12, -94, 170, 294, -60, 60, 386, 76, -184, -80, -34, 20, -60, 224, -16, -170, -2, -70, -4, -12, 38, 192, 106, 130, -34, 62, 10, 94, -144, -18, -38, -200, 112, 28, -80, 42, 104, -34, -24, -102, -140, 78, -172, 230, -78, -58, 168, 58, 184, 102, 412, 42, 132, 106, 48, -54, 162, -36, -10, 0, 126, 60, 234, -66, -148, 98, -8, 48, -14, 86, -104, 18, -170, -178, 102, -70, -202, 94, -56, -106, -190, 46, -196, 12, 124, 112, 122, 58, -74, 82, 54, -142, 50, 154, -8, -38, 214, 200, -270, 154, -42, 90, -78, -52, 78, -94, 110, 60, 32, 146, -56, -166, 88, 150, -280, -10, -60, 40, -58, 94, 180, 134, -6, -168, 62, 52, 106, 18, 152, 160, 276, -110, 108, 48, -38, -50, 16, -120, -74, 18, 150, 48, -96, 208, 64, -86, 136, 246, -38, 66, 10, 156, 130, -36, -38, 8, -14, 182, 26, 40, -230, -88, -174, -100, -134, 2, 106, -38, 116, 40, 78, 122, -112, 152, 222, -124, 58, -94, 98, -168, 144, 194, -108, -84, 150, -104, 152, 186, 242, 34, 140, -40, -196, 24, -32, 182, 104, 114, -14, 142, -218, -156, 114, -26, -158, 22, 60, -20, 220, -96, -242, 226, -100, 148, -86, 160, 18, -2, 130, 2, -94, 84, -88, 80, 146, 138, 224, 56, 104, -30, -146, -90, -60, 90, 32, 32, 102, -230, 270, -102, 188, -68, 
-34, 54, -76, 76, -364, 152, 154, -146, -18, -60, -122, -212, -90, 62, 28, 176, 172, 58, 214, 136, 122, 70, 32, 146, -90, 32, -188, 90, -116, -74, 138, -28, -70, 32, 90, 94, 114, 16, -50, 128, 64, -24, 84, -186, 278, -152, 76, -122, -208, -48, -140, -4, 174, 58, -62, -52, 144, -62, 48, -186, -18, 290, -74, 28, 34, 60, -252, 88, -62, 98, 30, -90, 118, 34, 50, -122, -52, -82, 12, 66, 94, -314, 38, -10, 152, -152, 276, -122, -108, 32, -8, 28, -156, 16, 116, 26, -44, 168, -78, 150, -40, -142, 28, 150, 160, 34, 4, 60, 38, -60, -92, 32, -36, 20, 72, 48, -118, 302, -106, 260, -88, 48, 12, 48, 22, 4, 110, -112, -36, -112, -84, 290, 40, 44, 8, -18, -126, 132, -6, 126, 118, 32, -56, -68, 40, 88, -196, -148, 40, -96, 182, -68, -2, 60, 42, -14, -48, -66, 96, 188, -82, 62, 154, 116, -136, -116, 98, -88, 118, 88, -72, 94, -58, -138, -58, -192, -56, 290, -138, 28, 108, 104, 262, 252, -14, 62, -92, 160, -260, 184, 118, 102, -174, 28, -198, -126, 2, 94, 6, 158, 310, -74, 44, 94, 20, -362, 102, 32, 12, 62, 102, -172, -130, -90, 182, 34, 6, -156, 180, 194, 18, 68, 8, -36, -176, -68, -106, -200, -6, -60, -218, -26, -64, -86, -30, 118, -104, 432, 14, 32, -230, 228, -122, 92, 194, 150, -126, -376, -46, 94, -102, 36, 104, -134, -6, -168, 86, -36, -26, 36, 124, -352, 70, -46, -132, -12, 192, -68, -24, -78, 20, -70, 220, 114, -102, 62, -40, 42, 44, -116, -48, -68, 152, -252, 232, -66, 238, -50, 30, 80, 0, -86, 124, 56, 4, 114, 162, -46, 188, -172, 114, -298, 216, 166, -46, -24, 36, -152, -84, 198, -90, -52, 50, -42, -6, -80, -8, -8, -92, 10, -116, 120, 188, -28, 72, -68, 102, -68, 194, -122, 98, 44, 178, 220, 130, 16, 122, 162, 212, -90, -8, -96, 24, 14, 6, -106, 98, -58, 70, 300, 56, 98, 26, 46, -44, -186, 234, -52, 148, -40, 108, 106, 70, 76, 54, -18, 14, -12, -86, -110, 46, -296, 144, -86, 56, 132, 148, 82, -238, 86, 42, 106, -52, -36, 16, 192, -40, -28, -196, 174, -214, 4, 174, 106, 128, 190, 10, -78, -52, -146, 164, -104, 66, 130, -50, 128, -8, 92, 114, 66, -136, 32, 160, -78, 0, 138, -60, 72, 40, 164, 262, 186, 122, -4, -146, 232, -194, -16, 46, 22, -96, -110, 188, 132, -228, 46, 68, 270, 134, -212, 56, 108, -126, 60, -16, -198, -48, 6, -44, 106, -140, -80, -16, 58, 42, -100, 22, -156, 128, 122, 4, 154, 22, 182, -8, 4, -64, 196, 250, -268, 140, 94, 86, -170, 64, 76, -180, -202, 118, 164, 144, -156, 8, -14, -10, 116, -144, 44, -24, -34, 112, -150, -88, 46, -100, -16, -342, 82, 58, 200, 
80, 6, -66, -50, 360, 148, -130, -48, 120, 252, 76, 8, 22, 36, 4, -34, -32, 44, -58, -146, -36, -102, -12, 16, 168, -38, 130, -130, -24, 52, 90, 172, 32, 174, -42, -202, -136, -14, 252, -188, -272, -144, -66, 256, -344, 120, -74, 172, 52, 140, 106, 126, 6, -34, 72, -112, -290, -32, -10, 14, 58, -124, 28, -158, 128, 8, 254, 56, 116, 18, 56, -30, 28, 16, 98, 258, 12, 0, 140, 80, -26, 400, 68, -2, -200, 158, -110, 32, 178, 136, -46, -28, 188, -146, -92, 190, 16, 72, 178, -6, -2, -32, -50, -150, -130, -92, 34, -152, -10, 124, 86, 10, -28, -102, -254, -78, 184, -222, 140, -116, 194, -24, 96, -212, -86, -16, -90, 18, 12, 166, -8, -328, -78, -42, -110, 18, 370, 78, -14, 176, -32, 88, 140, 38, 44, -78, 24, 262, 10, 0, -142, 16, 52, -32, -68, -142, -20, -36, 80, -36, 62, -142, 74, -76, 112, 222, -16, -110, -14, -50, 92, -84, 196, 60, 126, 190, 54, -160, 150, 86, -348, -94, -134, -268, 160, -180, 34, 74, 14, -112, -144, -84, 82, -56, -36, 40, 8, -94, 46, -152, -196, -4, -32, -180, -62, 422, -32, 6, 128, -62, -92, 148, 194, 82, -114, -78, -24, -30, -174, -94, 58, -32, -30, 98, 264, 74, 70, 112, -20, 46, 334, 2, 50, 128, 56, -96, 22, -178, -10, -150, 24, -86, 4, -244, -130, 54, 224, 338, 66, -92, -46, -36, -72, -28, 28, 200, 6, 106, 170, -128, -10, 206, 56, -30, 166, 140, -130, 96, 24, 132, 38, 166, 128, -4, 226, 190, 126, 144, -22, 74, 52, -8, -196, 68, -170, 100, -250, 140, 188, -152, -40, 176, -154, -74, 66, -114, -194, -20, -108, 22, -130, 212, -116, 158, 218, -70, 314, 168, 110, 32, 72, 204, -114, -70, 134, 204, 40, 100, 60, 100, 140, -126, -142, 134, 132, -128, -4, 104, -46, 52, -162, -4, -248, -174, 26, -158, 48, -26, -414, -18, 110, 204, -148, 114, -6, 128, -210, -32, 72, -90, 54, -228, -126, 44, -76, 204, -98, 122, 86, -152, 112, 26, 208, 38, 174, 62, 10, 42, 170, 46, 218, 4, -122, 42, -8, 16, -124, -180, 172, 70, 48, -6, 88, -56, -80, 108, -20, -10, 302, -140, 128, 46, -234, -118, 42, -10, 24, 54, 100, 82, -160, 226, 16, 14, 220, -10, 96, 8, 56, -82, -36, -110, -196, 242, 188, 58, 182, 118, -76, -180, -166, -56, -170, 186, 28, -46, 20, 64, -58, 184, -82, -156, -256, -52, 300, -188, -102, -164, 82, 214, -166, -206, 130, -146, 92, 132, 210, 92, 40, -108, 14, 88, 62, -90, 92, 322, -124, 202, -68, -144, 120, 106, -58, 24, 182, 264, 54, -138, -14, 358, -22, -12, 54, 78, -222, 34, 156, 198, -10, -114, -160, 24, -72, 66, -18, -64, 178, 166, 242, -136, 176, 144, 196, -94, 260, -40, -44, -204, -80, 2, 
118, 80, 154, 222, -254, -20, 402, -56, 68, -174, -14, -30, 104, 14, 166, -62, 142, 58, 184, 90, 0, 78, 48, 162, 58, 128, -306, 310, -122, 170, -140, 42, 0, 34, 26, 112, 190, 88, -58, -8, 148, 62, 10, -180, 212, -52, 24, -60, 0, -54, -264, -286, -194, 48, -172, 30, 232, -122, 122, 102, 42, 300, 36, 92, -44, 96, -250, 52, 16, -128, -98, 48, 60, -104, 196, 18, -20, 124, -54, -122, 170, -92, -54, 16, 222, 42, 208, -54, -54, -72, 12, 72, -14, 182, 128, -78, -120, 12, -148, 90, 76, 4, -30, 230, 258, -60, -166, -8, 134, 86, 16, 64, 118, 0, 172, 10, -220, 90, -48, 78, -34, -38, -36, 230, 386, 24, 38, -46, -34, -46, 20, 66, 154, 98, 178, -16, -144, 20, 4, -14, -56, -104, -70, 178, -30, 130, 118, -196, -34, 136, 4, -82, -42, -50, 270, -66, 118, 4, 66, -60, 60, 166, -68, 100, -152, 22, -76, 102, -2, 144, -100, 112, -98, -4, -114, -22, 98, -94, 12, -60, 146, 30, 10, 302, -146, 114, -116, -70, 8, 70, 110, -28, -28, 164, -2, 52, -16, -2, 26, 260, 200, -152, -108, 50, 128, -288, 104, -16, -8, -66, 94, -186, -28, 60, 60, 52, 18, -130, 102, 146, -74, 148, 102, -24, -136, 78, -90, -126, -60, 70, -330, 150, -38, -18, -82, 18, -38, 146, 28, 70, 218, 62, -20, 292, -10, -64, 0, -220, -174, 64, 248, 20, 172, 64, 70, -76, 6, -66, -216, 194, -10, -242, -30, 122, -142, -232, 46, -68, 142, -88, -150, -46, -96, 42, -114, -184, -6, -140, 86, 198, 38, 112, 160, -36, 166, -66, 210, -78, -30, 170, 184, -150, 278, 118, -42, 162, 236, -30, -48, -90, 214, -184, 60, 84, 46, 134, -60, 42, 30, -42, 4, -4, 106, 124, 152, -52, 200, 18, 32, -56, -174, 278, 2, 28, -132, 146, -70, -158, 224, 12, 52, 106, 318, 12, 14, 114, -182, 156, 176, 220, -18, -84, 72, -202, -110, -66, 154, 18, -88, 122, 26, 326, 308, 208, 4, -224, 84, -110, -64, 126, -56, 52, -270, -74, -46, -104, 86, 146, -110, 16, -68, -28, 72, 66, 22, 20, -80, 150, -34, 104, 128, -72, -308, 66, 294, -98, 98, 204, -238, 90, -100, -158, 292, 98, -32, -104, 178, -52, -142, -242, 72, -144, 50, -6, -114, 26, 24, 48, 120, 226, -74, 168, 144, -304, -30, 132, 56, -16, 84, -12, 144, 60, 240, -278, 178, 82, 74, -66, -14, -126, 100, 144, 212, 50, -174, 196, 2, 36, 72, -190, 50, 184, 72, 20, -90, -122, -114, 36, 30, -48, -214, -74, -56, 150, 180, -54, 0, -252, 100, 16, -68, -6, 70, 46, -76, -186, 98, 84, 120, -190, 200, -28, 36, -60, 144, 168, -70, -278, 142, 160, -84, -44, 30, 80, -6, -46, 52, -54, -130, 194, -156, -182, -148, 148, -42, -58, -28, 196, 110, -126, 
126, 16, -54, -52, 300, 16, -202, 28, -118, 92, 2, 4, -216, -4, -106, -66, 116, 46, 0, 46, 52, 70, 48, -154, 144, -88, 132, -172, 192, -158, 190, 48, -96, 112, -32, 6, -10, -122, 42, -10, -8, 134, 134, 140, -152, -90, 72, 44, 52, 100, 284, 96, 124, 216, 282, 122, 8, 26, 34, -38, 160, 62, 106, 46, 242, 110, 138, 42, 66, 184, 52, 14, -192, -16, -86, 16, 94, 50, 20, 2, -186, 202, 16, -6, -80, 22, -318, 70, 12, 74, -18, 144, 124, -284, 44, -38, 70, 152, 68, -20, -88, -44, -28, 10, -208, -72, 66, -112, -52, 130, 92, 0, -60, 116, -112, 100, 152, 54, 82, -26, -40, 4, -126, -84, -176, 182, -108, 110, 84, -8, 54, 36, -44, 86, -234, 152, 84, 138, 188, 98, -18, 66, 158, -86, -54, -44, -110, 70, 130, 52, 116, 28, -14, 230, -322, 174, -174, -6, 56, 128, 120, 120, -18, 94, 178, 24, 196, -16, -20, 62, 8, -96, 24, -8, 76, 44, -16, 66, 64, 56, -112, 8, 26, -112, 150, -70, 100, 18, 16, 66, -242, 192, 98, -228, 142, 120, -140, 212, -102, -114, -86, 236, 28, 32, 12, 180, -60, 120, 36, 174, -10, -58, -22, -114, -94, -154, -134, 230, -100, -82, 90, -32, -118, 112, 70, 114, -40, 82, 112, 58, 272, -320, 134, 58, -12, 150, 64, -96, 186, 68, -80, -2, 118, -92, -4, 34, 200, 106, 388, 240, -80, -84, -122, -14, -40, -38, -140, -6, 312, 110, -24, 298, 152, -46, 220, 198, -96, 40, -98, -46, 158, 64, 218, 76, 122, 142, 48, 54, 34, 66, 22, -94, -116, 144, -4, 116, -86, 252, 228, -34, -290, -166, 128, -98, 4, -42, -154, 204, -84, 46, -68, 114, 48, 158, -32, -84, -60, 220, 158, 58, -124, -20, -26, 22, -68, -44, -308, 44, -30, -52, -36, -48, 8, 34, -18, -112, 122, 150, 58, 100, -16, 100, -304, 10, 60, 138, 198, -88, -38, -14, -20, 114, -52, 242, 156, 122, 22, -4, 44, -2, 56, -292, -262, 128, -134, 16, -72, 80, 226, 12, 8, -42, 416, 90, 98, 166, -88, -202, 102, -108, -66, -68, -44, 94, -34, -42, 28, -208, 12, -138, -184, 176, 222, -102, -202, 56, -42, 12, 182, -212, -30, 352, -70, 68, 102, 158, 46, 46, -66, 24, -52, 170, -32, 140, 4, -56, 102, -162, 44, -88, 88, -80, -256, 56, 30, 40, -70, -18, 202, 42, -128, -142, -78, 46, -100, -96, 158, 136, -94, -6, -176, 44, -116, 162, 354, 46, 36, 142, 80, 134, 150, 194, 48, 34, 18, -46, 326, -104, -28, -124, 228, 84, 56, -126, 48, 238, -102, 280, -94, 254, 128, -10, 118, 28, -40, 2, -76, -34, -84, 206, -36, 166, -72, 6, -70, -122, 252, 218, -32, -198, 76, 20, -170, -206, -4, 50, -46, 122, 276, 6, 12, 22, 132, -24, 200, 88, 182, 56, 52, 2, 
68, 120, 66, -72, -298, 68, 120, -46, 44, -166, 54, 200, 52, 68, 224, -82, -132, -144, -4, -32, -66, 84, -126, 180, 2, 144, 52, 88, -96, 264, -32, 98, -14, -18, 56, -98, 22, 186, 12, 142, -238, -86, -26, 76, 258, 20, 14, 58, -18, -126, -232, 156, -136, -296, -220, 64, 108, -124, -56, -58, 18, 22, -86, -2, -26, -298, -122, 76, -62, -36, 30, 12, 46, 74, -54, -8, -222, -100, 96, -16, 108, -78, -204, 44, 28, 182, 14, -172, 8, -56, -10, 256, -36, 66, -100, 74, -88, -140, -12, -124, 112, -108, 128, -30, 82, 20, -70, 84, -92, 72, -14, 102, -46, -258, 342, -96, 0, 68, 38, 108, -96, 42, 172, 136, 320, 68, 184, -108, 60, 204, -206, 136, 178, -70, 324, 4, -144, -196, -184, -24, -64, -16, -20, 100, -102, 128, 162, -150, -272, 54, -240, 92, 134, -46, 240, 58, 86, -26, -32, -166, 176, 208, 36, -2, 114, -224, -70, 106, -26, -118, 126, 34, 110, 58, -132, 84, 0, -98, -140, -68, 44, 114, -24, 130, -66, 190, -94, 40, 4, -100, 84, -116, 60, 256, -110, -98, 2, -84, 190, -2, 86, -72, -94, 230, -80, -154, 14, -114, -22, -208, 176, 126, 20, 176, 128, 168, 210, -12, 248, 106, 2, 102, -62, 156, -86, 22, 250, 104, 52, 6, -104, 270, -56, -166, 70, -70, -182, -36, 38, -18, 80, 12, -12, 54, -16, -66, 60, 24, -208, -66, 298, 316, 200, 50, -154, -194, -36, -144, -116, -154, -50, -58, -84, 14, 26, 50, 126, 62, 0, -16, -36, 82, -226, -26, -18, 60, -70, -90, -4, 66, 34, -18, 230, -208, 162, -82, -112, -160, -112, 66, 248, 92, -102, 64, 144, 126, -148, -70, -12, 48, 38, 2, 148, -232, 22, 198, 44, -130, -16, -64, -16, -86, 138, -102, 4, 14, 388, -92, 96, -46, -128, 82, 0, -46, -2, -82, -252, -286, -136, 30, 48, 54, 154, 4, -150, -78, -94, 4, 100, 176, -116, 66, -56, -174, 2, 70, -168, -70, 16, 8, 58, 264, 306, -22, 92, 26, 68, -34, -68, -6, 164, 244, -228, -8, -8, -62, 18, 322, 112, 88, 86, -70, 108, -10, -274, 198, -68, 116, 62, 106, 74, -48, -68, 288, 138, -20, 178, -124, -4, -92, 138, -128, 10, -14, 4, -6, -188, -60, -56, 178, 40, -122, 118, 176, -166, 36, -134, -80, -36, -98, -58, 136, 214, -32, -110, 128, 114, -20, -106, -122, 86, 248, 10, -62, -154, 78, -30, -76, 110, -26, 144, 50, 144, -38, 74, -116, 26, 42, -40, -74, 12, -110, 2, 28, 10, -12, -126, 56, 130, 152, 84, -92, -62, 62, -236, -208, 264, -116, -34, -188, -258, 26, 90, -76, 284, -76, -30, 58, 82, -112, 182, 32, -136, 158, -86, 110, -130, -306, -10, 66, -162, 210, 82, 240, -44, 98, 10, 0, -284, 114, 50, 48, -52, 44, 20, 232, -62, -122, 124, 14, 
-88, 52, -112, 106, 254, -20, -130, 100, -108, 132, -100, -24, 96, -14, -162, -188, 286, 228, 66, 98, -26, -94, 142, -176, 64, -200, -74, -50, 48, -264, -6, -92, -82, 22, 22, 86, 146, -14, -2, -84, 168, 72, 50, -16, -122, -18, 68, -82, -106, 22, 170, -182, 260, 214, 148, -32, 82, -54, 24, 250, 82, 108, 66, -100, 118, 72, 40, -42, -114, 144, 170, -132, 118, -88, 54, 66, 166, 8, 62, 18, 208, 296, 36, -28, 102, -164, -12, 280, -84, 22, 184, -206, -80, -116, -14, -72, 42, 76, -106, 142, -18, -128, -82, 182, 42, -6, 96, 98, -2, 54, 122, -50, 78, 258, -308, 104, -106, -140, -124, -94, -60, -30, -94, -22, -172, -156, -126, -164, -100, -152, -152, 74, 30, 4, 8, 56, 62, 206, 94, -182, 66, 144, -40, -126, 164, -66, -142, 124, 274, 18, 92, -50, 56, 208, -70, 132, -68, -90, -12, 52, 76, -98, 204, -88, -150, 346, -16, -68, -62, 0, -160, 42, -132, 66, 10, 8, 106, -60, 108, 82, 228, 64, 46, -134, 22, -232, 114, -12, 200, 60, 38, 136, -144, -324, 134, 252, -102, 106, -134, 28, -58, 184, 322, -278, 124, 328, -18, 76, 98, 352, -142, 62, -72, -36, 90, 16, -96, 30, -98, -38, 240, -12, 48, -172, -4, 262, -88, -10, 164, 90, 124, -164, 354, 156, -58, 70, -32, -42, 98, -26, -28, 34, 14, 16, -116, 258, -16, 298, 110, 198, -402, -282, 84, 70, -54, 286, 98, 246, 44, 288, 190, 94, 136, -148, 236, -90, 70, -8, -32, 138, 16, -34, 160, 116, 36, 140, 138, 244, -12, -34, -86, 150, -50, 150, -166, 108, 78, 158, -46, -232, -112, -76, -44, 36, -94, -54, 46, 180, -110, -10, 32, 128, -14, 246, 12, -184, -14, -4, -10, 136, -44, 68, 124, -52, 58, -152, -88, 160, 54, -22, 90, -18, -124, 78, 190, -176, 208, 150, 88, 188, 198, 48, 20, 156, -24, 84, 142, 74, -104, 52, 144, -12, -50, 90, 54, 28, 58, -48, -114, 32, 112, 50, -200, 278, 114, 138, -26, 162, 126, 40, -136, -232, 66, -34, 58, 48, -140, -278, -120, -122, 184, 90, 42, 50, 172, 46, 242, -84, -106, 4, -130, -64, 100, -362, 40, -14, -66, 326, -96, 204, -34, 78, 16, 180, 194, 22, 188, 156, 140, -250, -292, 60, -144, -42, 204, 102, -22, 212, -168, -122, -16, 98, -122, -82, -98, -114, -136, -82, 50, 60, -14, -82, -14, -34, 94, -34, 28, 8, -70, -6, -4, -54, -102, -68, -2, -44, -62, -90, 28, 176, 24, 212, 30, 62, 166, 20, 134, 52, -54, -70, -10, 56, -52, -102, 262, 130, -224, 64, 62, -68, 112, 94, -24, -6, -170, 164, 94, 198, 70, 60, -102, 52, 196, -116, -108, 50, 106, 200, -44, -76, 62, -44, 22, -242, -48, -116, 90, 24, 184, 32, 62, -154, -102, -136, -122, -10, 128, 28, 26, 106, 
-110, -24, 62, -128, -156, 110, 54, 58, -26, -76, 160, -124, -34, 122, 116, 84, 68, -26, -110, 98, -14, -28, -116, 64, -34, 84, 84, 102, 22, 124, -94, 144, 72, -18, 114, -2, -156, 110, -14, -60, -106, 78, -146, 146, 154, -58, -38, 254, -24, -168, -48, 70, -16, 10, 6, 10, 112, 216, 30, -286, -70, 12, -138, 154, 58, 28, -230, -16, 108, -116, -48, 216, 2, 62, 56, -126, 0, -6, 16, -60, -82, -156, 48, 72, -74, 112, 104, -92, 136, 56, -142, 316, 82, 150, 172, 32, 24, -196, 160, -4, 158, 224, 104, -196, -4, 24, -268, 26, -14, -54, -160, 48, 166, -300, 190, -2, 72, 18, 136, 146, 56, -58, 176, 74, 126, 102, 196, 72, 114, 210, 108, 186, 66, 82, 100, 44, -72, -168, -52, 216, -64, -76, -74, 104, -64, 88, 200, -228, -132, 104, -96, 98, -18, -122, 82, 86, 142, 92, -50, 28, 66, 66, -158, 12, 42, -68, 34, 8, 60, 84, 290, -36, 192, -60, 90, 40, 40, 162, -94, 0, -134, 4, -6, 104, 84, 252, 140, 54, -64, -132, 38, -70, 148, 262, -102, -208, 180, 72, -62, 78, 96, -62, -144, 14, -112, -266, 4, -28, -60, -174, 312, -18, 154, -20, 116, -142, 62, 40, 300, 148, -74, -22, 110, 92, 98, -154, 36, 190, -72, 48, -6, 168, -160, -82, 166, -24, -32, 84, 36, 52, 140, 134, -6, 210, 136, -118, 14, -72, 42, -130, 256, 94, -128, 6, -40, -140, -94, -14, 22, -134, -22, 4, 66, 232, -130, 84, 88, -10, -44, -42, 72, 110, -166, -196, 38, -44, 96, -172, 108, 18, 70, -238, -92, -150, 210, -46, -62, -48, 34, 240, 170, 324, 26, -8, 44, -6, -80, -214, -112, 150, 102, -194, 118, -146, -20, 78, 42, -160, -158, 54, 114, 70, -38, 96, 164, 98, -118, -126, -172, 92, -178, -16, 356, 20, 46, 66, -210, -106, -54, 0, -82, 60, 98, 48, 8, -66, -88, 114, 102, -18, -24, 60, 24, -40, 10, 78, -36, 130, 108, -24, -176, -86, 106, -338, -128, 100, 178, -172, -20, 14, 202, 106, -72, 180, -100, -48, 20, 162, 302, 48, 138, 12, -74, 62, 96, -106, -156, 52, 34, 86, 194, 66, -76, 418, 180, -32, 234, -126, 72, -120, 22, 130, -124, -130, -36, 54, -246, -102, -178, 316, 44, -148, 256, 246, 10, -72, 26, -248, -94, 160, -32, -40, 76, 126, 282, 46, 82, 64, 76, -26, 54, 140, 74, 152, -86, 210, 90, -64, 56, -20, -4, 10, 162, 70, 162, 32, 152, 38, 62, -124, 48, -14, -150, -148, 44, -78, -160, -24, 52, 50, -36, 190, -84, -102, -72, -160, 284, -32, -60, 198, -180, -122, 154, 80, 54, -164, -18, -38, -142, -122, 66, -26, -130, 100, 38, -38, -54, -204, 38, 26, -14, -46, -78, 68, 2, -4, 92, 42, -12, -102, -140, 126, 136, 226, 180, 104, -58, -94, 38, -98, 
20, -126, 270, 110, 66, -158, 44, 158, 26, 90, -86, 262, -72, -6, -72, 182, 190, 70, 80, -98, -146, 50, 110, 108, 54, -46, -16, 48, 18, -40, 198, 26, 154, 42, -268, 30, 166, 2, 178, 134, 326, 8, 88, 22, 72, 102, -26, -8, -2, 8, -130, -110, 8, 24, -36, -20, 72, -92, 218, 166, 164, 12, 210, -32, 12, 106, 84, -72, 60, 92, -16, -116, 174, -24, -126, -12, 164, 212, 18, 48, -66, 162, -24, 36, 204, 142, -114, -78, 18, 38, -184, -138, -64, -140, -162, -12, 74, 90, 50, -98, -92, -20, 30, 124, 160, 28, 118, -76, 50, 112, 264, -36, -18, 80, 24, 138, -6, 32, -36, -382, 14, 92, -154, 4, -138, -28, -316, -218, -114, -130, -136, -10, 142, -2, 66, 4, 138, 228, 124, 290, 80, 70, 52, -138, 130, 80, -138, -70, 42, -10, -168, 94, 310, 40, 4, 68, -2, -242, 22, -112, 64, -158, 110, -110, -46, -26, -102, -190, -46, 92, -134, -64, -56, 10, -100, -24, 48, -72, 72, 86, 182, -30, 70, -102, -62, 8, -38, -40, 168, 174, -66, 96, 64, -116, 178, 122, 4, 26, 0, -24, 10, -42, 72, 12, 110, 172, 170, -40, -168, 198, -266, -66, 60, -10, -74, -114, 68, 100, -150, -168, -120, 84, -82, -82, -244, 28, 342, -124, 116, 8, 2, -48, 112, 48, 68, 54, -20, 32, 30, 16, -8, -104, -44, -70, -132, 108, 58, 190, -80, -14, -18, -192, 176, -10, -74, 98, 136, 150, 162, 130, -164, -68, -54, -146, 122, -20, -72, -24, 12, 122, -74, -66, -44, 4, 82, 126, -52, 176, 58, -28, -202, 364, 174, 210, 2, 0, -156, -6, -104, -124, -56, -182, 14, -16, 26, 2, 174, 142, -86, -104, 8, 380, -264, 214, 50, 2, -38, 114, 0, 228, -84, 34, 226, 96, -22, -78, 194, 100, 78, 104, 240, 72, -326, 22, -26, 20, -72, 166, 140, -168, 132, -140, 28, -142, -78, 128, 144, -44, -66, -16, -52, 10, 208, 12, 90, -190, 94, 0, -16, -88, 218, 236, 30, 260, 46, -58, -14, 86, -62, 82, -66, -90, -80, -52, 196, 28, 194, -106, -242, 164, -60, 24, 108, 130, -46, 64, 150, 6, -74, -122, -4, 100, 98, -122, -262, 102, -158, 80, 162, 64, 48, -34, 128, 148, -128, -40, 158, 50, -50, -342, 84, 350, -10, -32, -12, 118, 14, 204, 140, -250, -26, 132, -110, 14, -290, 100, -2, 12, -14, 92, 30, -124, 10, -122, 48, -114, -44, 154, 4, -168, 120, 72, -84, 6, -68, -102, 10, 38, -10, 184, -88, -28, 22, 12, 0, 172, 262, 196, 38, 32, 268, -34, -84, 94, 106, 212, 38, -54, 38, -78, 118, 32, -54, -166, 8, -54, -88, 120, 186, -90, -68, 134, -90, -104, 62, -58, 122, 96, -8, -38, -112, 134, -56, 24, 152, -382, -40, -148, -14, 114, 260, 146, -66, -158, -278, -88, -154, 198, -132, 88, 
-106, -114, -252, -192, 62, 194, -208, -44, 72, 40, 90, -210, 44, 160, 34, -164, -122, 112, 90, -42, 102, 106, -24, -104, 20, -184, 190, 18, 54, 98, 16, 184, -24, -8, 154, -2, 14, 10, -16, -144, -202, -8, 132, -118, -48, -56, 80, 58, -26, 54, 244, -36, 58, 120, -66, 110, -142, 172, -72, -82, -32, -18, -64, 72, -74, -8, -24, 50, -90, -76, -130, -8, -352, -52, 296, -136, -12, 126, -66, 38, 102, -18, 280, 110, -80, 68, 118, 78, 16, 252, 282, -24, 252, 244, 246, 24, 116, -66, 20, 44, 2, -54, 138, 22, -142, 100, -24, 64, -116, 28, -210, 88, 100, -300, 18, 50, 106, -4, -58, 208, -52, 154, 168, -2, 128, 62, 184, 80, 296, 68, 54, -114, -46, 130, 60, 56, 36, 42, -8, -276, 10, 84, -148, 46, -56, -168, 192, 18, -74, -48, 118, -88, -222, -24, 24, 44, 78, 128, 4, 242, -62, 216, -120, 4, 338, 54, -120, 170, -74, -150, 74, 48, 30, -16, 302, -18, 190, 90, 126, -28, -70, 154, -130, 98, -84, 140, -104, 0, 46, -112, 26, 78, 216, 144, -62, 174, -104, -40, 64, -70, -2, -32, -56, 30, -122, -224, -176, 88, 224, -156, 124, 90, -112, -16, -56, 26, 114, -58, 238, 64, 16, -60, 94, 114, 444, 16, -218, 330, -46, 144, 136, 100, 24, -166, -44, -84, 106, 64, 92, 78, 178, 142, 82, -150, 150, 90, -22, 10, 12, -2, -82, 160, -164, 86, 128, -124, 98, -138, 10, -8, 218, 110, -12, 132, -38, 200, 72, -124, 102, -60, 40, 30, -28, -336, -38, -160, 52, 66, -146, 56, -2, -192, -160, -142, 82, 80, 134, -34, -6, 188, -54, 234, 36, 122, -42, -140, -132, 56, 94, 16, 120, -332, 128, -48, 144, -54, 16, -92, -186, 156, -74, -64, -178, 42, 126, 78, -158, -124, 106, -56, -186, -104, 286, 20, 102, -22, 0, -26, -20, 72, 10, 220, -104, 124, 46, -20, 24, -30, 114, -122, 10, 92, 28, 36, -100, 222, -52, 90, -58, 166, -222, -148, -58, -208, -126, 132, 130, -78, 16, 26, 98, 150, 204, 146, -142, 112, -174, -8, 290, -304, 112, 72, -18, 200, -54, -2, -264, -16, -74, -78, 86, -164, -34, 180, 92, 28, 42, 238, -140, 214, -20, 130, 78, -6, 70, 152, -52, -54, 26, 306, -98, -120, 86, 106, 62, 34, -24, -194, 42, 176, 208, -120, 222, 136, 182, 46, -42, 132, 278, -174, 14, 244, 26, 350, 22, 190, -46, -88, -24, 326, -338, 112, 120, 2, 116, 100, -28, -90, -28, -22, -34, 28, 4, -2, -228, -22, -282, -152, 34, 102, -80, -60, 44, -114, -44, -148, 0, -88, 38, 48, -96, 12, 126, 254, 14, -140, 12, -114, -138, 102, 92, -194, 130, 140, -122, 204, -192, -160, 80, -4, 184, -184, 16, -56, -50, 98, 14, 198, 24, 60, -142, -30, 132, 288, -48, 28, 138, -140, 212, 44, 
194, 186, 246, 216, -144, -122, 140, 0, 18, -44, -92, 372, -4, -38, -208, 148, 150, -72, 18, -30, -74, -148, 132, 172, -82, 168, -126, 120, 24, -100, 30, -186, 160, 84, -20, 262, -8, 98, 32, -66, 172, 130, 44, 4, 24, 194, 72, 14, -38, -128, -118, 48, -12, -166, 206, 118, 142, 128, 208, 204, 36, 262, 12, 16, -104, 16, 116, -186, 196, 114, 138, -144, 142, -16, -70, 232, 22, -100, 206, 28, 110, 178, -138, 28, 192, -34, 0, -72, 270, -218, -164, 148, -184, 2, -212, -78, -42, 114, 36, 62, -26, -52, -68, 8, 204, -36, -24, 54, 110, -48, -14, -136, -46, 258, 130, -26, 76, -20, 66, -170, 138, -194, -116, 82, 16, -52, 60, -74, -172, -46, 34, -32, 128, -90, 122, -58, -110, -36, -166, 188, 34, -16, 174, -70, 60, 214, -104, 28, 108, 76, -40, -94, 170, 42, -130, -8, -212, -180, 74, -112, 82, -70, -42, -36, -262, -20, 150, -8, 74, -28, 78, -104, 86, 136, -152, 46, -90, 112, 46, 122, 94, -152, 266, -116, -12, 106, 194, 20, -224, 104, -46, -34, -226, -316, 154, -28, 96, -20, 112, 272, -100, 46, 96, 40, 120, 80, 114, -22, -52, 102, 42, -104, -98, -12, 124, 64, -18, 44, -244, -174, 120, -30, 86, -6, -474, -154, 80, -16, 220, 114, -70, -162, -72, 20, 58, 72, -58, -116, -242, 72, -42, 78, 64, 200, -102, -48, 106, -60, 10, 42, 12, -146, 132, -16, -134, 42, -136, 142, -20, 80, -58, 76, 62, -60, 100, -76, -4, -70, -126, -54, 6, -220, 110, 164, 60, 96, 74, -224, 106, -90, 18, 328, 12, 102, -72, -22, -146, -120, 42, -362, -98, -240, -70, 140, 186, 110, 212, -80, -140, 8, 16, 162, -62, -90, -146, -28, 4, 132, 126, 72, -26, -4, 84, 132, -46, 76, 16, -104, -22, -140, 190, 208, -174, -30, -160, 74, 10, 276, -54, -64, -258, -44, 244, 20, 30, 130, -28, 236, 66, 66, 164, -94, 110, 36, 56, -142, 148, 8, 114, -106, 204, -2, 58, 298, 52, 68, -176, 42, 184, -18, 4, -180, -220, 38, 84, 56, 204, -198, -120, 10, -98, -40, 124, 56, 38, 178, 226, 38, 154, 120, -114, 50, 106, -78, -78, -128, -220, -238, 322, 32, -14, -80, -40, 138, 76, -158, 140, 110, -126, -116, -186, 280, 142, -102, -160, -88, 172, 112, -66, -30, -30, 130, -188, 62, -152, 74, 0, -30, 30, -10, -70, -116, -112, -264, -48, 26, 2, 46, -148, -258, 62, 76, -58, -100, -126, -66, 42, -2, -22, 120, -84, 0, 72, -24, 202, 42, 276, 240, 72, 6, 226, 8, 26, 128, 62, 188, -56, -106, -54, 14, 50, -94, 16, -246, 94, 172, 8, 140, 124, 54, 32, 234, -20, -28, 218, -48, 262, 174, 18, 10, -72, 156, 152, -42, 48, -22, -200, -90, 68, -156, 22, 2, -34, -186, 100, 56, 4, 98, 22, 18, 
-94, -168, -64, -156, 110, 146, 64, 180, 8, -14, 102, -228, -44, 260, 124, -8, 26, -42, -156, 168, -56, 200, -34, -290, -40, -32, 258, 100, -62, -88, -164, 46, -174, -52, -68, 144, -184, 236, -150, 80, -178, -82, 240, -186, -92, -134, -74, -78, 128, 104, 30, 50, -14, -4, -254, -32, -132, 6, -334, -72, -24, -24, -204, 28, 78, 178, -24, 270, -146, 38, -30, 96, -240, 294, -148, -76, 90, 32, -248, 54, 30, -162, 76, 70, -4, 56, -8, 56, -116, 188, 48, -70, 176, 36, 28, -30, 2, -156, 12, 170, 176, 30, 276, 68, -198, 88, -8, 30, 16, -22, -56, 166, -40, -142, -28, -26, 44, -258, -18, 40, 172, 172, 204, -96, 148, 136, -122, 48, -66, 132, 132, 232, -28, 40, 66, 218, -14, 78, 98, 52, -58, 114, -222, -26, 218, -192, -8, 46, -168, -28, 214, 102, -66, 98, 158, -10, 248, 200, 266, 298, 32, 138, 2, 110, 138, -22, -72, 230, -178, -152, -38, 70, -58, -60, 190, -126, 236, -116, 22, 78, -64, -56, -90, 192, 92, -236, -112, 52, 278, -138, 126, 142, 260, 142, -306, 132, -180, 110, -40, -100, 90, -98, -120, -86, 142, 110, -22, -228, 182, 10, 22, 96, -50, 32, -334, 196, -54, -114, 394, 96, -120, -62, -8, 134, 194, 186, -80, 130, -188, -202, 116, 80, 92, -106, -208, 48, 58, 94, 132, -186, 86, 14, -100, -20, -76, 130, -80, 150, 92, 106, -118, 176, 8, 144, 376, -8, 52, 4, -18, 190, 40, -174, 144, 102, -98, 232, 146, -94, 248, 148, 118, 88, -140, -38, 118, -74, -40, 240, -122, 102, 34, -138, 76, 42, -18, -148, 162, 68, 48, 232, 178, 46, 56, -84, -32, -46, -52, 52, 102, -76, 14, -190, 24, -96, 156, 30, -96, -180, -108, -242, -178, 288, 66, -56, -12, -90, 58, 156, 110, 226, -38, 42, 208, 14, -60, -54, 44, -104, 76, 6, 50, 124, -204, -140, 226, -2, 188, -174, 70, 48, -88, 126, -70, 14, -148, 168, -42, 0, 56, 256, -156, 0, 10, -244, 168, 0, 30, -54, 60, 114, 68, 162, 276, 126, 38, -72, -160, 164, 186, -58, -74, -64, -102, -24, -62, -182, -194, 12, -140, -20, 150, -6, 250, -42, -38, 110, 98, 54, -198, 130, 110, 142, 114, 38, 8, 220, -100, -88, 82, 274, 164, -6, -96, 204, 116, 140, -6, 16, -28, 130, -10, -178, 158, -94, 242, 16, -22, -30, -62, 50, 108, 48, -56, 176, 200, 218, -86, -126, 358, 180, -24, 54, 28, 86, 166, 66, -22, -84, 6, 36, 76, -16, -192, 120, -28, 54, -98, -98, -32, 64, -138, 44, -180, -116, 134, -232, 22, -28, 198, 68, -88, 172, -4, 124, 34, -72, -26, 8, -82, -182, -74, -66, -88, -24, -74, 284, 22, -228, -48, 0, -94, -62, -114, 86, -216, 326, 172, -16, 86, -84, 132, 126, 92, 96, 34, 18, -146, 100, 14, 32, 
40, 180, -30, 116, -110, -68, -72, 44, -70, -20, 32, 268, 54, -348, -186, 66, -158, 78, 26, 158, -28, 28, 6, 296, 244, 92, -154, -64, 78, 270, -56, -82, 282, 6, 56, -94, 40, -72, 190, 40, 100, -108, -12, 158, 48, 78, 112, 28, -164, -140, 174, 64, -6, 80, 322, 130, 176, -78, 288, 286, 132, 76, 200, -70, -14, -158, -90, -100, 114, 50, -102, -86, 278, -158, 220, 124, -36, -22, 124, -138, 174, -10, 6, 24, -26, 238, 32, -124, 110, -158, -52, 120, -92, -20, 114, 136, 184, 116, 38, -50, -108, -30, -164, 82, 406, 74, 158, 84, 114, 260, 106, 78, -62, 50, 78, -18, -14, 254, 30, -80, -104, -104, -246, -52, 10, 12, 82, -108, 148, 196, -82, 154, 82, -10, -30, 12, 130, -196, -46, -2, 198, 32, 272, 78, -120, 164, 54, -28, 142, 180, -56, -34, 34, -136, -66, 78, -48, 28, -134, 10, -98, -114, 22, 38, 18, -20, 46, -134, 58, 258, -82, 4, -148, 82, -222, 86, -202, -2, 6, 32, 158, 86, 60, -292, 172, 0, 16, 110, -172, 102, 0, -40, -128, -42, 176, -24, 146, 8, -38, 136, 8, 8, -66, -92, 98, 10, 226, 96, -66, -14, 80, -30, -76, -44, 352, 60, 100, -42, -248, 6, -16, 84, 38, -204, -80, -48, 290, -36, 222, 352, -192, 70, -118, 0, 164, -136, 72, 0, 158, 18, 116, -38, 100, 122, 148, -72, 174, -140, -64, 6, -54, -86, 36, 52, -262, 22, -30, -96, -96, -122, 78, 154, -192, 58, 106, -290, -30, -56, 28, -40, -162, -54, 134, 106, 114, 4, 6, 50, 260, -128, 30, 44, -20, -6, -134, 112, -20, 30, 170, -100, -52, -98, -66, 26, 150, 170, 58, -76, 26, 10, -182, 132, 134, 94, 112, 50, 222, 198, 204, 306, 146, -194, 62, 94, 6, 22, 26, -120, -168, -34, 0, -44, -70, -52, 78, 76, -78, 218, -34, 48, -94, 6, 172, 64, 16, 32, -114, 226, 8, 92, -14, -156, 226, 92, 146, 34, 96, 16, -178, -160, 50, 92, -124, 134, 16, -102, 74, -178, 4, 64, -12, 4, -10, 26, -104, 62, 160, -144, -186, 128, 182, 0, 16, 20, 62, 100, -28, 70, -46, -6, -96, 22, -216, 184, 84, 92, 68, -168, 26, 18, 10, -152, -48, 100, 58, -38, 60, 14, -46, -130, 62, 122, 196, 20, -294, 26, 94, -68, -6, -20, 68, 38, 48, -186, -124, -114, 92, 18, 226, 40, -146, 2, 130, 58, -132, -234, 96, 46, -222, -156, -54, -212, -82, 66, -160, -68, -40, -16, 28, 114, 0, -176, 160, -12, 196, 10, -46, 120, 226, -10, 132, -254, 34, 102, -90, 244, -194, 202, -40, -52, 150, 124, -130, -14, -42, 132, 312, 68, 32, 136, -74, 24, 12, 36, -20, -228, -30, 246, -164, 108, -134, 260, 152, -92, 174, -176, -156, -120, -36, -84, -98, 42, -108, 82, -58, -150, 100, -48, -146, 14, 
84, -296, 28, 94, 112, 148, -216, 46, 86, 86, 26, -172, 18, 246, 232, -148, 214, 76, -302, 34, -22, -28, 126, -128, -234, 4, 122, 180, -154, -182, 190, -84, -4, -10, -46, 62, 104, 112, -222, 270, -114, 60, -20, 38, 64, 12, -56, -24, 32, 192, 8, -14, -92, -96, -250, -10, -280, 4, -166, -112, -200, -58, -346, 124, -54, 44, 186, 200, -130, -60, -68, 96, 18, 102, -222, -34, 76, 90, 50, 6, 44, 88, 118, -44, -8, -140, 144, 50, -24, 162, 52, -244, 126, -18, 172, -262, -12, 46, -16, 186, 50, 70, 12, -6, -160, -94, -132, 130, -182, -112, -152, -150, 100, -88, 58, -26, 26, -190, -108, -182, 64, -46, 206, 176, 170, -134, 24, 156, -200, -206, -2, -78, -76, 2, 330, -112, -90, 148, -132, -24, -94, 36, -94, -116, 10, -160, -36, -112, -30, -106, -70, 104, 238, -42, 264, -20, 130, -106, 202, -70, 62, 146, -84, -24, 200, 22, -70, 202, -88, -142, 4, -16, 218, 98, 190, -46, 246, -48, 102, -6, -160, -54, -26, 62, -152, 44, -66, 170, 226, 102, 56, 76, 134, -38, 50, 92, -26, -6, -122, -310, 8, 248, 16, -44, -46, -66, -184, -54, 104, 40, 94, 122, 138, 360, -248, -34, -148, 44, 216, 80, 130, 158, 14, -4, 84, 206, -168, 130, -150, 64, 64, 114, 110, 100, -60, 60, -98, -116, -4, 126, 34, -100, 194, -8, -148, 54, 40, 170, 250, 66, 14, 28, 88, -36, 32, 2, 46, 182, 170, 180, -98, -48, 186, 170, 14, 92, -6, 22, 22, -108, 66, 16, -6, 84, -194, -24, -70, -40, -220, 226, -26, 12, 76, 62, 24, 128, 54, -200, -108, 64, 38, 138, 12, 6, 52, -10, 82, -18, -88, -24, 4, -2, -48, -20, 72, -138, -262, -102, -62, -310, 118, 300, -56, -144, 52, -68, -68, 20, 170, 160, 22, 210, 88, 62, 62, 78, -78, -220, 70, -202, -38, -134, -150, -40, 124, -62, 136, -204, -24, -26, -18, 176, -94, 96, -116, -88, -128, 36, 86, 140, -70, -66, 122, -90, 34, 26, 100, 166, 168, -82, 54, 142, -28, 88, 82, -52, -102, 46, 158, -98, 104, -38, -86, -130, -6, -134, -50, -150, 72, 94, 344, 84, 144, -54, 60, -16, 80, 190, -6, -290, -8, -50, 234, 120, -56, -34, -48, -24, -42, 102, 280, 136, -80, -16, 200, 76, 0, 246, -26, -118, 26, 168, -112, 38, -48, 4, -28, 2, -242, 84, 288, -4, -70, 22, 116, 260, -8, 40, 346, 232, 70, 148, 110, -126, 158, 56, 160, -58, 74, 8, -40, 40, -58, 84, -460, 14, 218, -88, -70, 30, -150, 38, 270, -34, 18, -354, 222, 18, 30, -52, -96, 166, 66, -100, 78, -36, -132, -132, 10, -190, 252, 20, -78, 84, 238, 238, 168, -102, 108, -130, 64, -106, -102, 44, -90, 306, 148, 148, 60, 168, 98, 10, 190, -52, 114, 0, 14, 52, 54, 42, 
-68, 236, -90, 2, 8, -60, 110, -20, -244, -142, 88, 132, -122, -110, -158, 106, 14, 6, 138, 38, -30, 42, 76, 234, 248, -22, -98, -164, 212, 142, -36, 166, 124, 78, 246, 104, -18, -226, 64, 70, 90, -162, 44, 102, -186, 76, 46, 26, 108, -136, 116, 24, 164, 78, 60, -22, 220, 20, 174, -36, 94, 24, 342, -150, 60, 118, -102, -128, 56, 22, -20, -198, -28, -92, 208, -110, 58, 128, 104, -150, 146, 30, 34, 120, 94, 128, 124, 70, 166, 42, -38, 288, 30, 80, -150, 260, -24, 108, 148, -162, 34, -28, -88, 40, 192, 84, 30, 62, 284, -18, 90, 158, -144, 124, 200, 54, 134, 288, 46, 76, 0, 184, -110, -122, -164, 172, -14, -136, 176, 266, 118, -106, 36, 110, -294, 110, 82, 2, 210, 174, 36, 14, 50, -16, -120, 212, 134, -62, 106, 120, -4, 76, -46, 122, -74, -52, -68, 28, -250, -34, 28, -4, -86, 148, -66, 192, 24, -152, 46, 204, -84, 270, -160, -64, -192, 28, -72, 118, 16, -44, 122, 166, 46, -122, 48, 44, 106, 46, 56, 30, -44, 26, -212, 128, 104, 146, -18, 124, 138, 198, -76, -32, -68, 6, -58, 212, -28, 150, -72, 94, 106, 74, 70, -136, 160, -46, -56, 100, -168, -62, -14, 8, 140, -78, -4, 132, 280, -132, 92, -68, 38, -188, -114, -86, 56, 4, -4, 68, 68, -28, 354, -24, -94, 16, 156, -74, -46, -100, -94, 66, 28, 124, 4, -72, -114, -16, 28, 54, -8, -232, 124, 156, -20, -84, 158, 2, 40, -144, 76, 24, -110, -64, 128, -82, 262, -72, 62, -142, 220, -100, 54, -56, 286, 140, -78, -12, 114, 66, -24, -94, 164, -178, -46, -16, -26, 106, -94, 148, -38, 26, 70, 90, 92, -84, -80, -54, 188, 128, 300, 16, -10, -228, 46, -16, -162, 44, 186, 6, -116, -92, 0, -10, 108, 80, 60, -130, 182, 238, -28, 182, -22, 136, -96, 252, -2, 50, -74, 252, 54, 154, 10, -202, 52, -80, 146, 112, -66, -26, 38, 96, 46, -60, -16, 236, 120, 22, 38, -68, -210, 224, -52, -8, 58, -150, -54, 0, 246, 110, -108, 118, 144, 16, 154, 116, -206, 40, 134, 146, 84, 24, -94, -198, -158, 96, -8, 20, -12, -50, 208, 122, -18, 160, 4, -124, 198, 32, 62, 108, 198, -274, -160, -116, 104, -98, -118, -110, 152, 32, -258, -42, -70, -48, 236, -50, 216, 42, 32, 136, 148, -24, -110, 92, 182, 114, -142, -90, 164, -132, -244, -60, -8, 106, -22, 50, -194, 14, -104, 44, -36, 12, 20, 30, 102, -52, 238, 124, -154, 4, -256, 158, -22, -86, -144, -68, -56, 4, 80, 58, -134, 232, 64, -194, -76, 42, 0, 254, -12, 194, -32, 326, -358, -104, 144, 50, -94, -84, -14, 42, 42, 74, -30, 142, 74, -76, 44, -300, -68, -146, -62, -6, -54, -12, -168, 236, -130, 28, 100, -134, -94, 154, 
-40, -64, 66, 10, -16, 220, -28, 88, 164, 306, 20, 22, 132, 162, 6, 34, 180, -28, 106, 100, 58, -26, 28, -278, -140, 174, 98, 174, -166, -238, 148, -124, -86, -356, 12, -8, 88, 56, -86, -66, 94, 156, -40, -140, 250, 58, -98, 30, -30, 114, 56, -224, 6, -22, -62, 126, -150, -10, 48, 198, -206, 62, -108, 208, -114, -114, 264, -130, 10, -144, 242, 190, 46, -20, -212, 100, 30, -68, 82, 106, 34, 86, 12, -170, -50, -90, -40, 20, -182, 120, 20, -178, -104, -166, -8, -230, 124, 6, -18, 98, -182, 164, 102, 80, -126, -132, 4, -200, -174, 134, -248, -130, 64, -22, -40, -88, -88, -106, -318, 124, -58, -164, 202, 214, 100, -94, 6, 96, -178, -380, -110, 124, -28, 30, 226, -132, -198, 18, -252, 72, -136, 66, -44, -186, 182, 0, -56, 88, 162, -110, -88, -208, 18, 174, -34, -128, 14, -78, 2, -24, 112, 56, -90, -62, 186, -78, -122, 266, -112, -274, 112, -66, 70, 116, 176, -12, -96, -60, -42, 116, -72, -48, 6, 50, 90, -22, -54, 54, -150, 56, -82, 34, 8, -142, 36, -4, -8, -60, 0, -198, -60, 202, -14, 100, -112, -140, 166, 6, 84, 40, 62, 148, -94, 94, -4, 286, 76, 50, 92, 130, 196, -16, -66, 54, -40, -246, -180, 38, 64, 40, -36, 166, 212, 40, 84, -52, -92, 82, -48, -20, -160, -20, 166, -62, -108, -16, 38, 10, 152, 64, -54, -46, -176, 10, 70, -24, 128, 132, 44, 224, -198, 96, 24, 226, -36, 24, 10, 254, -140, 136, 128, -98, -120, 62, -56, 118, 148, -2, -210, 216, -18, 36, -228, 12, 88, 130, -16, 68, -40, 80, -158, 278, 112, 34, 176, 54, 274, 14, -2, 202, -64, -92, -38, 202, -34, -54, 80, -70, -218, 128, 172, 208, 130, -230, 14, 54, -8, -40, 218, -28, 42, 2, -134, -92, 32, 138, -76, -150, -8, 100, -8, -10, 76, -58, 58, -112, 46, -298, 34, -172, 28, -12, -202, 208, 40, -30, 230, 70, 18, -60, -136, 18, -80, -144, -58, 70, -50, 148, 158, -102, 58, 108, 86, 314, 290, 40, -170, 194, -42, -32, -66, 92, 0, -88, 10, -130, -76, -114, -82, 60, 60, 240, 288, -126, 152, 164, -234, 202, 26, -14, -62, -190, 96, 180, -172, 98, -54, -218, -134, 258, 44, 222, -68, 106, 174, 286, -228, 94, 228, 28, 78, 54, 122, 170, -72, -142, 52, -36, -24, 222, 68, 42, -90, -134, 280, 270, 18, 210, 342, 12, -104, -78, 4, -58, 12, 66, 48, -230, 84, 18, 160, -106, 2, 128, -108, 24, 54, 142, 134, -140, -20, 52, 80, 34, -42, -64, -50, -124, -92, -148, -18, 162, 50, 12, -36, -164, 36, -190, 210, -114, 192, 166, -128, -76, 42, -10, -46, -40, -60, 146, 174, -126, -62, 180, -86, 160, -40, 48, 80, 52, 154, 22, 92, -66, 206, 64, -200, 166, 144, 50, 
-130, 2, 46, -134, -86, -126, 298, -54, 76, -170, 180, 18, -114, -46, -184, -4, 98, -8, -68, -80, -44, 50, -20, 174, 70, -84, -194, 18, 120, -20, -178, 196, 180, -58, 82, 46, -164, 20, 158, 130, 48, -152, 8, 128, -148, 84, -52, -128, 36, -52, 18, 188, 22, -86, 168, -126, 46, 16, 82, -278, 206, 64, -8, -118, 276, 256, -86, 120, -162, 86, -140, -78, -170, -102, -38, -14, -142, -38, -186, -134, 116, 68, 70, 168, 74, 188, 12, -26, 168, -44, -8, 130, -6, 102, 88, 118, -160, 238, -86, -14, 42, 166, -70, -188, 72, 224, 224, 202, 182, -156, 302, 154, -16, 8, 96, 118, 158, 196, 216, -60, -2, 256, -108, -232, -156, 114, -46, 154, -46, 318, -56, -220, 76, -76, -94, 108, -108, 66, 184, 112, 228, -250, -86, 222, -48, 0, -30, -6, -142, 68, 194, 142, -6, -52, 184, 32, 6, 14, -60, -10, -82, -46, 58, 158, -12, -18, 106, -120, 98, 196, -112, 130, 46, -74, -212, 68, 136, 34, 136, 70, 218, -64, 224, -30, -106, 96, -14, -174, 102, -198, -8, 32, 116, 138, -42, 136, 60, -8, 18, 44, 20, -328, 30, -198, 292, 84, -250, 208, -200, -94, 166, 60, 74, 106, 184, 6, 34, 154, -48, -136, -22, -112, 150, -52, 102, 258, 120, -62, -68, 184, -162, 30, -86, 100, 26, 20, -88, 100, -68, 164, 214, -164, -36, 58, -8, -80, -108, 70, -80, -54, 72, -42, 276, 232, 42, 82, -116, -96, -26, -98, 172, -62, 24, -216, 108, -232, 72, -188, 228, 58, -136, 100, 122, 100, 110, -90, 0, 6, 96, -48, -54, 24, 160, 8, 122, -118, 326, 8, -86, -82, 28, -276, -26, -54, -214, -46, 66, 136, 2, -112, 30, 112, -8, -70, -42, 40, 74, 120, 18, 90, -22, -68, 186, -76, -160, -148, 160, 154, -204, 30, 192, 206, 190, -6, 58, 158, 176, -66, 54, -72, 4, 26, 2, 84, -74, -22, 80, 156, 46, 130, 40, -64, 112, -2, 48, -18, -268, -38, -66, -44, 80, -22, -36, -74, -18, -32, 0, -90, 72, 60, 48, 16, -4, -132, -204, 108, 92, 12, 64, 202, 202, -176, -74, 20, -60, 156, 218, 124, 138, -90, -70, -136, 254, 206, 122, 4, 166, -30, 96, 112, -88, 206, 18, -78, 336, -28, 134, 224, 78, -222, 90, -88, -64, -74, -72, -294, 62, 88, 18, 248, -14, 74, -100, 6, 50, 192, -98, 0, 58, -46, -384, 96, -18, 64, -174, -134, 72, -146, -200, 122, 182, 28, -32, 166, -2, -74, -128, 42, -180, -36, -12, -36, -74, 48, 84, -102, -98, 10, -180, 156, 116, -72, -358, -182, 158, 146, 22, 50, 178, 184, -136, -74, -36, 184, 26, 242, -274, 14, -122, -44, -36, -122, 134, 88, 58, 38, -96, 116, -32, 42, -92, 258, -14, -94, 48, -182, 126, -76, -214, -42, -22, 66, -96, 236, -26, 98, 100, -48, -62, -30, 
158, 144, 44, 76, 120, 46, -256, 62, 78, 136, -122, -152, 72, 224, 282, 70, -236, 14, 118, 24, 62, -238, -162, -32, -2, 100, 108, 44, 144, 298, 282, -84, -176, 62, -44, -24, -80, 18, -86, -176, 190, 156, 94, -134, 342, -206, -80, 222, 34, 316, 0, -106, 116, 182, -238, 246, -96, 52, 76, -22, -2, -138, 42, 232, -136, -174, 118, -72, 88, -118, 62, 36, 106, 38, 172, 16, 126, -76, 66, 280, -52, 38, -46, -60, 104, -156, 38, 88, -202, 46, 38, 28, 48, 154, -78, 46, 86, -104, 50, -44, -92, 4, 90, 86, 130, -266, -68, -98, -70, 220, -162, -140, 14, 134, 138, -136, -104, -138, -132, 82, 26, -168, 240, 196, 16, 4, -134, -116, 150, -214, 74, 172, -232, 166, 70, -38, 140, -120, -248, 42, -216, 40, 142, -162, -242, 74, 166, 22, 88, 50, -102, -148, -44, 38, -42, -66, 34, -120, 160, -28, -124, -96, 34, -156, 98, 60, -180, 202, -40, -88, 236, 22, -222, 212, -16, 58, -84, 60, -144, -54, -180, 140, 4, 30, 108, -58, -30, 158, 110, 158, -46, 76, -116, -206, 152, -172, -128, 68, 18, -126, -140, 384, 96, 92, -88, 112, 112, -350, -176, 152, 28, 104, 38, -20, -224, 106, 162, -24, 42, 132, -60, 162, -122, 90, -24, -234, 158, -18, -10, -142, 166, -56, -250, -12, -94, -126, 198, 24, -40, -66, -276, 156, 160, -168, -4, -64, 152, -20, 162, 266, 4, 102, 52, -274, -62, 16, 136, 4, 6, 20, 74, 68, 44, -90, 46, 40, 62, 52, -188, 170, 120, 82, 76, -182, -184, -2, 50, 100, -98, 112, 2, -36, 4, -4, -102, 206, 44, 46, 16, 2, -24, 268, -56, -86, -52, 164, -134, -210, 42, -40, 140, -2, 208, 86, 106, -64, -172, 36, 26, 202, -32, -24, -238, -72, 196, 190, -216, 6, 156, 24, -20, -64, -24, 108, -160, -214, -364, 156, -250, 98, 216, 24, 58, 82, 64, 106, 54, -118, -64, -116, -100, -24, -18, 78, 94, -122, 162, 108, 0, 14, -26, 284, 160, 120, 106, 210, 128, 16, -10, 54, -8, 112, -30, 212, 238, -138, -6, 150, -130, 146, -52, 126, 124, -62, 52, -230, 80, -68, -46, 138, 134, -56, -134, -82, -120, 82, -36, 98, -78, -144, 268, -48, 62, 62, -220, -10, -106, -98, 148, 98, -106, 238, 266, 238, 108, 436, -10, 10, -84, -86, 144, -26, 56, 82, -46, -40, 168, 140, -246, 168, 178, 16, 64, -122, 94, 248, -26, 250, 438, -122, -108, -6, 230, -210, 78, 62, 246, -78, 254, 88, 100, 90, 142, -104, 50, 86, 172, 110, 146, -36, -40, 26, 148, -52, -196, -4, 186, 14, -96, -30, -56, 324, -44, -120, -122, -2, 180, -140, 150, -78, -86, 142, -190, 6, -68, 162, -64, 150, -72, -28, 74, -284, 20, -132, -182, -8, -226, 76, 10, 122, -46, -36, -110, -176, -86, -56, -116, 16, 72, 116, 
-88, -220, 44, -154, 12, -52, 216, -32, -72, -178, 76, 188, -48, -68, -102, 46, 166, -20, -138, 142, -16, 2, 14, 18, -82, -108, -182, 34, -190, -68, -34, 102, 106, -10, -206, 118, 176, 0, 204, 200, 84, -238, -42, 140, -50, 58, -106, -48, 98, -68, 198, 62, -164, -172, 308, -78, 112, 60, 52, 150, 84, -50, -92, -258, 6, 110, -30, 70, -324, 82, -70, 2, -42, -18, -136, -118, 10, -18, 8, -274, 80, -24, 80, 150, -132, 138, -8, 68, 116, 42, -84, -148, -98, -78, 232, -134, -176, 70, 26, -110, 18, 146, -176, -136, -134, 264, 112, 140, -56, -68, 160, 106, -84, -170, -10, 128, 186, -6, 82, 38, -50, 364, -104, -58, -40, 4, 36, 236, -40, 190, -52, -22, 72, -30, -208, 10, -18, 168, 218, -42, 160, -90, -166, 246, 262, -322, -32, -14, -82, -6, 148, 204, 64, -50, 230, 190, 206, -28, -206, 62, -22, 126, 20, 66, -46, -12, 24, -96, 56, 112, -88, -72, 190, -12, 292, -74, 170, 40, -52, -22, 264, -202, 114, -130, -68, 102, 68, -172, 36, 226, -24, -4, 48, 276, -126, 170, -118, -78, -124, 226, -10, -86, -242, -282, 160, 48, -80, 256, 100, -126, -106, -218, 110, -50, 78, 44, -30, -88, 42, 46, 140, -90, -56, -56, 76, 178, -150, -40, 104, 218, -104, 74, 126, 140, 70, 102, -180, 0, 0, -30, 228, -86, 110, 48, -26, 56, 26, 46, 50, -54, 96, -132, -128, 138, 206, -12, -114, -44, -62, -76, -48, -36, 62, 28, -32, 98, -64, 140, 66, -202, 8, -2, 72, 6, 148, 6, 66, -160, 252, -206, 60, -22, 178, 82, 168, 64, -40, 74, -30, 78, 52, -14, -64, -32, -44, -170, 0, 132, 90, 62, -120, -62, -240, -10, -102, 214, -78, -94, 196, -76, 26, 108, 342, 46, -50, -8, 122, 36, 86, 38, -10, 0, 36, -196, 128, 186, 130, -120, 72, 26, -180, 232, 52, 2, 14, -84, -102, 214, -62, 318, -2, 28, 136, 52, 246, -10, -88, -268, -174, 34, 18, -286, -64, -162, -86, -324, -150, -174, -12, 58, 14, -110, 122, 28, -120, 48, 40, 14, 30, -134, -94, -210, -74, -54, -34, 208, -100, -18, 26, -50, 78, 106, 106, 86, -90, 0, 160, -110, -40, 90, -210, 178, -76, 22, 164, -40, 74, 116, -242, 20, 288, 66, 84, -52, -32, -274, -144, -98, -82, -92, -4, 90, -100, 18, 42, 166, 28, -186, 228, -88, -110, 92, 16, 144, -40, -90, -50, -202, -346, 18, 94, -28, -278, -10, 10, -50, -100, -60, -8, 124, -14, 96, -138, 8, -6, -20, -200, -138, -146, -68, 184, -42, -40, 72, -46, 116, -306, 40, 42, 90, 38, -114, 124, 108, 8, 154, -202, 70, 30, -62, 140, -104, 156, 4, 88, -72, 122, -118, 60, -166, 82, 272, 86, 134, 208, 58, 206, 108, 36, -208, 18, 108, 36, 118, 0, 90, 230, -10, 64, -114, 
96, 288, -54, -66, -4, -80, -196, 2, 94, 78, -162, -174, 134, 188, 100, 34, -240, -56, 194, 22, 54, 206, 136, -20, 142, 112, 12, 58, 50, 124, 34, -176, -4, 128, 128, -268, -80, 40, -186, -106, 56, 304, 50, -40, 14, 92, 84, -68, 40, 74, -194, 4, 166, 220, -308, 110, -74, -112, -40, 100, 124, 240, 130, 4, 82, -52, 60, -144, 4, -38, -54, -20, -88, -62, -94, -32, 8, 88, 56, 112, -6, 96, -120, -142, 310, -130, 198, 6, -66, -30, 0, 52, -36, 168, 60, 320, -26, 42, -36, 82, -124, -282, 156, 76, 36, -142, -110, -24, 94, 160, -82, -66, 76, 10, 104, -166, -246, 26, 2, -34, 70, -274, -116, 100, -18, -150, 122, -80, 230, -64, -16, -16, 20, 188, 38, 8, -16, -150, -128, -48, -88, 196, 284, -258, -134, 182, 148, 22, 92, 64, -130, -300, -12, 150, -216, -156, -72, -34, 154, -58, -86, -28, -12, 148, 138, -134, 32, 208, 42, -158, 90, 90, -206, 230, -214, 112, -70, 10, -54, 10, -160, 224, -110, 162, 6, 4, 20, 168, 180, 4, 172, 26, 80, -134, 18, -176, 154, 14, 26, -82, 2, 152, 210, 212, 62, -32, 84, -92, 104, 158, 222, 66, -88, 30, -126, 98, 112, 164, -8, 132, -188, 324, 202, 110, 52, -200, 106, 92, 40, -136, 164, 42, 68, -166, -32, -74, 24, 48, -96, -104, -104, 100, -118, -56, 128, -16, -50, 140, 36, 30, -106, 198, 118, -92, -66, -36, 246, -136, 84, 126, 106, 20, -18, 242, 154, 12, 78, 162, -26, 376, 2, 70, 132, 14, -38, 6, -78, 166, -88, 36, -54, 306, -22, 36, -188, 78, 134, 30, -26, -166, -14, 116, 36, 108, -140, 122, 78, -12, 68, -150, 136, 72, 232, -86, 108, -160, 0, 186, 16, 62, -18, 44, -184, 98, 80, 164, -166, 38, 2, 38, 182, 224, 44, 116, -20, -148, -46, 120, 88, 88, 206, -60, -12, 16, 14, 124, -6, -268, 84, -50, 140, -44, -96, -28, -212, 220, 92, 136, 140, 84, 48, 272, -4, 188, 246, 318, 232, 90, 236, 78, 22, -4, -136, -22, 150, -70, 108, 164, -28, 218, 108, 134, 26, 28, 192, -250, 14, 130, -8, 222, 130, 52, -94, 72, 8, 158, -56, 20, -56, -198, 48, -26, 82, 20, 2, 10, 32, -74, 70, 70, -146, -28, 8, 28, -4, 140, 98, 180, 24, 184, 100, -82, -2, 86, -144, -122, 12, 0, -292, -36, -2, 118, 6, -68, 4, 152, 48, 252, 194, 150, -122, 86, 10, -116, 60, 56, 32, -76, 116, 24, -46, -44, 32, 14, 148, 112, 26, 62, 12, 58, -100, 72, -20, -100, -28, -64, 342, -12, -84, 88, -2, 248, 82, -8, -104, -12, 46, -58, 90, 182, 98, 74, -214, -94, -78, -14, -48, -58, 46, 150, -154, -156, 144, -258, -174, 10, -80, -20, -16, 38, 4, -14, 22, -14, 162, -208, -168, 254, -66, 110, 
106, -156, -42, -6, 190, 38, 4, 14, -100, -172, 90, 180, -130, -26, -68, 14, 162, 86, -56, -86, -64, -32, -86, 40, -118, -8, 176, 118, 40, 36, -52, 88, 106, -22, -218, 182, 262, 70, 206, 248, 44, -272, 118, 20, -40, -14, -58, 180, 84, 102, 172, -144, -82, -226, 70, -50, 126, 12, 68, 34, 74, -146, -80, -146, -224, 122, 100, -28, 116, 2, 62, 30, 112, -76, -162, 142, -6, 90, 136, -8, -70, -212, 106, -94, 68, 102, -220, 22, 126, -4, 114, -8, -158, -28, -26, -16, 58, -10, 88, -50, -2, 262, -70, -4, -34, 232, 110, -42, -118, -10, 188, 32, 56, -182, -62, 126, -8, 88, 54, -4, -114, 200, 184, -76, -98, 80, -112, -4, -196, 24, 114, -28, 46, -4, 136, -38, 16, 124, 190, 18, -74, -78, -200, -50, 148, -90, -230, 224, 18, 86, -86, 138, 46, -170, 138, 158, 68, 106, -74, 40, -78, -56, -58, -126, 16, 210, 70, -180, -134, -14, -42, -30, 124, -228, 194, 50, 32, -88, 12, 118, 178, -148, -12, -82, -62, 12, -142, -80, -184, 154, -170, -74, -10, 68, 184, 232, 40, 4, -10, 80, 124, -76, -194, -186, 52, 14, 130, 102, -114, 44, -214, 0, 184, -214, 66, 0, -102, 30, -14, 16, 198, -108, -122, 108, 16, 318, -24, -70, 48, 168, -254, 22, -44, 240, 142, 180, 116, -66, 108, 48, 24, 6, 134, 16, -294, -14, 140, -42, 114, -6, -50, -286, -68, 24, 72, 124, -208, 178, -46, -52, -158, 14, -60, 18, -62, -44, -74, -140, 224, -154, -20, 122, -72, 60, -14, -80, 130, -106, 60, -20, 16, -202, 94, 38, -74, -134, 22, -64, -120, 76, -54, -34, -32, -44, 204, -50, 38, 2, 56, 126, -146, -30, -64, 72, -10, 136, 130, -298, 264, 48, 92, 34, 358, -82, -70, -122, 138, 52, 54, 36, 46, -270, -10, 60, 172, 400, 216, 22, -74, 54, -26, 150, 174, 84, 32, 12, 68, 162, -120, 66, 68, -10, -90, -246, 260, -156, 74, -106, -28, -236, -100, -110, 152, -124, -254, -170, -248, 62, -72, 66, 72, -6, 212, 58, 146, 242, -54, 108, 78, -178, -196, -218, 276, -260, -62, 242, 66, -120, 24, -30, -38, -44, 124, -160, -58, -144, 168, 152, -52, 56, 38, -2, 50, -66, -112, 124, -104, 128, -36, 10, 226, 318, 132, -50, -156, -44, 14, -72, 24, -100, -282, 6, 148, -74, 4, -44, -28, -14, 172, 8, 98, -140, -88, -96, -58, 108, 14, -280, -122, 66, 106, -14, -54, -30, 136, -66, 56, -134, -254, -6, 236, -50, 10, -44, -14, 58, -86, 40, 114, 2, -90, -30, 172, 120, 16, 68, -106, -218, -40, 44, -68, -148, 216, -68, 26, -34, 32, 134, -272, -114, 94, 172, 86, 136, 42, 196, 58, 204, 36, 124, 120, 242, -244, 236, 202, 26, 84, 156, 106, -56, -54, 94, 8, 56, -218, 108, 250, -298, 134, 104, 
18, 130, 138, -110, -138, 150, 82, -102, 142, 204, -230, -8, -118, 90, 12, 104, -98, -38, 72, 142, -44, 152, 132, 26, 332, 180, 20, -30, 26, -92, 98, -64, 156, -46, 120, -202, 152, 182, -166, -86, 150, 68, -176, -66, -12, -34, 162, -240, -234, 104, 54, -32, 82, 364, -268, 170, 156, 98, -48, 2, -296, 236, 100, 74, 100, 116, 106, -104, -92, 140, 16, -112, -18, 74, 124, -2, 60, -12, 48, -50, 86, 106, -146, 46, 16, 44, 296, -74, -34, -26, -42, 150, 118, 118, 78, -10, -22, -98, 16, 58, 46, -46, 60, 120, 74, -102, 0, -162, 164, 54, -52, 44, -218, 84, -176, -132, 92, 2, 208, 4, -16, -104, -92, -166, 128, 122, 186, -84, 182, 40, -132, 206, 82, 90, 82, 96, -100, -72, -218, -184, 112, 2, 118, 234, -62, 118, 238, -74, 38, 40, 226, 56, -24, 106, -110, 70, -36, -122, -82, 10, 34, 180, 122, 256, 212, -126, -64, 174, -46, -46, 120, 148, -124, 20, -62, 54, 62, 170, -66, -70, -30, 92, 70, -40, -140, -30, 10, -4, 350, -216, 214, 326, -54, 162, -212, -42, 4, 108, 196, 20, -42, 184, 250, -22, -2, -20, -192, -100, 56, 26, 194, 172, 30, 282, -56, 210, 106, -36, -76, 50, -128, 60, 36, -56, 14, -76, 22, 162, 14, -56, 200, -76, 48, -208, -218, 28, -140, 2, -50, 76, 94, 98, -68, 98, 84, -24, 60, 74, 20, 28, 64, 182, 286, 78, -28, -144, -20, -234, 224, -44, 114, 18, 92, 124, 78, 26, 4, 144, 18, 148, 216, -12, 172, -56, -70, 218, -152, 240, 36, 188, 154, 56, -94, 164, 118, 140, -162, 128, 142, -96, -92, 14, -108, 96, -94, -24, 0, 40, 162, 214, -112, 316, -58, -4, 160, -220, -60, 216, 46, -144, 76, 118, -192, 120, 208, -154, -86, -82, -16, -60, -114, 268, 80, -264, -82, -314, 24, 4, 294, 6, 32, -152, -222, -16, -92, 18, 22, -162, 192, -34, -40, 196, 62, 120, -20, 72, 6, 30, 98, 236, 104, 98, -68, 214, 166, -2, 104, 100, -86, -94, -20, 110, 148, -86, -136, -168, -78, -16, -64, 44, 176, 134, -248, 166, -232, -104, -52, 86, -26, 144, -116, 54, -96, 126, -2, 224, 4, -90, -96, -62, 38, 28, -32, -56, 0, -8, 56, -172, 48, -116, -74, 42, -30, 162, 126, 42, -16, 152, 80, -56, 50, 64, 28, 198, -294, 44, 124, 42, 74, 66, 8, 232, -64, 120, 18, 136, 124, 124, 192, 42, -90, 22, 166, -42, -38, 240, -68, 72, 170, -38, -44, 60, 194, 78, -22, -106, 6, 12, -38, -70, 140, -20, -180, -4, 58, 32, -28, 142, -82, 24, -4, 208, -166, 158, 56, 102, -170, -154, 60, 40, -36, 12, 10, 40, 190, -366, 10, -124, 156, -86, -48, -210, 154, -54, -66, 18, -100, 210, -116, -54, 78, -224, 108, -100, 50, -36, -164, 320, -46, -84, 
152, 120, -172, 206, 24, -124, -138, 114, -176, -120, -114, 120, 182, -152, -30, -162, 96, -58, 8, -2, 36, -38, -82, 8, -396, -118, 196, -124, -48, 140, -120, 14, -36, -134, -96, 132, -8, -80, 346, 94, -120, 12, 42, 76, -66, -42, 64, 140, 104, 126, -120, 160, -108, -338, 188, -12, -150, 8, 174, 136, 116, -382, 6, -46, 64, -144, 36, 320, 200, 14, -22, -38, 108, 30, -132, 60, 18, 20, -90, 180, 106, -72, 226, -232, -96, 240, -18, 148, 2, -102, 174, -108, 48, 84, -66, 38, -138, 168, 48, -78, -110, -76, 84, -78, 90, 156, 234, 196, 108, -104, -76, -86, 190, -20, 146, 118, 74, 58, -174, -58, -2, 16, 60, 258, -60, -174, -126, 28, -120, 120, 178, -118, 8, -106, 28, 130, 220, -72, 144, 222, -114, 32, 30, -102, -44, -10, -120, 240, -28, 100, -418, -62, 30, -68, 100, -218, 162, 190, -82, -12, 20, 70, 76, -64, -20, 68, -128, -98, 108, 234, 142, -10, 246, -12, -6, 48, 32, -148, -10, 142, 94, -14, 98, 62, 34, 62, 36, 74, -192, 202, -246, -214, -12, -122, 272, 64, -50, -8, -198, -156, 136, -40, -178, 118, -156, 84, 104, 32, -86, -194, -190, -124, 10, -78, 84, -110, -120, -48, 50, -140, -6, -48, 138, 2, 96, 136, 118, -118, -30, 42, -210, 18, 16, 92, -98, 2, 46, 284, 82, 172, -58, 214, 122, 82, -24, -78, -164, 118, 42, 0, -102, -82, -186, 14, 68, 184, -64, 276, -244, -2, -88, -232, 94, 22, 134, 8, 84, -88, 228, 40, -366, 126, -162, 18, 34, -108, 92, -64, -8, -66, 34, -24, 88, -166, 26, -72, 26, -150, 92, 62, 40, -116, 100, -78, 164, -220, 136, -96, -36, -90, 126, -204, 126, 14, -84, 74, 244, -50, -170, 234, -20, 58, 222, 26, -118, 68, 20, 98, 268, -32, 54, -228, 80, 220, 156, 140, 134, 44, -150, 48, -86, 134, 316, -8, 88, 150, -72, 156, -60, 152, 22, -114, 46, -136, 258, -50, 124, 4, -6, -260, -112, -62, 44, -150, -236, 216, 58, -40, 88, 96, -6, -56, 108, -48, 78, 88, 142, 38, 10, 86, 14, -66, 142, -186, 68, 96, 116, -128, 136, -18, 214, -70, 40, 252, 54, -104, -82, 90, 102, 198, 136, 144, 88, 36, -42, -78, -100, 114, 84, 186, -4, 2, 198, 38, -46, 162, -98, -194, -116, 44, -90, 236, 78, -206, 302, -30, -118, -60, 26, -54, 26, -138, 28, -96, 12, -258, -240, -42, -168, 0, -114, -42, -26, 20, 44, -134, 60, -88, -72, -34, 182, 172, -22, -20, 8, 250, -58, -54, -104, 140, -96, 28, 278, -146, 74, 156, 154, 18, 304, -258, -96, -36, -20, -264, -14, -178, 88, 208, -22, -64, 74, 34, 86, 14, -104, 186, 158, 144, -152, -102, 100, 6, 10, 136, 82, 78, 204, -148, 124, -6, 0, 182, 160, -42, -86, -70, 34, -226, 294, -18, 
-84, -118, 156, -50, -26, 92, 204, -78, 104, 146, 30, -70, 26, 24, -34, 68, -124, -82, -10, -220, -216, -40, -98, 28, 254, 150, -32, -50, -162, -6, 26, 104, -14, 148, -2, -144, -24, 46, -230, 48, 174, 94, 34, 28, -186, -8, 14, -136, -80, -154, -4, -130, 220, 210, 26, -154, 240, -56, -228, -352, 62, 58, -194, 128, 140, 158, -52, -58, -256, 100, 14, 42, 28, 132, 168, -66, -204, -98, 30, -254, 28, 118, -46, 136, 14, -196, -8, -76, 114, 48, -260, 174, 96, 114, 66, -98, 132, -232, -32, -22, 42, -46, 138, -2, -26, -166, -184, -114, -98, 104, -30, 40, -40, -24, -106, 160, 42, -32, 178, 36, 122, -34, -20, -168, -172, 204, 132, 84, -6, 146, -126, 146, 104, 196, -4, -46, -54, 44, -162, -46, 98, -36, -114, 164, 50, 164, -16, -316, -218, 48, 424, 120, 0, 38, -120, 100, 80, -144, 10, -12, 170, 8, 206, 112, -92, -154, 30, 140, -78, -56, -18, 84, 26, 68, 122, -26, -132, 188, -12, -114, -120, 132, 4, 200, -56, 118, 76, -56, 54, -20, 202, 254, 94, 38, -36, 118, 106, 182, 90, 22, -330, -28, 334, -138, 212, 10, -52, -134, 200, 238, 98, 78, 22, -58, 22, -56, 42, 136, 18, -12, 48, 42, -248, 74, 188, -128, -362, 256, 116, -66, 146, -72, 36, -2, 162, -56, 176, -68, 128, 20, 60, -260, -128, -12, 36, -164, 136, 16, -18, -2, 140, 60, 252, 14, -72, 110, 148, -284, 186, -12, 110, 228, -22, 24, 40, -118, -10, 76, -86, -124, 26, 42, 38, -88, 106, 88, -132, 30, 92, 4, 284, 40, 104, 212, 130, 88, -122, 348, -90, -88, 28, 304, 2, -78, 44, 370, -122, 160, 14, -120, -42, 288, -146, -22, 106, 0, -286, -108, 188, -114, -92, -210, -86, 38, 8, 60, -114, -154, -90, -152, 20, 34, -26, -112, -134, -98, -22, 16, -46, 58, 172, -76, -120, 190, -54, -56, -110, -218, 196, -58, 44, 82, 120, 152, -242, 6, -124, 38, -60, 314, 146, -20, -92, 214, 70, -120, 110, 156, 304, -150, 36, 14, -40, -36, 154, -60, -178, -18, -78, -90, 40, -76, -162, 74, 20, -244, 84, -56, -12, 166, -166, 42, 14, -166, 26, 94, 108, -126, -128, -104, -34, 36, -58, 192, 82, 156, 148, -92, 10, -74, -46, 84, -54, -58, 134, -78, 40, 112, 130, -210, 216, -210, 30, 130, -142, 144, 198, 62, -106, -40, -134, -6, -48, 184, -42, 376, 258, 96, 178, -196, 74, 204, 66, -98, -46, -56, 88, -50, 70, 74, 2, -158, 58, 104, 86, 2, 140, 2, 38, -46, 56, 22, 44, 68, 206, -68, 96, -18, -68, 80, 278, 168, -144, 432, 116, 322, -80, -60, 76, 86, 74, -36, 210, 152, 218, -10, -144, -96, 152, 72, 6, -22, 72, 60, -336, 80, 4, 68, -112, 112, -2, 14, 38, 142, -46, 56, 42, 202, -66, -78, 
170, 4, -216, 138, 108, -84, -110, 80, -104, -204, -30, -20, -58, 204, 26, -94, -16, -18, 152, 278, 124, 210, 42, -66, -142, -128, 108, 12, 250, 10, 102, -204, -60, -84, 46, 158, 28, -8, 32, -88, -148, -76, -20, -120, 62, -34, -58, 86, 14, -6, 104, 176, -146, -58, -4, -58, 36, 26, 70, 260, 32, 0, 180, 198, 50, -128, 254, -6, 198, -116, 86, 12, -60, -134, 74, 134, 252, -12, 180, 98, -30, -136, 8, -210, -56, 166, -28, -90, -6, -12, 104, -30, -164, -56, -86, 184, -240, 274, 154, 86, 116, 20, -136, 26, -16, -96, 142, 74, -40, 132, -82, -46, 132, -54, 112, -158, 30, -90, 40, -10, -76, -38, -34, 166, 94, -158, -126, -114, 42, -70, 18, -220, -210, -166, 36, 60, 96, 14, 88, -86, -20, -46, 50, -244, -14, -10, 100, 290, 168, 46, -238, -28, 148, -6, 42, -198, 48, 222, -44, 50, -254, 80, -56, -40, 60, -58, -270, -124, 124, 106, -28, -222, 88, -148, 86, -34, 96, 176, -20, 160, 134, 116, -56, -144, 74, 126, 148, -78, 132, 132, 50, 0, -180, 32, 220, 0, 46, -166, 8, 22, 50, 56, -158, 88, -198, 56, -42, 182, -162, -74, 42, -20, -110, -40, -84, -82, 0, -100, -174, -46, -70, -2, 140, 94, -22, 142, 322, -88, -112, -38, -34, 106, -10, 6, 54, 166, 40, 50, 16, 124, -126, 180, 104, 90, -50, 94, -146, -108, 202, 78, 70, -86, -92, 212, 188, -114, -258, 210, -140, 180, 24, 62, -96, 48, 38, 176, 30, -130, -34, 70, 10, -206, -92, 76, 80, -68, 206, 118, -22, 42, -94, -82, -154, -146, -196, -26, 32, -248, 50, 108, 2, -312, 58, 126, 76, -162, 32, 8, -42, -70, 134, -214, 18, 58, 92, 124, 68, 270, -118, 238, 86, -44, 30, 134, -134, 202, 16, -82, 116, 174, 72, -36, 22, 182, 110, 170, 10, 84, 122, 112, 20, 76, 152, -164, 196, 190, 146, 184, 90, 112, 78, -42, -82, -152, 108, 36, 280, -82, 112, 78, -168, 74, 112, -278, -130, 64, -48, -32, 56, 202, 58, 14, -54, -86, 6, -10, 170, 154, -40, 54, 124, 50, -8, -28, 86, 76, -98, 38, 134, -136, 44, -60, -144, 242, -26, 0, -108, 220, 110, 112, 150, -46, 214, -76, -166, -164, -166, 132, -122, 178, -2, 22, 148, 46, 48, 54, -60, 14, -58, 104, -130, 248, -238, -138, 230, 10, -14, 138, 64, -44, 44, -6, 88, -46, -102, -228, -174, 70, -20, 174, -158, 32, -20, 172, 82, 90, -272, -88, -122, -34, 32, 60, -74, 104, 88, -82, 238, 166, -60, -4, 38, -114, 40, -60, 0, 130, 84, 220, -84, -190, -42, 76, -66, -248, 32, -340, -42, -70, 44, -112, 34, 4, -170, -94, -150, 76, 122, -14, -6, -128, 34, 266, -56, 114, 466, 94, 74, 228, -18, 62, -26, 24, -64, 30, -124, 38, 142, -34, 162, 58, 
-28, 12, -32, -180, -118, -94, 24, -156, 48, 248, -68, 40, 2, -226, -198, 66, -46, -154, -98, -190, -120, -100, 18, 74, 28, 132, -250, 48, -260, -60, 96, 268, 110, -56, 38, -48, 46, -10, -106, 100, 152, 42, 82, 110, -64, 26, -28, 50, 86, -56, -134, -166, 120, 152, -102, 30, 6, 94, -18, -204, 36, -8, -142, -92, -76, -28, -90, 40, -158, -72, 136, -46, 104, 172, -58, -28, -168, 140, -140, -52, -74, 188, 58, 234, -130, 6, 62, 160, 22, 88, 294, 4, 32, 110, 10, -286, 196, -160, -250, -50, 84, -4, 348, 30, -130, 88, -112, 94, 64, -30, 106, 14, 66, 156, -78, 376, -176, -68, 90, -120, 106, 202, -138, -272, 30, -30, 162, 192, -44, -58, -6, 168, 154, 144, -128, -234, -86, -104, -220, -64, -30, 158, -88, 122, 6, -42, 90, -64, -4, 138, 136, 130, 62, 180, 38, 200, 136, -192, -58, 88, 172, -118, 40, -20, 52, 186, 222, 124, 8, 54, 162, 288, -30, 94, 100, -16, 88, 32, 22, -20, -186, 22, -36, 186, 72, -60, -34, 14, 114, -152, 102, -172, 292, -244, -68, 68, -88, 118, -6, -60, -94, -88, 42, -30, 198, -98, 130, -94, 92, 142, 40, -136, 194, 258, -22, 160, -12, 216, 136, 184, -116, 8, -202, -140, 120, -76, 72, 10, -64, 18, -40, -150, -70, -28, 2, 30, -72, -16, -4, -44, 104, -138, 24, -4, 12, 114, 62, 140, -150, -68, 86, 24, 114, -198, -56, 48, 224, -164, 90, -150, 86, 106, 114, 136, -66, 14, 92, 248, 198, 32, 108, 284, 56, 78, 86, 48, 132, -144, 36, 2, 88, 76, 80, -90, -50, -118, 12, 176, 172, 128, -86, 178, 120, -36, 176, -24, 294, 104, 46, 12, -118, 100, 38, 140, -54, -92, -94, -172, 96, -156, -80, 132, 32, -46, 102, -106, -122, -30, -64, 44, 20, 74, -100, -308, -28, -162, 136, 6, -126, -76, -4, -106, 136, 84, -46, -102, -26, -238, -14, 34, -84, -88, 92, -104, -50, -98, -30, -16, -40, 28, 198, -6, -150, 270, 4, -64, 80, -98, 198, -216, -66, -182, 40, 42, 40, 12, -154, -16, 44, 18, -168, 74, 28, 114, 78, 36, 172, 130, -136, 306, 186, 192, 20, -178, -162, -12, 52, -154, -132, -78, 42, 158, -82, -16, 98, 78, 238, 122, 152, -224, 138, 104, -46, 102, -12, 148, -200, -46, 328, 54, 258, -126, 354, -12, -72, -82, 124, -248, 106, 116, -66, -112, 58, 108, 116, 348, 122, -34, 192, -34, 108, 186, -72, 18, 18, -28, 112, 90, 42, 6, -110, -150, -26, 74, 82, 52, -118, 6, 116, -28, 8, 122, 0, 144, -180, -152, -20, 100, 182, 66, -2, -8, 54, 278, -62, 358, -34, 224, -86, 140, -34, 4, 66, 84, -140, -42, 56, 194, 28, 4, 76, -128, 180, -56, -266, 22, -92, -104, 94, -50, 136, 222, -64, -88, 78, -128, 26, -18, -54, -70, 
114, 70, 148, 172, 184, 122, 8, 158, 52, 0, 78, 50, -208, 20, 100, -28, 64, 130, 132, 158, 112, -42, -84, -88, -182, 34, 50, 134, 228, 104, -20, 46, -64, -86, -180, 26, -4, 2, 64, -148, 126, 172, 24, -8, 154, 74, -6, 68, -34, 84, 74, -54, -116, -200, 210, 0, 58, -62, 98, 294, -104, -32, 214, 218, 122, 106, 218, -42, 290, 100, 88, 8, -52, -14, 50, -20, 212, -234, 46, 208, 132, 120, -4, -214, -22, 26, -62, -194, 60, 92, -252, -84, 32, 24, 94, 192, -22, 128, 248, 216, -102, 98, -104, 36, 104, -36, 128, 28, 10, -36, 6, 36, -210, 34, 74, -278, 80, 6, -12, 110, -150, 120, 16, 260, -12, -16, -76, 158, -36, 184, 60, -110, -44, -102, 114, 158, -50, 304, 174, -78, 120, -142, 94, -144, 84, -94, 112, -42, 4, -66, 46, -184, -128, -14, -132, -60, 12, 110, 88, -236, -196, -6, -160, 16, -46, -180, -72, -24, 18, -44, 10, -94, 154, -8, -104, -46, -60, -74, 22, -42, 276, 58, 76, -64, 180, 72, 194, 6, -50, 96, 200, 222, -176, 244, 116, -166, 54, -62, 96, 144, 112, 40, -194, 58, -142, 90, 122, 204, -182, -80, 54, 38, 116, -206, 106, -134, 78, -82, 192, -258, 76, 136, 256, 60, -176, 156, -44, -52, -14, -38, 90, 192, 128, 30, -10, 196, 194, -4, 16, 134, 244, 52, -56, -104, 112, 180, 4, -42, 42, 22, 106, -78, 18, 304, 302, -230, -92, 118, -66, 180, -62, -46, -52, -8, 136, -40, -314, -252, -82, 32, -138, -64, -88, -24, -112, 56, -74, 206, -60, 218, 156, 86, -78, 118, 218, 92, -118, -40, -106, -6, 118, -78, -156, -48, -152, 98, -274, -96, 0, -8, 30, 178, 14, -88, -152, 130, -16, 396, -40, 224, -60, -142, 16, 126, -52, 222, 174, 102, 106, 110, -6, -274, 80, 252, 98, 0, 104, 68, 192, 140, 94, 148, -190, -50, 4, 52, 154, 194, -186, 42, 120, 84, -60, 158, 192, 354, 62, -2, 138, -104, -104, 32, 106, -232, 166, 30, 122, -60, 132, 70, -72, 220, -24, 108, -148, -42, 98, 50, 38, -18, 216, 160, 8, 120, 256, -42, -132, -70, 408, -136, 70, -180, -154, 228, 110, 64, 12, 66, 136, -16, 18, -194, 14, 124, -84, 88, -92, 38, -64, 286, 16, 108, 212, -16, 28, -128, 250, 144, -42, -58, -180, 70, -252, 178, 118, -58, 30, 168, 64, -132, -30, 180, -8, -20, -128, -4, -114, -26, 62, 134, -198, -146, 6, -78, 132, 134, -214, -6, -242, 226, 252, 182, 132, 86, -6, -96, 94, -124, -194, -102, -82, -160, -60, -86, 238, 150, 2, 66, -76, -14, 158, 0, 54, -112, 98, -248, -4, -182, 64, -98, 158, -14, 18, 56, 154, 138, -4, -124, -162, -34, -38, 12, -150, -4, 200, -66, 180, 238, -28, 266, 52, -232, -70, 148, 40, 38, 98, -118, 34, 162, 
60, 50, 42, -102, -76, -60, -12, -136, -128, 68, -12, -44, -14, -4, -34, 74, -112, -108, 160, -152, -42, 40, -12, 98, 192, -118, 14, -220, -174, -38, 110, 134, 120, 128, 284, -86, -86, 200, -174, 138, -26, -154, -84, 30, -92, -142, -76, -172, -90, -2, 30, 74, -66, 116, -156, 210, -86, 142, 100, -122, -16, 194, -118, 12, 24, 74, -158, -36, -200, -98, 16, -48, 48, 6, 88, -46, 56, 126, -62, -152, 178, -150, 90, 164, 62, 0, 262, 246, 72, 102, -2, 228, -22, 134, 214, -326, 10, -130, -76, 50, 112, -176, 220, -28, -132, 124, 38, 60, 38, 26, -84, -156, 126, 70, 2, 64, -62, 186, -4, -136, 46, 82, 20, -156, 134, 138, 70, -88, 34, -188, -70, -12, 128, -82, 72, -118, -58, -170, -88, 74, -76, 114, -32, 102, -16, 36, 80, 28, 124, 34, 118, 104, 192, 10, 26, 28, 162, 40, -220, 236, 112, -38, 206, -26, 112, 76, 152, 162, 76, -176, 210, 102, -186, 62, -20, 56, 34, 34, 68, -24, -12, 118, -42, -50, -64, -26, 100, -8, 212, -226, -260, -98, 102, -76, 40, 176, 176, 108, -82, -184, -48, 36, 68, -222, 310, 172, 110, -6, 86, -60, -16, 16, 4, 180, 30, 250, 96, 22, -36, 202, -110, 22, 26, -12, 168, -36, -106, 236, -256, -90, -18, -144, 84, -24, 20, -120, -110, 82, -86, -88, -62, -122, 102, -22, -84, -154, -124, 204, -20, 108, 62, 120, 66, 180, 52, 318, 50, -46, 184, 166, 30, -48, 96, 40, -48, 30, 164, 162, 106, -80, 144, 250, 108, 74, 64, 208, -10, -58, 218, -98, -84, -14, -20, 22, 34, -176, 20, -120, 144, 10, -144, 182, 212, 6, 240, -40, 316, 8, 130, 132, -24, -64, 114, 74, 308, -40, -96, -292, 14, 28, 62, 176, 24, -108, 78, -60, -82, 2, -116, -68, 152, 232, 16, -138, 58, 76, -82, -108, -234, 88, -190, -194, 138, 80, 8, -48, -48, -122, 198, 92, 118, -100, -52, 80, -220, -326, -38, 62, 92, 46, 126, 188, -84, 110, -74, 64, -80, 186, -140, 34, 74, -264, 166, 26, -42, 140, -104, -102, -42, 76, -250, -138, -122, 120, -248, 30, 286, 22, -190, 136, -84, 86, 104, -100, -44, -252, -56, 26, -68, -106, 106, 12, 42, -70, 10, 86, 16, -26, 90, -102, 102, 64, -60, 206, 36, 348, -144, 136, -136, 50, 92, -116, 226, 62, 0, -44, -72, 28, 70, 246, 62, -64, 78, 12, 280, 46, 82, 182, 188, -56, 180, 74, 22, 84, 38, 86, 280, 142, 210, -156, -262, -58, -136, 86, 116, 56, -116, 120, 206, -18, 114, 192, -62, 72, 74, 8, -70, 70, 192, 68, -140, 78, -118, 230, -98, 114, -8, 110, -12, -2, 92, 48, 34, -54, -198, 60, 32, 0, 234, 18, 144, 138, 262, 12, -38, 98, 126, -156, 38, -114, 100, 118, -2, 86, -118, 44, 28, 94, 174, -202, 
28, 28, -52, 148, 98, 4, 222, 134, -24, 34, 244, 132, 8, 138, 130, -40, 190, 66, 8, -100, 70, 72, -18, -158, -142, 58, 182, 92, 92, -54, -10, -70, -232, 202, -258, 18, -50, -118, 96, 44, 36, 38, 192, 60, 66, 272, -138, 90, -58, 152, 112, -10, 44, -106, 126, -262, -6, -146, -64, 106, 172, -86, 132, 42, 132, -184, 232, 232, 56, 74, -88, 126, -42, -10, -102, 28, -80, 16, -136, 68, 104, -20, 108, 90, -66, 82, -94, -142, -2, 72, -8, -232, -42, -154, -12, 240, 104, -48, 114, 86, -278, 186, 30, 56, 164, 52, 30, -30, 38, 232, -36, 78, -290, 90, 124, 46, 254, -122, 78, 314, 180, 54, -34, -34, -62, -76, -16, -12, 48, 10, 44, 74, -110, 92, -14, 36, 34, 134, -14, -96, 134, -262, 6, 18, 120, 158, -234, -36, -160, -12, -70, -84, -98, -6, 154, 36, -72, 120, 132, -128, 204, 202, 2, 98, 34, 34, -52, -110, 50, 164, -194, 8, 86, -154, 140, -100, -38, 86, 110, 24, -88, -36, -76, 16, 180, 36, 52, 110, 72, 228, 82, 122, -70, 92, 22, 14, -102, -120, -50, 84, 160, -66, 46, 190, -172, -132, 24, 214, -90, 336, 30, 72, 68, -124, 230, -88, -156, -72, 66, -134, 140, -20, -54, -56, 86, 64, 22, -184, 20, 48, -110, 154, 146, -64, 62, 116, 94, -84, -254, 54, 170, 70, -84, 28, -30, -32, 150, -90, -44, 82, 48, -60, 30, 60, 218, -230, 102, 78, 44, 58, -48, 10, 50, -182, 46, -86, -42, 52, -184, -44, -130, -14, 36, -30, 52, 86, -40, 0, -132, 162, 272, 114, 18, 54, -92, -8, -130, 172, -224, 4, 58, 76, -84, -22, -50, 154, -214, -36, -30, 36, 186, 72, -82, -124, -88, 32, 14, 154, 8, 66, -170, -30, -30, 174, 164, 20, 0, 8, 86, 70, -94, -98, -10, 108, 134, 10, -18, -38, 48, -40, 32, 72, -114, -86, 24, -66, 202, 168, -266, -12, -124, 142, -28, 10, 312, 286, 112, -134, -122, -74, -72, -138, -26, -54, 38, -72, 80, -98, 174, -178, -270, 160, -8, 34, 60, 100, 52, 2, 94, -208, 106, 268, 188, -94, 78, -130, -236, 144, 196, -244, -22, 24, -82, 234, 318, 20, 38, -152, -68, 46, 124, -54, -10, 140, 30, 28, 148, -128, -32, 48, -82, 62, 94, -12, -6, -20, 276, 82, 130, 78, -48, 140, -106, 226, -16, 114, 32, -30, 120, -62, 30, 142, -218, -12, -90, -222, -10, -48, 24, 58, -40, -132, -30, -70, -44, -96, -150, -84, -340, -10, 338, 144, -90, 78, -154, -64, -76, 8, 32, 30, -146, -58, 88, -40, -12, -10, -98, 34, -106, 90, 42, 68, -14, -24, 20, 26, -32, -62, -60, 20, -12, -8, 54, 72, -140, -30, 12, 106, 20, 66, 70, 10, -166, 78, -86, -4, 6, 10, 82, 178, 14, -58, -98, 34, 68, 56, 78, -148, 0, 100, 
188, -98, 68, 98, -4, -72, -102, -44, -48, -16, -54, 72, 276, 70, -6, 98, -68, 44, -16, 84, -20, -170, -12, 130, -72, 70, -54, -186, -68, -4, 122, 84, 118, -110, 278, -30, -6, 60, -52, 78, 190, 126, 28, 58, -178, 96, -26, -52, -4, -98, -236, 136, 80, 112, -22, 6, 102, 110, 274, -242, -150, 66, 36, -22, 142, 122, -122, -86, 18, 102, 104, -54, 78, 0, 306, -184, 174, -80, 38, -136, 94, 10, -90, 18, -20, -350, -52, 32, -82, -184, -12, 108, 10, 138, 76, -180, -122, 20, -166, -46, 182, -192, -14, -60, 104, -34, -170, -6, 46, -152, 4, -122, 142, 82, 46, -104, 6, 220, 72, -318, -108, 80, 242, 188, 180, 8, 48, -206, -8, 14, -176, 66, 104, -194, -18, -34, 44, -306, 112, 152, 30, 270, -54, 100, 136, 70, 168, -68, 74, -162, 48, -124, 102, -4, 32, 96, 52, -118, 68, 94, 36, -160, -276, -6, -14, 210, 82, -12, 138, -156, 148, 2, -68, 228, -212, -84, 20, -50, -52, -56, 316, 280, 102, -76, -214, 116, 166, -134, -74, -192, 174, -40, 92, -252, -62, -86, 82, 84, 104, 104, 66, 14, 4, -228, 262, 106, -146, -290, 30, -318, 112, -166, 94, 172, -184, 78, 60, -56, -110, 98, 8, 88, 54, -166, 82, -12, 26, -10, -42, -68, -2, -232, 18, 168, -10, 66, -76, 156, 88, -52, -44, -26, 88, -40, 42, -78, 188, 68, 200, -6, 180, 220, -172, 58, -380, -40, 92, -150, -18, 112, 16, 76, -58, 70, 2, 92, 6, -56, 148, 6, 186, 70, -140, 84, -72, -170, -40, 242, 212, -238, -126, -28, -52, -42, -46, -224, 130, 12, 16, -156, 46, 4, 2, 66, 38, 74, 54, 88, 166, 12, -20, 20, 120, 174, -128, 30, 12, -182, -124, -132, 306, 124, 56, -8, -10, 12, -206, -6, 70, -138, -144, 106, -8, -124, 38, 190, 48, 266, -194, -146, -70, -76, 18, 192, -46, 224, -44, -102, 270, 58, 88, -92, 128, 90, -96, -114, 112, 196, 88, 260, 142, 162, 246, 112, 72, 202, -78, 164, -56, 88, 190, -150, -6, 110, -102, -78, 82, -40, -68, 204, 76, -378, -84, 188, -30, 80, 176, -130, -140, 84, 170, 4, 170, -96, -102, 28, 82, 170, 158, 36, 4, -6, 130, -200, 22, 118, -130, -30, -2, -118, 54, -168, -166, 76, 94, -16, -46, 206, -24, -30, 142, -30, 98, -242, -130, -250, 56, 134, -132, 64, 126, 8, 240, 54, 8, 94, -36, 0, -126, 88, 64, 220, -70, 62, 60, -46, 48, 200, 290, -58, -128, -108, 130, -104, 122, 56, -58, 184, -22, -144, 242, 196, 26, 182, -156, 30, 160, 20, 130, -72, 124, 122, 36, 0, -162, 58, 154, 178, 88, -220, -52, 4, -192, 70, 192, 102, 152, -80, 136, -16, -114, -38, 214, -108, -8, -54, 28, 14, -40, -124, 128, 8, 222, -98, 50, 34, 64, 60, -100, 32, 
22, 134, 0, 50, -24, 250, 74, 124, -84, 124, 80, 14, -136, -50, 256, -86, 8, -84, -60, 46, -92, 130, 158, -18, 198, 0, 70, -6, 302, -20, -106, 88, 46, 202, 62, -18, 12, -56, -4, -34, 68, -40, -118, -50, 136, 14, 200, 62, -84, 160, 170, -96, -102, -148, 94, 32, 136, -158, -240, 48, 74, -60, -110, -6, -86, -96, 72, 232, -42, -58, -20, 34, 20, -12, -140, -12, -176, 20, 192, -48, -10, -20, 168, 246, 166, 82, 72, 28, 16, 116, -126, 118, -56, 94, 30, 140, 218, -46, 298, -56, -174, 74, -112, 170, 36, -26, -16, 52, -104, 144, -34, 190, 0, 4, 40, 128, 12, -74, -104, 284, 140, 70, -10, 46, -2, -250, 94, 302, 92, -8, 166, 22, 74, 54, 24, 70, -76, 236, 12, -174, 82, -276, 4, 132, 64, -150, 40, 96, 10, 194, 74, 58, -96, 164, 122, 328, 92, 282, 8, 94, 32, 162, 226, 114, -166, -192, -112, -112, 72, 76, -56, 36, -124, -144, 264, 92, 46, -120, -60, -228, -190, -174, -174, 4, 266, 180, -162, 112, 76, 206, 8, 68, 66, 132, 110, 216, -60, 38, -90, -32, 114, 58, 172, 224, -220, -56, 18, 254, -22, 268, 90, 96, -86, -82, 252, 70, -128, 50, 116, -44, 100, -126, 86, 228, -50, -14, 46, 152, 180, 40, 36, 132, 86, 34, -122, -92, 84, -72, -90, -50, 36, 56, 18, -82, 240, -48, -84, -94, -4, 102, -148, -142, 28, -96, 80, 308, -10, -52, -34, -126, -48, 238, -16, 74, -114, 24, -126, -48, -52, 144, -114, 14, 108, -118, -122, 56, 198, -102, -232, 220, 204, 164, -64, 38, -124, 146, -224, -110, -96, 112, 20, 90, -94, -34, -8, -26, -10, 26, -58, -108, 60, -170, -62, -4, -20, -240, 122, -120, 190, 124, -100, -42, -172, 96, -26, 62, 64, 198, -6, 140, 148, 58, -10, 158, 70, 30, 186, -304, 0, 200, 152, 114, -34, 90, 70, 90, 110, 58, -342, 70, 50, 48, -166, -64, 12, 150, 50, 4, -74, -18, -322, -50, -334, -122, 66, 64, 348, -172, 138, -20, -36, 162, -24, -100, 14, 114, 196, -22, -64, -36, 54, 202, 92, -12, 108, 160, -192, 188, 258, -102, 52, 12, 88, 302, 44, -230, -118, -294, -26, -102, -130, -268, -26, 64, 24, -36, 176, 120, 148, 48, -14, 292, 78, -212, 108, -46, 8, -220, 90, 80, -252, -68, 110, 342, 84, 74, -38, -20, 0, -56, -130, -62, -220, 0, 8, -92, 262, 174, 70, -18, 152, -104, 166, -62, -152, 142, 56, -188, -156, 8, 176, 202, -72, 110, 146, 50, 84, -2, 110, 104, -180, -196, 34, 46, 132, 24, 46, -128, -138, -20, -204, -134, 56, -38, -28, -40, -126, -166, -22, 114, 122, 34, 260, 36, -260, -30, -20, 98, -38, 88, 150, -48, -74, 206, 88, 36, 26, -68, -80, 48, -30, 148, 60, 220, -116, 98, -12, -162, 260, 8, 
172, 14, 48, 204, 52, -226, 78, -28, -44, -92, 54, 112, 280, 72, -108, 132, 86, 96, 314, -56, 94, 106, -50, 48, -152, 66, 70, 126, -294, -20, -8, -260, 112, 100, -106, 74, 118, -148, 124, 78, 48, 74, 142, -10, -8, -126, -164, -164, 76, -52, -132, 178, -66, 48, 82, -238, 234, 212, 54, -44, 16, -18, 200, 16, -122, -28, -150, -40, 26, 128, 10, 150, -8, 78, 8, -18, 180, -86, -164, 176, 76, 26, -170, -206, 14, -98, 0, 142, 80, -30, 290, -66, -34, 58, -40, -70, -190, 38, -44, -38, 80, -40, 14, -30, -58, 142, 22, 86, 60, -68, 150, -64, -116, 124, -160, -100, -32, 134, -104, -280, -114, 2, 98, 36, -50, 304, -2, -268, 120, 146, -44, -60, -150, -82, -26, 34, -16, -146, 76, 126, 78, 94, 254, -58, 48, 116, -30, -22, -156, 70, -88, -84, 216, -10, -62, -112, -74, 16, 108, -112, 30, -334, -240, 10, -16, 416, 50, 172, -70, 46, -64, -50, 98, 92, -112, 46, -154, 74, 20, 180, 246, -46, 106, 152, -108, -28, -40, 94, -12, 80, -22, -60, -38, -164, -64, -234, -48, 318, 142, 186, -60, -64, -46, 60, 158, 48, 44, -20, 104, -84, 38, 46, 6, -8, -194, -60, 122, -76, -104, 178, -28, -58, 44, 4, -40, 134, -22, -168, 112, -12, -36, -68, 44, 138, 168, 234, 32, 128, 76, 56, -52, -72, 130, -70, -70, 192, 154, 180, 140, -6, 28, 200, -116, 130, -38, -76, 94, 28, -84, 122, 36, 18, 104, -12, 274, -4, 120, -132, -56, 98, -2, -22, 40, 182, 44, -20, -130, 288, -82, -82, -208, 14, 62, 126, 2, -70, 60, -18, 58, -2, 142, -6, 314, 72, -112, 2, -22, -56, -156, -4, 210, 130, 162, 44, 84, 286, -102, 122, -98, -82, 156, 100, 438, 36, 88, -152, 90, 98, -90, -202, -80, 154, 96, 14, -86, 154, -38, 252, -142, -366, -118, 4, 20, 104, -130, -26, -26, -114, 338, 82, 122, 42, 76, 204, -150, 46, 68, 16, 42, 60, 646, 54, 96, 128, 42, -64, -212, 96, -58, -182, 20, 18, -12, 154, -14, 106, -10, -104, -14, 310, -144, -56, -22, 64, -76, -120, 144, -108, -12, 48, -90, -112, 90, -164, 130, 244, -24, 240, -20, 222, 158, 126, 112, -14, -40, 58, -60, -58, -68, 20, 28, -212, -82, 258, -94, 204, 98, -62, 24, 16, 280, 22, -258, -102, -20, -52, 8, 46, 32, 206, 78, -8, 274, -130, 8, 34, -34, -212, 98, -18, 52, 92, 198, -26, 150, -100, -22, 202, 166, 38, 2, -152, 220, -126, 22, 10, 76, 144, 22, -80, 68, 122, -40, 46, -24, -18, 150, 198, 102, -32, 74, 250, -6, 68, 10, 152, 104, 142, 62, 16, -50, -32, -96, 48, 270, 164, -4, 58, 18, 2, 46, -28, 98, -132, 116, -96, 8, 58, -18, 108, 56, 60, 222, -120, 86, 6, 210, 188, -84, -52, 
94, 142, -40, -94, -46, -32, -72, 50, -26, 114, 28, -130, -152, -34, 54, 14, -120, 18, -222, 210, 62, -170, 58, -42, 172, 0, 48, 36, 188, 152, 72, 204, -100, 0, 196, -48, 2, 150, -10, 6, -116, -76, 38, 12, 28, 92, 150, -142, 10, -4, 24, -70, 78, -38, -26, 424, -278, -28, -142, 192, 216, 8, -172, 72, 116, 130, 152, -16, 60, -42, 58, -174, 164, 136, 188, -32, -82, -4, 80, -44, -20, 182, 142, 20, -28, 52, 44, -110, 112, 352, -330, 2, 200, -6, 100, -28, 368, 16, 56, -34, 20, 60, -74, 84, 134, -164, 100, -96, 72, -6, -78, 42, 158, 30, 108, -8, 100, -96, 180, 12, 64, 26, -150, -104, 110, -142, 154, 220, 216, -142, 108, 154, 22, 138, -76, -30, 88, 26, 2, -284, 50, -62, -232, 38, -96, -130, 186, -54, 164, -66, 48, 104, 2, -4, -288, 150, 126, -42, -36, 212, 8, 34, 104, 148, 32, -314, -46, -138, 34, 48, 74, -174, -98, -138, 86, 78, 84, -72, -70, -86, -24, -72, -140, -106, 152, 124, 6, -84, 16, -116, 138, -106, 68, 202, 110, 78, 16, -248, -164, -156, 52, 94, 194, 106, -114, 12, 40, 172, 22, -164, -40, -74, -34, 44, 158, 316, 46, -18, 80, -274, 158, 108, 116, 244, 50, -12, -50, 18, -12, -144, -72, 176, 30, -160, -98, -94, 54, 82, -18, -190, -16, 62, 172, -14, 200, -174, -248, -302, -88, 0, -134, -136, -26, 54, 106, 144, -62, -172, 130, 64, 4, 94, 166, 28, -10, 222, -66, 174, 124, -154, 214, 56, -118, -118, 194, 186, 108, -238, 228, 52, 106, -64, -18, -256, -68, 108, 96, 280, -50, -52, -20, 96, -8, 152, 104, 0, -42, 116, 328, 110, 18, 36, -72, -60, -80, 8, 126, -92, 108, 14, -4, -124, -178, 26, -30, 260, -150, -56, 60, 204, 184, -48, 4, 140, 260, 4, 34, -28, 202, 364, 120, -28, 18, -14, 236, 46, 98, 2, -120, -132, -28, -114, 36, -184, 264, 138, 66, 76, -48, -78, -572, -26, -46, -180, -22, 204, 220, 38, 98, 284, 40, -68, 54, 26, 50, 110, -26, 212, -10, -200, -10, 112, 20, 30, 178, 34, 178, 108, 48, 36, 82, 232, 36, 140, -70, -208, -94, -272, 182, -78, 124, -16, -118, 62, 122, 100, 64, 16, 36, 36, -74, 86, 72, -174, 112, -172, 94, 114, 264, -56, -252, -190, 296, 140, -36, 224, -32, -18, 10, -88, 124, -20, -152, 36, -32, -32, -52, 88, 32, 14, -54, 26, 32, -54, 138, 174, 30, -36, 192, 136, 128, 30, -66, 208, 320, 126, 42, -72, -82, -58, 52, -128, -18, -4, -12, 6, 250, -114, 38, -72, -24, -252, 130, -18, 122, 114, 30, 62, -40, 108, 130, -76, 112, 46, -6, 6, 66, 0, 44, 178, -72, 78, -144, 214, 72, 18, 68, -44, 14, -30, -158, -88, -110, 114, -16, -18, -280, -146, 68, 48, 
-50, -174, -58, -120, 60, 8, 10, 140, -12, -18, 38, 96, 180, -92, 64, -40, 150, 76, 222, -62, -102, 104, 50, -142, -98, 64, -40, 16, -90, -126, -102, -132, 124, 58, -106, 66, 68, -42, -82, 138, 94, 58, -102, 136, 182, -2, -36, -26, 124, 44, 10, 6, 34, 66, 0, -208, 140, 58, 80, -126, -206, -4, 80, -114, -134, -46, -40, -90, 16, -64, -18, 270, 24, -16, -54, 60, 196, -148, 0, 144, 60, -74, -104, 118, -136, 210, 120, 80, 46, -172, 148, 138, -216, 60, 118, 162, -102, 124, -92, -168, 176, -206, -86, -24, -54, 122, 176, 130, 68, -56, 34, 124, 6, 92, -36, -68, 14, 214, -286, 8, 62, -68, 196, 118, -128, 88, -192, -144, 76, 262, -58, 56, 18, -118, -94, -24, 192, 44, -98, 108, -32, 54, 376, -44, 132, 238, -166, -8, -284, 62, 116, -102, 14, 54, 74, -78, -228, 46, 76, -170, -88, 162, -58, 30, -92, 138, 180, 106, 6, -54, 60, 134, 126, 192, 0, -166, 34, 116, 188, 86, 46, 58, 206, -38, 76, -160, -6, 50, -224, 136, -34, 276, -54, -24, -44, -84, -14, 46, 144, 170, -204, 140, -142, 2, 174, -10, 70, -206, -26, 194, 112, -12, -44, -34, -242, -82, -20, 138, 62, 118, -56, -144, -194, -252, 124, 100, 28, -76, -48, 180, 194, 44, -170, 110, 28, 86, 44, -10, 188, -36, 292, 182, -46, 10, -36, 284, 82, 278, 92, -12, 156, 240, 54, 90, -178, 26, 216, 84, -58, -122, -50, -200, 124, 32, -74, -104, 68, 52, -112, 92, -180, -42, 164, 104, -164, -180, 194, 106, -144, -48, -128, 22, -22, 218, -14, -102, -30, -280, 60, 198, -74, 6, 122, -88, -46, 238, 84, -108, -158, -152, 20, -6, 6, 130, 98, 166, 92, 70, -108, -96, 150, 2, 320, 62, -64, -110, 206, 158, 162, -322, -58, 86, 286, -88, -162, -14, -12, 68, 8, -306, -154, 524, -16, -26, -438, -70, -78, 68, 136, 110, -92, 112, -22, 230, -234, -138, -40, 22, -106, 92, 410, 42, 86, 84, 106, -60, -30, 114, -94, -214, -68, 170, -34, 98, -22, -124, 14, -76, 102, 272, -112, 34, -68, 14, -182, -44, -100, -50, 74, -8, -30, -176, -138, -150, -48, 70, 14, 236, -50, 22, 66, 78, 10, -40, -86, -174, 8, -22, 42, 94, -130, 100, 140, 14, -158, 150, 66, -60, -196, -112, 276, 106, -84, -34, -78, -136, -52, -36, 36, 242, 140, -10, -88, -156, 2, 108, -42, 50, 60, 78, 120, -46, -14, 138, -156, -38, 12, 102, -34, -36, 102, 160, 176, -84, -192, 14, 44, -4, 12, -10, 114, 52, 122, 54, 98, -60, -168, 114, -54, 152, 46, 90, 136, 222, 14, -140, -6, 108, 18, -82, -106, 180, -30, -26, 146, -80, -2, 126, 20, -158, 50, -92, 162, -168, -6, 96, 74, 114, 44, 68, -20, -102, 252, -106, -68, -20, 214, 82, -58, 176, 
66, -64, 50, 84, 32, -58, -48, -238, -38, 32, -102, -32, 4, -188, 80, -124, -120, -118, -110, 90, 152, -4, -20, 312, 184, 118, 76, 138, 134, 160, 34, 80, 8, 42, 64, -46, 20, -42, 122, 98, -110, 20, 338, -80, 52, -44, 150, 54, -214, 28, -40, 174, 18, -112, 12, 184, -256, 16, -146, 160, 76, 136, 52, 146, 60, 124, -24, 10, 92, 148, 76, -354, -30, 4, 202, 68, 58, 124, -190, -172, -28, 230, 0, -76, 60, -76, -256, -68, -28, 180, -188, 72, 246, 8, 24, 204, 180, -8, 188, 114, -176, 144, -36, 66, -148, 184, 62, -158, -30, 62, 30, 52, 198, 174, -92, -180, -62, -6, 244, -98, 12, 140, -156, 28, 218, -124, 202, 48, 178, -50, 58, 14, 62, 162, 8, -52, -42, -34, 12, -76, 140, -8, -180, 104, -82, 36, 158, 242, 240, 38, -28, 232, -26, 94, -52, 314, 194, 34, 0, 338, 12, 168, 230, 54, 208, -68, -254, -148, 20, -42, 12, -154, -134, -112, -90, 200, -90, -194, -110, -8, 38, 44, -42, 80, -132, 180, -18, -54, 128, -2, 6, -78, 108, 30, -66, 2, -14, 176, 34, 138, 46, -122, 74, 22, -92, 104, 116, 122, 42, 44, 62, 126, 184, 32, 340, -100, -74, -122, 22, -68, 10, 150, 204, 118, -12, 56, -248, 16, 172, -130, -196, -150, 232, 28, -84, 166, 64, 76, -58, 46, -134, 16, -30, 44, 10, -210, -58, -134, -98, -230, -178, -204, -36, -10, 170, 136, -8, -74, 70, 64, -60, 242, -52, 52, 126, 60, 72, 100, 144, -174, 180, 152, -26, -66, 86, 206, -130, -94, 214, 140, 84, 46, 188, -176, 98, 64, -8, 370, -22, -74, 280, 80, -4, 158, 72, -144, -198, 168, 252, 216, 54, -114, 144, -38, 10, -80, 30, -30, 110, -136, -90, 38, -178, 28, 34, 172, -164, -174, -2, 214, -4, 10, -38, 78, 60, 8, 112, -138, 42, 262, 138, -274, -198, -36, 428, -112, 44, -56, -28, -220, 248, -114, -152, -44, 258, -12, -230, -22, 126, -12, -426, 152, -236, 66, -72, -38, 40, -116, 150, 232, 52, 156, 122, -84, 190, 102, -158, 34, 10, -180, 132, 126, 86, 144, 202, 86, 216, 138, 156, -158, -10, 196, 450, 110, 194, 78, -62, -70, 186, 112, 142, -42, 90, 14, 118, 118, 118, 134, 206, 64, 230, -68, 24, -12, 92, -186, -124, 112, 20, -18, -92, -68, 142, 80, -86, -12, 100, -58, 36, -252, -44, 192, 20, 14, 34, -8, -22, 438, -18, 108, -22, -144, 140, -106, 14, -2, -6, 48, 28, 122, 64, -152, -32, 66, 52, 68, 80, 68, -40, -64, -6, -20, -136, 86, -68, 72, 122, 34, 28, -216, -10, -70, -82, -166, -132, 118, -66, 30, 46, 164, 6, -94, -6, 128, -74, -12, -32, -194, -54, -8, -88, -24, 50, 286, 16, -72, -64, -284, 86, 54, 16, 58, -104, 146, 226, 134, -18, -80, 98, -158, 
192, 156, 288, 16, -46, 80, 194, 118, -84, -42, 236, 116, 32, 328, -50, 194, 24, 152, 20, 156, -40, 26, 298, 22, -14, 80, -72, -116, -150, -110, 104, 10, 54, -50, -46, 228, -32, 22, 32, -28, -24, -250, -48, 84, 30, 138, -52, 174, 208, 32, -46, -118, 50, 210, -62, -178, 314, 212, -122, -78, -214, -154, -78, -206, 54, -36, 228, 98, 180, -200, 172, 298, 244, -18, -260, -120, -100, -54, -160, 150, 178, -64, 174, 8, -148, 170, 258, 152, 80, -94, 216, 240, -384, 20, -28, -50, 54, 34, 56, -90, 90, -66, -132, 24, 128, -238, 38, 82, 92, 34, 86, 50, -330, -108, -60, 390, -240, 56, -64, 216, 2, -140, 96, -88, -84, -34, -84, -28, -48, 96, -42, 124, -92, 10, -62, 148, 16, 40, -130, 56, 44, 36, 148, 170, -46, -8, -70, -254, 104, 114, -78, -98, 132, 80, 72, -226, -108, 92, -112, -268, 30, -32, -12, 4, -146, 38, 184, 52, -14, -54, 94, 30, 66, 158, 4, -90, 256, -36, 304, 84, -90, 36, 84, 74, 144, 74, 64, -2, -140, 132, 28, 44, 16, 32, 34, 48, 64, 130, 68, -66, -204, -40, -112, -74, 108, -20, -92, -140, 26, -94, 64, -216, 22, -80, -98, 48, 26, -76, 4, 64, -76, -134, -120, -72, 0, -22, 184, -74, -52, 208, 50, 238, -108, -2, 134, -154, -228, -108, 30, -66, 180, 86, 104, 62, -58, 48, -104, 404, 116, 120, 176, 192, -60, 40, -136, -32, 144, 92, -6, 6, 122, -192, 32, 62, 40, 26, 82, 86, -184, 204, -220, -218, 170, 48, -34, -136, 42, 94, -302, 100, 124, 32, -242, 160, -56, 190, -58, -102, -10, 74, -114, 48, 132, -100, -172, 90, 6, -142, -24, 18, -210, 128, -64, 92, 8, 18, 76, -62, -58, 452, -24, 54, 84, 74, 8, -56, 192, 108, -32, 72, 8, -162, 114, -40, 74, -138, 110, 252, -142, -104, -40, 106, 50, -90, -312, 132, 26, 10, -104, 242, -190, -32, 60, 94, -344, 120, 102, -34, -86, -4, 204, -132, 208, 106, 288, 64, 110, -2, 0, 90, -32, 0, -122, -98, -120, 0, 296, 14, 126, 338, -248, -8, -60, -122, -246, -26, -154, -94, -96, 52, 164, 34, -140, -36, -114, -82, -82, 124, -58, -146, -24, 156, 6, 38, 24, 8, -64, 2, -38, -142, -52, 90, -100, -150, -16, 58, 238, 12, -56, 56, 40, 120, -60, -24, 52, 58, -50, 230, -46, 120, -62, -182, 4, 36, 218, -62, 16, -178, 210, 22, 58, 34, -132, 14, -14, 210, -44, -82, -4, -18, -100, 106, 52, -110, -160, -138, -106, -82, 112, -86, 24, 6, -12, -98, 56, 24, 32, -6, -14, 28, 38, -2, 158, 158, 220, 26, 204, 40, -20, -196, 242, 138, 52, -40, 76, -146, 50, 104, -54, 36, 62, 64, 188, -140, 140, 190, -32, 222, 94, 52, -20, 30, 104, -64, -54, -114, 4, 62, -44, 66, 
18, -142, -196, -8, 0, 64, -100, -20, 78, 20, -116, -106, 18, -224, -28, -146, -40, 6, -52, -208, 64, 106, -288, -44, 80, -172, 122, 66, 228, 58, -108, -42, 58, 134, -24, -258, -24, 38, -56, -22, -6, 384, 8, -52, 112, 2, 382, -130, -142, -70, 0, 134, 146, -96, 168, 0, -256, -50, 106, -122, 36, 118, 84, 150, 118, 138, -132, 30, -70, 48, -116, -132, -178, -70, 268, -44, 166, 2, 56, -154, -6, 48, 4, -172, 52, -54, -230, -32, -54, 142, 80, -246, 252, 116, -106, 194, 102, 142, -68, 54, -92, 132, 114, 106, -48, 380, -22, 4, 22, -50, 172, 22, 156, 18, 144, -154, 294, 74, 162, -122, -24, 214, 90, 162, 90, -58, 46, 124, 86, 74, 158, 24, 68, 136, 86, -14, 28, 38, 172, -20, 0, 128, -10, -8, 64, 62, 78, 252, 86, -6, -66, 84, -142, -14, 92, 434, 12, 40, -142, 340, -46, 92, -110, 38, 204, -4, -20, 60, 64, -2, -156, 206, -126, -104, 138, 16, -36, 86, -98, -172, 68, -36, -20, -70, 104, -14, 22, 110, 192, 46, -68, 192, 0, -162, 74, 52, -60, -154, -6, 6, 44, -16, 140, 60, -198, 162, -88, 124, -200, 58, -140, -34, 8, 156, -64, -112, -66, 258, -4, -114, 180, 138, 88, 40, 48, 192, 4, -102, -8, -270, -72, -48, 40, 4, -164, 4, 226, 18, 98, 78, -242, -78, -120, 86, 8, -4, 156, -252, -252, -176, -106, -140, 98, -8, -24, -50, -122, -282, 140, -34, -90, 186, 146, -16, -134, 152, -58, -42, 64, -198, 200, 304, 72, -146, 152, 14, 90, -22, 126, 36, -44, -126, 140, -152, 36, -112, 212, -30, -58, -82, 50, -70, 30, 278, 180, -102, 12, 68, 82, -16, 42, -32, 270, -130, -124, -22, 150, -98, 164, -226, 198, -72, -36, 14, 64, 0, 70, -108, 94, 156, 94, 194, -4, -54, -112, 154, -158, -232, 142, -40, 114, 160, -8, 66, 114, 52, -94, 186, 76, -218, 232, 186, 148, 58, 182, -78, -198, -82, -90, -38, -102, -6, -230, 20, -102, 42, 40, 34, 20, 14, 24, -56, -18, 134, -130, -28, -46, -114, -60, -142, 216, -154, -82, 64, 328, 180, 184, 120, 224, 122, -168, 70, 184, -24, 290, 144, 130, 178, 154, 54, -36, -210, -122, 6, 236, 108, 192, -24, 22, 98, 104, 60, -98, 282, -48, 148, -148, 68, 192, -72, 76, -72, -86, 16, -120, 92, -66, -226, 116, -4, 110, 368, 6, -64, -248, -62, -8, 106, -12, 108, -16, 30, 122, 18, 140, 10, -34, 52, 72, 104, 30, 92, 114, 256, 146, 106, 140, 226, -98, -36, 142, 66, 42, -62, -26, -44, 34, 158, -218, 120, 198, -76, -46, -220, -96, 40, -222, -64, -60, 158, -290, -54, -110, 72, -88, -134, -112, 88, 134, -10, 10, -96, -164, 84, -108, 94, 144, -160, 108, 64, -70, -176, -6, -56, 18, 202, 20, 12, 118, -122, 
-16, 216, 270, 88, -24, -156, 172, 88, -84, -10, 32, 78, 122, 166, 168, 148, 210, -14, -98, 102, -152, -154, 338, 100, -136, 368, -152, 24, -342, 90, 126, -46, -48, -42, -88, 64, 18, 80, -106, -22, -56, -340, -38, 56, 40, -20, -168, 46, 202, 92, 108, -260, -108, 160, 82, 0, 280, 318, 72, -134, 68, -116, -190, -188, -82, -300, 144, -174, -16, 86, 246, 94, 170, 136, -112, 104, -154, -82, 106, 142, 310, -50, 32, 176, -112, 22, 108, -18, 80, 24, -48, 124, -310, -28, 56, -128, -148, -242, 24, -10, 124, -38, -84, -46, 220, -126, 8, 98, -140, 210, 44, 48, -78, -4, -70, 2, -134, 4, 18, 192, 138, -238, -90, -38, -8, -96, 100, -82, -20, 62, -60, 30, 170, 22, -52, -26, -68, 8, -248, 76, 82, -148, -58, -44, -76, 120, -98, -94, -84, -42, 126, 44, -68, -82, -84, -140, -16, 52, 354, -130, 108, -64, 168, 48, -168, 94, 94, -202, 6, -66, 146, -94, -12, 90, -86, -160, 142, -156, 12, 78, 142, -24, 122, 0, -46, 286, 26, 52, -20, 6, 86, -58, -46, 170, 106, -8, -10, 202, 26, 2, -38, 66, -90, -8, 64, 42, 144, 110, 210, -68, 164, 98, -6, 50, 54, -12, 102, -226, 46, 132, -298, -194, 160, 72, 10, -20, -120, 28, 262, 200, -16, 42, 56, 54, 72, -68, -58, -16, 18, -36, 152, 150, 100, 116, -84, 78, 22, 234, 88, -14, 18, 80, -66, 218, 48, 130, 228, 206, 78, -8, 8, 0, -84, 42, 172, -10, 114, 140, -70, 176, -146, -176, -86, 124, 46, -50, -12, 50, 72, -142, -10, 198, -228, 142, -40, -84, -26, 94, 248, 68, -84, 4, -50, -180, -152, 128, 12, -36, -110, 62, -30, -26, -74, 34, 122, -20, -228, -68, -158, 222, -298, 174, 40, 192, -72, -128, 112, 114, 84, 128, -10, -70, 16, 136, -80, 60, 38, 124, -54, 202, -46, -48, 30, -10, -152, 78, -8, -68, -112, 250, 10, -110, 86, 312, 12, -2, 2, 184, 8, 94, -34, 32, 92, 70, 240, -28, 196, 30, 22, 0, 126, 142, 52, 48, 150, 34, 174, 126, -6, -46, -172, 120, 62, -154, -148, -68, -6, 34, -90, -248, 216, 8, -10, 36, 24, 130, -78, -6, 134, 60, 28, 170, 186, -86, -156, 8, 62, 38, 72, -166, -92, 34, 28, -118, -52, 22, 160, -20, -230, 200, 64, 96, -62, -68, 146, 40, 60, 242, -84, -84, 22, -90, -112, 32, 244, 210, 98, -40, 94, -76, -34, -100, 114, -6, -34, 102, 74, -8, 106, -38, -128, -14, -222, -228, -58, 22, -142, -60, 94, 18, 6, -58, -34, 114, 46, 214, 40, -252, 108, 18, -126, 162, 80, 404, 374, 76, 252, 90, 32, -102, 404, -46, 146, -34, 64, 144, 114, -50, -334, 180, -128, 102, 244, 18, 216, -128, -44, 244, -128, -12, -50, 46, 158, -14, -56, -192, 102, 124, 106, 182, 
20, -162, -228, 130, 240, -186, -172, -88, 74, 0, -220, -74, -182, -260, -56, -198, -126, -30, 272, -82, 106, 238, -208, 6, 108, -248, 166, 54, 312, 90, -180, 32, 98, 218, 96, -62, -46, -84, 180, -86, 90, 200, -20, -64, 18, 10, 170, -146, -128, -100, 130, 148, 116, 4, -144, -10, -110, -198, 134, 248, 16, 250, 108, 56, 86, 80, -14, 340, -14, 94, -208, 184, 250, -192, 116, 152, 180, -20, 48, -110, -36, 32, 176, -86, 186, 84, -242, 32, -72, 154, 52, 16, 388, 110, 64, 74, 118, 374, 70, 64, -10, -36, 172, 206, 38, 100, 28, -24, 208, 72, 98, 14, 30, -40, 62, 16, 64, 166, 34, -186, -72, 342, 242, 48, 2, 222, -98, 46, -180, -44, -42, -4, 44, 92, 20, 64, -200, -32, 238, -114, 34, 22, 62, -150, 56, -182, 112, 248, 68, -54, 32, 6, 262, 18, 76, 52, 284, -48, -232, 122, -274, 106, -208, 24, -88, 140, 8, -32, 40, 26, -160, 322, 36, -96, 166, -4, -198, -26, 80, -52, -112, 168, -110, -70, 126, -88, 10, -118, -116, -12, -176, 94, 106, -124, 8, 138, 108, -134, 66, -174, 148, -20, 70, -14, -98, 14, -116, -12, -282, 40, -194, -14, 36, 18, -160, -106, 184, 234, 28, -102, 252, 180, -180, 144, 172, 88, 6, -108, -64, -134, 208, -6, -50, -14, -64, 98, 148, 50, 74, 108, -120, 56, 42, 250, 218, -104, -50, -152, 22, 68, 6, 76, 74, -80, 104, -170, -68, 122, 6, -144, 80, -10, 36, 82, -106, 196, -8, 68, -102, -140, 50, 18, 300, -206, -56, 266, 142, 12, -96, 340, -72, -298, 46, -142, 90, 94, 106, -34, -246, 30, 120, -104, 292, 250, 48, -62, 182, -60, 104, 162, 176, 68, 74, 36, 4, -24, 192, 60, 110, -142, 270, -186, 50, -60, 62, 10, -48, -266, 62, -60, -74, 130, -36, -122, 68, 8, 112, -10, 138, 4, 250, 6, 110, 126, 196, 68, 52, 8, 326, -18, -4, 68, 34, -182, -34, -118, 102, -136, 156, -170, 72, 70, -62, -108, -24, 196, -28, 10, -106, 18, 134, -46, -138, 36, -80, -8, -184, -32, 136, -28, 210, -92, 160, 66, 140, -86, 236, 142, 30, 318, -128, 66, -102, -30, -228, 4, 116, 2, 26, 44, 60, -112, -152, 254, 210, 4, 166, -26, 10, 298, 280, 96, -56, 76, 44, -174, -132, 184, 124, -310, -88, -28, 116, 12, -308, 146, -136, -70, 64, 158, 70, 202, 136, 74, -138, -146, -126, 2, -120, 108, 158, 118, -214, 94, 102, -6, -152, 76, -90, 116, 118, -48, 152, 94, 24, 126, 232, -140, -8, -160, -20, 124, -32, -48, -102, -158, 60, 202, -112, -154, 128, -84, -78, -342, 24, 32, -134, 112, -110, 184, -90, 98, 54, -60, 150, -12, -216, 208, 460, 8, 96, 10, -248, -106, -14, 86, -12, -194, 64, 22, -158, -102, -140, -80, 6, 0, -84, -74, -74, -52, 
-72, 174, 156, -202, -256, 340, 274, 12, -138, -38, 268, 110, 308, 208, -90, 90, 232, -84, -90, 274, -180, -222, 186, 190, 16, -66, -106, -226, -164, -240, 192, -4, 208, -196, 16, 120, -22, 102, -106, 160, -52, -196, 42, 104, -40, -120, -144, 236, -28, -76, -104, 318, -102, -92, 96, 2, 26, 178, -90, -342, 170, -60, 18, 32, -54, -22, 38, -178, 14, -58, 254, -310, -240, 112, 186, -192, -22, 26, -86, 138, 138, -116, -78, -32, -80, -132, 128, -64, 96, -6, -40, 32, -416, -106, -34, 94, -50, -252, -116, 38, 34, -68, -30, 0, 46, -118, -30, -32, -78, -20, 24, -10, 270, -30, 2, -4, -168, -156, -44, 208, 130, -222, -22, 26, 120, -300, 24, -174, 218, 38, -8, -42, -90, -56, 62, -2, 134, 56, -184, 168, 198, 60, 12, 234, -150, 146, 202, -130, 16, 212, 102, -148, -208, 98, -168, 54, -234, 118, 210, 68, 250, -98, 206, -24, 62, 78, -32, 60, -136, 32, 282, -276, -38, 56, 38, -64, 106, 42, -94, 96, 138, -94, 84, 40, -18, 136, 50, -36, 84, 96, 40, 32, -48, -22, -76, -258, -122, 326, -60, 380, 6, -60, -62, 18, -56, -42, 78, -18, 146, 102, 214, -10, -76, 52, 150, 66, -100, -200, -42, 46, -154, -144, 302, -98, 78, -46, 136, 94, 12, 238, -46, -70, -56, -2, -40, 12, -36, -10, -24, -126, -4, -18, 10, -352, -94, -104, -86, 56, 44, -22, 12, -204, -90, 40, -284, 174, 90, 18, 110, 114, 16, 92, -194, -156, 112, -208, 4, -128, 90, 130, 44, 176, -94, -18, 70, -252, -150, 60, 162, -324, 74, 160, 46, 142, -76, -40, -42, 104, 142, -134, 24, -12, -64, -8, 84, 44, -250, 104, -190, -66, -72, 132, -44, 132, 94, 24, 28, -24, -210, 28, -188, -14, 74, -36, -28, -80, 350, 66, -48, 98, 26, -162, 92, 68, -146, -188, -236, -52, -266, 74, -166, 170, 26, -180, 26, 12, -84, -88, -28, -120, 168, -160, -142, 88, 112, 138, -72, -28, -50, 146, -118, -106, 144, 136, 90, -78, 18, 100, 240, 0, -174, -34, 40, 88, 2, 36, 138, -34, 40, -10, -70, 166, -8, -112, -84, 176, -138, -172, -26, -302, 200, 48, 72, 168, 192, 162, 4, 56, -172, 58, 52, 46, 78, -82, -4, -38, -56, 324, 98, -282, -118, 80, -30, 4, -110, -24, 224, -136, -6, 112, 158, 194, 16, 178, 352, 8, 92, 96, -78, 8, -24, -220, -12, 8, 158, -4, 122, -44, 324, -58, -182, -52, 240, -30, -48, -216, 94, -158, 188, -144, 34, 30, -60, 128, 100, -64, -138, 190, 134, 108, 130, 4, -56, -56, 180, 46, 6, -102, 86, 144, -136, 10, -58, 298, 96, 92, 132, 74, 140, -220, 70, -136, 34, 92, -114, -170, 212, -120, -58, -76, 10, -54, 100, 104, 72, 112, -26, 266, -64, 80, 328, 308, -54, 160, -12, 96, 108, 134, 20, 188, 
-84, 20, -76, 58, 168, -48, -246, 18, 46, 8, -98, 174, -202, -54, 226, -132, -216, 140, 78, -390, 20, 138, -14, -60, -16, 74, 166, 154, 176, 210, -38, 112, 40, 14, 20, -42, 66, 58, 112, 50, 24, 224, 74, -94, -48, 114, 142, -156, -94, 136, 202, -194, -52, 262, 136, 78, 22, -232, 212, 300, -122, 22, 102, -26, 18, -16, -124, 98, -188, 226, 20, 174, 96, 90, 76, 54, 190, 56, 114, -114, -4, -6, -4, 122, -8, 16, -62, 198, -178, 60, 42, 140, 306, 82, 224, 118, 112, 40, 146, 208, -154, 160, -92, 40, 92, -14, -58, -46, 114, 218, -134, -10, -128, 116, -22, 88, 168, 82, 12, -132, -46, 154, 148, -108, -60, 228, -30, 236, -170, 50, 234, -108, -16, 34, -42, 2, -42, -28, 76, -130, -306, 74, 162, -56, 10, -36, -272, 38, 60, -32, -192, 362, 108, 90, 28, -8, 210, -94, 108, -26, -68, -108, -264, 92, 0, -134, 82, -22, 46, 88, -100, 160, 158, 240, -68, 136, -24, -40, 180, 64, 72, -40, -186, 106, 68, -136, -192, 8, 34, -82, 64, 110, 148, 152, -72, 88, 150, -150, 62, -50, 122, -26, -38, -166, -44, 136, -20, -32, 68, -194, -148, 100, 140, -54, -90, 82, 68, -8, 138, 24, 112, 86, -54, -56, -52, 186, 0, -6, 86, -120, 150, 284, 26, 56, -100, 6, 160, 46, 128, 198, 54, -28, 56, 284, 186, 46, -96, 138, 162, 38, -22, 218, 238, 2, 226, 54, -158, -124, 40, -64, -66, -106, 310, 170, -144, 46, 272, 140, -30, -42, -48, -32, 398, 96, -78, -100, 180, -64, 62, -30, -14, -162, 60, -200, -102, 88, -40, -88, -4, 434, 88, -98, 146, 32, 24, -88, 176, 70, 152, 208, 36, -160, -66, -16, -122, 96, -2, -62, 240, 112, 248, -124, 112, -20, 52, -76, -38, -22, -62, -156, -120, 232, -78, 78, 196, 112, 148, -18, 148, 56, 262, -162, 126, 196, -140, 146, 20, 132, -168, 336, -142, 66, 68, -194, 60, 48, 130, -6, 54, -6, 24, 92, -22, -174, -96, -38, -140, 56, -72, 114, -46, 114, 130, -58, -38, 176, -148, -16, -8, 256, 34, -298, -4, 252, 36, 4, 88, 132, -138, 178, -202, 96, -182, -84, -44, -96, 42, 2, 278, -28, -36, -76, -96, 206, 74, 48, 34, -94, -18, 166, 50, 112, 90, 2, 118, 28, -168, 76, -42, -20, 90, -132, 12, -182, -374, 120, -94, 74, 234, -16, -58, 304, -30, 104, -60, -10, 22, -114, -250, 84, 46, -118, -284, -4, 6, 104, -16, -2, -34, 90, 30, 180, 72, -152, -144, -152, 84, -250, -182, -74, -130, 38, 338, 266, -50, 128, 134, -150, -40, -112, 16, -32, -120, -210, -6, -182, -140, -2, -118, 290, -66, -66, 28, 14, 52, 198, -40, 186, 126, 18, 6, 80, -30, 4, -226, 30, -196, -122, 134, -70, -206, -132, 40, 58, 50, -46, 16, -68, 198, -112, 
36, 22, 112, 102, -104, 92, 70, -90, 26, 2, 50, 126, -14, 136, 24, 92, 98, 20, 28, 244, 6, -150, 110, 14, -160, 104, -62, -2, 70, -118, 76, -50, 96, 140, 56, 218, -18, 30, 2, -172, -196, -274, -180, 206, 86, 40, 76, 202, -176, -46, -70, 144, 14, -88, -184, -132, 32, 242, -286, -232, -80, 78, -142, 122, 52, -34, 96, -84, 302, -32, -140, -12, 30, 60, -74, -58, -18, 202, -64, -118, -6, -48, -58, -78, 114, -64, -136, -38, 24, -142, 14, -104, -184, -142, 136, -194, -22, -106, -134, -76, 262, 26, -52, -102, 144, 134, -134, 20, 52, 22, 86, 258, 86, -30, 36, -34, -142, 44, -82, 156, 88, 84, -12, 134, 226, -118, -158, -34, 226, 216, -102, -44, 186, 58, 28, 2, 64, 24, -66, 54, 222, 150, -220, -32, 58, 44, 392, 96, -154, 144, 92, -326, 36, 0, 28, -8, -104, 36, -60, -84, 52, 8, 150, -84, 182, 10, 28, 194, -44, 38, 310, 20, -52, -218, 44, -126, 28, -46, -168, -28, -82, 20, 276, -16, -92, 270, -38, -134, 74, 144, -126, -198, -4, 30, -20, -118, -160, 202, -146, 10, -48, -64, 18, 314, 4, -152, -98, 202, 4, 270, 202, -62, 14, -26, 34, -142, 26, -130, -206, 66, 22, 146, 50, 58, -48, -138, -64, -60, -30, 2, -42, -54, 130, -214, 138, 84, -160, 10, -40, -202, -64, 102, -14, -84, -72, 74, 172, 8, -68, 14, 14, -232, -130, 122, -58, -172, 52, 132, 4, -84, 174, 198, -152, -52, 34, 106, -156, -26, 40, 106, 142, 40, -420, -36, -6, 172, -124, 96, -176, 60, 68, 134, -48, 120, 126, -170, -74, 246, 184, -266, 102, 112, -34, -76, 116, -110, -72, -60, -98, -12, 74, 128, 82, -22, 114, 68, 40, 102, -118, 196, -260, 154, 30, 0, 62, 34, 154, -38, -8, 180, 50, -82, 6, -156, -190, -14, -52, 160, 106, 48, 0, 238, -158, 4, 110, -160, -282, 14, 14, -238, 302, 32, -82, 58, -166, -92, -26, -60, 212, 78, -36, -140, -2, 154, 320, -54, 54, -82, -36, -122, -48, -172, -164, 102, 172, -58, 84, -98, 2, -58, 28, 270, -124, -14, 122, 162, -166, 0, 206, -304, 106, -184, 142, 82, 40, 80, 122, 20, -170, 112, 4, -10, -18, -94, 16, -74, 132, 116, 26, 6, 16, -56, -76, 54, 150, 248, 190, -116, -12, -92, -76, 250, 128, 190, 88, 136, -32, 136, 30, -74, 88, -306, -62, -182, 100, -10, -6, 38, 312, -92, 48, 6, 142, -30, 18, -198, -20, 202, 170, -40, -58, 40, -216, -12, 100, -76, -58, 4, 264, 148, -122, 28, -138, 20, 18, 56, -28, 20, 20, -36, 116, 78, 76, 240, -252, 182, 128, 158, 6, 4, 22, 102, 82, -160, -56, -220, 24, -290, -60, 6, -96, 150, -76, -132, 190, -32, 504, 110, -76, 40, 154, 48, -100, 0, 104, 88, -38, 136, 36, 210, 
-182, -28, -122, -88, 200, -148, 70, 218, -282, 46, 70, 46, -92, -38, -24, 38, -16, 96, -94, 6, 26, 94, 50, 78, 112, -108, -24, -6, -52, 170, -16, 102, -122, -62, -110, -180, -14, -124, -32, 126, 198, 296, 52, -90, 82, -66, -4, -118, 2, -82, -130, -2, -6, -50, 144, -40, 10, 44, 342, 122, 26, -42, 112, 38, -100, 108, -112, 80, -180, 138, 228, 186, -18, 38, -40, 6, 122, 48, 92, 224, -168, 156, 54, 56, -102, 100, 44, 114, 102, 246, 100, -26, -34, 76, 8, 100, 46, 106, 62, 32, -98, 56, 154, 60, -172, 128, 36, -160, 162, 138, 86, -6, -38, 64, 50, 60, -12, -22, 4, 48, 316, -180, 188, -92, -162, 44, 110, 22, -136, -228, 130, 92, -198, -270, 200, 6, 42, -74, -68, -18, -176, -178, 242, 198, -164, 80, -296, -14, 180, -268, -136, 90, -74, 144, 148, 68, -70, -50, 14, -26, -78, 76, -102, 154, -38, 10, -8, -184, -8, -54, -92, 38, -24, 52, -88, 34, 36, 184, 64, -58, -64, 64, -174, 8, 162, -228, 130, -228, -66, -108, 112, 8, -68, 42, 110, 246, 84, -172, 90, 50, 182, 190, -148, -134, -4, 178, 218, 30, 80, -182, -98, 130, -12, -34, 60, 250, 26, 22, -64, -46, -132, -168, -2, -22, 70, -50, 102, 290, -142, 160, 34, -24, -122, 62, 130, -150, 126, -134, -72, 140, -30, 2, 78, 2, -24, 44, -182, 80, 102, -60, -176, 312, 28, -52, -18, 48, -166, -40, 58, 114, -62, -128, 228, 112, -4, -78, 168, -106, -82, -208, -84, 4, 178, 88, -186, 80, 62, 104, -54, 102, -156, -138, 126, 32, 60, 296, 10, -90, -138, 136, 16, -58, 118, 170, 26, 2, 84, 18, 68, 42, 16, -182, -166, 68, -226, -40, 112, -26, 96, 4, 210, 170, 134, -20, -18, 38, -184, -32, 238, -20, 116, 108, -28, 72, 138, 42, 70, -258, -34, -120, -124, -40, -66, 298, -8, 204, 256, 110, -124, 66, -110, 56, 154, 26, -34, -32, 186, 72, -60, 58, 48, 22, -68, 34, -308, 60, 14, 200, 68, 110, 46, 140, 238, 188, -296, 66, -178, 6, 52, 28, 68, -142, 234, 34, 60, -72, 20, 54, -78, 256, 0, 108, -144, -254, -112, -110, 170, 6, 214, -42, -14, -134, -52, -48, -206, 236, -96, 32, -50, 72, -30, -30, -28, 54, -86, -186, -70, 210, 198, -100, 38, -156, -254, 34, -80, -258, -74, 30, -50, 36, 2, 212, 188, 108, -28, 26, -26, 82, -186, -8, 54, -82, -28, 192, -68, -64, 114, 60, -190, 76, 168, 86, 164, 0, -56, -52, -134, 106, 48, -100, 98, -12, 322, 250, 74, 8, 22, -70, 78, 124, -118, -78, 20, -22, 278, -52, -14, -284, -42, -116, 38, -232, -106, 52, -34, 396, -176, -26, 206, 194, -52, -76, 62, 200, -92, 204, -140, -14, 72, -12, -66, 100, 62, 80, 0, -82, -52, 2, -80, 70, 
210, -22, 64, 34, -88, 2, 152, -294, 294, 46, -228, -154, 150, 68, 158, -12, 172, -68, 284, 108, 238, 256, 70, -52, -34, 128, -36, 32, 88, -152, 134, 14, 344, 10, -100, 80, -156, 156, -48, 136, -4, -164, -122, 212, -128, 100, 120, 90, 0, -96, 48, 28, -20, 50, -38, 28, 46, -110, -242, -104, -76, 140, -36, 130, 216, 134, 192, -4, -48, -74, -234, -64, 218, 102, -114, 64, -118, -2, -52, 66, 258, -48, 62, 106, 148, 178, 20, 28, -170, -206, -86, 314, 162, 40, 66, -22, 26, -110, -38, 48, 382, 166, 98, 230, 74, 144, 0, 192, 24, -220, -206, 76, -32, 138, 160, -20, 2, -52, 80, 152, -110, 310, -196, 108, 150, -102, 54, 68, 36, -44, -218, -68, 78, 306, -94, -18, 44, 92, 160, -60, 100, 44, -214, -146, 6, -38, 372, 48, -64, 280, 62, -274, 44, -252, -110, -10, -148, 58, -146, 118, 48, -138, 66, -106, 170, 68, 42, 114, -42, 90, 2, -90, -100, 26, 176, 142, -78, 66, 66, 100, -138, 96, 284, 216, -178, -32, -140, 204, 52, 98, 94, -34, -46, -72, 36, -158, -154, 134, 94, 78, -34, -30, 56, 90, -22, 20, -108, 152, 166, 30, 108, -130, 174, 116, 12, -200, -126, 22, 28, 20, 114, 184, 88, 110, -64, 108, -196, -182, 284, -28, 80, 150, 54, 68, -114, 184, -142, 238, -200, 30, 112, 10, -6, -70, -24, 142, 58, -22, -76, 206, 152, -194, -60, -12, 32, 16, -70, 62, 258, -126, -100, 20, -272, -68, -34, 118, -182, 102, 88, 46, -110, -60, -110, 104, 216, 42, -116, 56, 86, -90, 108, 4, 78, -26, -54, -94, 42, 138, 30, -150, -118, 122, -78, -92, -64, 224, -60, 64, 160, 168, -98, 150, 192, 80, 126, 46, -98, -8, -110, 96, -134, -194, -70, 20, 286, -200, 338, 40, -190, -46, 6, 90, 160, -8, -90, 174, 36, 246, 100, 176, 130, 308, -228, -152, 276, -130, 20, 72, 208, -46, 174, -34, -182, 124, 44, -136, -2, 164, 54, 64, -42, 136, 244, -150, 108, -132, 210, 34, -30, -114, -64, -278, 92, -162, 100, 38, 104, 8, 68, 0, 124, 230, -128, -194, -30, 66, -16, -180, 88, -66, 2, -206, 30, 198, 52, 440, -120, 8, -28, 92, -146, 40, 24, 36, 434, -300, 128, 6, 184, -66, -206, -54, 230, -46, 116, 40, -40, -90, -140, -22, 2, 136, 184, 110, 92, 114, -114, 64, 84, -58, -46, 88, -28, 12, 32, 226, 188, 20, 234, -200, -102, -162, -10, -202, 206, -92, -128, 104, 116, -12, -114, 60, -146, -74, 30, -10, 152, 106, 88, 126, 210, 20, -212, -300, 68, -158, 172, -22, -270, -10, 12, 52, 128, 154, -48, -14, -52, 226, 260, 100, -82, 306, 236, -14, -66, -298, 130, -4, 56, -62, 96, -250, -72, -60, -48, -136, 260, -6, 56, -18, 86, 44, -46, -120, 32, 182, -100, 24, -102, -84, 
60, -44, -166, 140, 40, 36, -148, 206, -66, -218, 168, 16, 56, 98, -4, 150, 50, 52, -58, 142, -40, -96, -64, -50, -14, -102, 54, -14, -58, 112, -78, -12, -188, 30, 94, 64, 104, -16, 86, -158, 120, 224, 168, -128, 154, -148, -112, -90, 62, 176, -10, -90, 18, -90, 132, -80, -124, -46, 144, 240, 18, 78, 10, 8, -148, -84, 78, 74, 22, -174, 42, 146, -6, 114, 112, 6, 136, -70, 70, 66, -98, -66, 14, -98, -102, -164, -56, -74, 110, 84, 114, -138, -188, 30, -52, -96, 68, 218, 60, 28, -220, 62, 48, 8, -192, 76, -24, -34, -104, 178, -42, -46, -102, -130, -124, -90, 40, 50, -174, -172, 24, -122, 138, -26, -88, 122, -38, 10, -104, 26, 280, 124, -94, -28, 162, 18, -56, -2, -122, 144, -246, -68, 26, 76, 74, 0, -258, 210, 330, -148, -138, 8, 50, 172, 178, -108, 112, 2, 218, -52, 46, 52, -126, 28, -140, -92, -28, -206, 110, 164, 52, 54, 176, -114, -58, 68, 144, -14, -204, -84, 56, 132, -94, -36, 220, -86, 10, -212, 288, -288, 114, 136, -86, 174, -66, 300, 260, -74, 58, -66, -100, 126, 32, -34, 138, 228, 184, -174, -58, 42, -100, -46, -254, -14, 178, 40, 58, 0, 34, 78, 14, 180, -78, 142, 128, 24, 60, 172, -90, 200, -34, 94, 34, 78, 132, -208, 214, -150, 272, 158, -2, -56, 72, 12, 56, -76, -32, 82, 18, -218, -66, 66, 62, 90, 226, 128, -156, -166, -56, 274, 238, -28, -6, -66, 4, -104, 82, -98, -124, 82, 200, 150, 100, -24, -158, -132, -8, 44, -58, -38, -94, -106, 134, 72, 30, 92, -8, -94, -106, 26, 74, 54, 34, 48, 106, -56, 174, -70, -80, -226, 198, 6, -94, -58, -150, -50, 116, 52, 220, 174, 36, 140, -78, -70, -274, 100, -236, 14, 38, 272, 50, -30, -64, 6, -114, -6, -38, -86, -50, -222, -202, -226, 16, 210, 54, 114, -30, -68, -14, -254, -22, 38, 64, 54, 172, 164, 70, -176, -48, 184, 186, -164, 166, 136, -234, 106, -88, -26, 146, 280, -10, 56, 20, 180, -102, 124, -174, 160, 48, 178, -274, -134, 244, 172, 38, -28, 162, 248, 98, -114, 46, 148, 108, -180, 46, -184, 136, -166, -8, -8, -114, -74, -252, 42, -232, 152, 74, -154, -30, -18, 266, 32, -216, 30, 104, -170, -62, -38, 188, 188, 52, -18, -84, -108, 102, -88, 54, 148, -38, 76, 122, -26, -28, 204, 50, -44, 22, 154, -58, 118, 194, 74, -16, 264, -158, 170, 114, -60, 136, 44, 144, -58, -4, 16, 46, 140, -50, 156, 170, 30, -8, -28, 164, 180, -54, 150, -68, 210, 112, 50, 20, 44, -46, 72, 4, 224, 114, -46, -142, -252, 46, -76, -168, 192, 60, 84, -116, 22, -354, -46, -34, 276, 90, 124, 228, 66, -164, 114, 28, 146, -168, -98, -90, 92, 144, -32, 174, 20, 106, 4, 
-190, 80, 296, -120, 8, 26, 164, -154, 32, 146, -116, 98, -132, 84, 44, -182, -122, -46, 90, -8, -76, -12, -72, 56, 160, 24, 22, 102, -92, 42, 222, -6, 134, -62, 164, 18, 112, -46, -48, 176, 124, 42, -204, 56, -26, 16, 14, 324, -66, -72, 324, 2, 142, 64, -138, 188, -32, 32, -102, -150, 6, 94, 30, -12, -46, -68, 18, 22, 56, -14, -142, -34, 100, -234, 66, 46, -64, -2, -288, -106, 190, -22, -104, -16, 162, 154, 178, -20, -56, -12, -2, 156, 274, -20, 4, 46, -244, -138, -120, 24, 226, -42, 26, -32, 146, -26, -12, 244, 112, -112, -6, 128, 208, 260, 230, 90, -166, 104, 94, 90, -16, -112, -36, -12, 230, -10, 92, -28, 190, -10, -136, -122, 122, 36, -208, 36, 246, 86, -76, -234, 178, 292, 8, -292, -42, -62, 188, -76, -276, 96, 118, -34, -16, -236, -90, 72, -24, 62, -154, 146, 30, -134, 112, 94, 240, 206, -98, 268, 118, -228, 22, 92, -142, -68, 114, -36, -98, -16, 280, 220, 70, -164, 116, -60, -106, 86, 188, 90, -140, 124, 32, 42, -106, -16, 52, -204, -276, 190, -80, 306, 178, -124, -108, 190, 48, -162, -78, 412, 144, -144, 114, 86, 132, -6, 68, 208, 18, 122, 102, -36, -96, 118, 56, -24, -112, 40, 38, -240, 170, 98, -86, 92, -82, 70, 2, 248, -16, 90, -102, -76, 82, 52, 32, -196, -58, -34, 10, -90, -76, 120, 188, -156, 76, 140, -266, -6, 10, 62, 90, -180, -42, -66, 22, 246, -80, 118, -42, -28, 142, 48, -172, -68, 12, -22, 120, -4, -84, 208, 72, 70, 124, 16, -28, -104, 10, 58, -32, 150, 48, -138, -86, 6, 84, 118, 44, 82, 86, 144, 208, 260, 130, -44, 154, 94, 92, 194, -76, -130, -120, 70, -6, 64, 78, 254, 264, -2, 48, 80, -152, -104, -42, -10, 40, 0, 144, -4, 198, 136, -38, 186, 76, 168, -168, -226, -136, -110, -24, -30, -136, 208, -74, 12, -336, -52, -206, -180, -32, 82, 32, -326, 16, 122, -56, -40, 360, -182, 156, 124, -34, -92, 180, -254, 82, -58, 104, -124, 188, -98, 60, -22, 30, 164, -38, -46, 104, 10, 4, 88, 22, 250, 124, -66, -22, 162, -10, 302, -132, 38, 8, 118, 22, 18, 98, 0, 356, -50, 112, 138, -80, -26, -156, 168, 74, 38, 184, 160, 100, 118, -16, -238, -32, 272, 88, 186, 70, 70, 70, -92, 136, 42, 50, 122, 114, -186, -80, 78, 40, 36, 82, -44, -268, -22, -14, -136, -124, 0, -224, -118, -134, 20, 24, 184, 0, 90, 52, -286, 182, -50, -102, 82, 14, -34, 62, -14, 104, -58, 48, -148, 8, 160, -76, 18, -54, 54, -16, -262, -212, -22, -100, 134, 182, -120, 150, -226, 94, -8, 84, -66, 268, 314, -38, -256, -98, -70, -252, -142, 182, -78, 40, 72, 128, -32, -106, -194, -34, 208, 70, -12, -86, -104, 
280, 74, -246, 94, -112, 14, -58, 162, -128, -64, 82, 76, 192, -148, -10, 134, 84, 312, -42, 42, -34, 68, 78, -120, -122, -86, -60, -150, -44, 352, -120, -30, -130, 22, -16, 100, -20, 142, 30, -40, -212, 44, 28, 114, 108, -124, 82, -46, 26, 62, -24, 130, 44, 14, 152, -202, 74, 0, 236, 212, 2, -26, -110, -14, -108, 186, -116, 62, 24, 58, 38, 106, -30, 156, 60, -104, 78, 140, 206, 206, -160, -50, 174, 144, 22, 10, -292, -36, 108, -6, -22, -176, -126, 32, 150, -130, 308, 100, 122, -14, 64, -58, -254, 162, 136, -26, 128, -108, -10, 224, 200, 10, -168, 180, -98, 200, 236, -90, 146, -184, 244, 98, 92, 70, -48, -64, -20, 98, -86, 150, 32, 148, -134, -158, 384, 116, -100, -64, 66, 92, -198, -90, 150, 342, 186, 104, -34, 36, 168, -284, -236, 14, 46, 326, 4, 96, 70, 50, 148, -156, 66, 60, -66, -82, -142, -212, 100, -180, 56, 94, 118, 34, 170, 216, 6, 14, 220, -60, -140, -86, 116, 82, 18, 108, -10, -86, -186, -8, 198, 36, -138, 20, 74, 112, -62, 106, 232, 0, 132, -128, -20, 72, 206, -152, -20, 264, 80, -398, -44, 130, -126, -116, -112, -64, 150, -42, 90, -248, -10, -134, 120, -34, -32, 184, -28, 52, -22, 86, -6, -42, 174, -112, 146, -104, 50, -260, 54, 14, 196, 282, -94, 8, -166, 332, -112, 134, 144, 22, 82, -110, -136, 88, -40, -52, 174, 42, 66, -68, 6, 148, 40, 202, -40, -204, -150, -64, 94, 32, -96, 262, 90, 148, -40, 102, 10, 10, 56, -166, 18, 220, 158, 0, 84, 92, 14, -4, -142, -36, 54, 98, 12, -192, 10, -120, -156, 32, -188, 4, -186, -100, -122, 6, -34, -6, 120, 10, -50, -90, -68, -96, 116, -166, -18, -94, -282, 98, -10, -26, 170, 142, 154, 80, -92, -32, 130, -14, -80, -18, -48, -212, 38, -244, 132, 292, 160, 184, 72, 102, 214, -2, 112, 34, 256, 46, 230, 188, -34, -28, 48, 220, 108, -4, -18, 36, -326, 292, -148, 70, 120, 72, 6, 332, 70, 214, 160, 150, -94, -132, 84, -56, -122, -2, -4, 2, 64, 72, 92, -34, 46, -294, 136, 86, 20, -54, 122, -234, 156, 116, 118, -214, -76, -14, -56, -2, -200, 100, 20, 28, -2, 130, 72, 10, -50, 164, -176, -196, 78, -104, 114, 164, -78, -60, 30, -130, 38, 38, -126, 138, -118, 8, 54, -134, -150, 162, 74, -198, 78, -104, -82, 30, 300, -144, 64, -42, 60, 96, 24, 94, 198, 34, -28, 6, -100, -50, -18, 110, -50, 166, 24, 94, 230, 66, 162, 34, -124, -28, 112, 126, -98, 152, 68, -90, 18, 70, -104, 102, 22, 148, 192, -126, -36, 72, -180, 34, 4, 124, -134, -130, -100, -196, -56, 244, -108, 34, 280, 138, -28, 200, -14, -54, 44, 106, 44, -60, -94, -78, 48, -44, 174, 162, 
-166, 160, 210, -50, 24, 10, 216, -162, 132, -52, -110, 58, 40, 46, -24, 40, 12, -298, -18, 184, -138, -122, 26, 38, 66, 118, 94, 168, -68, -306, 186, 82, 136, 88, -142, 94, 192, 102, 68, -104, 28, -126, -4, -134, 134, 186, -64, 92, 134, -100, -152, -24, -98, 92, -56, 124, -164, 58, -112, -206, 28, -134, 174, 160, -12, -114, 146, -8, 164, 102, 60, -104, 74, -186, -78, 132, 44, -40, -60, -30, 200, 210, -142, -86, 10, -38, 154, -168, -140, -14, -18, 138, -74, -116, -60, -32, -214, -112, -160, 28, -6, -90, 56, -52, -164, 50, -216, 180, -104, -46, -80, 126, 166, -112, -28, 114, 46, 242, -178, 84, -170, 108, -8, 42, 98, 108, -24, -250, 230, -186, 110, 30, 172, 62, -158, 62, 52, -212, 36, -74, 142, 22, 14, -208, 50, -210, -114, -22, -148, 136, 300, 4, 32, -114, 116, -240, -58, 36, -96, -144, 226, -26, 144, 10, 248, 108, -100, 204, 28, 22, -44, 94, -246, -36, -12, -50, -50, 58, 66, 16, -68, -78, 72, -62, 266, 156, 90, 88, -60, 56, -8, -104, 4, -82, 24, -80, -168, 2, -182, 66, 190, -14, 56, 84, 68, -210, -102, 310, 4, -28, -24, 24, 72, 242, -110, 46, -16, 48, -124, 66, -40, 26, 170, -120, 184, 20, -58, 22, 120, 176, -126, 100, -206, 136, -102, -86, -48, 56, -10, -194, 54, -46, 112, -320, 218, -30, -54, -110, -72, 60, -80, -78, -14, 12, -122, 36, -162, 92, -102, -88, 22, -120, 26, -40, 358, 82, -4, 56, 2, -186, -34, -84, 160, -96, 94, 86, -18, 42, 132, -176, 38, -126, -104, 50, -94, -32, 248, -8, 110, -196, 2, 110, -10, 230, 166, 98, -18, 112, 214, 62, 150, 138, -118, -8, -2, 4, -90, 194, 112, 142, -222, 120, 104, 92, 192, 96, -86, 14, 48, -82, -160, 160, 176, -26, -144, 54, -56, -42, -76, 318, 154, 38, -66, -364, -92, -136, -58, -78, 10, 50, -8, -222, -104, 52, -88, 104, -72, 0, 114, -60, -110, -70, 78, -18, 232, -130, 58, 94, -78, 96, -204, -316, -72, 62, 20, -144, 272, 194, -80, 70, 136, -26, 110, -134, -60, -6, 144, -34, -2, 168, -48, -82, 308, -64, 26, 186, -104, -178, -100, 224, -144, -14, 106, -16, 28, -138, 22, 24, -22, -54, -200, 82, 250, -148, 182, -16, -2, 142, 56, -22, 176, 26, -56, 74, 196, -68, 150, 168, 12, -54, -84, -78, -34, -144, -26, -30, -10, 156, 176, -12, -96, 136, -62, -62, -86, 60, 64, 100, 38, 110, 6, 100, 138, 120, 96, -26, 78, -182, 82, -16, 72, 14, 24, 200, 12, 72, -196, 12, -56, -58, -10, 12, 2, 140, 344, -28, -8, -10, -58, 186, 26, 54, 68, -100, -100, -164, 314, -40, 90, 164, 242, -126, 164, -10, -2, -194, 168, -154, 24, 106, -128, 106, 34, 106, 134, 18, 204, 18, -52, -46, 
340, -196, -194, 272, 196, 66, -148, 172, -78, 8, 104, 50, -54, -34, 116, 124, 48, 244, -136, -188, 188, 82, -302, -98, 10, 28, -218, -86, 204, 250, -228, -74, -152, -82, 126, -214, -46, -138, -10, 44, 0, 26, 50, -32, -48, 70, -92, 52, 34, -26, 110, -68, 192, 38, 10, -68, 268, -248, 358, 124, -140, 294, -152, -2, 156, 204, 106, -64, -2, 78, -6, 142, -22, 280, 56, -72, 94, 240, 114, -68, -26, -132, 242, 96, -22, 44, -48, 88, -12, 160, 92, 4, 156, 140, 78, -40, 66, 170, 10, 150, 16, -40, 40, 286, 62, -164, -28, -186, 178, 124, 220, -56, -230, 126, 196, 54, -146, -146, 130, -140, 378, 6, 142, -72, -58, -122, 50, 194, -162, 36, 86, -26, 10, -100, 74, -24, -18, -4, -92, 106, 6, 0, 60, 140, -86, 200, -60, 14, 188, -30, -16, 80, 34, 278, -56, 298, -80, -134, 198, 108, -194, -12, 198, 6, -176, -182, 178, -54, 164, 148, 40, 232, 60, 214, -74, 28, 168, -104, -184, -172, 24, 254, -70, -66, -380, -54, 32, -20, 102, -34, 110, 202, 144, -56, -124, -44, 190, 30, 180, 76, -30, -18, -24, 178, 14, -30, -100, -248, 174, -60, 84, 4, -214, -106, -80, 2, 230, -70, 92, 234, 42, -30, -212, 148, -236, -104, 4, -208, 10, -330, 168, -68, -28, -80, 220, 44, -68, -108, 54, 314, -30, -68, -100, 288, -274, -6, 40, 112, 176, 14, 14, -182, -142, 30, 284, 82, 112, 214, 24, 164, 40, 100, 256, 18, -214, 104, 0, 112, 136, 236, 46, 230, -396, 120, -66, -72, 122, 206, -36, 82, 122, 90, 136, 142, 198, -80, -262, 146, -104, 158, 76, -100, -96, -344, -142, -126, 114, -46, -96, -192, 12, -142, 68, 170, 126, -174, -74, -56, 44, -86, 88, -48, -136, -162, 4, -130, -24, 108, 210, 50, 292, 148, -16, 66, 22, 108, -16, 84, -24, -204, -120, 54, 100, -36, 82, 164, 70, 22, 22, -22, 38, -56, -84, -34, 292, 2, 16, 144, 36, 52, 100, 74, 118, 30, -154, 372, -54, 140, 60, -24, 70, 308, 114, -38, -66, 156, -364, -178, 132, -80, -10, 60, -2, 192, 166, 6, 96, 220, -84, -122, 16, 46, -126, 58, -82, -92, 136, 96, 124, -118, 124, 30, -98, 94, -118, 146, -46, 160, -38, -32, 158, -82, -50, 148, -66, 36, 50, -46, 86, 84, -198, 118, 230, 0, -116, -16, -158, 40, 48, -12, 168, 88, 18, 168, 128, 250, 44, -220, -78, 6, 88, 250, -54, 146, 292, 62, -198, 178, -4, -176, 0, -46, -74, 18, -4, 82, -14, 136, 22, -2, 36, 94, 20, 120, 124, -14, 80, 202, -4, 128, 46, 180, 18, -142, -346, 30, -68, -114, 64, -96, 6, -160, -218, 134, 222, 210, -38, 86, -54, -118, -92, 64, 32, 48, 82, -64, -282, 50, 162, 58, 40, -138, -4, 20, -12, -60, -78, -44, 42, 170, 
-268, 32, 168, -296, 38, 64, -26, -56, 206, 184, -148, 82, 228, -92, 46, 58, 54, -230, 142, 230, -250, 66, 146, -22, -26, -34, -80, -28, 56, -284, 90, -74, -64, 102, -248, 106, -12, 94, -92, -120, 76, -22, -58, -68, -94, 190, 238, -40, 140, 10, -32, 170, -152, -88, -12, 124, -84, 256, -144, -54, 232, -216, 132, -42, -74, -58, -168, 164, -170, 80, -68, -128, -82, -242, 24, 26, -70, -114, -150, 100, 6, 92, -130, -18, 142, -22, 176, -168, 40, 26, 136, 110, -14, -256, 2, 18, -184, -22, -16, 86, -120, 110, 60, -214, -34, 348, 166, 176, -242, 110, -124, 50, 40, -280, 44, 76, 124, 130, 120, 178, -272, -36, -112, 2, -32, 12, -42, 28, 160, -78, -6, -58, -84, -30, -200, 86, 180, -120, 112, -64, 22, 86, -226, -62, 24, -72, 34, 24, -106, 88, 132, 104, -46, -238, 344, -54, 126, 344, -220, -144, 232, 268, -176, -6, 126, 184, -54, 54, 20, -64, -36, -106, -130, -126, -12, -72, -72, -62, 224, 8, 148, -32, -74, 32, 170, 212, 62, 220, 76, -130, -72, -198, -34, 106, 168, -8, -220, -12, -50, 46, 96, 40, -26, -120, -20, -26, 228, 314, 18, 114, -44, 10, 160, -12, 168, -14, -230, 94, -122, -78, 148, 82, 14, -188, 196, 156, 106, 154, 174, 282, -158, 102, 22, 206, -34, -62, 184, 46, -34, -348, -164, 306, 124, -200, 142, 12, -44, -136, 8, 90, -102, 134, 116, 80, -74, 50, 32, -98, 120, -126, 42, -32, -58, -140, 172, -230, 26, -226, -50, -418, -2, -46, 252, 146, -52, 74, -44, -120, 138, -132, 54, 26, -70, 46, -76, -22, 268, -6, 144, -30, -140, -52, -92, 332, 236, 162, -66, 216, 230, 352, 162, 96, 32, -116, -50, 78, 94, 60, 32, 44, 50, 158, 150, 108, -74, 214, 58, -10, -146, -116, -276, 56, -110, 56, -26, 152, -90, 10, 134, 140, 76, -128, -132, 2, -62, -222, -22, -96, -160, 148, -104, -20, 210, 80, -356, 36, -154, -92, 222, 98, 10, 72, 16, 190, -32, -14, 60, -136, 166, 196, -24, -114, -238, 86, -12, -64, 238, 248, -216, -48, -126, -48, -70, -200, -106, 102, -50, -190, 66, 30, -66, -156, 24, -66, -62, 46, -20, 18, -10, 90, -200, -96, 82, 98, 118, -270, -100, 0, -110, 158, -128, 14, 44, -16, 56, 32, 46, 22, -170, -78, 114, -82, -200, -44, 260, 4, 220, -30, -102, 94, 24, -108, -74, -148, -68, 58, -58, 238, 86, 50, -182, 8, -8, 30, -132, -134, 136, 150, -110, 184, -88, 42, 178, 92, -66, -66, 86, 10, 6, -138, -208, 0, 68, 124, 150, -30, -120, -80, 38, -78, -22, -34, 68, 142, 154, 66, 212, 68, -140, 174, 50, 282, 162, -302, -228, -258, 80, 44, 64, -112, 234, -18, 146, -72, 58, -142, 108, -42, -162, 158, 218, 16, -178, 52, 50, -10, 202, 230, 50, -142, 
144, 12, -48, 202, 114, 26, -78, 120, -116, 96, 10, 94, 110, -4, -8, 106, -4, 8, -134, -38, 190, 88, -184, -20, 46, 30, 66, 68, -302, 290, -42, -116, 22, -26, 156, 248, 154, -100, 130, 164, -62, -50, -8, 184, 54, -38, 40, -250, -46, 228, 26, -38, 88, -42, -22, -44, -2, -112, 12, 146, -308, 338, -104, 94, 254, -8, 186, 44, 98, 190, 114, 180, 188, 276, 166, 106, -42, 334, 316, -116, -84, -160, 4, 120, 0, 202, -158, 118, -46, 146, 52, -216, -72, 126, -6, -18, 222, -54, 146, -36, 106, -122, 66, 358, 114, -150, -144, -22, 134, -148, -12, -56, 68, 206, -112, -150, -50, -196, 68, -126, 58, 50, 264, 144, -62, 54, 244, 54, 16, 32, 134, 70, 140, 230, 80, -98, -90, 68, -128, 116, 8, 102, 250, 106, 112, 104, -144, 40, 74, -110, 44, 58, 10, 90, -310, 48, -190, -134, 104, 132, -46, 92, 366, 46, 166, -126, 130, 14, 40, 96, -128, 48, -4, 178, -120, 106, 192, 104, 152, 64, -88, 80, -38, 162, -56, -112, 104, -42, -46, -94, 50, -32, -130, -6, 66, -4, 6, 64, -12, -10, -4, 22, 56, -6, -138, 28, -162, -148, 22, -10, 58, 72, -218, 120, -50, -182, 366, 160, 304, 122, -190, 144, 74, 154, -12, 40, 14, -8, -134, -176, 82, -16, 82, -120, 260, 130, 2, -10, 40, 224, 150, 10, 72, -22, -120, 72, 22, -54, -74, 48, 208, -52, -38, 52, -48, -144, 66, 36, -68, 354, -140, -150, -34, 220, -166, 138, -8, 150, 114, 198, -26, 2, -112, -142, 230, -158, -124, 66, 40, 42, 92, -22, -6, 18, -148, -16, -242, 52, -94, 72, 84, 362, 94, -126, 8, 118, 242, -128, -176, -38, -188, -66, 88, 56, 58, -108, -24, -8, 34, -2, 40, 16, -68, -18, 56, -164, -124, -86, 130, 28, 112, 0, -40, 60, 66, -176, 78, -86, -70, 20, -112, 124, 166, -70, 92, 304, 22, 248, 78, -36, 122, -16, -30, 12, 362, -112, 86, -28, -110, -170, 202, -32, 182, -82, 76, -32, 90, 164, -28, -124, -64, 314, 288, 4, 80, 46, 64, -44, 166, 52, 68, -52, 54, 54, 162, -34, 340, 182, 38, 94, 168, 238, 62, 140, 130, -12, 176, -82, 42, -130, -64, -30, -28, -128, 34, 254, 220, -14, 72, -28, 84, 42, -114, 64, -82, -100, -142, -134, 102, -62, 186, 142, 96, 330, -140, 76, 54, 48, 22, 64, 44, 166, -160, 96, 148, -188, 158, -78, 232, 30, 146, -98, 162, 124, 20, 94, 158, -66, 112, -122, 176, 226, -86, -34, 228, 218, -106, -188, 162, 136, 264, 204, 100, -44, -62, 104, 20, -30, 18, 110, 136, 96, 176, 4, 206, -68, -82, -126, 172, -88, -8, -76, -16, 264, 144, 26, -34, -64, -42, -6, -262, -74, 84, 26, 74, 100, -84, 62, 58, -106, 14, 88, 68, 156, -26, -132, -226, -378, 86, 210, 
-108, -64, 12, -252, -116, -32, 158, 82, 110, -182, -68, 158, 60, 86, -272, 114, 10, 4, 96, -20, -232, 98, 90, -48, -4, -164, -104, -48, 204, 2, -70, 54, 22, -92, -12, -12, -114, 104, -154, -218, -104, -12, 132, -128, 34, 72, -46, 56, -134, -126, 50, -26, -48, -94, 200, 46, -30, 72, 156, 82, 126, -210, 194, 96, -42, -26, -94, 14, -42, 54, 64, -62, 4, -80, -136, -52, 118, -282, 8, 74, 110, -108, -34, -14, 202, -184, -132, -52, 272, -26, 264, -18, -10, 100, -64, 32, -240, 10, -156, 46, 22, 96, -74, -2, -136, 162, -20, 22, -138, 56, 166, -156, -142, -82, 150, 30, -44, 192, -78, 138, -140, 48, -198, -170, -4, 42, 124, 66, 146, -54, -38, 64, -90, -134, 178, -2, -196, 168, 226, 24, -116, -118, -136, -58, -182, -188, 8, -60, -256, -20, -96, 62, -110, -24, 290, -158, 162, -16, 8, -106, 44, -4, 88, 24, 4, 82, 84, -24, -66, 48, 82, 10, -100, -78, 102, -184, -74, -120, -126, 44, 8, -124, 28, -66, 70, 188, 84, 12, 62, 58, 8, -68, -48, 2, 30, 48, -28, -6, -4, 6, 66, -134, -120, 186, -70, -108, 152, 140, 8, -10, -118, 92, -78, -174, 20, -124, -92, 68, -326, -114, 148, -20, -182, -176, 120, -220, -60, 46, 82, 10, -262, -152, -60, 236, -272, 36, 88, 82, 72, -138, -62, -68, -224, 138, 140, 66, 36, 56, 134, 182, 58, 110, -98, -70, 48, 178, -16, 36, 140, -178, 154, 86, -20, 2, 14, 16, 60, -292, -210, -124, -76, 92, -96, 88, -256, 76, 298, 92, -82, -14, -110, -48, 20, -80, 28, -182, 226, -42, -38, -48, 32, -136, -4, 202, -98, 6, -180, 14, 190, 30, -38, 104, -2, -26, -194, 0, -14, -116, 90, 2, -12, 94, 56, -16, -150, -128, 126, 124, 18, 128, -32, 116, 68, 48, 46, 178, 96, 124, 188, 50, 222, -56, -172, -60, -48, -136, 258, -160, -248, 116, 156, 186, 142, 76, -24, 322, -22, 118, 134, 32, -210, -58, -8, 190, -44, 6, -30, -58, 142, 186, 16, -132, -232, -56, -30, -216, -36, 86, 40, 60, 12, 14, 182, 102, -298, 58, -122, 24, 306, 96, -68, -46, 116, 114, 22, 104, -24, 60, -10, 118, -10, 202, 96, 70, -230, -212, -4, 104, 102, 10, -304, 10, -12, -166, 100, 122, 18, 148, -66, 106, 2, -30, -46, -290, -116, -88, -42, 22, 230, 14, 214, -176, -24, -164, 184, 320, -62, 162, -56, 26, 70, 40, -274, -106, 158, -124, -78, 184, -12, 82, -58, -30, 78, 20, -60, -40, 108, 198, -68, 54, -78, -58, -142, 30, -10, 192, -70, 82, -84, -32, 122, 2, 8, -154, -114, -14, 190, 188, -122, 62, -20, 86, 310, -286, -266, 178, 34, 0, 24, -70, 258, 248, 56, -36, -204, -38, -58, 78, 122, -20, 98, -130, 64, -94, 108, 224, 230, 222, -12, -22, 
190, 126, -2, 170, 106, 76, -26, 8, 86, 166, -20, 52, 220, -46, 146, -22, 14, 162, -18, -14, 50, -118, -120, 158, -102, 98, -6, 158, -194, -8, -52, 24, -10, -86, -24, -18, -42, -246, 164, 214, 326, 96, 116, 150, 156, 28, -4, -40, -18, 144, 198, 22, 96, 22, -50, -116, -116, 114, -38, 18, -34, 28, -52, -4, -30, -80, -76, 50, 64, -70, 102, 24, 30, 92, 218, 26, 166, 276, 400, -30, 64, 252, 96, 76, -116, 234, 124, -30, -206, 166, -84, 38, 180, -328, 154, 20, 264, 76, 202, 56, 30, -48, -106, 60, 260, -234, -146, -130, 156, 62, -98, 162, 16, 0, 0, 6, -24, -40, 178, 34, 278, 36, 258, 96, 94, 46, -60, 96, -44, 164, 180, -100, 136, 164, -132, 42, 90, -62, -168, 102, -154, 228, 126, -24, 110, 226, -42, -228, 346, -44, 18, -64, 90, 60, -76, 120, -106, 88, 88, 70, -62, 18, -64, -126, -120, -108, 18, 230, 144, -114, -62, 38, 32, 132, -32, -8, 134, -96, 152, 12, 92, 26, 68, 118, -110, -144, -56, 160, -118, -98, 70, 132, 30, -58, -134, -22, -36, 34, 84, -174, 48, 138, 52, -96, 88, 80, -8, -70, 32, 180, 238, 126, -2, 110, 32, 100, -6, 96, 104, 130, 136, 192, 98, 192, -30, 318, 44, -4, -172, 22, -156, 162, -62, -244, 108, 118, -4, 8, -18, 110, -2, 72, 240, -32, -94, -102, 92, -20, -88, -238, -72, 112, 142, 110, 248, 0, -174, 88, -146, 166, -142, 48, 152, -114, 24, -66, -128, 136, -38, 46, -92, -14, 114, 96, 200, 104, -10, -116, 210, 198, 72, -2, -20, 82, -66, 44, -54, 76, 110, -176, -46, 228, 2, 82, 64, -44, 54, -18, -202, 230, 50, 50, 64, -36, 318, -138, -52, 150, -6, -74, 132, 38, -142, 6, 28, 242, 132, -210, 32, -96, -12, 88, -116, 76, -52, 142, 30, -10, -42, 6, -216, 2, 306, -16, 228, 136, -120, 148, 326, -6, -52, -32, -110, -120, 32, -394, -94, -66, -146, -54, 40, 104, -44, 36, 64, 94, 184, 96, -44, -212, -170, 168, 26, 4, 186, 40, -6, 52, 98, -30, -134, 12, -34, -14, 190, -2, 220, 116, -112, 74, 72, 2, -104, -38, 42, 24, 22, 120, 168, 150, 78, -8, 80, -250, 314, 154, -44, -44, 24, 34, 370, -64, -66, 28, -12, -46, -32, -58, 112, 56, 94, -46, 116, 14, 24, 150, -72, 0, -314, 122, 30, 150, 32, 46, 12, 4, 78, -186, 188, 138, -70, -4, 186, -42, 6, 136, 68, -60, 234, -24, 108, 274, -88, 40, 104, 8, 24, -64, 12, -30, 58, 90, 216, -4, 38, 230, 60, 112, 88, -64, -120, 20, 194, 212, 272, 136, 90, -208, 92, -62, 42, 42, -236, 96, 200, -90, 36, 128, -68, 108, -128, -226, 58, -40, 194, 60, -22, 118, -122, -76, 118, 156, 90, 66, -140, -144, 52, -166, 230, 82, 
-228, -58, -84, -60, -140, 14, -48, 76, 164, -2, -74, 92, -112, 6, 38, -34, -86, -94, 30, -6, -264, 210, 210, -86, 20, 160, -102, 22, 112, 14, 140, 38, -40, 102, -102, 72, 24, -82, -206, -140, -190, 54, 30, -186, -156, -68, 74, 110, 170, -216, -156, 150, -54, -266, 124, 42, 312, -308, 76, 62, 98, -54, 246, -54, 60, 0, 28, -140, 28, 84, 50, -22, 156, 10, -200, 28, -184, -262, -262, 40, 150, 28, -110, 16, 20, -24, -166, 204, 78, -120, -12, 104, -150, 250, -118, -198, -240, -78, 66, -96, -214, 98, 94, 58, -32, 90, 10, -20, -16, 90, 210, -148, 8, -122, -82, 88, -28, -24, -36, -124, -34, 0, -26, -50, 22, -60, 36, 30, 96, -36, 116, 206, -6, 8, -16, 210, -8, 4, 98, -222, 242, -44, -70, -94, -108, -88, 84, 238, -176, 6, 152, 86, -6, 6, 158, -154, 188, -102, -148, -4, -46, 176, 164, 148, -112, 198, 102, -266, -52, -76, 34, 58, 90, -80, -104, 66, -138, 62, -140, 304, -4, -12, -152, 192, 96, 136, 98, -14, 136, -118, -78, 6, 122, 134, 182, 80, 110, 44, -204, 142, 136, -36, 208, 116, -28, -48, -20, 128, 54, -32, -70, -202, 28, -60, 56, -36, -114, 20, 10, -64, 0, -200, -52, -94, 72, -220, -130, 32, 182, -32, 218, -188, 42, 200, -90, -106, 42, -36, -14, 46, -38, -122, -62, 34, -102, 8, -16, -40, 4, 80, -30, -6, -60, -34, -274, -102, 68, -112, 210, -40, 72, 54, -84, 142, 28, 90, 138, -108, 96, 46, 30, 62, -68, 80, 38, -72, 86, -62, -120, 212, 84, 86, 38, 18, 48, 94, -194, -126, 172, 38, 156, 14, 76, -24, 90, -262, -196, 52, 56, -96, -6, -50, 66, 30, -230, 70, 240, -88, 78, -106, -16, 60, 190, -26, 38, -160, 34, 188, -40, 222, 52, -12, 188, -20, 168, -142, 76, 8, -108, 10, 232, 150, -8, 46, -38, -116, 62, -146, -40, 30, 88, 28, -38, 36, 100, 336, -148, 272, 90, 40, 104, -44, 54, 18, 38, -128, -46, -90, 188, 246, 410, -18, 44, 4, -366, -56, 62, -96, -56, 62, 26, 44, 126, 196, -94, 130, -8, -114, 84, -96, 28, 62, 72, -28, 48, 10, 102, -20, -74, 84, -48, 84, -72, 124, -254, -54, 144, 72, 208, -142, -160, -94, 154, 158, -18, 158, -98, 176, 66, 36, -30, 30, -76, -62, 2, -86, 168, 188, 130, 110, 126, -96, -136, 166, -24, 52, -18, 172, -300, -90, 56, -2, -104, 114, -98, -194, -90, 112, -142, 142, -152, -382, 252, -102, -14, 80, -124, 128, 72, 38, -112, -114, -324, 176, 130, -56, 172, -34, 12, 104, -12, 0, -134, -30, -268, -116, -122, 132, -148, 110, 90, 148, 168, -30, -166, 134, 56, -6, 54, -274, -24, 242, 50, -16, -166, -156, 218, -34, 76, 62, -250, -300, -40, -68, -90, 204, 104, 154, -110, -200, 
70, -128, 56, 192, 298, 76, -234, -120, -54, 16, 66, 134, 132, 28, 10, 90, 374, 198, 178, 164, 356, -132, -96, 220, 64, -16, -202, -98, 84, -100, -108, 148, 22, -120, 212, 122, 238, -18, 190, 74, 414, -46, 50, 246, 124, -70, 96, -122, -46, 144, 8, -116, 198, -46, 90, 8, -44, 296, -88, -34, -170, -194, 16, 108, 20, 138, 196, 120, -88, -120, 2, 78, -84, -34, 104, -54, -96, 154, 60, -96, 108, 104, 94, -38, -44, 40, 124, 50, -88, 40, 72, 4, 92, -180, 104, 184, 40, 144, 106, 78, 144, -60, -28, 34, 114, 108, 150, -100, 112, 120, -118, 118, -52, 306, 172, -86, 20, -42, 34, -92, -16, 178, 112, 120, -66, -4, -2, 94, -56, 220, -126, -188, 0, -40, 58, -176, -80, 238, 144, 102, -198, -10, 0, 200, 56, -22, 100, -54, 280, 108, -294, -130, 196, 2, -232, 16, -4, 240, 144, -106, 62, -44, 68, -268, -64, -18, -52, 160, -20, -110, 98, 118, -34, 114, 186, 110, 80, -44, 76, -176, 218, 86, 148, -32, -104, -74, -56, -60, -96, 38, 136, 64, 34, 48, -164, 4, 16, -176, 158, -130, -136, 208, -34, -118, -22, 202, 58, -40, -110, 168, 140, 28, 106, 16, -10, 134, 112, -94, 188, 128, -98, 32, -70, 136, -12, 264, 342, -70, 94, 74, -64, 92, 32, -120, 32, 18, -174, -78, 60, -190, 40, 198, 176, -116, 88, -56, 12, 18, -198, -178, -68, 78, 128, 36, 178, 102, -160, 62, 46, 16, 100, 114, 36, -18, 60, -6, 92, 104, 42, -136, 88, 104, -236, 170, 144, 226, 42, 8, 84, 14, 54, -8, -140, 26, -20, 66, 72, 74, 42, 46, 42, -68, 84, 108, -138, 318, 56, -100, -2, 66, -32, -4, 48, 82, 242, 2, -40, 46, -108, -8, -30, -90, -166, 46, 120, 90, 60, -134, 200, -162, -102, 204, -254, -22, -120, 264, -6, 30, 14, 30, 14, -62, -90, -158, 60, 304, -32, 92, 44, -30, -142, 56, -10, -188, 16, 50, 148, -136, -106, -122, -108, -84, 132, -6, -210, 92, 182, -70, 118, -182, -262, 18, -66, -14, 64, 110, -136, 18, 114, 12, 0, -96, -166, -42, -120, -264, 102, 56, -102, 54, 114, 160, -54, -16, -118, 40, 6, 136, 56, -110, 54, -190, 22, 2, -26, -20, -84, -14, -98, 16, 254, 20, -62, -268, -62, -74, 132, 42, -92, -30, -8, 38, 196, -162, 58, -40, -252, -74, 132, -80, -190, 206, 224, 18, -42, 54, 116, -64, 322, -20, -66, 28, 202, -246, 302, 182, 132, -52, 178, 54, 146, 366, -246, -24, 74, 28, 180, -34, -174, -132, 152, 122, 328, 10, -20, 32, -82, 20, 18, -94, -56, -46, 10, -66, 244, 216, 242, -46, 106, -48, -82, -164, -134, 152, 10, 130, 116, -86, 78, 186, -92, -36, -138, -94, 178, 66, -134, 134, 36, -70, 196, 390, 86, 122, -2, -120, 106, 84, -12, 124, 
-14, 126, -18, 38, -140, -66, 96, 34, 198, -10, 86, -296, -94, -88, 42, 98, -166, -182, -64, -12, -20, -16, 200, -174, 166, 134, 110, 68, -108, 98, 62, 166, 40, 54, -258, -98, -72, -70, -94, -70, -154, -18, -38, 20, 30, -80, -34, 204, 46, 8, 50, 304, -20, 14, 56, -154, 158, -216, -134, 238, 92, -170, -68, -146, 176, -64, 48, 72, -30, 90, 82, -14, 334, 12, -210, 96, 118, -32, -28, 70, -10, -4, 50, -32, 24, 44, -84, 132, 70, -40, 16, 144, -62, 106, -192, -42, 100, -222, -34, 68, -252, -84, 210, 66, -50, -224, -94, 136, -84, 124, 144, -176, -96, -144, 146, 54, -128, 144, -96, 98, 56, -68, 24, 42, 12, -60, -38, 66, -86, -136, 82, 198, 10, 236, 152, 166, 88, -152, -204, -168, 112, -18, 42, -18, 80, -70, -84, 160, 12, 74, 234, 24, 2, -4, 310, 16, 90, -252, -8, 178, -166, -6, -132, 228, 62, 218, 142, -126, 118, 234, 60, -46, 64, -16, -158, -46, -60, -2, 46, 160, 70, -110, -360, 118, 18, 182, 94, 128, 104, 256, -118, 42, -50, 66, 112, 82, 26, 98, -122, 182, 26, -144, -76, 66, -30, -22, -6, 154, 58, -92, -48, 68, -158, 90, 56, -238, -218, -36, -130, -64, -226, -16, 102, -58, 136, -304, -90, -64, 128, -188, 180, 248, 36, 2, -68, 102, 62, 68, 52, 80, 80, -154, 18, 148, -88, 202, 62, 134, 250, 150, 8, -88, 166, 74, -126, -86, 160, -22, 350, 50, -96, 14, -64, -28, 26, 90, -178, -226, -64, -160, -148, 8, 164, -188, -4, -148, 138, -6, -202, -70, 70, 110, -4, -34, 20, -72, -82, 146, -22, -104, 116, 34, 204, 38, 64, -136, 100, -82, -90, 46, 22, 82, 52, 14, -50, -96, 176, -84, 12, 104, 38, -120, -28, -134, -46, -172, -112, -102, 40, 78, 28, -120, 248, 38, -34, -174, 40, 32, -118, 102, 196, 42, 36, 192, 40, -86, 46, -146, 12, 224, 162, 52, -60, 128, 144, 94, -94, 148, 170, 302, 106, 218, -12, 40, -34, -138, -116, 204, -12, 280, 164, 12, 168, 26, -22, -194, 60, 58, 138, 54, -4, 66, 248, -46, 50, 236, 4, -32, 194, 84, -80, -124, 82, 84, 208, 108, -58, 114, -40, 28, -86, 50, -70, -14, -56, 116, 186, 92, 116, 172, -14, 204, 232, 392, 204, -44, -190, -38, 60, -14, -56, -60, -88, -92, 46, -38, 90, 22, -58, 272, 184, 94, -256, -128, -132, 66, -102, 100, -154, -50, -102, 0, -62, 32, -232, -94, 138, 70, -128, -20, 26, -276, 184, 236, -50, 200, 6, 78, 82, 146, -120, 114, -80, 144, 196, -112, 216, -76, 68, 118, 160, 196, -84, 178, -96, 14, -118, 8, -46, 34, 90, 74, 124, -162, 70, 72, -4, 158, -50, 4, 10, 104, 40, 168, -122, 34, 154, -92, -124, 16, 220, -388, -34, 128, -38, 68, 60, -148, 4, -12, 
-92, -246, 78, -158, 62, 94, -72, -16, -76, -78, -162, 186, 160, 168, -10, -50, -8, 90, 100, 134, -200, 16, -100, 52, 10, -42, -66, -40, 230, -74, -62, -106, 108, -170, 104, -104, 22, 274, 262, -66, 292, 6, 138, -54, -28, -36, -42, -24, 78, -26, 126, -166, -44, 40, 148, 136, -276, 226, -78, -142, -2, 228, 182, -36, -64, 112, -62, -110, -76, -68, -30, -4, -90, -12, 176, 158, -52, 180, 180, 188, 228, 156, -126, -196, -36, -160, 186, 4, -154, 22, -30, -70, 70, -28, 30, -24, -22, 198, 112, -108, 16, 32, -106, 84, -44, 238, 78, -124, -18, -6, -78, 2, 32, 212, 12, 98, 156, -112, 148, 36, 124, 130, -6, -40, 114, 200, 80, -214, 66, 70, -86, -42, -66, -74, 66, -126, -64, 120, 138, 20, 54, -4, -78, -136, -170, 228, 82, -180, -56, -110, -168, 156, -72, 70, -132, 90, 8, 4, 66, -150, 34, 92, 90, -42, -138, -12, -48, 134, -124, -382, 16, 40, 94, 136, 28, 114, 150, -246, -140, -134, -90, 158, 378, -170, 36, 340, -20, -252, 66, -142, 96, 74, 90, -112, -120, 46, -78, -26, 98, 14, 8, 186, 146, -26, -82, -56, -138, -246, 0, -54, -8, -60, 74, 22, -148, 100, 132, 0, -44, -112, 130, 98, -64, 94, -68, 126, 56, 116, -96, 330, -102, -164, 6, 108, 96, -64, 26, 14, 126, 214, -8, 94, -32, 118, 102, -132, 172, 98, -12, -40, -18, 10, -44, 94, 162, 176, 34, 76, -158, -44, 34, -100, 90, 142, -64, -14, 150, 190, 80, 100, 100, 22, 20, 370, -78, 156, -80, -90, 256, 88, -74, 36, 32, -18, -60, 76, 64, -124, 82, 200, -52, -152, -100, 106, -68, 170, -74, 42, 12, -12, 158, -230, 160, 124, 168, -4, 146, 128, 82, 10, 116, 24, -26, 12, 0, 318, 18, -64, 54, 228, 144, 244, -88, 158, 64, 30, 102, 20, 104, 74, -14, 26, -138, -216, 54, 106, 18, 232, -32, -94, 132, 140, 200, -196, -100, -60, 214, 34, 22, -100, -224, -148, 46, -42, -8, 136, -32, -146, 164, -224, 44, -34, -12, -90, 126, 104, -90, -4, 2, -104, 100, -74, -158, 116, 54, -294, 0, 54, -172, 70, 6, 22, 40, -78, -86, 112, 34, -124, 56, 104, 166, 82, 178, -18, 26, 20, -58, -82, 40, 124, -14, -140, -106, -376, -64, -44, 14, 2, 92, 116, -22, 106, 104, -6, -152, 132, -124, -138, 108, -66, -24, 38, 242, 60, 270, 90, 56, 12, 184, 202, 98, 48, 124, 196, 112, 158, 86, -266, -30, 116, -22, 84, -4, -200, -58, -166, -82, 182, -30, -30, -30, -30, 226, -94, -120, 332, -276, 120, 48, 0, -108, 10, 146, -114, 256, 34, 212, 18, 90, -92, -28, -38, 8, 58, 94, 36, 136, -194, 78, -32, 24, 58, 106, -206, 128, -28, -94, 30, 224, 126, -256, 306, 16, 92, -46, -84, -102, 132, -8, 32, 
120, 250, -18, 96, 44, -40, -32, -22, 224, 100, 224, -128, 76, -234, 60, 146, 28, 154, 54, -306, 370, 50, 20, -46, 64, 168, 36, 224, -146, 8, 214, 270, -60, 152, -122, 84, 34, -206, -208, 90, -108, 2, -82, 70, -32, 26, 136, 146, 42, -80, -6, 148, 98, -26, -80, -18, 4, -194, 186, 140, -38, -56, -64, 66, 76, 54, 174, 152, 112, 310, -30, 28, 104, 28, 84, -126, 162, -30, 76, 18, 0, -28, 38, -2, 50, 200, 6, 32, 114, -68, 182, 24, 18, -60, 132, 54, -58, -198, -212, -20, 180, 44, 122, 132, 196, -230, -4, 76, 46, -30, 202, -122, 156, -124, 128, -52, -144, 66, -98, 340, -34, -98, 30, 92, 60, -116, -30, 172, -94, 138, 120, -56, 162, 72, 106, 54, 18, 42, -144, 110, -160, 196, 126, 206, 368, -28, 50, 30, -48, 54, 124, -110, -20, 24, 150, -178, 34, 100, 90, 136, -42, -12, -62, 100, 240, 230, -40, -54, 106, 62, 34, -108, -24, -42, -90, 44, -54, 154, 128, -90, 326, -254, -278, 90, -16, -104, -54, 92, -158, 70, -74, -112, 34, 60, 138, -84, -30, -152, -10, 74, -50, -108, 166, 54, -118, 152, 172, 124, 84, 104, 20, -36, -148, -120, -12, -120, -96, -32, 62, 0, -196, -78, 188, 26, 14, 136, -114, -120, -44, -150, 16, 160, 152, -224, -58, 240, -34, -48, -200, 60, 164, -78, -32, -24, 24, 160, 12, 20, -136, -88, 90, 58, 122, -2, 0, -268, -224, 104, 196, 62, -26, -46, -66, -64, 140, 88, -152, -242, 0, -68, -84, 134, -64, -378, 238, -108, 258, -2, -34, -108, 112, 10, 136, 58, 66, -34, 170, 160, -162, -130, 198, 128, 234, -46, -6, -208, 44, 102, -30, 134, -286, -88, -324, -112, -36, 80, -170, -46, -162, 72, -124, 42, 100, 36, -112, -254, -72, 164, 124, -146, -58, -120, -98, -24, 106, 40, 16, -82, 12, -8, 222, -44, 42, 220, -14, 170, 156, -140, 134, 116, -266, -56, -14, 168, 194, 178, -162, 114, 222, 0, 208, 298, -84, 290, 34, 38, 128, 198, -130, 182, 186, 186, -34, 72, 20, 4, 260, 38, -34, 104, 14, -40, 80, -200, -32, 288, 12, 56, 182, -180, 40, -76, 10, 132, -2, -120, 136, -76, -78, -186, 4, -72, -108, 172, -54, 22, 118, 24, -158, 64, 170, 72, 192, 192, 98, 170, 48, 38, -4, 28, 60, -106, -86, 128, 88, -164, 2, 216, -84, 106, -62, -36, -36, 4, -66, -20, 38, 58, -134, -28, 34, 56, -222, -38, -52, -2, 148, 258, -8, -172, 124, -94, 4, 196, 56, 76, 54, -68, 138, -104, -6, 144, -216, 154, 12, -362, 160, -62, -232, -112, 178, 10, -126, 314, -148, -238, -62, 64, -114, 158, 4, -162, 90, -62, -58, 38, 94, 52, 72, -22, -218, -232, -32, 292, 2, 40, 158, 162, -188, 74, 294, -84, -46, 10, 78, -2, 98, -52, 124, 54, 
-22, -120, 66, -38, -158, 274, 54, -84, -264, 60, -146, 26, -6, 146, -6, -8, -2, -56, 4, 236, -276, 44, 52, 158, 48, -62, -182, -56, 298, 70, -68, -264, -90, -292, 160, 82, 232, 176, 242, -98, 144, 108, 28, -76, 118, -108, -160, -64, -34, -6, 24, 50, 36, 118, 62, -32, 116, 144, -168, 2, 152, -82, 192, -4, -142, -168, -66, 12, 14, -100, 196, -156, -240, 242, -34, 98, -138, 34, 56, 88, 44, 104, -38, -14, 4, -54, -70, -194, 62, 66, -70, 128, 24, 46, -134, 78, 100, 74, 198, 8, 2, -54, -32, -232, -106, 214, 88, -4, -16, 174, 2, 108, 50, -36, -80, 238, 184, -68, 32, -172, 26, 194, -2, 122, 90, 182, -48, -20, 166, -162, -52, 208, -84, 108, 36, 88, -72, 78, 140, -172, 36, -20, 22, -182, -268, -82, 200, 148, 86, 58, -32, -54, 52, 2, 30, 246, -4, -146, -10, 40, 176, 104, 62, -148, -202, -202, 70, 34, -30, 62, 40, 84, 156, 6, 154, 6, 198, -190, 32, 304, -336, 274, 76, 40, 36, 126, -122, 36, 20, -150, 66, -34, -238, 116, -12, -46, 66, 164, -76, 58, 206, 202, -126, 20, 8, -212, -126, -148, -82, -234, -198, -68, 180, -10, 16, 216, 56, 136, 40, 114, 176, 112, -212, 46, 102, -44, 50, -16, -146, 172, -48, -128, 56, 214, 86, -282, 114, 96, 106, -168, 26, 74, 130, 100, -138, 8, -26, 16, 80, 186, 156, 186, -194, -22, -66, 128, 126, -8, -58, -60, 74, 56, 120, -66, -36, -106, 132, 70, 208, 344, 118, 70, 92, 464, -104, 354, -166, 90, 138, 108, -96, 186, 120, 58, -50, 140, -142, -74, 126, -10, -18, -130, -220, 108, -176, 100, -72, -308, 16, 38, 224, 186, 408, 192, -8, -158, -54, -190, 166, -142, 302, 60, -64, 52, 82, 184, 120, -2, -136, 178, 142, 116, 114, -186, -72, 12, -12, -26, 12, -16, -164, 60, 44, -72, -38, -28, -12, -84, -146, -108, 276, 50, 50, -30, -220, 30, 188, -40, -114, 46, 4, -208, 114, -8, 178, 210, -14, 36, 118, 38, 42, -26, -76, 24, -8, 324, -158, -14, 140, -242, 158, 24, -4, 426, 124, -182, -18, -26, -182, 106, 18, 6, 98, 0, -22, 180, -152, 172, 40, 192, 72, 72, 120, -72, 8, 84, -190, 106, -46, -80, 178, -74, -282, -276, 18, 46, 20, 144, 50, -160, 10, 68, 140, -162, -58, -112, 20, -182, 326, -74, 24, 210, 94, 90, 26, 20, 146, -28, 316, -8, 56, -152, 130, 178, 166, 150, 102, -180, 78, 194, -4, 36, 2, -144, -24, -78, 70, 90, 10, 136, -82, 58, 148, 52, 188, 226, 58, 116, 32, -38, -144, 44, 206, -204, 50, 308, -18, 98, 198, -166, 8, 134, 164, 164, -118, 66, 122, -8, 68, 10, 106, 14, 216, -136, -220, 6, -180, 28, 24, 88, -266, 68, -76, 28, -48, -22, 90, 48, -94, -94, 
-22, 126, 82, 18, 166, -236, -22, 28, 78, -116, 240, -192, -74, -110, -154, -118, 110, 164, 152, -200, 312, 20, 14, 36, -114, 212, 74, -88, -184, -178, 172, 234, -46, 250, -78, 50, -102, -4, -86, 128, -36, 54, -38, 264, -24, 8, 134, -96, -46, 40, 92, -24, 22, -132, -14, 80, -46, -112, 250, 162, -114, -14, -178, 14, 148, 118, 58, 244, 60, 96, -194, 44, 244, -26, 212, 72, 156, -14, 108, -22, -198, -142, 182, 188, -24, 46, 112, 98, -46, 26, 120, 30, -34, -10, 112, 48, -10, -118, 8, 32, -154, 214, 164, 104, 102, -156, -44, -30, 84, 126, -76, -34, -148, -70, 106, 36, -68, 88, -148, 200, -118, -36, 6, -150, 126, -116, 60, -10, -158, 86, 232, -206, -40, -146, 34, -10, -46, -66, -152, 0, 162, 138, 92, 74, 312, 196, -114, 106, -196, -306, 78, 42, -4, -108, -196, -162, 0, 186, -104, 174, 78, -72, -160, -66, -18, 236, 52, 36, -106, -22, 42, 12, -66, -92, -60, 56, -78, 80, -36, -208, 188, -282, 134, 48, -84, -50, 222, 214, 12, 210, 30, 62, 246, -70, 2, -46, 4, -214, -134, -34, 10, 60, 246, 18, -124, 126, 210, 138, -34, 142, 218, -46, -110, 44, -28, -246, -90, 6, -132, 38, 2, -148, -104, -82, -122, 44, -244, -116, 150, -110, -148, 304, -64, -114, 22, 80, -130, -18, -66, 208, -28, -164, 12, -42, 74, 110, 14, 152, 122, -104, -138, -218, 134, 136, 54, -8, -32, -26, -90, 238, -144, 188, -242, 112, 8, 44, -28, 40, -182, -148, 144, 10, -104, -286, 166, -48, -88, 20, -28, -74, 154, -22, -72, 194, -86, 50, 68, 174, -160, -76, -26, 24, 124, -36, 82, 16, 50, 310, 36, -100, -272, -134, -180, 36, 152, 54, 144, 162, 2, 386, -386, 74, 80, -122, 54, -132, -112, -44, 104, 230, -138, 122, -22, 102, 178, 24, 46, -112, 46, -18, 144, 18, 178, 272, 120, 98, 6, 128, 52, 44, -166, -30, 16, 132, 94, -12, -116, -8, 106, -46, 60, 116, 8, 46, -162, -172, -96, 8, 116, 94, -72, 42, 94, 100, 12, -220, 18, -46, -180, 254, 10, 108, -6, -316, -38, 38, 206, -48, 94, 32, 218, 54, -22, 68, 62, -84, -24, 80, -46, -96, 40, -190, -110, -34, -28, -110, 104, 8, 112, 4, -14, -124, 74, 252, 168, -138, 160, 20, 190, 78, -26, 188, -78, 280, 138, 76, -138, -42, -250, 46, 166, -126, -16, -258, 124, 72, -102, -62, -132, -58, 106, 146, -176, -104, 82, -110, -16, 164, -48, -314, 24, 26, 96, 154, 20, 84, 156, -24, -36, -202, 76, -104, -50, 82, -86, -60, -8, 68, -38, -130, 90, -110, -178, 248, 106, -388, 48, -128, -56, 112, -14, 116, -186, 14, 96, -98, -76, -102, 198, -150, 74, 94, -166, 232, 34, -80, 88, -92, -10, -94, 254, -140, -38, -56, 14, -158, 226, -108, 24, 146, 
2, 56, -122, 64, -48, 154, 152, 44, 114, 74, -256, 134, 108, 120, 134, 298, 100, -194, -226, 68, -304, 212, 8, 6, -86, -206, 36, 96, 238, 254, -160, -240, -84, -54, 108, -54, -132, 54, 14, 162, 4, -216, 158, -176, -4, -4, -92, 108, 126, -162, 46, -50, -110, 154, 106, -82, 16, 64, -134, -16, 74, 34, 48, 14, 94, 58, 44, 100, -54, 38, 146, -36, -10, 8, -96, 92, -246, 4, -140, 22, 90, 18, -140, -174, 324, 38, -152, -12, 230, -122, -44, -16, 16, 90, -194, -150, -36, 188, 90, 206, 184, -216, -110, 34, 70, 40, 106, 150, 114, 8, 66, -108, -16, -184, 20, 112, 120, 56, 98, 14, 194, 96, 64, 132, -84, 310, 52, 22, 114, 18, -116, 34, -32, 234, -28, 224, 18, -68, -4, 74, -46, -72, -88, 74, -460, 8, 72, -34, -14, 218, 142, 46, -46, 114, 196, -28, -68, -90, 126, -132, -168, 120, 132, -102, 176, -50, 192, 84, 184, -158, -42, 106, 260, 114, 100, -50, -20, -134, 80, 234, -80, 378, -6, -28, 144, -68, -124, -2, -102, -16, -12, -64, -92, 176, -178, -52, 74, 338, -50, 216, 60, -12, -20, 20, 122, -64, -34, -124, 408, -62, -162, 56, 164, 32, 316, -6, 36, 174, 116, -136, 58, 86, 220, 134, 32, 162, 254, 88, 4, 84, 274, -128, 74, 188, 8, 60, 164, -142, 28, -224, 110, 24, -6, -22, -78, -82, -62, -118, -150, -56, 4, 144, -78, -162, -30, 112, 4, -150, 268, -224, 18, -126, 152, 16, 42, 36, -10, 54, -24, 32, -42, -36, 104, 78, 8, -4, -92, 14, 58, 170, -162, 10, -46, -162, 20, 82, 56, -162, 312, 26, 130, -48, -64, 152, 28, -96, 22, -160, 98, 34, 176, 176, -136, 14, -138, 140, -114, -72, 6, -240, 122, 56, 38, 252, 62, 178, 154, 74, -88, -122, 62, 6, 26, -2, -100, -86, 140, 84, 6, 132, -28, -52, 14, 62, -126, 118, -52, -108, 62, 24, 130, 126, 68, -106, 12, 44, 194, -44, 154, 204, 6, -80, 146, 78, -76, 86, 74, 64, 200, -70, -26, 12, -30, -2, -86, 208, 22, -72, 236, -96, 158, 68, -82, 218, 112, 54, -38, -18, -6, -132, -186, 46, 80, -86, 24, 52, 144, -174, 254, -24, 12, 248, 108, -192, 16, 150, 32, 32, -16, 166, -96, -100, -56, -126, -62, -106, -140, 6, -188, 10, 68, -62, 64, -144, -30, 76, 52, 0, 220, -132, -94, 232, 228, 78, -48, 88, 210, 42, 62, 32, 26, -164, 90, 164, -140, 12, -22, -44, 66, 202, 22, 52, -32, -68, 70, -14, 20, 206, 234, 232, 24, 120, 58, -40, 232, -36, -40, 122, 90, 90, 52, 112, 138, -112, -50, 194, -54, 50, 8, -212, 64, -138, 202, 118, -198, 144, -94, -8, 82, -76, -110, -98, -24, -246, 50, 116, 94, -20, 226, 84, -120, 4, -56, -44, -80, 132, -94, 98, -56, -22, 
60, -4, 100, -72, 232, 36, -104, -182, -194, 40, 288, 84, 114, 20, -114, -74, 72, 156, 10, -12, 22, -198, 122, 180, 112, 180, -30, -118, -92, -96, 44, 80, 138, 76, -10, 70, 312, -116, 138, -118, 184, 368, -132, 164, 10, 138, -92, 34, -228, 252, -192, 136, 330, -238, -22, 230, 162, -158, 84, -46, 60, 52, 2, -96, -4, -48, -2, -52, -50, 96, -60, 116, 116, -4, 10, -28, -32, 142, 140, 118, -80, 14, 78, 124, -206, 76, 98, -8, -128, 28, 18, -30, -104, -2, 202, 140, 44, -214, 76, -120, -156, 340, 262, -48, -102, -74, -36, -178, 286, 134, -14, 134, 72, 36, -70, -164, -16, -74, -162, -140, -360, -124, 94, -122, 24, -264, -14, 64, -106, 192, 14, -12, 28, -138, -46, 46, -4, 72, -54, -10, -6, 26, 208, 244, 250, 84, 104, 60, 16, -54, -136, -58, 212, -38, -174, 34, 4, 86, 20, -50, -40, -24, -124, 94, -148, 4, 132, -22, -74, 242, 92, -104, -16, -44, -66, 178, -50, 112, -168, -48, -42, -36, -54, 102, 90, -66, 86, -2, 46, 80, -36, 168, -38, -82, 176, 124, -106, -274, -30, 68, 62, 44, 24, 26, -190, 204, 82, 164, -216, -14, 72, -82, 34, 198, -80, -10, 110, -12, 124, 46, -76, 72, -262, -170, -244, -302, -160, -56, 102, 120, -78, 34, 82, -160, -12, 224, -8, 54, -222, 124, 96, -96, 162, 72, 110, 112, 120, 142, 144, -80, 82, -150, 166, 222, -14, 4, -24, 194, 2, 172, 180, 162, -184, 130, -114, -18, -66, 6, -22, 2, 186, 134, 16, -12, 122, 100, 130, 10, -20, -106, 130, 124, -24, 234, 90, 44, 76, 42, -132, -20, -102, -40, -104, -174, 2, -16, -74, 128, -112, -80, -68, -96, 230, -202, 126, -46, -66, 150, 82, 230, 70, -216, 132, 48, -12, -66, 24, -26, 24, 174, -12, 118, -52, 178, 72, 184, -118, -128, 14, 46, 184, 62, 124, 18, 28, -114, -18, 186, -112, 100, -232, -74, -2, 140, 172, 78, -166, 52, 12, -162, -12, 278, 10, -220, 108, 32, 72, 0, 0, 126, -78, -22, 170, -24, -98, 8, 14, 54, -84, 0, -274, 46, -22, -182, -92, 8, 24, 200, -16, 186, 18, -210, 112, 4, -190, 50, 30, 218, -146, -156, 16, 8, 16, 50, 188, -172, 82, 100, -62, -80, 106, 98, 28, 182, -28, 38, 242, 132, 168, 228, -90, 4, 14, 94, 198, 108, -54, -36, -54, 174, 148, -150, -78, 62, 26, -8, -106, -130, -76, 44, -28, 22, -266, 16, 192, 76, 42, -28, -120, -186, -170, 22, 182, 70, -94, -8, -16, -20, -116, -120, 136, -60, -40, -48, -88, 114, -46, -58, 4, -86, 124, 26, 46, 168, 124, -140, 140, -68, 256, 88, 108, 164, -22, -76, 180, 38, 60, -2, -76, -2, 100, 52, 74, -4, 86, -182, -160, 174, -124, -118, 24, -64, -156, 184, 42, 50, -74, 82, 174, 36, 
18, 4, -58, 34, -210, 146, 356, 100, 108, 50, -230, -56, 4, -170, -14, 46, -128, -48, -88, -2, -60, 176, -20, -48, -168, -54, 128, 146, 120, 78, -44, -6, -48, 62, 122, -54, 2, -42, 92, 58, 22, -94, 62, -62, -84, 128, -42, -156, 158, -56, 224, -188, -154, 164, 196, -218, -36, 100, -56, -68, -138, -44, 110, 36, 30, 52, -86, -6, 54, -138, -92, 56, 0, 14, 12, 80, -90, 8, 106, -104, -38, 76, -210, 112, -68, -86, -176, 50, 36, -48, 168, 66, 110, 68, -176, -190, 58, 72, -200, 226, 76, -284, -104, 34, 44, 106, 26, -26, 18, 54, -136, -34, -108, 58, 108, 314, -126, -8, 82, -162, 298, 268, 20, 286, 96, 46, 246, -146, 178, 64, 54, 70, 20, -2, -8, -44, 92, 36, -128, 150, -114, -108, -278, -42, -60, 4, 44, 196, 40, 206, -68, 110, -84, 196, 12, 178, 50, -80, 90, 40, 236, 18, 56, -202, 226, 156, -32, -16, 84, -290, -16, -22, 42, 90, -34, -4, 154, 166, 12, -158, 228, 152, 168, 62, -110, 106, -120, 112, 178, -198, 52, -104, -98, -70, -126, -190, -82, 210, -14, 36, -44, -70, -82, -56, 144, 46, -136, -114, 302, -14, -104, 194, 140, -214, 46, -66, 20, 34, -142, -124, 80, -36, 170, 58, 226, 160, -16, 104, -54, 108, 12, 126, 98, 22, 148, 52, 30, -10, 176, -12, 54, 290, -36, -40, -82, 52, -76, -46, -16, -80, 44, 170, -66, -158, -86, 74, -66, 34, 24, 14, 110, 14, 270, -70, 232, -62, -8, 58, 126, -64, -164, -164, 256, 84, -198, -126, -116, 60, -182, 12, 110, 40, 74, -292, -136, 54, 288, 142, 244, -30, 212, 106, 18, 10, 128, 168, 58, 68, 58, -108, 48, 172, -146, -88, -172, 264, 144, 4, -82, -292, -66, 118, 38, -78, 146, 40, -72, -20, 166, 170, -2, 46, 30, -22, -66, -56, 344, 24, 180, 62, -128, 52, -102, 234, -26, 66, -10, -130, 164, -80, 32, 52, -108, -232, -86, 90, 114, 36, 118, 34, 58, -246, -78, 96, -52, 36, -8, 106, 50, -140, -98, -40, -168, 66, 30, 26, -8, -112, -50, -18, 126, 194, -12, 90, -78, -52, 48, 50, 62, -94, -152, 186, -44, -108, 176, -84, 142, 10, 68, 52, 134, 160, 86, -240, -184, 86, 8, 28, -88, 52, -48, 60, 110, -72, -58, -10, -24, -56, -80, -162, 34, 48, -54, -44, 30, 58, 64, -8, -12, -110, -186, 140, 144, -124, 22, 174, 196, 228, -122, -136, 120, 82, 204, 36, -100, -122, -132, -28, 112, 204, 82, 70, -74, -150, 110, -186, 76, 66, 68, -92, -20, -22, -86, -96, 138, -160, -42, 46, 90, 52, -150, 84, -210, -220, 56, 36, -46, -50, -234, -90, -30, 134, -100, 16, -186, -194, -6, 0, 88, -24, -170, -44, -132, -96, -38, 168, -32, -206, 130, 266, -64, -32, 158, -156, -108, 50, 124, -132, 96, 134, 
70, -108, 130, 100, 36, 100, 58, -116, -62, -154, 280, -52, 176, 112, 74, 26, -110, -148, 148, 158, 0, -184, 34, -8, 136, -16, -174, -64, 16, -48, 96, -58, -136, -84, -32, 104, 18, 24, -56, 138, 262, 66, 106, -12, 86, -198, 32, 164, 40, 52, -160, 130, 116, 4, -92, 134, 74, 126, 30, 46, 8, 120, -80, 10, -90, 112, 218, -28, 32, 138, 74, 22, -14, -10, -12, -20, 184, -36, -48, -2, -84, -44, 82, -66, -16, 208, 140, -16, -58, 116, -142, 32, -20, -66, 214, 52, 120, 164, 34, -146, -164, 114, 26, -26, -174, -160, 4, -32, 116, -14, -80, 8, 310, -32, 150, -106, 138, 240, 130, 52, -164, -114, -12, 78, 64, -6, -176, 112, -72, -190, 64, -108, 116, 62, -144, -132, 48, 138, 286, -30, 50, 0, 80, 30, 216, -22, -202, -112, 170, -96, 12, 6, 118, 34, -234, 92, 60, 118, -12, 66, -124, -114, 136, 326, -44, -166, 14, 40, -142, 220, -148, 94, -100, -58, -26, 56, -152, 28, 156, 156, -112, -78, -194, -14, 116, -158, 148, -58, -228, 268, -150, 202, 110, 54, 134, -68, 270, -20, 284, 36, -156, 76, 94, -20, -126, -114, 30, -86, -124, -22, 38, -218, -18, 114, 226, 22, -64, 10, 198, 244, 44, -74, -28, -68, -198, -128, 72, -190, 44, -20, -16, -14, -158, 38, -40, -98, 70, 104, -178, -158, -118, -84, 100, -10, 158, -138, 92, 128, 106, -32, 108, -2, -110, -8, 150, -78, 34, 268, 14, 68, 68, 130, -94, 12, -272, -142, 82, -110, 4, 200, 108, 282, -92, 18, 242, 2, 140, 238, 284, 16, -86, 96, 128, 118, 84, 32, -32, -244, -102, -112, 0, 76, -82, 126, -78, -24, 54, -80, -98, 250, 16, -184, 214, -2, -60, -86, -100, 102, -96, 282, 100, -46, -18, -40, -128, -108, 56, 54, -126, -130, 32, 100, 102, 40, 128, 30, -168, -52, 54, -6, 84, 104, 162, -102, 82, -82, -144, 264, -102, 12, 170, 108, 86, 176, 178, -2, -112, 40, -142, -136, -152, 152, -2, 58, 78, 66, -4, -66, 58, 224, 36, 86, 138, -136, 12, 74, 138, 166, -54, -16, 62, -50, -70, -60, 132, -28, -74, -36, -108, 142, -32, -70, 162, 92, -80, 90, -58, -40, -32, 32, -6, -94, -80, 68, 170, 158, 126, -94, 32, -8, 104, -26, 34, -62, 34, 158, -114, 160, -34, 118, 26, 10, 158, 202, 108, 24, 38, 60, 20, 90, 230, -78, 32, 240, 60, 86, -56, 20, 228, 48, 20, -172, -70, -154, 46, -70, 162, -78, -220, -248, -168, -6, 266, 102, -30, -8, 56, -118, -106, 80, 38, 14, 50, 224, -48, 288, 128, 10, -196, 26, 342, -72, 304, 44, 14, 48, 112, 218, 374, 128, 26, -76, 186, -24, 128, 126, 46, 36, -126, 6, -12, 158, 50, 184, 86, -140, -132, 262, -10, -144, 30, 62, -152, 72, 190, 50, 70, 58, -260, 24, 
42, -36, -110, 58, 22, -92, 176, 64, 120, 138, -20, 22, 52, -136, -60, 48, 90, 176, -104, -94, 168, 390, 36, 108, 30, -136, 270, 172, 106, -36, -82, 104, 90, 136, -62, -46, -156, 16, 36, 0, -56, -10, -14, 176, 108, 60, 128, -52, -56, -2, -52, -248, 18, 50, 216, -90, -170, -68, 128, -34, 264, -162, 198, 28, 16, -46, -106, 18, -176, -106, 50, 90, -2, -110, 170, 74, -56, -102, 84, 68, -60, 22, 32, 146, -122, -176, -110, 42, 316, -16, -24, 46, -122, 256, -128, 192, 60, -16, -70, 44, 192, -56, -8, 72, 126, 142, 194, 56, -14, -178, 212, -86, -270, 68, -6, 146, -80, 90, -186, -26, 192, 130, -20, 94, 98, 58, 150, 56, 194, 24, 38, 274, -170, -12, 236, 224, -132, -46, -196, 194, -22, -40, -56, 186, -46, 28, 256, 86, -34, 246, 138, 138, -68, -10, 56, -28, 160, -14, 50, -44, 274, 220, -114, -50, 192, 66, 64, -38, 156, -90, 198, -72, 206, 76, 68, 132, 98, -34, 82, -108, 142, 228, 198, 62, -60, 304, -34, 116, 414, -196, 66, 6, -34, -154, -42, 246, -200, 114, -66, -196, 106, 0, -88, 50, 46, 28, 54, 0, 174, 28, -34, 104, 28, -116, -74, -96, -62, 8, -20, -366, 48, 118, -84, 54, 356, 104, -264, 94, -8, 100, 118, 176, 224, 50, 96, 150, 52, -126, -94, 78, -2, 350, 14, 174, -130, 54, 94, 58, -82, -56, -194, 80, 104, -16, 50, -82, 58, -152, 70, -154, 60, -248, 48, -24, 160, 50, -140, 70, 204, -84, -170, -126, -16, -26, -120, 28, -136, -62, -82, 102, -72, 176, -240, -136, 110, 122, 190, 80, 228, 260, 14, -114, 86, -90, 88, 288, -118, 234, 134, -106, 2, 64, -218, 22, 42, 154, -24, -130, -26, -6, -38, 2, 64, 120, 46, 124, 48, 110, 378, -52, 58, -100, 80, 0, -50, 134, 10, 36, 34, 0, 8, 76, 0, 102, -48, 38, 128, -180, 144, -132, -188, -26, -104, -226, -146, -50, 146, 18, 192, 154, 170, -70, -72, -162, 92, -134, -6, 152, -82, -170, 264, -96, 140, 214, -30, 68, -136, -110, 60, 178, -156, 90, -46, 210, -78, -52, 128, 162, 134, -192, 20, -72, -48, 10, 74, 22, 12, -16, 120, 56, -44, 6, 56, -34, -192, -34, 30, 42, -84, -4, -62, -150, -16, 24, 0, -62, 214, 78, 128, -180, 138, 44, -56, -332, 22, 194, 78, -276, 122, -20, -216, 24, 80, 0, 136, 10, -48, 60, 4, -16, 2, 92, 68, 238, 78, -14, -124, 78, 102, 184, 114, -56, -262, 106, 100, -84, 28, -42, 166, 24, 162, 142, -184, -70, 26, -134, 68, -86, 276, 144, -66, 134, -222, -34, 146, -108, -212, -40, -110, -94, 8, 136, 156, 6, -74, -92, -72, 18, 10, -22, 206, 24, 74, -86, -98, 66, 108, -96, 202, 94, 40, 96, 236, -48, -148, -156, -120, -42, 260, -96, 
-30, 68, 194, 116, 94, -6, -292, -232, -50, -30, 102, 90, -90, 38, 224, -104, 12, 98, 126, 214, -146, -136, 34, -122, -130, 16, -138, -208, -56, 170, 118, 14, -102, -20, 186, -106, 326, -80, 34, 162, 108, -70, 42, -4, 110, -32, 10, 28, 88, -34, 202, 144, -26, -16, -12, 66, 128, -10, -138, -68, -108, 80, -360, -10, -166, 106, 64, -126, 28, 246, 70, -160, -34, -24, -126, 90, -42, 126, 78, 114, 66, 76, -36, -2, 116, 84, 12, -118, -134, 158, -42, 70, 52, -40, -34, -144, 4, 114, 330, 134, -88, 134, 50, -12, -128, 56, -88, -58, -186, 296, -54, 34, 196, -122, -274, 0, 160, -22, 30, 178, -118, 58, 122, -32, 48, -104, -100, -102, -154, 38, -10, -240, 268, -110, -176, -20, 128, 8, 152, -80, 94, 168, 0, 32, 2, -34, -190, 122, 60, -128, -26, -182, 40, 132, 166, 44, 54, 18, 26, 176, -102, -32, 36, -6, 10, -98, 30, 2, -144, 188, -78, 94, -84, -204, -100, -160, -128, 72, -22, 176, -188, -220, -100, -174, 72, -142, 76, -306, -306, -34, 140, 286, 26, 230, -2, -132, 92, -36, 136, 66, -38, -8, 290, -166, -16, -72, 8, -70, -60, 94, 108, 108, -146, 68, 0, -28, 6, -96, 56, 342, 72, -94, 284, 112, -276, -190, 224, 142, -46, -6, -84, 178, 2, -224, -54, 206, -40, -14, 12, 162, -12, -106, 30, -188, 206, -176, -262, -24, 66, 168, 466, 34, 120, 30, 64, 176, 90, -48, 26, 190, -6, 152, 196, 106, 46, 38, -62, -32, -162, -80, 168, 80, 100, -134, 48, 50, 50, -44, 32, 22, 130, -40, 270, 4, -78, -196, 106, -246, -54, 158, 96, 188, -14, 174, -36, -102, 94, -54, 66, 34, 258, -140, 318, 62, 62, -114, 88, 86, -92, 214, 74, -16, -174, 16, -120, -18, 98, 52, -258, -32, -24, 174, 146, 182, 128, -44, -120, 16, -46, 40, 122, 48, 86, 96, 30, -232, -102, 110, -38, 40, 142, 146, -20, 276, -126, 110, -98, 34, 20, 18, -190, 22, 10, 56, -106, 114, 212, -180, 14, 226, -174, 106, -200, -168, 150, -84, 84, 38, 56, -76, -40, -42, 196, -136, 84, -26, 68, -88, -138, 250, -70, 50, -104, 254, 38, 120, 46, 106, -132, -132, 52, 76, -98, 2, 214, -68, -10, -84, 126, 46, -168, 260, -88, -78, -110, 106, -118, 2, -22, 140, 106, -42, -64, 192, 38, -208, 120, 350, -116, -20, 192, 18, 78, 56, 96, 38, 102, -52, -46, -62, 202, -64, -80, -164, -72, -88, 70, 8, 8, 10, -24, 0, 172, -126, -108, -58, 90, 80, -16, 20, -176, -50, 62, 206, 10, 246, -78, 74, 18, -66, 96, -146, 268, 20, -128, 140, 238, 142, 154, -52, 138, -324, 116, 98, 76, 248, -6, 230, -152, -70, 54, 68, 88, -82, 20, 92, -14, 188, -82, 218, -130, 46, -340, 46, 80, 82, 216, -80, -256, -118, 
24, -106, 0, 184, -30, -164, 310, 118, -60, 130, 18, -20, 92, 42, -200, 140, 86, -78, 6, 146, 0, 0, 74, 10, 86, -196, 96, 306, 90, -144, -92, -28, 20, -34, -292, 26, -38, 168, 128, -104, 92, 36, -20, -94, 20, 58, 142, 150, -30, 158, -92, 0, 12, 60, -20, -160, -142, -152, 30, 56, 98, -56, 266, 68, -12, -94, -90, 148, -192, -274, -62, 180, 32, 32, 148, -16, -68, -30, 6, -210, -42, -36, 10, -56, -150, -54, 96, 238, 74, 22, 98, -98, -8, 26, -48, 16, 22, 54, -230, 158, 34, -46, 22, 8, 174, -154, 92, -134, 166, -166, 190, 138, 10, 142, 218, -18, -226, -6, 0, -138, 28, 80, -64, -30, -88, 2, 58, 116, 198, -184, -68, 234, -358, 132, -30, -114, -22, -182, -76, 88, -66, 20, 264, 258, -78, 198, 188, -4, -126, 138, -44, 152, 128, -120, 6, 66, 36, -32, 128, -142, 104, -2, 18, 138, 144, 72, -74, 106, 56, -128, 208, 22, -62, 170, 186, 174, 46, 42, 58, 48, 232, 56, 218, 160, -20, 154, 100, 350, 358, 24, -190, -214, 166, 2, 22, -38, 184, -188, -142, -212, -18, 98, -212, 172, 110, -32, -24, -66, 70, 0, 8, -40, 94, 102, 66, 116, 64, 222, -132, -70, -132, 38, -244, -108, 194, 280, -176, -48, -72, -114, 18, -60, 98, 342, 216, -232, 28, 114, 58, -156, 108, 110, -176, -72, -230, 226, 152, 76, 104, -134, -122, 8, 98, 26, 70, -240, 212, 120, 50, -2, -16, -190, -212, 112, -42, -176, -78, 50, 128, 150, 30, -112, -32, 94, 82, 10, -226, -102, 84, -22, 146, 10, -286, 34, 172, 286, -246, 134, 150, -2, 128, -52, 50, -18, 136, -10, 108, 44, -110, -78, -114, 130, -336, 2, 56, 90, 2, -196, 216, -116, 114, 202, 130, 76, 234, -76, -50, -14, 240, 8, -14, -88, 82, -24, -52, -2, 54, 110, 42, 226, 36, -70, 96, -2, 132, 92, 124, -190, -132, -36, -2, -170, -18, -104, 82, -176, 122, 14, 0, 170, 152, -66, 22, 84, -38, 14, -122, 246, -74, -172, 172, 36, 228, -8, -104, 62, -114, -2, -92, 120, -140, 54, -240, 94, 50, -38, -112, 242, 230, -226, 50, -112, 152, -12, -98, -26, 64, 18, 36, 146, -44, -86, 130, 66, -138, 202, 98, -64, 44, -140, 258, -110, -52, 188, 26, -82, 142, 112, 0, -68, 56, 142, -46, -248, 82, 76, 62, -330, 124, 22, -266, -4, -60, -56, -42, 60, -134, 32, 94, 130, -132, 20, 174, -24, 108, 88, -30, 20, 96, -50, 96, -114, -338, 168, 84, 230, 68, -52, -124, -44, 210, -6, -98, -248, -30, -86, -54, -86, 28, 246, 172, 138, -254, -50, -118, -114, 120, 56, -82, 26, -100, 216, 2, -76, 192, -178, 110, -128, 58, 28, -52, 88, -118, -26, 22, 134, -54, -74, 144, -134, 284, -56, 138, -72, -30, 100, -72, 262, -24, 104, 
122, -12, 184, -56, -70, 266, -188, 4, -24, -82, -2, -46, 46, -164, 196, -114, -16, 46, -342, -68, 46, 2, 122, -18, 42, 146, 20, -146, -72, 188, 138, 84, -134, 104, 298, 20, 112, -118, -196, 100, -106, 42, 50, -128, 128, 34, 52, -168, -54, -20, 50, 90, -122, -62, 106, 156, 56, 94, 80, -136, 132, 16, -84, -14, 2, 44, 30, -114, -10, 72, 212, -100, 148, 194, -170, 34, 96, 180, -120, 166, 136, -46, -86, 30, 308, 166, -106, -222, -6, -120, -102, 172, -190, 0, 198, -240, 128, 58, 250, -62, -66, 114, -42, 80, 86, -8, -178, 28, -200, 156, 22, -76, -48, -26, -216, 92, 252, 20, 142, 82, 22, 72, 122, 150, 118, 82, 82, -142, -212, 26, 2, -244, 368, -140, 176, 98, 58, 100, 166, -120, 72, 102, -118, -80, -32, 42, 54, -2, 64, -146, 182, -6, -38, 42, -28, 36, 28, -202, -102, 128, -54, -60, 184, -54, -176, 82, 84, -154, 132, -90, 60, 122, -76, -84, -74, -80, 70, 4, -92, -12, -176, 22, -232, -42, 180, -30, -48, 36, -30, 116, 270, 66, -10, 178, -90, 110, -132, 160, 158, 224, 126, -298, 310, 2, -50, 160, -186, 150, -58, 50, 74, -76, 0, 16, 8, -82, 40, -142, 0, 132, 54, 32, 106, 88, 60, -14, 40, 170, 80, 168, 46, 60, -120, -232, -90, 246, -92, 44, 122, 68, -272, -238, 198, 64, 168, -176, -72, -120, -82, 186, 68, -42, -88, -120, -102, 20, -124, 24, 16, 138, -144, 96, 174, -18, 80, 74, 62, -8, -102, -138, -32, 34, -56, -54, -168, -172, 164, 36, -56, 182, -34, 68, 358, 62, 26, -206, 108, -82, 14, 280, -56, -70, 140, 118, -158, 12, -122, 102, 234, 216, 122, 42, 262, 36, -94, 160, -28, 166, -188, -40, 112, -58, 60, 176, -220, 28, -48, 72, 88, 60, -88, 34, 44, -62, 142, 74, -12, -44, 94, -136, -108, 172, 36, 108, 0, -102, -10, 80, -36, 18, 148, 264, -44, 90, -74, 24, -4, 78, -20, -240, -88, 72, 12, -130, 48, -92, 236, -84, -94, 120, -238, 46, -102, -34, 92, 58, 156, -142, 100, 26, 112, 34, 264, 18, 80, 346, 74, -92, -96, 164, 10, 210, -86, 110, -24, 94, 40, 86, -12, -226, -36, -4, -68, -214, 242, -26, -32, 300, -2, 4, -174, -158, 92, -106, 94, 12, -194, -100, 100, 144, -62, -16, 92, 264, 2, 22, 156, 408, 124, 90, 112, 18, 178, -122, 48, 8, 242, 116, -46, -68, -186, -228, 6, 276, -48, -70, 292, -68, 68, 0, 0, 48, 126, 24, 90, -84, -112, 212, 36, 106, -136, -66, -2, 148, -22, 98, -86, 110, -212, -96, -26, -40, 54, 246, 234, 94, -134, 106, 50, -162, 214, -194, 220, 98, -152, 2, -128, 180, -42, -70, 276, -58, 8, 174, 190, -66, 256, 178, -192, 110, -136, 34, 34, -126, 64, 54, 44, -34, -94, -116, 
-42, 50, -200, 188, 72, -88, 154, -50, 136, 88, 28, 90, 150, 234, -314, 210, 6, 76, 350, -76, 18, 156, -80, 80, -94, 20, 24, 94, 210, 156, 20, 26, 36, -94, -228, 14, -150, 52, 322, 28, -12, 46, -114, 44, 12, 20, -60, 238, 118, -2, 78, -10, 196, -92, -108, -98, -108, -90, -50, 116, 16, 168, 130, 52, 264, -52, 86, -72, -10, -58, -278, 20, -114, 16, 82, 0, -138, -92, -68, 2, -44, 72, -26, -10, -362, -8, -12, 36, -18, 212, 220, 18, 354, -102, -160, 206, 10, -158, -30, 84, -34, -154, 160, 10, 128, -40, 280, 26, -2, 28, 80, 108, 106, 30, 196, 28, -276, -44, -54, 68, 124, -112, -200, -64, 186, -12, -298, 114, 26, 118, 22, 142, -214, 118, 26, -18, 82, 6, -212, 148, -26, -22, 98, -26, 56, -134, -4, -50, 140, 204, -156, -56, -70, -122, 32, 64, 2, 32, 50, 12, 86, 264, 54, 80, 234, -10, -298, 148, -252, -44, 138, 102, 94, 86, 32, 162, -30, -58, 28, 20, 96, 10, 102, 8, -146, -16, 96, 136, 64, -82, -94, 86, 26, -124, 42, -160, 52, 80, 42, 4, 16, 222, 50, 32, 62, -212, 38, 32, -38, -214, -52, -12, 8, -120, -46, 240, -4, 6, 140, -122, -10, 20, -64, -130, 94, 312, 2, 30, -152, -188, 48, -60, 72, 108, 134, -112, 226, 66, 48, 68, 230, 206, -36, -114, -328, 106, -16, 166, -86, -328, 120, -102, 262, 252, -88, 154, -26, -94, 242, -96, 20, -172, -8, 6, 120, -116, 34, 6, 168, 8, 76, -44, 94, -26, 200, 98, -114, -124, -8, -196, -14, -10, -178, -228, 74, 326, -38, 118, 92, -94, 92, -24, -244, 34, 134, -44, 42, -166, -16, 156, 8, -2, -22, 24, 50, -82, 140, -48, 188, 56, -44, -60, 178, -86, 428, 28, 174, -186, 32, -62, 90, 100, -12, 138, 210, 94, -18, 32, -32, 100, 92, -196, 48, -54, -10, 38, -16, -56, -16, 154, 30, -60, 40, 30, -4, -102, 64, -134, 2, 72, 146, -36, -130, 26, 54, 64, -310, 12, 92, -78, 62, 38, 260, 28, -58, -44, 88, 54, 16, 28, -12, -100, -182, 26, -48, -352, -20, -108, 6, 122, 80, -210, 142, -80, -10, -22, 114, 98, 104, 32, -4, -86, 28, 114, 6, 134, -10, -66, 60, -84, -18, 192, -50, 88, 132, 48, -34, 116, -72, -262, -52, 104, -72, -248, -16, -156, 32, -278, -140, -194, -120, -36, 78, 94, -108, -12, -342, 178, 58, 54, 368, 102, -154, 44, 168, 42, -136, 80, -122, 144, -4, 154, -140, 64, -62, -18, 96, -160, 50, -100, 40, -58, -62, -180, -20, -110, 50, -170, 230, 248, 50, 82, -134, -130, 6, -162, 118, -160, -202, 72, -216, 6, 4, -6, 42, 128, 62, -156, -100, 28, -176, -44, 74, -76, 116, 212, -42, -104, 270, -194, 176, 160, -62, -112, 32, 2, 128, 232, -44, 318, 
20, 44, 172, 124, 46, 114, 254, 58, 40, 38, 146, -176, -58, -180, 166, -2, -92, -74, -158, 182, 110, -82, 214, 220, 110, -66, 216, -22, -106, -154, 82, -108, 4, 110, 122, -4, 96, -60, -32, -54, 76, 42, 152, 8, 134, 82, 122, -194, -80, -114, -22, 48, -106, 38, 12, 96, 192, 290, 74, -188, -80, -252, -8, -152, 14, -20, -14, 28, 60, 116, 90, -122, 262, 4, 202, 22, 74, 58, 192, 116, -60, -2, -2, -10, 270, 116, 164, -78, 302, -282, -42, 174, -276, 196, 82, -250, 164, 168, 232, 112, 138, 120, -74, 110, -42, 8, -140, 122, -86, -20, -36, -226, -72, 36, -142, -126, 296, -110, 132, 64, -42, 80, 234, -60, 74, 72, 412, -4, 74, 40, 18, -236, 226, 0, 148, -52, 32, -102, 118, -98, 66, -6, 108, 144, -74, 248, -14, -200, -38, -130, -34, 24, 170, -56, -124, -54, 166, 18, 80, 86, -150, -12, -102, 24, -274, 46, 240, -44, 234, 22, -88, 22, 42, 30, 250, -190, 108, -68, 142, -152, -40, -36, -72, -44, 20, 84, -128, -140, -98, -20, 112, 40, -4, 214, 208, 156, -78, 76, 118, 256, 128, -16, -48, -70, 124, 140, 94, -96, 84, 194, 46, 168, 22, 94, 38, -56, -212, -66, -82, 154, 54, 62, 250, 190, 88, -280, -50, 130, -54, 262, 22, -116, -82, 2, -36, 200, -194, 190, 44, -124, -176, -108, -114, 204, 126, -14, 92, -96, 168, 228, 256, 104, -94, 142, 66, 54, 74, 14, -168, 34, 20, -76, -84, 10, -58, 190, 10, -14, -38, -118, 16, 96, -22, -8, -14, 36, 224, 258, 26, -34, 138, 44, -66, 158, 2, -328, -146, -108, -210, 166, -36, -2, 406, -12, -224, -60, -24, 48, 12, -180, 162, -44, 42, 56, -66, 176, -22, 100, -64, 50, -50, -68, -70, 32, -260, -56, -32, 26, 104, 204, 44, -24, 68, -64, -212, 126, -118, -4, -114, -332, -186, 118, 132, 168, -66, -114, -112, 174, 112, -48, -34, 112, 120, 120, -2, -24, 16, 10, -70, -22, -88, 242, 30, -28, -38, 58, 176, -194, 92, 112, 136, 10, -256, 144, 118, 34, -38, 20, 8, -16, 148, 208, 190, -100, 54, 210, 142, 122, -170, 0, -16, 78, -124, 302, 158, 118, 80, -104, 2, 108, -76, 114, -78, 32, -96, 74, -112, 104, -252, 154, 262, -138, 34, 6, -18, -182, -72, 60, 172, 350, 0, -74, 220, 218, 132, 268, -98, 152, 112, 152, 142, 82, -60, 156, -2, -26, 220, -194, -78, 48, -92, -186, -8, 50, -134, 0, 190, -8, 26, -182, 62, 80, 108, 120, 122, 62, -124, 110, -84, 166, 90, 242, 250, 54, -122, 62, -2, 352, -132, -172, -56, 126, 132, 4, -100, 156, 98, -10, 68, 12, 70, -80, 236, -36, 28, -136, 88, 146, 102, -46, 126, 62, 46, -58, 80, -120, 268, 144, 64, 130, -10, -182, -28, -162, -48, 0, 30, -328, 46, -310, 
132, -258, 14, -28, -112, 14, -146, -222, 112, 266, -108, 162, 82, 314, -148, 152, 146, 136, 150, -88, -194, -30, -134, -28, 244, 54, -170, 0, 108, -66, 14, -48, 40, -36, -150, 134, -64, 110, 164, 104, -180, 174, 28, 52, -58, 76, 4, 190, 108, 14, -126, 92, 158, 64, -16, -100, -22, -42, -30, 46, -74, 8, -126, 112, 20, 86, -8, 78, 170, 116, 78, 260, -234, 138, -94, -112, -6, -56, 18, -4, 106, 146, 38, 12, -214, 136, -10, 134, -100, 230, -26, -204, 158, -162, 108, 230, 10, -242, -126, -90, -14, -24, 14, 24, 180, 84, 146, 156, 290, 48, 98, 202, 106, 130, 100, 112, -100, 26, 26, -38, -70, -70, -122, 124, 38, -130, -352, 46, -22, 32, -148, 266, -54, 116, -200, 148, -56, 180, -76, 138, 78, 34, 138, 138, 34, -268, 4, 244, 188, 64, 124, 134, 22, 134, 346, -20, -82, -88, 0, -106, 134, 96, 60, -82, 20, 54, -56, 214, -328, -134, -78, -30, 150, 146, -62, 22, 22, 62, -52, -20, 8, 24, 192, 140, 94, 62, 116, 206, 180, 150, -214, -120, 100, -132, -166, 42, 162, -148, -148, -140, 22, 58, -124, 80, 40, 114, -206, -76, -28, -290, 40, -48, 6, -4, -100, 168, 146, -4, -8, -144, 132, 2, -62, -246, 92, 240, -62, 66, 362, -58, -114, 168, 132, -66, 6, -62, 198, -184, -40, 216, 144, 260, 304, 48, -108, 50, -170, 2, -284, -14, -88, -104, -22, -48, -106, -72, -82, 134, 374, -136, -24, 64, 64, 164, 28, -72, 94, 164, 130, 98, -2, 148, 268, 62, 194, 66, -108, -134, -2, 82, -24, -138, 104, 40, 36, 216, -56, 72, 150, -254, 34, 188, -332, 74, 244, -40, 132, 72, -22, 198, 20, 80, 36, 180, -78, -156, 10, 136, 58, 176, -140, 112, 16, 126, 152, -58, 2, -60, 92, -296, -104, 66, 320, 96, 206, -100, 132, -82, 114, 238, 78, -94, -34, -154, -70, 130, 26, -50, 50, -22, 144, 26, 26, 72, -94, 184, -44, -100, 138, 12, -54, 80, 104, -174, 126, 2, -18, 128, -144, 10, 20, -62, 6, -38, -42, -152, -6, -10, 28, 86, -76, -64, -68, 276, -110, -74, -92, -164, 236, 24, -88, -140, 124, -188, -156, 14, -146, 94, -148, -48, 90, 94, -84, -8, 138, -94, 10, -26, 98, -56, -352, 214, 98, 112, 64, 206, 30, 56, -120, -126, 78, 96, -134, -88, -62, -160, -172, -90, -130, -148, -106, 18, 124, -82, -112, -32, -150, 138, 20, 80, 6, 200, -102, -22, 328, 120, -52, 102, 196, 302, 106, -40, -66, -34, -130, 130, 32, 70, -8, 4, 70, 8, 14, 76, 228, -44, -40, -48, 194, 156, 62, 200, -54, 34, 30, -146, 38, 34, 26, 148, 38, 310, -78, 64, 180, 132, 58, -64, 90, 78, -78, 24, -74, 36, -186, 190, -156, -168, 20, 50, 58, 58, 176, 286, -58, 80, 160, 244, -18, 266, 
-124, 216, -54, -24, 114, 114, 132, 324, 6, -48, 106, -148, -220, -142, 76, -32, -6, 28, -114, 68, 96, 30, 148, 36, -38, -8, 238, -60, -42, 26, 122, 80, 116, 118, 72, -158, -16, -6, -154, -34, 380, -144, 106, -116, 52, 164, -52, -206, -222, 12, 60, -62, -40, 40, -2, 116, -40, 190, 184, 124, 114, 54, 196, -84, -4, 40, -36, -366, -24, -234, -108, -116, 122, -94, 242, -2, 16, 98, 76, -56, -98, -18, 86, -74, 56, -152, 130, 8, 92, -180, 40, 156, -142, 184, 132, -190, 48, 290, 156, 256, 78, 80, 74, 42, -6, -18, -132, -94, -174, -78, 86, -8, 6, 40, -16, 24, 0, -206, 148, 96, 144, 82, 82, 42, 46, 154, 250, 52, 32, -74, 50, -14, 8, -124, 208, 128, 38, -184, 78, 56, -80, -78, -84, -42, -24, 204, 2, -92, -136, 50, -8, 116, -108, -50, -162, 50, 78, 110, 150, 74, 10, -116, -90, 86, 54, -112, 86, -122, 74, 118, -82, -80, -148, -86, 86, 80, -108, -142, -50, 48, 56, -20, -22, -8, -108, 128, -116, 42, -90, 42, 248, 86, -64, 12, 204, -48, 114, 78, 254, 52, 136, 62, -46, 134, -98, 8, 132, 0, 124, 204, -146, 170, 58, 18, 272, -50, -228, 240, 98, 206, -82, 6, 86, 322, -16, -208, 80, -162, -226, 60, 28, -28, -112, 26, -24, -64, -100, 70, 128, -30, 170, -178, 50, -42, 134, 40, 162, -218, 280, 66, 138, 204, 208, 106, 132, 50, 114, 88, -228, -8, 228, -252, 156, -46, -16, 72, -92, 54, -292, -190, 74, 120, -162, -44, 46, 102, 136, 26, 56, -116, 258, 178, -50, -182, -48, 0, 74, 114, -22, 372, -170, -46, 204, -308, -128, 48, -18, 88, -78, -14, 204, 106, -66, -266, -42, 130, -50, -116, -82, -82, 118, 6, 60, 24, 22, -62, -150, 202, 90, 232, 134, -226, -94, -50, -38, -96, -90, 138, 2, -122, 2, 148, 26, 200, 132, 6, -128, 304, -68, 66, 48, -118, 74, 50, -78, -184, 158, -46, 68, -64, 66, -20, 84, 126, -154, -12, 32, -100, 130, -104, -20, -14, 104, 170, 218, 190, -20, -170, 90, 12, 88, 66, 80, -276, 128, 58, -78, 216, -268, 114, 86, 214, -192, 134, 98, 158, 70, -66, 14, 72, -88, 24, 94, -28, -116, 72, 22, 0, -144, 48, 218, -128, 114, -204, 78, -10, 36, 112, 34, -74, 32, -74, 260, 36, -82, 164, 134, -108, 60, 202, 64, 44, 54, 32, -120, -114, 188, -108, 106, 78, 96, 12, 122, 18, -106, -76, 40, -50, -248, -72, 222, 50, 44, 60, 84, -148, 106, -14, -2, 36, 54, -154, 152, -44, 6, 110, 94, 58, -240, -22, -16, -118, 34, -22, 54, 116, -12, 44, -100, -94, 150, -182, 132, -156, -170, -102, 68, 126, -30, -160, 12, -14, 20, -112, 120, -116, 158, 106, -98, 0, 60, -18, 64, -132, 186, 76, -98, -270, -100, -86, 
152, 92, -116, 86, -196, -40, -116, -190, 174, 208, -14, 156, 126, 148, -20, 88, 92, 48, 174, 74, -70, -46, -136, 64, 146, 100, -70, 32, 84, -10, 14, -252, -192, 44, -124, 152, -104, 60, 64, 48, -74, 64, 22, -42, -72, -154, 268, 194, 36, 34, -128, 14, -64, 78, 64, 22, 118, -104, -92, -130, -106, 146, 54, 234, -60, -92, -26, 330, 106, -4, 176, 338, -92, 240, -14, 102, 54, -52, -186, 186, 96, -32, 40, 92, 86, 316, -94, -108, 20, 230, -42, 58, 30, -234, -64, 56, -102, -220, -216, -190, 56, -112, 22, -22, 28, 40, 114, 118, 224, 54, -36, -18, 102, -74, 40, 188, 118, -20, -86, -90, -58, -290, -38, 100, -122, -102, -44, -154, 62, -82, 18, 158, 100, 32, -222, -156, 22, 276, -100, 136, 36, 30, 164, -22, -30, 50, -78, 152, 24, 136, 150, 86, 0, 82, 196, -26, -6, 88, -88, -264, -28, 40, 20, 26, -46, 174, 4, 118, -6, -150, 140, 128, 260, 22, 96, -76, -114, 300, 200, -36, -84, 8, 212, 158, 62, -96, 262, 22, 200, 60, -32, -90, -64, -124, -190, 18, -36, -14, -210, -246, 60, -60, 86, 8, 82, 50, -88, 164, 84, -80, 68, -42, 12, 280, -220, -56, 212, -8, -72, -20, 212, -242, -2, -108, 86, 56, 64, 156, 356, 64, -4, -92, 180, 44, 6, -100, 64, -6, 28, 56, -232, 200, -102, 124, 0, 6, -62, 134, -232, -294, -64, -202, -178, 30, 58, 54, -86, -188, 310, -208, 26, 218, -42, -108, 92, -26, 248, -214, 164, 224, -16, -142, 226, 90, -138, 192, -268, 68, -74, 204, -126, -14, -146, 92, -130, 134, -124, -120, 148, -164, 180, 70, -62, 320, 190, -26, 220, 70, -84, -48, 74, 74, 80, 82, 52, 12, 134, 94, 138, 30, 46, -164, -6, -52, -2, -58, 180, -144, -48, -68, -84, 168, 52, 164, 72, 74, 82, -60, -28, -120, 32, -72, -66, 62, -162, 50, 248, -290, 148, 84, -86, 222, 32, 58, 220, -22, 20, -196, 132, 68, -26, 154, -100, -20, 102, 58, -72, 44, -96, -46, 88, 50, -152, -174, -102, 28, -30, -24, 90, 166, 76, -108, -220, 216, 30, 22, 82, -38, 286, -76, -106, -222, 86, -144, 132, -16, -68, 124, -14, -78, 132, 36, 92, 80, -30, -78, -30, -236, 60, 122, -52, 92, -74, 284, -88, -130, 128, 102, 26, 8, 48, -68, 48, -22, -18, -92, -104, -8, -62, 8, -124, 84, -22, 14, 56, 100, 38, 2, -4, -62, -152, -100, -106, -198, 28, 280, 18, -24, 172, 186, -24, 78, -16, -180, -48, 256, -80, 320, 62, -116, -130, 190, -102, -16, -88, -190, 64, -14, 164, -24, -38, 52, -92, 138, -82, -26, -2, -38, 8, 118, 8, 202, 22, 248, 196, 82, 20, -264, 208, -18, -108, -126, 74, 94, 14, 102, -122, -40, 284, -164, -76, 30, -158, 146, -108, -164, -8, 200, -110, 236, 
-216, 96, 160, 32, -8, 56, 262, 228, -52, -156, -6, -88, -242, -288, 98, -198, -8, -30, -146, 42, 66, 80, -26, 80, 58, 16, 118, 44, -18, -26, 62, 218, 220, 22, -64, 0, 50, 46, -262, 98, -106, -142, 60, 108, 208, 144, -36, -98, -134, 104, 304, -186, 8, 24, -226, 110, -30, 68, 62, 374, 280, -114, -32, -78, 164, 94, -24, -174, 76, -8, -52, -62, 268, -78, 52, -230, 10, 72, 160, -222, 144, 144, 16, -116, 110, -98, 142, 40, -94, -104, 6, -48, 174, 294, 150, -86, -10, 114, 254, 138, -120, 256, -154, 2, 124, -92, -164, -22, 70, 242, 62, 244, -218, 128, 212, -58, -204, 96, 34, -78, 64, 112, 38, -92, 14, 208, 18, 178, 74, -44, -60, 24, -108, 40, 354, 282, 160, 66, 16, 48, 40, -18, -282, 58, 86, -142, -172, -174, 58, -58, -62, -64, 70, 24, -160, -42, 70, -110, 202, 76, -96, -138, 44, 92, 54, 12, 88, -218, 162, 202, -52, -66, -170, -108, -224, 36, 108, -126, -14, 94, 56, 80, -36, 6, 48, 68, 66, 32, -62, -28, 80, -52, 194, -100, -76, -210, 86, 28, 126, 312, -74, 148, -102, -102, -66, 108, 212, -250, -86, 102, -118, 92, 40, -150, 52, -10, -12, 76, 90, -98, -248, 272, 226, 72, 196, -122, 48, 32, -270, 134, 96, 172, 38, 78, 114, -14, 96, 76, 76, 0, 132, -122, 124, -92, -12, 110, -4, -50, 140, 74, 84, -82, 226, 30, -272, -64, 106, 148, -188, 246, -86, -30, 240, 26, 76, 66, -2, 144, -14, -48, 108, 160, -138, -34, 164, -28, 332, 186, 166, -234, 88, -28, 32, -80, 158, -114, 86, 58, -60, 242, -136, -32, -10, -262, -42, 48, -34, -36, 226, 152, 2, -82, 64, -18, -100, 34, 144, -20, 42, 106, -36, 34, -22, -80, -68, 80, -48, 202, 28, -28, 80, -62, 102, -200, -20, 32, 14, -12, 136, 164, 34, 52, 72, 116, 100, 76, -130, 126, 12, 20, 90, -130, 102, 86, -100, -62, -106, -114, -186, 210, 20, -58, 102, -74, 74, -74, 16, 50, -2, -80, -210, 86, 92, 92, -62, 24, 84, 82, -6, 166, -44, 210, 284, -210, 60, -40, 28, -98, -176, 106, 238, 106, 6, 136, -52, -12, 74, 134, -204, 272, -192, 94, -152, 108, 196, 100, 124, 24, -48, -48, 130, 68, 60, -84, -58, 100, -156, -2, -22, -30, 132, 130, -32, 130, 46, 200, 178, 96, 118, 70, 42, 10, -30, -24, -192, -14, 146, -102, -74, 82, 192, 204, 188, 70, 142, -182, 92, 62, 52, -196, 84, -178, 6, 172, 74, -302, 40, -154, -30, 130, 154, -186, -104, 68, -84, 268, 140, -106, -134, 26, 36, -12, 176, -64, 264, -72, -84, 60, 62, -56, -204, -104, 56, 142, -88, 12, 140, 122, -30, -16, 96, 148, -36, -40, -52, 80, 42, 298, -346, 170, 16, 40, 212, -6, -40, 84, 88, 68, 128, -98, 
246, -144, -164, -174, 24, 62, -180, 46, 66, 134, 10, 150, 300, 42, -262, 160, -28, 122, 178, 134, -102, 2, -110, 26, -30, 90, 2, -86, 64, 44, 166, 74, -118, 38, 44, 4, -214, 26, 172, 96, -26, 62, 50, -118, 4, -48, 102, 114, 130, -208, -184, -56, 26, 46, 240, 42, 24, -64, -204, -368, -110, 66, 70, 76, -290, 152, -16, 178, -134, 34, 40, -64, -42, -20, -60, 132, 186, 32, -164, 120, -2, 118, -144, 242, -340, 198, 38, -2, 58, 134, 82, 184, -400, -280, 136, 40, -86, 0, -112, -52, 128, -62, 128, -14, -182, 148, 134, 156, -66, -276, 0, -106, 78, 58, 32, 68, 246, -172, 0, 130, 6, -68, 8, 120, 74, -144, 4, 10, 94, 72, 66, 74, 122, -16, -178, -228, -82, 18, -84, -34, -146, 150, 202, -126, -96, 70, 170, 364, 94, 50, 64, 142, 80, 38, 220, 40, -64, 16, -88, -196, 318, 200, -42, -208, -2, 14, 96, 256, -114, 136, 118, -8, 142, 234, 166, 40, -96, 252, -106, -210, 66, -122, 114, 140, -12, 166, -36, 94, 14, -40, 8, -88, -82, 264, 126, 322, -28, 70, -32, -330, 82, 74, 234, 28, 2, -56, -216, 232, 24, -96, -14, -46, -100, 56, -60, 54, 74, -134, -156, 48, 14, -274, -76, -38, 4, 218, -100, -100, 264, 18, -84, -144, 122, 24, 60, 66, -164, -42, -208, 64, -86, 80, 0, 158, -48, 6, 44, -168, -32, 70, -120, 46, -328, -68, 80, -6, 16, -114, 124, -10, 162, 80, -174, 18, -300, 22, 26, 42, 110, 74, -30, -172, 2, 14, -80, 118, -64, 16, -134, 196, -26, 124, -42, 198, -310, 34, 4, -30, -12, -142, 116, 238, 74, 76, 108, 60, 136, 0, -2, 100, 100, 120, 82, 18, 74, 10, -112, -4, -18, -68, 130, -196, 182, -36, 118, 4, -28, -148, -38, -128, 4, 166, -54, 156, 34, 92, 30, -20, -80, -70, 90, -156, 28, -46, -82, -222, 46, -110, -42, 58, -74, 312, 46, -16, 202, 12, 112, 98, -60, 6, -10, -14, 180, 62, 142, -40, -78, 58, 126, 128, 156, 96, -76, 34, -36, -142, 14, 20, 8, -244, 110, -204, -16, 130, 20, 108, 132, -54, 50, 74, -54, -300, -198, 150, 66, -4, -80, -6, 278, -70, 132, 84, 94, -34, -114, -28, -142, -90, -4, -64, -136, -34, -148, 80, 168, -26, 202, 4, 160, 182, 90, 68, 150, -174, 70, -26, -106, 2, -82, 70, -10, 70, 118, 192, 282, 36, 18, 140, -120, 96, -24, -308, -300, -154, -182, 192, 160, -98, 116, 100, -176, 268, 154, -90, 14, 184, -12, 206, -60, -58, -152, 208, 152, -2, -32, -176, -100, 318, 132, -90, 106, 64, -50, 186, -178, 158, 50, -270, 172, 336, 114, 104, 58, 52, 60, -6, 32, -128, 82, -74, 8, -172, -4, 46, -16, -234, 70, -294, 134, -272, 160, 114, -210, -42, -74, -58, 26, -104, 32, 318, 
-176, 44, 80, 182, 58, 30, 38, -4, -106, -210, -32, 30, -40, 22, 236, -16, -62, 10, -158, -124, 96, 48, -34, 60, 36, -140, 66, 126, 8, -8, -78, -2, 144, 94, 110, 198, -92, -54, -154, -130, -64, -290, 28, 84, 4, -88, -78, -16, -206, 190, 226, 74, 0, -64, -128, -68, -74, -36, -146, 326, 96, 54, -20, -328, 110, 42, -78, -110, 38, -186, 112, -14, 82, 152, 234, 104, 134, 80, 10, 30, -184, -190, -54, -70, 180, -108, 14, 34, 10, -104, -66, -48, 182, 304, -74, 74, 90, 62, 86, -38, -6, 74, 138, 26, 140, -116, 76, 2, 98, 248, -68, 84, 30, -14, -152, -88, 46, 264, -120, 56, -2, -164, -26, 68, 14, 118, -76, 98, -50, 52, 18, -78, -64, 16, 288, 276, 110, 20, 104, -166, 46, 46, -256, 184, -22, -154, -118, -152, 118, 14, -48, 104, 40, 158, -154, -100, -50, -78, 152, 214, -244, -118, -38, 306, 90, -100, -110, -170, 128, -158, -32, 112, -10, -142, -92, -48, 300, -188, 50, 162, 24, 56, -56, -92, 188, -50, 20, 2, 34, 40, 20, -44, 34, -154, -138, -326, -30, 34, 38, 316, -132, -32, -230, 30, -198, 32, 198, 136, -114, 136, -20, -42, 336, 44, 148, 60, -172, 218, 112, -92, 30, 138, 98, 70, -64, -112, 44, 86, -150, -2, -34, 260, -28, 34, -132, -164, 90, 56, 194, 24, 268, 20, -12, -74, -44, 72, -36, -134, 142, -164, -34, 42, 94, 170, -16, -140, 194, 90, -54, 0, -40, -296, 94, 30, 304, 216, 94, -22, -200, -20, -96, 260, 18, 112, -120, -82, 46, 64, 10, -134, -66, -158, -10, 40, 294, 52, -98, 0, -92, 162, -100, 38, -24, -58, -76, -116, -128, 56, 134, 68, -72, -204, -94, 184, -96, -48, 46, 84, -42, 46, -32, 228, -118, 58, -86, -24, -10, 96, -4, 100, 146, -2, 214, -54, -116, -66, 136, 110, 102, 80, -266, 236, -68, 96, 242, 98, 122, 54, 80, -98, 144, -124, 134, 24, -100, 36, 46, -40, 118, -72, 34, 46, -132, -226, 18, -50, 210, -6, 196, 40, -82, 52, 6, -64, 222, 146, 132, 268, 156, 208, 54, 146, 220, -270, 46, -64, -132, 176, -16, -28, 4, 208, 8, 162, -28, 36, 136, 148, -164, 154, -80, -186, 42, -14, -2, 38, 218, -4, 286, 12, -2, -116, 176, 8, -136, -104, -2, 46, 56, -56, 2, 100, -140, 188, 94, 204, 222, 72, -8, 22, 36, -128, 52, -78, -44, -86, 16, -20, 156, -24, 44, 298, 132, -46, 222, -2, -64, 20, -138, -80, 104, -168, -22, 2, 154, -224, 28, -60, 116, 184, 40, -52, 58, 118, 30, 214, -18, -232, 46, 20, 22, 32, 104, -142, 238, -136, 42, 56, 76, -118, -24, 50, -34, 58, 96, -28, 112, 260, -4, 54, -36, 100, 204, 222, -50, 338, -110, 338, 36, 162, -126, 0, 270, 132, 256, 58, -24, 18, 130, -332, 
110, 0, -220, -298, -66, -54, 18, 4, 228, 64, 72, 28, -50, 48, -122, 14, 54, 122, 58, 56, 12, 28, -102, -120, 154, 132, -128, 38, -144, 102, 172, 184, 12, 92, 44, -276, 108, 86, 204, 170, 266, 46, -46, 36, -188, -88, 26, -92, 128, -74, -144, -46, 84, 38, 204, -200, 264, 154, 134, -238, -34, 52, 136, 352, -134, 16, 32, 208, -108, 190, -128, 108, -138, -106, -224, -88, -46, 66, 74, -44, 284, 158, 136, 194, -88, 212, 44, 108, 182, 4, 22, 102, -432, -132, -8, -232, -194, -112, -60, 166, 8, -78, -28, 20, 68, 118, -226, -138, 42, -184, 154, -74, -4, -140, 230, 114, -196, -162, -4, -116, -144, 14, -90, 48, 148, -190, 24, -102, 236, 120, -58, 54, 42, -14, -248, 10, 78, -40, -26, 88, -208, 114, 294, -64, 104, 168, 240, 248, -36, -68, -100, 30, 70, 94, 92, -32, 172, -32, -130, -58, 156, 108, -22, -196, 82, 112, 268, 314, -156, 12, -70, -172, 84, 270, -22, 134, -88, 58, -52, -180, 262, -140, 172, 246, -138, -128, -66, -28, 260, -48, -6, 38, 28, 154, 254, 240, 46, 74, 0, -94, 164, 4, 140, -66, 72, 38, -144, -66, 102, -2, 64, 134, -322, 138, 26, 34, 84, -184, -104, 92, 30, 202, -48, -56, 90, 90, -118, 6, 22, 150, 0, -132, 108, 124, 230, 214, -42, -18, -258, 144, -112, -4, 68, 42, 138, -52, -24, -210, -16, 182, 134, -124, -82, 42, -52, 102, -40, 116, 84, 122, 32, 224, 116, -22, -318, -174, -180, 88, 292, -106, 136, -302, 62, -80, 30, 114, -72, -56, 58, -2, 64, 136, 80, -138, -148, 102, 80, 180, 30, -166, 44, -58, 102, 40, 40, 198, -22, -116, -82, 10, -134, 130, 196, -4, 120, 54, -20, 148, -188, -38, 40, 68, -24, 36, 96, 162, 110, -154, 86, 132, 62, 108, -168, -198, 138, 176, 56, 16, -88, -166, 194, -314, 86, -106, -36, -100, -128, 48, -52, 26, -112, 146, -78, -218, 76, -112, 60, 2, 140, 46, -120, -92, 70, 142, -36, 56, -8, -30, -58, -32, 32, -38, 70, -26, -272, 162, 130, -38, -108, -174, 54, 12, -84, 206, -10, -128, 76, 198, 120, 82, -20, -254, -44, -118, 26, 128, -50, 26, -136, -70, 58, 142, 64, -12, 148, -60, 100, -48, -14, 138, 172, 42, 124, -64, 308, 216, -10, -90, -242, -22, -110, -90, 2, -96, 52, -208, -152, -46, -28, 64, -56, 196, -54, 154, 178, 114, 196, 6, -202, -140, -118, -36, 86, -52, -134, 64, 28, -70, 2, -78, -236, 148, 8, 154, -18, 178, 244, 38, -12, -28, -194, 176, 52, 38, 68, -246, 12, 218, 106, 22, -26, 48, -76, 84, -166, 254, -110, 44, 98, 208, 156, 136, 134, -110, -118, -40, -116, -116, 16, -60, 32, -106, 42, -144, 154, -84, 104, -96, -94, -282, 214, -134, -192, -42, -56, -46, -50, -54, -84, 268, 
-52, -152, 168, 174, -158, 44, -50, 184, -52, 212, 114, -114, -20, -62, -50, -190, -50, 92, -112, -104, -4, 176, 70, 22, 34, -62, 140, 168, 208, -76, -54, -112, -106, -36, -20, 218, 70, -178, -22, 74, -426, -170, 112, 130, 184, 170, 54, -22, -92, 280, 274, 56, -188, 42, -164, 134, -272, -224, 70, 68, -48, 68, -182, -236, 222, 210, 188, -84, 60, -176, 112, -6, 118, 108, 246, 72, 106, -14, 18, 2, -312, -4, -72, 0, 152, -144, -20, -90, -160, 312, -70, -78, 292, 70, 136, 110, 194, 234, 132, -60, 72, 176, 30, -88, -114, -38, 98, 206, 66, 222, -26, 90, 76, 226, -86, -90, 104, 272, -64, 48, 34, -48, -6, 34, -22, 142, -42, -12, -136, -48, 188, 200, -86, 254, 228, 76, -94, -12, -132, -40, 56, -190, -106, 112, -22, 76, 66, -10, 64, 114, -6, 50, 68, -56, -18, 34, -154, -76, 88, 60, -128, 86, 14, 248, 46, -130, -136, -92, 54, 30, 172, 100, 78, -224, 92, -166, 74, 70, 36, 182, -240, 18, 8, -232, 196, -84, 68, -86, -104, -30, 130, -50, -6, -36, -120, -276, -66, 42, 70, 156, -116, -68, 38, -160, -38, 100, 156, 96, 70, -130, 68, -206, 320, 114, -236, -98, -70, 144, 6, -2, -60, -38, 8, 168, 130, -18, 102, 202, 58, -110, -70, 96, 36, -116, -248, 32, 170, 210, 142, -22, 74, 10, 52, -40, -44, -126, 76, 74, 16, -132, 186, 34, -80, 90, 168, 2, 164, -134, -46, 32, -130, 58, 254, 50, 168, -26, 154, -38, -64, 0, 10, 140, 52, 140, 84, 110, 36, 46, 124, -18, -44, -194, -194, 66, 258, 110, -112, -254, 32, 282, 18, 96, 28, 68, 130, -252, 18, 120, -6, -4, 172, -4, 26, -46, 134, -30, 60, -18, 186, 108, 134, 96, -44, 82, -130, -236, 30, 26, 58, 38, 42, -82, 114, 182, -66, -184, -142, 56, 62, 64, -214, 160, -68, 190, 84, -90, -24, -132, 74, 62, 98, -66, 24, 184, -62, 150, 84, 48, -144, -236, 156, 118, 126, 36, 108, 156, 12, -16, 64, 54, -40, 134, -48, 30, 200, -16, -138, 96, 38, 194, -80, 132, 204, -34, 26, 228, 62, -4, 0, -106, -22, 92, 102, 116, -48, -38, -114, -16, 264, 6, -34, -24, -52, -82, -148, 104, -224, 200, -106, -92, 2, 16, -88, -106, -78, -70, 60, 20, -42, 110, 194, -18, 82, 198, 90, -14, 176, 130, 240, -2, 16, 152, 140, -150, -96, -240, 24, -42, -38, -46, 24, 156, 116, 128, -34, 60, -144, 188, 178, 316, 178, 48, 142, 138, 12, -112, -74, -60, 148, 72, 152, 64, 28, 46, 74, 82, -90, 110, -6, 42, 196, 4, -18, 28, 198, -216, 108, -24, -42, -118, -26, -86, 96, -22, 112, 148, -76, 56, 6, 48, -2, -14, 60, 152, -70, 214, -76, 352, 42, 174, -158, 238, 80, -164, -76, -110, 98, 204, 20, -26, 
254, 168, -82, -116, 136, 20, 100, -32, 186, -128, -114, 42, 18, 132, -8, 184, 0, 74, -36, 268, 100, -276, -4, 162, -190, 54, -34, -124, -60, -142, 52, 86, 102, 90, 102, -122, -148, 410, 136, 86, 332, 366, -54, -122, 30, -202, -110, 104, 2, 28, -292, -244, 146, -30, 180, -2, 54, 186, 190, -54, -138, -120, 292, 374, -216, -86, -96, 214, -160, 262, -64, -72, 34, -48, -274, -84, -114, -26, -74, -16, 340, 144, 22, 82, 68, 178, 74, -106, 146, -108, 66, 254, -292, -70, -94, 22, -226, -114, 28, -10, -66, -76, -8, 102, 230, -88, -118, -80, -90, -204, 212, 150, -80, -74, -88, 24, -12, -106, -204, -20, -20, -28, 66, 108, 248, -14, 200, 40, 60, 94, -322, 42, -88, -226, 44, 176, -72, -10, 182, 282, -182, 80, 292, -40, 68, 138, 88, 144, -6, -180, 82, 146, -64, 108, 32, 116, 376, 154, 28, 184, 76, 52, 24, -146, -44, -110, 32, 80, 2, -190, -54, -68, -6, 276, 96, -2, 64, 114, 82, -22, 152, 24, -100, 262, -62, 148, -118, 130, 196, 0, -170, -28, -2, 270, 68, 142, 320, 8, 146, -64, 12, 138, 78, 170, 6, -102, -86, -48, -76, 114, 24, 50, -404, -58, 198, 272, 78, -8, -66, 60, 64, -88, 300, -172, -116, 22, -166, -288, 124, 150, 106, -40, 70, 48, 164, 66, -148, -198, -140, -6, 114, 164, 14, 62, 92, 128, -66, -106, -26, 200, -32, -80, 106, -94, 118, 0, -310, 122, -4, 14, 28, 62, -68, 138, -84, 72, -84, -50, 88, 28, -50, -310, -44, 90, -114, 44, -94, 256, -88, -60, -98, 160, 144, -44, -76, -26, 176, 128, -46, -234, -60, -100, 138, 180, -188, 206, 48, 44, 40, -2, -10, -50, 70, 88, -188, -138, 128, -52, -200, -118, 76, -50, 94, 58, 152, 80, -18, -36, 76, 42, 32, 90, -8, -234, 86, 168, 246, -186, 134, -44, 288, -222, 98, -152, -10, -52, -122, 30, -78, -24, -8, 176, -104, -122, 100, -18, -110, 152, 108, 344, -138, -298, -68, 10, -148, -116, 60, -16, -86, 150, -126, -54, 106, 22, -236, -30, 166, 98, 108, -304, 198, 102, -198, 92, -74, -168, -130, -26, 170, 58, 182, 0, 50, -110, 100, 66, 100, 28, -180, 16, 110, 6, 144, 310, 94, 54, 82, -104, 172, 186, 56, -32, 80, 192, 66, 90, -44, -38, 182, 132, -90, -44, 70, -154, 72, -36, -222, 70, -208, -44, 18, -76, -182, 142, 352, 138, -108, 20, 106, 218, 246, 106, -294, 30, 34, -10, 232, -324, -164, -172, -82, -44, -100, -110, 8, 0, -32, -126, -152, 138, -112, -60, 46, 70, 0, -84, 262, -146, 118, 2, -8, 128, -88, -116, -8, 270, -30, 32, -12, 26, 36, 280, -130, 8, 98, -106, 32, -220, 76, 72, 96, -16, 62, -212, 24, -114, -8, -224, 26, -76, 234, -258, 96, 94, 162, -14, -132, -56, -38, 188, 
-138, -66, 224, 164, -162, 210, 12, -40, -258, 242, 140, 110, 20, -90, 180, -160, -98, -48, 232, -234, -38, 252, 160, -112, 216, 74, 70, 2, 78, 270, -114, 86, -88, 176, 198, 40, 214, -324, 22, 158, -184, -196, -86, 16, -114, 80, -8, 10, -4, 106, 206, 296, -98, 86, -52, 244, -12, -118, 8, 6, 30, 28, -226, -284, 186, 92, -142, 22, 172, 2, 80, 8, 54, -74, 60, 122, -64, -124, 26, -4, -280, 184, 48, -76, -86, -178, 96, -82, -54, 36, -100, 76, 178, -10, 136, 78, 246, 202, -30, 24, -30, 128, 34, -22, -110, 38, 18, -36, 10, 44, -38, -62, -22, 28, 36, -58, 70, 162, -6, 68, -164, 16, -6, -126, 10, -18, -2, -144, 32, 36, 260, -2, 172, 134, 40, -36, 130, -182, -76, -104, 234, 2, -186, 86, -108, -204, 30, -112, 50, 108, -220, -168, 26, -32, 34, 98, -216, -58, -56, -90, 198, -26, 48, 300, 68, 252, 90, 50, 46, 44, 248, 110, 110, -184, -134, 108, -66, -12, -46, -34, 68, -102, 120, -64, 2, -50, 130, -18, 26, 186, 26, 206, 86, -224, 34, 46, -182, -38, -184, 186, 156, 40, 32, -92, -30, 104, -70, 88, 36, -44, -4, 60, 200, -16, -14, -304, 102, -138, 304, -170, 20, 38, -262, 76, 192, 166, 86, 170, 52, 152, -80, -8, -30, 90, -196, 0, 306, 228, 78, -96, -2, -10, -32, -102, -94, -148, 72, 154, 4, -30, 150, 198, 46, 72, 172, 40, 194, -148, -4, 44, -50, 24, 134, -126, 50, 104, 116, 76, 12, -98, -106, 56, 144, -206, -26, -8, 104, -182, -34, 172, 238, -32, 12, 34, -10, -46, 18, -98, 10, 264, 150, 164, -146, -26, 110, -192, -62, -40, 22, 114, 46, 138, 44, 120, 274, 172, -184, 210, 32, 120, 50, -144, -80, -110, -160, -44, 46, 146, 18, 38, -8, 106, 12, -122, 4, -202, -264, -40, -196, 30, -168, 320, -140, 116, 164, 30, 268, -110, 308, -52, -80, 16, 120, 294, -126, 236, -14, 32, -62, -170, 106, 182, -74, 36, 80, 256, 108, 12, 200, -114, -30, 174, -58, -64, 148, 94, -304, -54, -170, 118, -218, -138, 146, -68, -124, 194, 164, -142, -68, -12, -256, 8, -24, 120, -22, 70, -140, 60, 116, -110, -24, -4, 64, -148, 136, -38, -198, 134, -100, -74, -70, 2, -176, 94, 28, -168, -46, 130, -100, -60, 148, 34, 60, 126, 184, 70, 298, -100, -22, -52, -34, -2, 284, -50, -226, -62, 18, 22, -50, -192, -216, 78, 158, -158, -12, 106, -182, 170, 142, 290, 80, 48, 128, 68, -98, -26, 96, 266, 12, -50, 80, 168, 48, -96, -248, 96, -88, 290, -100, 124, -40, 70, 244, -34, 84, -222, -44, -226, 12, -10, 172, -214, 182, 152, -206, -34, -30, 176, 42, 128, -26, -10, -258, 208, -76, -12, 116, 48, 154, 6, -274, 78, 36, 164, -130, 102, -152, 102, 0, -136, 
24, 120, -80, 90, 138, -72, 104, 100, 358, -88, -80, 16, -230, 134, 18, -4, 206, 18, -226, 88, -36, -138, -26, 112, -22, -18, 64, 30, -86, -254, 158, 104, 86, -220, -58, -50, -130, 262, 44, 20, 122, 258, -24, -66, 222, 14, 26, -54, -6, 4, -134, -180, 52, 80, 54, -60, -52, -28, -2, 64, -110, -74, 190, 406, -98, 0, 114, 0, -192, -118, -86, -134, -160, 170, -28, -92, 126, 348, -24, 16, 118, -148, -6, 184, -52, 134, -46, 32, -34, 198, 86, -148, -148, -82, -124, -230, -54, -26, -30, 24, 4, -86, -126, 44, 178, -50, -126, 240, 36, -108, 206, -70, 24, 54, 8, -134, 130, -114, 108, -96, 112, 4, 6, 144, 110, 64, 72, 256, 44, 224, -72, 92, -170, -172, -86, 70, -76, 284, 14, 98, -306, -2, 240, 136, 18, 184, 50, -46, 64, -222, 222, -20, -8, 30, 120, -246, -88, -80, 68, 128, 32, -130, 114, -148, -58, -56, -20, -232, 256, -114, -336, 6, -36, 138, -2, -14, 88, -2, -36, 14, -6, 102, -42, 122, 8, 38, -160, 94, -80, -124, -72, -72, -4, -46, 22, 68, 194, -6, 234, -264, -94, -4, -28, 66, -48, -100, 84, -62, 66, 80, 116, 182, -40, 34, 96, 228, 146, 22, -140, 90, -18, 156, 44, -10, -272, -12, -160, -70, -162, 58, 86, 0, 48, -240, 328, 50, -322, -222, 36, 54, 18, 22, 10, 10, -8, 182, -118, -52, -50, -70, 2, -118, -262, 12, 48, -110, 68, 34, 34, -38, 264, -16, -108, 122, -134, 74, -36, -20, 6, 116, 52, -104, 24, 126, 78, -36, -70, 142, 266, -246, 36, -6, 22, 154, 150, -136, 114, 110, 80, -272, -78, -136, 94, 70, -52, 314, -86, 80, 258, -44, -60, -66, -62, -66, -48, -84, 30, -206, -22, -188, -94, 104, 244, 202, 14, 102, 20, 44, 130, -28, -98, 20, 32, 98, 114, 28, 144, -12, -22, -44, 302, -176, 136, 104, -20, 68, -186, 40, -238, -100, 174, 34, 42, -98, 94, -194, -60, 28, 52, 68, -168, -184, 62, -34, -96, -256, -114, 4, -242, 74, 58, -136, 18, 106, -48, 62, 166, 122, 72, -120, 182, 194, -46, 320, -2, -214, -100, 94, 132, 114, -50, -80, -92, 30, 124, 18, 136, -18, -40, 320, 82, 254, -40, -38, -122, 24, 280, -50, 192, 78, 112, -48, 2, -8, -80, 132, 8, 86, 138, 96, -80, 48, 86, 36, -126, -16, -236, 206, 202, 196, 158, 86, -214, 0, 214, -28, -56, 76, 86, 202, 224, -104, 54, 198, 90, -36, 264, -224, 60, -276, 148, 116, 20, 106, 14, 36, -16, -218, 56, 50, 108, 48, -60, 46, 90, -98, 54, -244, 106, 54, 166, 92, 78, 6, -22, 266, -68, 354, -106, -14, -44, 208, -428, 46, -20, 158, 36, 60, 150, 26, -6, -58, 316, -192, 64, 4, 8, 144, -116, -4, 312, 92, 30, -182, 10, 122, 216, -328, -2, -50, 
100, 30, -16, -46, -186, 54, -188, 72, -130, 250, 290, 108, 304, 168, 62, 2, 12, 24, 252, 158, 98, 30, -2, -246, -10, -36, 20, 94, 144, 132, -166, 154, 0, 60, 54, -142, 6, -256, 32, 36, -18, -232, 42, 142, -68, 128, 68, 16, 22, 214, 114, 284, 42, -38, 94, -82, -108, -144, 106, -90, 70, 264, 64, -302, 128, 24, 38, -10, 106, 114, 34, -148, -82, -218, -10, 162, 44, -328, 0, 34, 20, 96, 192, -40, -102, -22, 134, -10, 112, -70, -44, 152, -56, -120, 60, 198, -46, 194, -136, -78, 48, 182, 288, 58, -102, 318, -44, -142, 14, 114, -42, -116, -106, 82, 100, 252, -28, 236, -220, -80, -16, 110, 24, 8, -10, 56, -10, -348, -28, -18, -22, 242, 26, 150, -32, 172, -32, -230, -32, 68, 194, 192, -122, -212, 254, -64, 50, 36, 96, 192, -146, 84, -64, 74, -20, 226, 52, -216, 14, 4, 146, 138, -144, -48, 42, 178, -54, 240, -190, 122, 362, -14, 156, 54, 16, 120, 94, 34, 162, 26, 178, -106, -52, -104, 40, 136, 252, 2, 152, 70, -8, 26, 84, 158, 126, -112, -168, -34, -122, 460, 116, -18, 54, 14, 36, 42, 126, 182, -38, -38, -122, -78, 28, 40, -66, -94, 76, -178, 158, -256, 70, -206, -108, 2, 264, -10, 248, 114, 108, -154, 100, 22, 196, 224, -156, -30, 106, 260, -112, 162, -74, -170, 174, 206, 40, -20, 92, 16, 128, 70, -68, -22, 302, -80, -114, 204, 54, 48, 72, 178, -164, -50, 40, -172, 70, -292, 58, 28, 80, -186, -170, 86, 126, -4, 2, -24, 102, 16, -72, 238, -72, 6, 194, 108, -202, 74, -118, 80, 108, 276, 12, 160, 28, -66, 138, -46, 44, 44, -220, 326, 18, 92, -128, -56, 6, 64, 46, 146, 164, 250, 218, 108, -138, -44, -32, -16, -64, -128, -18, 30, 266, -84, -46, 150, -28, 38, -92, -58, -124, 144, -390, 150, -14, -52, -12, -80, -8, 12, 234, -100, -98, -182, -50, 28, -230, 124, 102, -22, -44, -4, -22, 198, -24, 44, 122, 176, 96, -118, 186, 10, 56, 10, -98, 76, 162, -106, -90, 52, -2, 166, -134, -114, -30, -396, 102, 336, 42, -36, 42, -164, -36, 190, 158, -40, 2, 58, -14, -88, -166, -114, 128, -178, 14, 130, 276, 38, -184, 10, -148, -156, -86, 8, 48, -2, 100, -114, -122, 2, 48, 142, 94, -86, -162, 40, 118, 28, 50, -306, -182, -142, -108, -208, 130, 84, 60, 46, 190, 36, 56, -94, -252, 126, 72, -208, -8, -64, -180, 302, -2, 68, -68, 58, 84, -116, -58, -212, 6, 116, 126, 86, -30, 12, 248, 62, 30, 78, -54, 152, -74, 44, -166, -148, -210, 250, 68, -160, 28, -38, 132, 192, 74, -134, 174, -50, -54, -28, 186, -14, -32, 34, 44, 148, -148, 174, 22, 152, 90, -84, -6, 110, -238, -14, -96, -14, -96, -256, -12, 156, 192, -58, 
132, 102, 80, 56, 138, -184, 52, -186, 150, -96, -82, 10, -112, -148, 44, 18, 16, -28, 22, 56, -38, -44, 112, 166, -68, 222, 130, -120, -64, -180, 88, 2, 84, -38, -86, 174, 86, 154, 78, -38, 102, 194, 248, -206, 178, -128, -104, 128, -90, -182, 50, -164, 98, -44, -2, 6, 12, -4, -142, 180, 114, -122, 42, 370, 40, 102, -212, 14, -124, -132, 76, 64, -14, 94, 160, -120, 48, 2, -216, 82, -4, 18, -78, -70, 248, -12, -102, 212, -80, 40, 70, -24, -4, 106, -18, -2, -32, -178, 232, 76, -54, -222, -242, -52, 306, -8, -72, 70, 128, -332, -46, 134, 76, 46, -204, -44, 56, 2, 72, 16, 124, -64, -44, -108, 180, -88, 90, 254, -128, 100, -32, 12, 26, -170, 50, -34, 46, 192, 188, -138, -10, -68, 228, 328, -226, 106, -154, 12, 8, -176, 224, -90, 116, 80, -82, -320, -56, 18, 60, 106, -66, 46, 252, 88, -74, -30, -6, 22, 218, -140, -230, -24, -116, -180, -16, -24, 4, 10, -94, 154, -120, 118, -4, 70, 84, -180, -124, 38, -22, 82, 84, 146, -92, 94, -20, 232, 214, -56, -144, -184, -86, 120, -70, -124, 224, -90, -154, -54, 58, -102, 236, 88, -38, -226, 34, 38, -154, 158, 140, 26, -32, -24, -114, 164, -302, 120, -92, 66, -186, -74, -160, -170, -20, -200, 114, -48, -20, -232, 174, -146, 236, 252, -24, -10, -208, 82, 42, -36, -190, 8, 206, 88, -302, 58, 180, -82, -66, -2, -2, -158, -116, 56, 70, 16, 94, 248, 40, 20, -148, 296, 100, -40, 12, -166, -126, 180, -76, -32, 24, 72, 156, -112, -124, -62, 108, -164, 2, 8, 36, -196, 0, 56, 154, 108, 0, 236, -40, 10, 2, -188, -274, -2, 124, 102, 28, -170, -90, -172, -92, -188, -122, 2, 200, 184, 26, -40, 138, 136, -18, -154, -26, -88, -130, -38, -222, 6, 152, 226, 26, -132, -24, -268, -52, 120, -38, 128, -36, -56, -40, 28, 16, 124, -74, -56, 244, 88, 62, 2, 138, -36, 80, -138, 74, 36, -8, -160, 100, 282, -54, 82, 80, 220, 192, 252, -194, 212, 106, 84, -86, -46, 96, 230, 88, 206, -2, -236, 112, 194, 92, 314, -34, -170, -42, 98, 66, 14, 56, 80, -20, 74, -88, 220, 76, -52, -250, -28, 258, 68, 166, 290, 332, 96, -130, -20, 36, -24, -82, -196, 60, 28, -218, 40, 64, -30, -108, -40, 126, 282, -92, 194, 22, 70, -96, 22, 174, 56, -142, -38, 24, 86, 152, -24, 12, 342, 22, 272, 426, -92, 122, -82, -58, 60, -20, -142, 2, 62, 24, 14, -182, 46, 22, 104, -382, -96, 96, 98, 16, 34, 306, -8, 152, 70, 236, -222, -4, 120, 8, 76, -132, -176, -140, 130, -174, 44, -18, -30, -70, 250, -114, 82, 6, -102, 184, -314, 124, -36, -108, 78, -104, -22, 142, -2, 194, 200, 166, 264, 70, 18, -340, -134, 
-148, -28, -52, 14, 28, 146, 122, 374, -88, -190, -2, 32, 70, 130, -12, -102, 58, 56, 12, 4, 6, 92, -110, -180, 0, -138, 38, 282, 106, 268, -38, 90, -152, -94, 112, 18, -78, 104, -126, 16, -100, -34, -244, 182, -24, 172, 8, -152, 8, 82, 32, 208, -60, -128, -6, -44, -96, -70, 90, 10, 50, 206, 164, -270, 112, -160, 216, 34, 152, 46, -122, 76, 38, 42, -172, 248, -78, -146, 306, 98, -16, 86, 146, 90, -184, -144, -10, 12, 28, 62, -18, 266, 46, -8, 32, -22, 146, 228, -74, 34, 168, 84, 106, -70, -108, -64, 118, -2, -290, 262, 30, -74, -112, 6, 222, 278, 104, 224, -90, 168, 16, -80, 36, 72, 72, 6, -6, -154, 316, 50, 140, 8, -40, 64, -198, 114, -168, 84, -150, 60, 178, -70, -144, -306, 186, 92, 96, -38, 142, 204, 62, -64, -22, -48, 128, 216, 204, -2, -12, 54, 194, 174, -58, -148, 158, 30, 70, -38, -190, 34, 124, 166, 32, 254, -96, 70, 68, -24, 44, -198, 24, -122, -202, -198, 190, 142, 166, 18, 40, -152, 102, -68, 74, -152, -132, -204, -28, 144, 52, 66, 104, 26, 8, 178, -234, 114, 254, -36, -18, 20, -16, -26, -18, 300, 118, 66, 212, -38, -50, -58, 66, 20, 362, -122, 90, 20, 18, -14, 252, 186, 110, 64, -52, 328, -160, 182, 94, 74, -90, 22, -40, -98, 80, 42, 324, 58, 86, 70, 108, 146, -206, 24, 180, 16, -278, 66, 86, 90, -20, 114, 120, -46, 110, -82, 78, -336, 8, 68, 212, -178, -146, 140, 94, 26, 42, -240, 152, -106, 200, -128, -38, 138, 190, 58, -140, 220, 106, 16, 50, 294, 24, -144, -106, -54, 182, 20, 56, -62, -132, 366, 246, 218, -236, -118, -12, 328, 190, 324, 160, 136, 80, -46, -196, -106, 118, 72, -232, -122, 38, 74, 196, 126, 36, 30, -30, 120, -44, -182, 88, 82, -48, 218, 106, -258, 152, -194, -24, -20, -6, 134, 82, -76, 136, -34, -182, 108, -198, 10, -14, 36, 12, 342, 52, -28, 20, 132, 14, 14, -46, -14, 116, -162, -172, 84, 256, -48, -164, 14, -102, 48, -214, -312, -178, -342, -224, 262, 52, -224, -56, -226, 156, 186, -58, 26, 212, -158, 76, 94, -68, 14, 96, 62, 122, -42, 102, 120, 0, 12, -126, -260, -196, -126, -58, -148, 8, -106, -22, 160, 80, -12, 162, -20, 54, 76, -108, 118, -128, -20, 190, -154, 24, -70, 112, -162, -118, -52, 38, 170, 4, 110, -50, -76, 76, -294, -38, -156, -262, 150, -54, 30, 88, 24, 60, 316, -48, -4, 114, -24, -16, 18, -82, 172, 398, 56, -46, 6, -102, -90, -82, -144, -18, 96, -104, 202, 162, -132, 50, -74, 64, 136, 98, 28, 42, -60, 72, 18, 292, -370, 164, -52, 64, 10, 12, 206, 76, 140, 46, -68, 400, 34, -108, -38, -42, -164, 64, -158, -160, -4, 188, 76, 
158, -54, 112, -198, 136, -100, -42, -204, 106, 308, 106, 26, -168, 8, 58, 60, 32, 152, -22, 22, -132, -72, 74, 184, -132, -4, 28, -46, 8, 8, 74, 2, 152, 2, -36, 24, 120, -84, 340, -88, -6, -64, 144, -26, -78, -114, 0, 242, 12, -132, -44, 34, 16, 162, -62, -160, 58, 212, -176, 22, 116, -118, -54, 270, -94, -2, 34, 26, 30, 38, 114, 72, -90, 48, 196, -80, -18, 98, -312, 84, 18, 42, 62, -6, 204, -106, -2, 172, 112, 64, 190, -260, -74, -34, -56, 104, -120, -280, 24, -226, -186, -200, -106, 2, 78, -112, -16, 190, 250, -84, 164, 116, 80, 76, -208, -110, -52, -92, 22, -78, 68, 86, 42, 46, 48, 172, 24, 112, -100, -82, 30, 70, 164, 90, 24, 2, 138, 14, 168, -54, -142, 152, 168, 378, 64, -272, -90, 176, -174, -96, 30, 6, 186, 156, 92, -144, -152, 48, -118, -2, -12, -92, 180, 138, -226, 10, -26, 116, 180, 50, -98, -50, -80, -340, -36, -214, -60, 18, 124, 130, -274, 16, 256, 28, -68, -56, 34, 108, 66, 150, -44, 64, 164, 86, 106, 156, 14, 186, -172, -124, -70, 128, 46, -42, 206, -48, -178, -58, 44, -130, 94, 200, -56, -254, 40, -46, -180, 36, 172, -14, -172, 180, -208, 146, -82, 164, 308, -172, -190, -74, -86, -80, 70, -86, 144, 4, 0, -54, 62, 94, -120, 124, 72, 40, -194, 32, -104, -116, -38, 8, -122, 82, -96, 176, 134, 54, 130, 90, 26, 20, -96, 84, -34, -78, 152, 256, -36, 104, -158, 122, 228, -166, -90, 14, 26, 168, -170, 150, -116, 114, 172, -134, 40, -150, 120, -22, -40, 98, -290, 8, 50, 122, 318, 166, -190, 48, 166, 178, 118, -84, 30, -102, 184, 164, -2, -192, -178, -176, -62, -92, -84, 140, 208, 134, -54, -28, 298, 74, -36, 0, -172, -10, 168, -26, 170, 10, 38, 60, -164, -68, -24, -34, 126, 148, 22, 222, -114, -90, 96, -138, 18, -8, -30, -140, 320, 28, 200, -94, -130, -48, -54, -422, -2, -100, -10, -98, 74, 10, 68, 120, -40, 4, 324, -20, -222, 188, 22, 24, 170, 192, -52, 144, 186, 100, 330, -118, -16, -18, 86, 156, 110, -90, 72, 14, -380, 168, -106, 60, 72, -128, 72, 136, -92, 8, 92, -88, 42, -4, 184, 184, 190, 162, 68, -34, -68, 90, 78, -254, 132, 218, -68, 44, 24, 20, 88, -60, 228, 42, -188, 54, 112, -32, 152, 186, 264, 64, -44, -194, -66, -96, 58, 236, -94, 196, -64, 124, 194, 24, 274, 68, -44, -20, -114, -200, 108, 26, -22, 30, -104, -30, 146, -116, -328, 34, 126, 176, -6, -12, 32, 238, 118, -126, 298, -102, -136, -32, 10, 82, -136, -14, 52, 108, 8, 74, 36, -68, -172, 232, -44, 52, 64, -60, 22, 66, -212, -106, -112, 78, -190, -36, -140, 86, 10, 228, -126, 124, 80, 154, -176, -12, 
14, 136, -40, 128, -60, -96, -16, 112, -174, -96, 78, 88, 60, 52, -6, -116, -34, -170, -74, 78, 46, 0, -46, -84, 90, 88, -26, 72, 54, -38, 26, 20, -154, 50, -32, 38, -186, 118, 8, 86, -96, -284, -116, 84, 20, 38, -90, -256, -12, 142, 174, -16, 108, -80, 178, 334, 4, -112, 200, -130, -92, 70, 30, -98, -48, 104, 130, -176, -48, -202, -52, -172, 94, 120, -114, -14, 270, -110, 186, -34, -118, -12, 52, -26, -116, 36, 52, -136, -188, 202, -30, 130, 48, -44, -14, -192, -16, 366, 108, 268, 120, -54, 108, 134, -220, 72, 72, -140, -90, 90, -120, -56, -164, -80, 246, 136, -16, 246, -20, 148, -122, 72, 40, -44, 148, -88, -10, 58, 88, 10, 26, 0, 132, -20, -44, -256, -114, -82, 18, -210, 120, -78, -114, -278, -32, 88, 102, -8, 104, 146, 70, 152, -162, -152, -96, 280, 98, -96, 32, -58, 12, 334, -276, -44, 306, -6, 122, -10, -172, -24, 108, -198, 128, 226, -116, 144, 98, 120, -26, -38, 296, -24, 80, -172, 42, -34, -92, -224, -116, -50, -94, 40, -44, -58, -18, -176, -42, -180, 68, 92, 200, 16, 8, 232, -152, -78, 162, 126, -78, 18, -18, -70, 112, 320, -22, -52, -12, -66, -192, -80, 260, -98, 334, -106, 10, -206, -236, -10, 102, -82, 166, 76, -18, 110, 8, -22, -42, 14, -222, 22, -80, -224, 136, -152, 146, 66, -20, 154, -20, 62, 80, -188, -58, -120, -156, 74, -42, -74, -90, 38, 22, -54, 98, 144, -190, -66, -66, -124, 154, 16, -220, 52, 110, -106, -56, -248, 80, -122, 10, -56, -72, 160, 50, 174, -46, -188, -42, 66, 288, -26, -78, -126, -76, 100, 74, 16, -158, -224, 0, 34, -60, 282, 26, -194, 70, 132, 84, 34, 84, 232, 16, -50, -110, 52, 100, 122, -270, -102, 14, 30, 274, 122, -136, 258, -178, -172, -138, 12, 102, 50, 156, 30, -180, 0, 2, -218, 128, 64, -62, 80, 16, 72, 134, 204, -248, -104, 108, 144, 154, 130, 196, 384, -26, 20, 82, 206, -124, 68, -36, 126, 220, 262, -166, 136, 244, -34, -50, 224, -170, -306, 28, 24, -146, 138, -216, 106, 188, -34, -130, 48, 102, 352, 24, -102, 288, 28, 200, -14, -52, -84, 30, -144, 216, 114, -318, 32, -164, -74, -22, -76, -166, 70, -134, 78, -56, -122, -178, 170, -118, -16, 70, -26, 74, 108, -40, 20, -276, -48, -20, -70, -250, 70, -116, 24, -228, 26, 0, 182, 18, -154, 12, -52, -6, -286, -42, -74, -172, 62, -174, -90, -56, -52, 92, 162, -2, 32, -18, 64, 96, 260, -128, 106, 224, 82, -38, -58, -206, 182, 52, -204, 114, 198, -272, 142, 160, 8, 108, -82, 176, 72, 50, -100, -10, -96, -134, 44, 134, -286, 12, -40, -10, 210, 18, 82, 14, 94, -36, -52, 146, -52, 186, -110, 68, -196, -56, 40, 114, -200, 190, 4, 
-98, -52, -58, -132, 218, 256, -102, -48, 198, 216, 48, 140, 14, -116, -18, 154, 16, 146, 158, -84, 12, -218, 228, 154, -10, -132, -50, -86, 16, -4, -42, 24, 168, 72, -86, 92, -34, -94, -32, -124, 264, 122, -46, 108, 42, -30, 188, 120, -200, -20, 26, -56, -232, -24, 12, -124, -230, 232, -116, 234, 200, -198, 160, 128, 86, 156, -40, 132, -34, 52, 196, 218, 78, -196, 112, -114, -130, 162, -68, 92, 128, 276, 38, -196, -234, -2, -228, 84, 96, 56, -34, -158, -54, 6, -112, 208, 106, -8, -90, -150, -82, 24, -106, -236, 166, -26, 24, 238, 24, -92, 344, 112, 168, 12, -80, -22, 120, -60, -82, -76, 270, -88, -148, 44, -58, 78, -96, 60, -108, -142, -16, 114, -18, 84, 62, -16, -2, 126, -136, 38, 16, 38, 154, 132, 50, -242, -42, 22, -82, -246, -88, 4, 174, 126, 20, -170, -46, 142, 124, 190, -162, -182, 164, 180, -168, 22, -134, -80, 104, 40, 0, 70, -78, -128, 12, -186, -92, 16, -40, -28, -72, -26, -16, 80, -128, 164, 62, 196, 122, 74, 154, 138, 160, 60, 36, 116, 42, 292, 232, 36, -108, 42, -92, 36, 102, 44, -112, -76, 112, -112, -12, 150, -278, -196, -38, 300, -64, 54, 338, -32, -148, 184, -402, 168, -180, 54, 194, 30, -200, 252, 20, -68, 46, 100, 120, -20, 60, 42, 150, 86, 202, -44, 2, 184, 188, 32, -106, 64, -88, 22, 66, -52, -82, 168, 148, 92, 144, 98, 218, 150, 22, 2, -66, -112, 138, -4, -38, 90, -38, 62, 218, 16, -102, 164, 32, 210, -110, 58, 28, 120, 4, -38, -88, -134, -64, 90, 50, 80, -110, 74, 138, 180, 90, -212, 118, -156, 210, 74, -144, 38, 126, -66, 58, 254, 196, -230, 94, 188, -122, -42, -38, 124, 76, 178, -158, -58, 118, 100, -20, -52, -222, 152, 184, -12, 234, 310, 72, 114, -44, 98, -278, -40, -126, 180, -170, 178, -24, -40, -64, -62, -100, -144, 54, -80, 218, 142, 16, -14, -36, -180, -112, -348, 12, -68, 56, 40, 88, -18, -30, 62, -22, -96, 198, -6, -158, -24, 42, -144, 186, 386, 46, -48, 66, -14, 172, -204, 110, 66, -74, 126, -178, -242, -32, 54, -136, 246, -134, -16, 0, 76, 190, 6, -108, -50, 206, -104, -8, 168, 116, -10, 174, 50, 238, -128, 244, 70, 200, -76, 116, -94, 50, -122, 60, -188, 34, -46, 238, -114, -54, 64, 252, -176, 110, 40, 194, 110, 18, -84, 90, 22, -218, 120, -178, 46, 20, 74, 130, -92, 122, 160, -180, 62, -228, 140, 58, -66, 60, 116, -36, -88, 368, -66, -284, -74, 70, 156, 230, -82, 28, 368, 140, -120, 244, -88, 0, 130, -102, 108, -96, -42, 108, 228, 74, -4, 112, 28, -148, 270, 64, 58, -40, -288, 118, -16, -116, 58, -48, 64, -12, 114, -60, -66, -88, 118, 48, 52, -110, 246, -210, -134, 
-8, 100, 142, 86, -54, 18, 86, 176, -164, -94, -102, -120, -58, -92, 166, 40, -16, -74, -192, 248, 122, 390, -40, -128, 124, 188, -12, -32, 6, 34, 98, 8, -150, -196, 128, 8, -48, 104, 12, 24, -246, -138, 68, 6, -162, 72, -126, 48, 136, 90, 30, -10, 252, 22, -14, 174, 214, -212, 142, -96, 104, 18, -116, -44, -56, 76, -128, -54, 20, 72, -14, -94, 62, 60, 56, 40, 28, -86, 236, -12, -114, -224, 134, 244, 76, 60, 78, -6, -102, -26, -20, 290, 186, 124, 252, 8, 74, 262, 32, 124, 84, -6, 120, 22, -86, 10, -20, 52, -126, 72, -176, -26, -220, 20, -4, 60, -132, 56, 248, 26, -190, 54, -148, 16, 38, -110, 126, -174, -46, 44, 100, -22, 68, 36, 120, 76, 216, -36, -126, -116, 136, 14, -64, -56, -62, 120, 204, -26, 182, 220, 16, -80, -60, 108, 8, -32, 52, -50, 132, -222, 138, 148, -86, -68, 184, 90, 132, 270, -52, 156, 64, -254, -44, 66, 118, 218, 206, -26, 98, -76, 160, -92, 118, -154, 34, -116, -120, -152, -60, -190, -124, -44, 48, 84, -6, 34, 18, -268, -52, 120, 254, -64, 200, -4, -80, 172, 98, 16, -66, 70, -42, -104, 330, -6, 76, -198, 148, -36, -206, 36, -2, -42, 170, -66, 174, -164, 36, -46, 84, -76, 180, 146, 26, 54, -16, 16, -110, -38, -104, -82, -80, -98, -28, -142, -30, -70, -100, -108, 126, 52, -88, 28, 180, -118, -40, -146, 38, -166, -72, -68, 6, 80, -4, 124, 18, -50, 42, 98, 102, -42, -88, -122, 86, -114, 42, -152, 18, -166, -14, -150, -148, -32, 196, 256, 44, 56, -158, -36, 140, -48, 78, -64, 40, 304, -176, 188, -134, -18, 126, 64, -184, 130, -20, -184, -98, 224, 68, -140, -64, -8, -196, -132, 60, -110, 254, 158, -300, -32, 200, -22, 422, -92, -210, 46, -56, 22, 72, -44, 48, 46, 194, -56, 222, -106, -94, -36, 120, 140, 236, 202, 230, 156, 8, -80, 14, -78, 148, 52, 120, 266, -140, 222, -84, 236, 262, 22, -2, 12, 90, 188, 70, 274, -88, 246, -106, -156, 98, 192, -140, -206, 12, 216, 14, -56, -48, 74, -2, -296, 108, -146, 120, 290, 72, 62, 252, -34, 260, 66, 8, -306, -66, 14, 136, -32, -180, -12, -140, -130, 30, 8, 64, -96, 12, 144, 4, 46, -120, 124, 188, 82, 82, 78, 88, 194, -156, -70, -212, 90, -84, -216, -32, 172, -70, -18, 14, -106, 30, 72, -30, -2, 174, -140, -34, 118, -42, -32, -72, 184, 2, -90, 158, -30, 324, 196, -72, 10, -16, -10, -54, 218, -228, 100, 188, 52, -100, 50, -96, 204, 38, -120, -44, 324, -264, 268, 74, -4, 192, -182, 148, 60, -50, -160, 212, 0, 80, -96, 164, -146, 170, -14, 84, 120, -114, -32, -10, -4, 34, 104, 76, -226, 46, 30, 208, 54, -90, 126, 44, -228, 310, -82, 
-46, -126, 62, 6, -10, 26, -92, -120, 286, 206, 124, 144, 120, 88, -70, 90, 104, 66, 4, 92, -110, -134, 206, 28, -264, -64, -30, 54, 116, 92, 42, 20, 144, 120, -192, 100, -64, -150, -80, 94, 100, 142, -130, 36, 330, -22, 4, -48, -130, 84, 70, 142, -178, 60, 146, -144, -100, 80, 86, 72, -30, 128, 52, 106, -92, 74, 182, -70, -132, -30, 26, -64, -60, 98, 20, 162, -76, 144, -130, 102, 168, 104, -6, -240, 80, -106, 56, 24, 124, -26, -70, -250, -20, -60, -52, 2, -34, -120, -2, -56, -96, 100, -66, -172, 180, 136, -148, -144, 52, 62, 216, -180, 266, -86, 172, -8, 60, 52, -70, -164, 134, -38, 186, 18, -16, 2, -6, 134, 38, -2, 188, 48, 36, 124, -144, -48, -134, 12, 86, -202, -8, -50, 220, 64, 16, 192, -72, 140, -138, -38, 60, 52, -30, 82, 110, 92, 206, -66, 146, 176, -64, -124, 60, 164, 60, 64, -174, -240, -4, -70, -104, 206, -2, 74, -22, -210, -48, 132, -10, 226, -192, 96, -272, 322, -246, 50, 12, 122, 100, 44, 176, -158, -132, 60, 30, 82, 32, 230, 166, -6, -160, 158, -182, -36, 6, -66, -148, -64, 216, 66, 22, 12, -162, -84, 96, -46, -162, 94, 236, -90, -4, -54, 130, -24, -160, 36, 106, 220, -100, 28, -66, 34, 78, -230, 142, 166, 60, -48, 108, 218, 28, -58, 192, 154, 4, 312, 264, -78, -68, -84, 38, 130, -220, 90, 0, -34, 2, 86, 4, 168, 22, 142, -56, -168, -116, -178, 132, -168, -82, 122, -10, 136, 2, -96, 170, 314, -16, -60, 36, 182, 148, 138, -30, 8, 8, -58, 138, 60, -122, 80, 36, -146, -76, -168, 184, -50, 120, 6, 234, 132, 66, -34, 260, 176, 96, -258, -100, 28, 96, 98, -48, -160, -82, 86, -106, -118, 254, -72, 2, 30, -200, -72, -34, 14, 160, -6, 0, -28, -26, -22, -2, -74, -176, 238, -66, 274, -74, 66, -208, -106, -42, 60, -46, 38, -102, -26, -124, -110, -28, -110, 2, -86, 166, -36, -230, -6, 60, 62, 24, 84, 40, -258, 54, -116, 42, 226, -88, -156, 42, 138, 100, -162, -72, 110, 132, -138, -180, 302, -312, 60, 44, -170, 88, -56, -318, 40, -190, -12, 178, 124, 86, -44, -88, -130, 234, 0, 136, 100, -232, -118, -8, 32, 84, 54, 104, -106, -30, -112, -114, 52, -50, 6, -40, -172, 24, 140, 232, -50, 16, 82, 194, -154, 136, -86, -46, 32, 84, -116, 24, 0, -126, 190, -66, 202, 108, 44, 160, -38, 112, 6, -160, 86, -112, -124, 46, 154, -40, 76, 30, -130, 284, 48, -176, -38, 76, 86, 64, -142, 62, 28, -6, -88, 134, -22, -26, 182, -414, 246, 202, 28, -58, 144, -94, 32, 168, 96, 14, 82, -172, 168, -20, -146, 36, 64, 8, -28, -86, -140, -126, 114, -164, -32, -64, 106, 272, 24, -10, 42, -224, 30, 
-14, 134, -146, 230, 146, -138, 252, 130, -44, -106, -80, -132, 24, -18, -120, 270, -182, 68, -74, -146, 142, 332, -80, -10, 420, 326, -16, 54, -116, -38, -170, -10, -26, -224, 200, -114, 126, 146, -40, -40, -50, 10, 144, -74, -266, -32, 10, 192, 62, 8, 122, -274, 110, -70, -94, 132, 164, -122, 186, -250, -158, -224, 50, 312, -96, -78, -108, 116, 192, 166, 238, 206, 68, 54, 66, 158, 68, -56, 242, -26, -100, -156, 118, 252, -20, 112, -158, 52, -72, 0, 168, 68, -20, 82, 118, 138, 66, -10, -72, 0, -22, 160, 10, -20, 68, -112, 188, 58, 68, -14, 50, 24, -6, 212, 10, 12, -64, 124, 20, 300, -14, 64, -162, -20, 200, -6, -82, -34, -70, 18, -128, 92, -64, -60, -38, -40, 56, -90, -8, 116, -64, 148, -150, 78, 32, -42, 28, -176, 118, 46, -32, -26, 54, 10, 62, -30, -90, 54, 12, -134, 52, 236, 48, -284, -154, -14, 110, 380, -26, 96, 172, -16, -70, 28, 102, 150, 96, 20, -130, -114, 280, -44, 142, -408, 116, 16, 154, -46, -58, -136, -280, 106, 108, 94, 32, -60, 28, -26, -158, 112, 102, 26, 182, 342, -176, 38, 116, 238, 112, -22, -176, -4, 74, 196, -50, -100, 96, 54, -164, 92, -124, 182, -126, -232, 16, 50, -122, -12, 10, -54, 246, 116, -74, 132, -104, -34, -94, 100, -136, -38, 68, 68, -220, -128, 58, -254, -148, 22, 84, 162, 92, -274, 276, 176, -4, 8, 56, -44, 208, -72, -88, -18, 146, 138, 204, -44, -322, -78, 112, -82, -142, -96, 192, -22, -40, -146, -126, -72, 176, -40, 134, -94, -8, 4, 68, -16, -196, -232, 126, 40, -26, -16, 104, 128, -250, 22, 12, -42, -20, -34, -58, 80, -158, -92, -76, 346, 188, 148, 22, -52, -76, 282, 120, 20, 286, 130, -182, -16, 184, 58, 326, 130, -78, -38, -72, 156, -22, -14, 6, -46, 64, 184, 332, -200, 94, -20, -12, 56, 214, 174, 160, 128, 52, -110, 378, 132, -12, 92, 34, 216, 14, 128, -22, 122, 208, 220, 72, -108, -230, -40, -196, 196, 74, 244, -66, 50, 140, 240, -22, -52, -294, -36, 72, -84, 80, -10, -24, -140, 130, -64, -86, -38, -24, 126, 360, -48, 146, -4, -8, -122, -36, -48, -24, -96, -280, -16, 36, 64, 120, 50, 148, -142, -66, -242, -48, 66, 78, 158, 88, 200, 28, 46, 10, -10, 54, 14, 52, -18, -72, -54, -74, 234, -178, 16, 68, 164, 4, -48, -160, -90, 16, -212, 32, -92, -32, -6, 24, -22, -68, 114, 58, -66, 152, -30, 120, -230, -28, -58, 116, 104, -136, -80, 18, 128, 156, -274, 8, -8, 108, 32, 272, 230, -34, -26, 22, -156, 278, -228, 70, -50, 28, -238, 36, 40, -200, -14, -100, 76, 72, -90, 124, 120, -138, -10, -174, 92, 194, 6, 196, -120, 36, 2, 88, -122, -136, 80, 200, 56, 100, -110, 
-26, -58, 138, -270, -280, 42, -110, -30, -54, 190, -48, 50, 202, -42, -24, -38, 186, -152, 182, 246, 28, -36, 0, 70, -190, -244, -226, 266, 0, -96, 192, -78, 72, 62, -34, 96, -192, 18, -100, -22, 164, 56, -252, 24, 136, -2, 52, -192, 42, -6, -8, 318, -50, -8, -20, -202, 74, 84, -102, -32, 124, 24, 66, -230, 24, 138, 100, 276, -40, -90, -132, -218, -148, -78, -50, -122, -100, 4, -36, -44, 148, 62, -20, -182, -6, -38, -16, 88, 110, -130, -134, -208, 196, -4, -52, -20, -116, 204, 82, 10, -114, -204, 92, -86, 18, 54, -96, 80, -96, 108, -270, -6, -94, -54, -74, -28, 88, -50, -4, -342, -50, -160, 44, 138, 22, -54, 38, 24, 118, 50, 92, -96, 28, 6, 66, -112, -72, 40, 24, 276, 130, -4, 246, -30, -88, 64, -6, 188, -106, -12, 224, 14, 102, 130, -150, -56, -18, -228, 28, 398, -16, -148, 86, 358, 64, -26, -136, -148, 172, -136, -100, 192, 160, -20, -110, 160, -64, -100, 272, 66, -136, 138, -148, 262, -6, -102, -52, 162, 22, -86, 196, -182, -28, 254, 120, 104, 272, 126, 108, 126, -84, -64, 34, -238, -2, 200, 36, -24, 12, -52, 70, 90, -262, -196, 130, 142, 8, 128, 196, -80, 172, 76, -42, 12, -72, -94, 20, -136, 72, 46, 2, -70, 100, -184, 276, 110, 80, 18, 92, 8, 54, -52, 254, 230, 6, 278, 198, -200, 28, 42, 56, 318, -256, -184, 2, -58, -140, -70, -110, 88, 168, 28, 16, -148, 98, 12, 188, 170, -252, 202, -134, 166, -162, 114, 44, 50, 228, -106, 88, 36, 186, -54, 200, 116, 90, -42, 126, 46, 112, -100, 230, -90, 28, -66, 184, 4, 154, 76, 42, -18, -102, 6, 278, 74, 92, -234, -236, -134, 92, 176, 6, -222, -162, 190, -192, -212, 262, 46, -82, 8, -254, -90, 308, -16, 96, 160, 112, 72, 90, 172, -30, -158, -270, -28, 64, 270, 38, -112, -108, -240, -110, -58, -52, 60, -230, -60, 132, 8, -24, -160, -10, 56, 0, -24, -296, -54, 2, 150, 48, 86, 322, -210, -20, -140, 54, 20, -82, -132, 144, 130, 130, 64, -54, 86, -162, 96, -136, 274, 54, -4, 112, -48, -48, 52, -94, 46, -30, 120, 66, -104, 112, -62, -18, 218, 112, -60, -12, -178, -80, 36, 86, 54, 200, 244, -50, -124, 234, -106, -116, -46, 68, -102, -98, 22, -14, 38, -76, 188, -128, 424, 64, -244, 324, 36, -60, -136, -150, 110, 128, -30, -18, 148, 122, 92, 44, 54, 70, -200, -2, -20, -52, -30, -328, -100, 68, 250, 72, 134, 152, 216, 150, 270, 40, 44, 4, 156, 80, -2, -120, -10, -146, -104, -10, -230, 62, 184, -218, 288, -88, 56, 16, 128, -54, -60, 162, -68, 136, -24, -182, 42, 6, -202, 34, 224, 66, -82, -12, 96, -198, 182, -72, -10, 38, 164, 158, -164, -144, -32, -52, 22, 
118, 210, -150, 286, 220, -4, 188, 86, 246, -112, 102, 40, -178, -76, 162, 112, -166, 168, -12, -138, 170, 28, -88, 0, 160, 36, 86, -142, -116, 70, 78, 28, -18, -122, -40, -154, 10, 204, -44, 108, -226, 200, 104, 82, 70, -8, -78, 156, 138, 56, -12, -214, 48, 22, -54, 182, 2, -34, 76, 20, -170, 24, 28, 220, -90, 172, -200, -234, 140, 224, 64, 84, 246, 136, 160, 178, 34, 86, 134, 26, 32, -34, 38, 174, 102, 222, 38, 94, -20, 82, 10, 248, 44, -78, 200, 228, -52, -96, 120, 76, -6, 50, -44, -252, 6, -102, 104, -86, 116, 26, 270, -22, 72, 94, 54, -38, -92, 92, 82, 140, -48, 144, 22, -50, -2, -210, 16, -66, -84, -6, -48, 128, -64, 56, -70, 300, 54, 270, 2, 12, 52, -44, -170, -106, 156, 158, -86, -178, 132, -52, -104, -184, 32, 100, 0, 162, -76, 14, 28, -342, 102, 136, -54, -176, -154, -36, 96, 26, -26, 82, 44, -38, -48, 188, 20, -34, 100, 162, -72, -102, 104, -154, 154, -240, 88, -36, 72, -94, 270, -88, -46, 170, 188, -16, -6, 46, -104, 44, 90, -194, 116, 244, 2, 290, -6, -112, 68, 102, 84, -14, 8, 80, 374, 208, -158, 34, 150, -270, -38, -22, 66, -166, -112, -80, 130, 28, 140, 146, 98, 22, -40, 18, -50, 46, -220, 82, -180, 100, 46, -74, -104, -134, 138, 36, 130, -90, -114, 322, -144, 32, 54, -70, 226, 122, 70, 102, 62, 112, -8, -84, 4, 122, 178, 212, -42, 118, 62, -162, 96, -116, -92, -98, 188, -56, 58, -104, -32, 206, -136, -180, -138, 98, -56, -16, 144, 112, -144, 106, -126, 130, -70, 124, 118, 116, 4, 20, -150, -158, 80, 162, 224, 48, -116, -44, 154, 244, 204, 160, -28, -34, -54, 118, -60, -140, 198, 238, -304, 84, 190, 132, 76, 292, -356, -12, 16, -142, -46, 106, -14, -162, 158, 236, 166, 58, -68, -2, 60, 174, 144, 104, 136, 228, 2, 162, 12, -110, -36, -92, 18, 272, 56, -98, 4, 64, 92, 2, 38, -16, 102, -68, 14, 350, -62, 192, -294, 112, -26, 52, -106, -52, -126, -80, 180, 30, 252, -202, 96, -120, -46, -66, -144, -138, 46, -56, -68, 146, 106, -14, 2, 14, 214, 122, -100, -18, -100, 134, 10, 64, 248, 32, -84, -32, -102, -28, 10, 112, -50, 100, 22, -160, 10, 142, 228, -124, 42, 26, 56, -76, -82, -322, 126, 162, -120, 38, 4, 88, 228, 90, -104, -30, -2, -10, -2, -42, -32, 184, -22, -10, -100, -110, -130, -92, 26, 6, 30, -278, -62, -20, 14, -80, -238, -52, 58, 14, 34, -238, -92, -34, 40, 124, 174, 286, 82, 352, -108, -44, -66, -88, 54, 48, -52, -62, 152, 214, -30, 48, 28, 140, 206, 50, 72, 286, 92, -52, -170, 96, 164, 46, 278, 36, -30, 132, 64, -322, -218, 86, -106, -24, 108, -82, 
34, -112, 244, -168, -136, -8, 58, -4, -226, 108, 104, -18, 68, 92, -12, 42, 236, 4, -62, 152, -52, -196, 62, 66, -156, -98, 182, 286, 96, 36, -36, -56, 44, 38, 44, 60, -16, -142, 122, -22, 196, 20, 102, -166, -232, 64, 150, -72, 100, -238, -218, 124, -88, 74, -134, -4, 56, 44, 118, 16, 126, -44, -20, -136, 8, -34, 54, 178, -138, -300, 62, -344, -48, 30, 110, 64, -108, -160, -178, -6, -50, 50, -36, -16, 20, -126, 10, -146, -174, 40, 48, -172, 50, -52, -236, -96, -134, -22, -166, 78, 66, 52, 148, 218, 88, 226, -124, 138, -118, -24, -132, -40, 90, 18, -56, 16, 26, -2, -74, 30, 32, 48, 100, 64, 48, 52, 86, 104, -18, 64, -104, -48, 130, 32, 178, -356, 118, -288, 8, 42, 188, -110, 44, -174, -102, -34, 16, 98, -142, -120, 206, 280, 58, -28, 64, -160, 88, 16, -94, 294, 138, 104, 70, 274, 260, 92, -184, -4, 170, -168, -16, 30, -16, -50, -22, 78, 84, 90, -212, 156, -146, 2, 172, 208, 158, 6, 122, 226, -226, 190, 178, -114, -268, 44, 30, 12, 186, -148, -176, 80, -114, -82, 16, -304, 38, -8, -96, -126, 6, 114, -124, 26, -60, -150, -18, 166, 20, 142, 230, -8, 24, -64, 174, 50, -90, -10, -120, -62, -52, -22, 56, 132, 30, -78, 156, -184, 306, 46, 122, 186, 42, 128, -198, -132, -186, -100, 148, -262, 110, 158, 16, 112, -104, -228, -112, -64, -58, -44, -138, 18, -66, 150, -80, -92, -50, -106, 2, 58, -20, 84, 132, 80, -56, 84, 54, 272, 22, -110, 222, 162, 238, 90, -4, 2, -250, -24, 208, 108, 162, 48, 90, -32, -188, -88, -2, -90, 62, 40, 64, -146, -52, 42, 48, -76, 58, -132, -140, 32, 88, -4, -10, 46, 4, 96, -10, -372, 300, -36, -16, -8, 80, -282, 352, 66, 42, -24, 144, -72, -36, 18, 36, -194, -108, 184, -14, 36, 64, -218, -94, -22, -96, -122, -36, -92, -12, 198, -58, 16, 16, -100, -74, 182, -160, -68, 22, 138, 82, 150, -200, 280, -32, -254, 202, -22, 240, -158, 48, -66, 16, 172, 124, 186, -202, 182, -34, 202, 62, 6, 16, 206, 236, 112, 48, 134, 128, -208, 54, 100, 104, -2, -242, -28, 374, 32, 78, -48, -114, -42, -292, -24, 56, -6, 28, 116, 16, -58, 18, -102, 2, 148, 140, -84, -96, -24, 190, -152, 72, 24, 56, 408, 12, -74, 248, -28, -82, 8, -198, -298, 254, 32, 36, -62, 36, 332, 40, -78, 0, 118, 48, -78, 52, -24, 46, 26, -96, 222, -158, 80, 130, -16, 168, 48, -168, 40, -46, 208, 168, 114, 22, 74, -138, -68, -146, -110, 172, 76, -140, 58, 66, -36, 238, -242, -42, -2, 42, -116, -32, 124, -258, -34, 130, -8, 44, 28, 240, -148, -90, 106, -134, -164, -194, 102, -64, 188, 118, 30, -20, 166, 54, 22, 
22, 150, -160, 198, 106, -184, 102, -12, 122, 28, 96, 18, -16, -158, -96, -86, -212, 26, 128, -106, 258, 78, 60, -26, -60, 0, 60, -180, 28, -10, 36, 128, -190, 148, -36, 18, 158, 52, -180, 24, -16, -22, -186, 76, 168, -88, -100, 72, -220, 284, 192, -154, 222, -24, 46, 44, -18, -50, 34, 30, -6, 194, 114, 94, 20, 78, 56, -112, 126, 96, -128, 278, 92, -78, -58, -164, 50, 192, 282, 150, -16, -104, -80, -138, 48, -8, 20, 202, 66, 4, 16, 56, 100, 96, 190, 140, 184, 2, 76, -18, 6, 4, -16, -182, -250, -120, 160, -160, 114, 146, -46, 42, 82, 6, 102, 132, 172, 20, 18, 112, -164, 66, 2, -100, 82, 100, -100, -114, 42, -52, -32, 104, -272, -106, 10, 106, -258, 360, 144, 2, -14, 174, -44, 190, -70, 152, 90, -118, 32, 14, 74, -138, -36, 100, 218, 182, -34, -52, 80, -248, 62, 142, 2, -218, -198, 70, 78, 22, -54, 36, -126, -152, -4, 94, 156, -56, -36, -96, 146, -92, 32, 70, -90, -116, -150, -128, -12, -40, 162, -152, 80, 188, 336, -78, 164, 10, -44, 28, 68, -2, 184, -62, 12, 100, 60, -78, 210, 60, 34, 100, 318, -76, 58, 142, -2, -334, -38, 60, -116, -44, -136, 128, -80, 84, 102, -242, 110, 42, 82, 62, -138, -214, -210, 104, -262, 212, -194, 216, -138, -102, 52, -112, 106, 40, 176, 280, -138, 84, 60, -208, 80, -38, 0, 342, 12, -20, 24, 180, 54, 62, 114, -22, 62, -144, 36, 82, -36, 116, 10, -4, -146, 52, -34, -4, -80, 58, -18, 0, -160, -156, -24, -174, 56, 78, 114, 24, -132, -48, -196, -60, -128, 110, 86, 136, 62, 164, -94, 188, -26, 190, 148, -110, -76, -82, 182, 110, 156, 146, 132, 206, 86, 188, 40, -22, 148, 148, 16, -54, 198, -20, -194, 144, -196, -172, -40, 56, -118, 32, -54, 246, 6, 220, 56, -4, -46, -44, -32, 88, 146, 166, 38, 178, 180, 202, -54, 102, -114, 142, -32, 162, 160, -36, -8, -16, -110, -124, -162, -318, 46, -268, 32, 160, -46, 208, -180, 44, -4, 148, -100, -18, -68, -48, 12, -16, 150, -74, 22, 118, -70, -4, -340, -26, -92, -126, 34, 190, -166, 14, 52, 28, 270, -14, -222, 64, -96, 74, 208, 198, 42, -36, -132, 4, 8, 94, 40, 20, 34, 156, 88, -98, -56, 136, 54, 102, 54, 110, -132, -28, -14, -278, 236, 32, -18, 50, -150, -54, 230, 246, -152, -44, -42, 108, -50, -110, -48, -180, 92, 80, -164, 126, 40, -58, -124, -42, 46, -124, 50, -70, -172, -68, -2, 38, -4, 144, 0, -72, -38, -130, 72, -228, 208, -116, 216, -104, -198, -66, 130, 82, 52, 122, -160, 238, -64, -18, -36, 86, 20, -4, 268, 136, -66, -36, 198, 58, -214, 120, 2, -130, 248, 12, 280, -64, 100, -34, -370, 128, -24, 28, -42, -36, 
-90, -34, 140, -164, 24, 0, -58, 228, 68, -110, 54, 142, 46, 166, 24, 106, 158, 112, -12, 126, -164, -80, 44, -52, -86, 136, -90, 134, 100, 90, -182, -100, 154, -160, 14, 308, 62, 72, 184, 36, -132, 24, 240, 220, -160, 178, -136, -102, 64, -54, -36, 104, -184, 188, -60, 46, 90, 96, -60, -28, -12, -40, -214, -28, -254, -54, 134, -20, 156, -34, 118, -16, 94, 72, 164, 124, -206, -72, -216, -122, -50, 170, 60, -78, -6, -160, -52, -194, -178, -12, 126, -106, -212, 0, -84, -94, -166, 172, 20, 264, 42, 8, 46, 288, 186, -46, 24, 46, 116, -122, -72, -154, 78, -38, -86, -4, -108, 124, 90, 80, 272, -62, 24, 6, 64, -56, 180, -20, -58, 182, -24, -56, 264, 162, 74, 2, 120, -128, -174, -20, -142, 302, 72, -140, 40, -114, 20, 370, 134, 140, -4, -90, 22, -112, -10, -264, 274, 148, -68, 200, -30, 18, 64, 144, 180, 44, -22, 58, 184, 52, 44, 184, 162, 14, -34, -48, 50, 248, 54, -32, 72, 54, 210, 44, 52, 252, -84, 166, -6, 2, 164, -106, -96, 92, -100, 66, 60, -190, -120, 110, -6, -68, 94, -130, -134, 146, -32, -62, -60, -148, -140, -24, -272, -58, -258, 216, -72, -96, 74, -26, 204, 42, -160, -134, -272, 234, -54, -136, 44, -22, 28, 194, 116, 8, 132, -202, 0, -226, 186, 24, -84, 78, -24, -74, -60, -134, -16, -34, -8, 104, -116, -56, 50, -142, 74, -70, 274, -220, -64, 116, 2, -48, -70, 278, 10, -190, -16, -10, 78, 24, 72, 214, -38, -218, 30, -92, 46, 60, 174, 174, 126, 32, 34, -164, -2, -18, 240, 232, 276, 6, 20, 216, 36, 56, -82, -140, 136, 68, 204, -22, -14, 150, 4, 102, -294, -222, -126, -124, -46, -302, 52, -330, 114, 38, -220, 72, -10, 308, -30, 46, 68, -38, 76, 208, 30, -50, 138, 128, 156, -182, -18, -28, -74, -46, 40, -124, 152, -54, -24, -138, 76, 92, -174, -134, -22, 0, 6, 2, 32, -194, -134, 2, -92, -64, -48, 100, 184, 296, -74, 296, -30, 0, 178, -236, 88, 54, -68, 92, -108, -14, -64, 28, -180, 100, -78, -8, 30, -206, -68, -74, 92, -228, -92, 90, 12, -16, -16, 176, 154, 38, -280, -154, 182, -18, 58, -154, -284, 10, 36, -58, -8, 38, -130, 10, 244, 104, -170, -250, 70, 60, -44, -124, 60, -44, -42, -70, -48, -44, -50, 304, -156, -70, 72, -46, 84, 168, -222, -94, 194, -22, -14, -90, 32, -4, 12, 156, 68, -18, 134, 100, -34, 0, 6, 6, 42, 96, 32, 8, 18, 18, -96, 2, 24, -292, 26, -16, -54, 252, 186, 210, -216, 222, -60, 220, 164, 36, -164, 44, -12, 8, 50, 26, 102, 168, 58, -58, 138, 66, -170, -60, 32, 212, -150, 38, 190, -38, -120, 32, -86, -62, -250, 256, 62, 160, 310, -54, -46, 38, 62, -84, 
186, 44, -176, 136, 12, -4, 102, -196, 6, 70, 22, -138, 110, -176, -74, -80, -80, 28, -34, -88, 76, 68, -164, -64, 166, -170, 46, 108, -160, -10, 70, 214, -74, 150, 78, -268, -16, -18, -214, -114, 16, 168, -112, -86, -8, -22, 46, 152, -86, -44, 154, -232, 260, -14, 106, 102, 62, -150, 62, -8, -40, 64, 250, -28, 206, 46, 140, 62, -132, 22, -10, -56, -78, 54, -230, -22, 196, 104, 228, 262, -40, 56, 44, 198, -128, 126, 180, 236, -8, -82, -72, 8, 160, -106, 52, 96, 252, -22, 126, 26, -18, -210, -110, -180, 74, -18, -52, -10, -156, 152, 212, 164, 78, -102, 30, -24, 24, -36, -12, -42, -366, 32, -16, -106, -210, 62, -60, -4, -152, -100, -122, 112, -186, -130, -22, 8, -106, 186, 268, 178, 170, 110, -36, 32, -108, 42, 28, -218, -174, -272, -64, 222, 2, 78, 104, 96, -218, -4, 212, 12, 62, 30, 16, 114, -40, -36, -38, -24, -130, -16, 44, -132, -104, -32, -26, 10, -18, -186, -6, -34, 58, 36, 18, 54, 16, -66, 150, -198, 38, -48, -20, 86, 190, 18, 104, -46, 90, 44, 20, -266, 114, 98, -150, 224, 66, -136, 80, -90, 216, 96, 98, 20, 162, 344, 208, -84, 100, 206, 0, 58, -72, 72, 38, 124, 284, -176, 4, 120, -34, 276, 40, -28, 122, 66, -12, 264, 92, 240, -118, -106, 4, -18, 110, 116, 152, 118, 34, 26, 148, 80, -162, 44, 184, 118, -186, -94, -38, 122, 2, -76, 44, -20, 180, -240, 46, 118, 136, 88, 70, 82, -98, 110, -14, 214, 124, 278, -68, 172, 24, -132, 102, -54, -44, 148, 20, 128, -190, -248, -290, 98, -78, -50, 112, -132, 104, 116, -134, 30, -80, 152, 102, 46, 162, 88, 160, 80, 206, 92, 168, 494, 44, 178, 4, -52, 162, -102, 0, -166, 124, -46, -2, 82, -160, -96, -114, 108, -130, -112, -66, -112, -34, -8, -120, 88, 36, -2, -134, -42, 36, 136, -22, -116, 266, -16, 84, 6, 54, 38, -48, 208, -118, 208, 172, 112, 38, 208, -210, -94, 68, -260, 110, 90, -76, 82, -12, -104, 52, 92, 166, -12, -14, -288, 58, -74, -46, -4, -68, 274, 30, 80, 6, 222, 102, 112, -56, 6, 72, -284, -84, -74, 310, 80, -192, 198, 44, 254, 158, -108, 118, -36, -28, 74, 12, -4, -8, -4, 226, 294, -62, 48, 40, 34, 110, 110, 42, -38, -24, -32, 168, -126, 118, -82, -40, 96, 6, -106, 146, 84, -34, 232, -82, -142, 16, 6, -184, -156, 78, -16, -162, -112, 16, -188, 66, 122, 128, -80, -14, 70, 46, -274, -30, 38, 30, 282, 108, 96, 156, -32, -208, -232, 126, -134, -64, -124, 56, 54, 26, 126, -106, 86, 176, 76, -28, -96, -230, -28, -86, -116, 168, 76, -48, -268, 250, 64, -62, 56, -88, 204, 132, -28, 74, -162, 96, -170, -38, -22, -2, -18, 46, 74, 
60, -58, 114, -32, -94, 60, -52, 166, 146, 40, -20, 246, -60, 122, -10, 298, 58, 2, -88, 234, -36, -24, 258, -2, -190, 86, 62, 8, 196, 0, -56, -148, 120, 74, 34, 144, 56, -76, 246, 52, -66, -32, 220, 84, 28, -138, -56, -64, 66, 144, 116, 376, -8, 186, 26, 8, 110, 48, 34, 34, 164, 168, -248, 66, -136, 68, -182, -94, 152, -50, 150, -118, 82, -10, 282, -58, 48, -232, -98, -248, 190, 74, 4, -162, -22, -86, 36, -90, -22, 2, 136, 34, 20, -44, 66, -60, -204, -68, -28, 142, 66, 408, 228, 188, -118, 48, 30, -16, -38, -232, -100, -136, 16, 212, 52, -128, -14, -12, -78, 8, 258, 66, -12, -4, 192, 94, 126, 34, 4, -32, 148, -70, 258, 262, 118, 4, 280, -176, -270, -100, -2, -58, 180, -112, -198, -80, -54, 94, -20, -16, 250, -110, 8, -126, -38, -20, 338, -54, -226, -36, -72, -14, -14, 66, -86, -36, 172, 104, 296, -66, 192, 264, 170, 144, 134, 16, 126, 176, -46, -174, 4, 66, 242, 6, 10, 234, 8, 148, -64, 78, 176, -110, -12, -48, -116, 56, -152, 274, 42, 356, -66, -156, 36, -46, -60, 156, 2, 120, -126, 104, -82, -42, 94, -212, -204, 176, -30, -2, -114, -156, -38, -206, 38, -10, -294, 190, -40, -150, 194, -92, 46, -134, -32, 48, 22, -156, -20, -232, 22, 188, 58, 16, -6, 92, -170, 28, 120, 74, 6, -20, 238, 122, -182, -54, 168, 6, 14, -82, 36, -32, -54, -148, -218, 204, -34, -38, 64, 52, -6, 118, -160, -138, 26, -138, -10, -10, 4, 178, -52, 202, -204, 100, 64, -38, -114, -200, 194, 218, 224, 94, 66, -52, -82, 52, -212, -30, 186, -116, 198, -138, -176, -20, -90, 194, -18, -8, -96, -60, -178, -254, 6, -100, -60, 72, -58, 234, 50, 98, 144, -60, 12, -160, 166, -58, -20, -112, 82, -144, 26, 50, 10, -64, 200, -186, 26, 48, 236, 30, 16, -12, 226, -80, -236, 36, 214, 40, -154, 68, 192, -78, 114, -92, -200, 10, -20, -144, 128, 6, -102, 104, -56, 44, 30, -12, 246, 86, -200, -108, -170, -20, -86, 228, -310, 182, 40, -88, 36, -10, -60, -24, 78, -208, -86, 88, 44, 8, 178, -88, 58, -100, -166, -180, 262, -40, -36, 10, 130, 114, 64, 120, 86, -66, -90, 84, 92, 78, -204, -126, 214, 20, 92, -4, 38, -60, -14, 276, 52, 112, -278, -28, -138, 98, 150, -122, 94, 50, -138, -64, 166, -118, 118, 72, -146, 146, 116, 58, 10, -40, 240, 34, 46, 138, 198, 44, -42, 48, 32, -62, -236, 80, 120, 0, 0, -220, -62, -152, -16, 8, 34, 162, -84, 200, -4, 252, -138, -22, 56, 112, 244, 244, -126, -8, 112, 78, 136, 36, 24, 50, -46, 30, 38, 170, -74, -36, -24, 116, -92, -172, -72, 120, 98, -142, -30, 128, 28, -30, -86, 192, 64, -48, 
36, 42, -112, 108, 142, 120, 14, -56, -2, -46, 132, -170, 82, 14, 48, -220, -46, -234, 176, -30, 146, 288, -222, -134, 142, -248, -30, -28, -56, -62, 30, -14, -92, -86, -112, -218, 188, 104, -278, -62, 254, 174, -126, -6, -80, 124, -12, 56, -54, -26, -180, -294, 18, -116, 14, 14, -152, 88, 62, -64, -50, -54, 212, 114, 112, -180, 100, 0, 42, 162, -48, 156, -88, 82, -60, 106, -100, 198, -128, 294, -220, -122, -116, 52, 118, -120, 100, 10, 4, -58, -88, 6, -2, 64, -80, 38, 136, 16, 184, 32, -56, -280, -32, 40, 216, -260, -50, 134, -76, 188, 262, 168, -106, -14, -14, 140, 0, 44, 74, -142, -20, -10, 126, 90, -292, 42, -176, 88, 24, 58, -168, 74, -30, 8, -116, -70, -188, 106, 380, -66, 44, 204, -70, -54, 72, 126, 216, -278, 88, 142, -280, 154, -104, -52, 50, 138, -106, -150, 40, -74, 42, 100, 2, 44, 68, 196, 74, -214, -270, -22, -80, -60, -50, 106, -80, 180, -14, 116, -2, 190, 76, -98, -82, -2, 56, -166, 232, -42, 106, 198, -30, 132, 254, -16, 190, -144, 272, -56, -60, -132, 46, 116, 70, 248, 124, 10, 18, -112, 154, -92, -90, 34, 66, 286, 200, 38, 2, 28, 76, 260, 52, 18, -4, 108, 98, 8, -176, 216, -140, 32, 100, 206, 56, 48, -12, 152, -92, 240, 30, -58, 24, 80, 16, -52, 46, 54, -172, 54, 12, -122, -84, 108, 80, 226, -206, 70, -52, 32, -80, 34, 116, 244, 348, -102, -100, 132, -84, 10, 60, -84, 84, -6, 32, 30, -196, 194, 104, -112, 6, -134, 162, 24, 48, 96, 168, 426, -24, -114, -126, 0, -38, 102, 214, 32, 114, -152, -48, -62, -164, 134, -16, -170, -56, -210, 92, 110, -50, 0, 214, 204, 42, 50, 48, 0, 94, -60, -120, -56, -60, -46, 76, 350, -42, 152, -28, 10, -30, 110, -68, 110, 94, 6, -126, 218, 72, 14, -30, 4, -12, 102, -124, 122, 106, -170, -82, 30, 130, 106, -340, 124, 180, 198, 64, 136, 80, 84, -32, -44, 48, -62, 26, 148, -102, -34, -70, -132, 236, 238, 148, -28, 20, -30, 306, -36, -174, 202, 108, -14, 240, 98, -76, 188, 56, -56, 122, -94, -62, 134, 60, 204, 10, 76, -62, -62, 230, -204, 26, -110, 8, -42, -110, 126, 230, -90, -124, 40, 20, 138, 40, 84, 84, 50, 90, 134, 104, -84, -16, 100, 70, 74, 98, -26, -170, 120, -22, -102, 140, 96, -94, 10, -8, 94, 266, -80, 36, 90, -46, 140, 0, -6, -74, -84, -136, -34, 164, 104, 130, -14, 360, -56, -24, 84, 62, 146, -110, 230, -18, 2, 62, 24, -48, -10, -6, -108, -14, 34, -150, -72, -124, -52, 280, -52, 62, 90, 74, 112, -98, -14, -78, 114, 54, -152, 134, 72, 4, 92, 226, 212, 36, -4, 46, 144, 54, -132, 18, 112, -4, -60, -34, 212, 
168, -64, 102, 24, -240, -68, -106, 116, -88, 150, -36, 250, 136, -62, -54, 170, -4, -12, -310, -116, 44, -260, 328, 128, -160, 202, 148, 6, 300, -282, -38, -14, 212, 90, 132, 202, -62, 56, 234, 74, -132, -186, 310, -30, -86, -122, -40, -108, 94, -34, 124, 362, -164, 192, 230, 134, 80, 248, -66, 36, 124, 172, -188, -40, -80, 64, -114, -54, -106, -112, 164, -64, 94, 26, -48, -102, 250, -176, 88, -176, 72, 178, 108, -270, -110, 194, -80, 38, 168, 12, -138, -18, 108, -8, 50, 94, -20, -218, 34, 164, 154, 142, 194, 38, -168, 182, -98, -56, 108, -162, -64, -6, 136, -114, 204, 116, -182, 12, -132, 94, 100, 0, -144, -172, 290, -246, 106, -100, 42, 142, 216, -16, 82, -14, 246, 214, 34, -72, -226, 68, 2, -60, 154, 114, 60, 28, -206, 152, 2, -28, 206, -158, 158, 42, -58, 104, 200, -154, -86, -16, -28, -256, 40, -32, 108, -236, 154, 16, 160, 60, 50, 146, 206, 50, 86, -82, -48, -34, 176, -84, -16, 104, 10, 70, -56, 116, -30, 54, 44, -76, 96, -92, -168, 50, 6, 62, -12, 198, 310, 286, -176, -52, 22, -42, -202, 12, 94, 28, 20, -38, 34, 142, -54, -152, -8, 28, -12, -68, -150, -130, -178, 60, 40, -74, -182, -16, 92, -24, 96, 96, -250, -78, -66, -48, -14, -60, 88, -122, 40, 62, -86, -66, -8, 238, 138, 98, 126, -40, -224, -82, 166, -274, 62, 70, 242, -186, -102, 36, -76, -98, -134, -248, -270, -42, 162, -156, 194, 108, 180, 68, -46, -54, -42, 190, 18, 20, -154, -48, -186, -176, -178, 142, -48, -136, 4, -420, 50, 352, 278, -22, -66, -44, 56, -96, 76, 128, 66, 12, 118, -98, 26, 140, -128, 254, -48, 38, 74, -48, -226, -162, -46, -42, -184, -76, -180, 116, 98, 84, -16, -144, -42, -230, -132, -96, 26, 40, -20, -166, 132, 36, 12, 216, 226, -94, -72, 182, -76, -36, 120, 92, 218, -230, -70, 36, 188, 2, 54, 24, 272, -42, -102, -48, -82, -158, -80, 20, 308, 94, -142, 124, 58, -208, 56, 14, 102, 102, -372, -124, -48, -100, -72, -44, -134, -4, 50, -148, 68, 60, -214, 128, 96, -18, 170, -10, 132, 238, 70, 4, -204, -288, 130, -42, 86, 8, -2, 166, 172, 270, 74, -150, 116, -20, -60, -48, 92, 36, -146, -86, 66, -90, -32, -216, -256, -172, -144, 110, -42, -138, 48, -90, -4, -34, 182, -146, 148, -40, -14, -16, -14, 74, 282, -234, -182, 116, -20, -184, -18, -54, -48, -150, 194, 24, -10, 88, 2, -148, -10, -74, -224, -6, 34, 78, 30, -64, 136, -194, 216, -58, -20, -78, 8, 152, 132, 80, 146, -52, 198, -24, 310, -148, -90, -26, 16, -26, -260, -64, 86, -50, -68, -116, -182, 150, -150, -252, 22, -22, 104, -96, 58, -58, 10, -12, 56, 102, 112, 56, 52, 80, 138, -102, 
32, 164, -78, 36, 272, 236, 116, -94, 104, -310, -36, 26, -360, 236, 354, 70, 98, 18, 134, 136, 148, 196, -108, 122, 210, 22, 72, -152, -30, 310, 60, -62, 38, -34, -140, -210, 156, -126, -206, 106, 256, 300, -290, -2, 62, 174, 190, 88, -22, -48, -26, -130, 108, -184, -160, 48, -110, -18, 144, -64, -74, -226, 130, -30, 202, 80, 104, 122, -74, 230, -260, 112, 30, 16, 144, 12, -180, 190, -18, 190, 66, 90, 32, 298, 64, -238, 190, 56, -72, 44, 114, -60, -38, 70, 104, -170, 200, 42, -50, -130, -128, -68, -346, 98, 8, -36, 164, 58, 20, 212, -54, -26, -240, 158, -12, -82, 72, 86, 352, -198, 2, 100, -12, 260, -150, -46, 48, 108, 66, -242, -64, -62, -142, -46, -2, -70, -40, 46, 324, 132, 68, 40, -54, 20, 142, 60, 334, -174, 128, 34, -114, 98, -46, -80, 38, 112, -186, -22, 42, 24, -30, 178, -80, 64, -178, 78, -40, 74, -34, -98, 28, -188, -210, 34, -202, -2, 28, -122, -82, -12, -4, -50, -6, 246, 90, -128, 120, 0, -40, 34, 26, 26, 230, 30, 84, -58, 16, 18, -88, -42, 260, -24, -16, 140, 220, 76, -110, 0, 160, -48, -118, 30, -80, 32, -190, 92, -112, 90, 160, 42, 6, 212, 100, 108, 146, 116, -120, 98, 136, -8, 70, 62, 230, 198, -84, 144, -36, 186, 104, -246, 160, -12, 30, -140, -120, -88, -76, 162, 96, -26, -154, 108, 42, -190, -110, 176, 286, -126, -112, 48, 16, 52, 292, -52, -208, -32, -72, -84, -92, -92, -56, 220, 46, 90, -10, 68, 12, -36, -34, 246, 218, 44, 142, 206, 122, 380, 18, -106, -68, -130, 108, 60, 108, -180, -108, -72, -162, 82, 42, -34, 4, -172, 164, -6, 132, -168, -58, 70, 140, 164, 176, -40, 74, 116, 120, -34, -88, 192, -2, 44, -44, 86, -22, 40, -36, -22, 12, 40, -112, 66, -86, -252, -186, -170, -42, -162, 132, -34, -70, -40, 40, 38, 62, 32, 34, 38, -30, -122, -270, 38, 6, 134, 152, -56, 142, 24, -184, 102, 108, 12, -32, 140, 76, -26, 34, 20, 226, 86, -30, 154, 130, 154, -32, -24, -168, 240, 38, 20, 260, 20, -46, -42, -26, -98, 72, -86, -16, 72, 184, 118, 10, 58, -10, -142, 132, -230, -196, -90, -244, 54, 80, -74, 70, 66, 16, -190, 42, -10, -130, 44, 80, 110, 188, 48, 8, -98, -82, 264, -66, -30, -198, -106, -54, 112, -90, -18, 190, -114, 8, 56, -56, 86, 142, -50, 22, 196, 174, 60, 146, 76, -156, 124, 24, -24, 92, 86, 26, 106, 68, 8, 46, 12, -180, -90, 18, 164, -88, -138, 60, 144, 0, 40, 82, -80, -16, 0, 40, 6, -346, -114, 186, 58, 122, -2, 110, 76, -172, 122, 316, 32, 134, -28, 84, 168, -24, -14, 84, 98, -58, 46, 54, -124, 98, -84, -42, 40, -40, -106, -248, 266, 
18, -58, 0, -80, -46, 68, 24, 32, -8, 410, 112, -16, 324, -120, -306, -64, -68, 82, -92, -174, -168, -46, 164, -114, -222, 108, -10, -2, 136, -128, -114, 80, -76, -64, 28, 118, -148, 146, 42, -98, -188, -160, 162, 36, 62, -122, -180, -102, -120, 56, 124, 70, 60, 128, 200, -102, 180, -40, 54, 182, 166, 172, 72, 138, -168, 56, 122, -188, 44, -18, 222, 164, 140, -28, -70, -114, 140, -132, 88, -96, -66, -82, 96, -268, -192, 110, -36, 132, 32, -56, -116, 74, -106, -98, -102, 304, -198, -260, -2, 96, 0, -38, 312, -126, 70, 40, 8, -80, 118, -118, 26, 32, 226, -124, 240, 108, 114, -48, -290, 184, -6, 48, -70, -324, 90, 84, -28, -80, 80, 182, -46, -174, 32, 204, -12, -30, 118, -130, -8, -96, -176, 100, 110, 106, 32, -92, -106, 126, 46, 124, 56, -114, 146, -6, 36, -18, 38, -42, 28, -52, 26, 24, 36, -20, 250, 102, 44, 38, 86, -74, -82, 54, 266, -50, 80, -142, -78, 62, 58, 168, -76, 60, -8, -122, 78, 320, 48, 6, -22, -64, -244, 54, -294, 94, -116, -12, 42, -36, 30, 32, -246, -198, -146, 14, -92, 18, 78, 72, 90, 74, 8, 18, -126, -88, 38, -136, 20, -100, -108, 94, 66, -236, -8, -36, 10, 28, 152, -162, -66, 184, -82, -90, -222, -128, -8, -280, 200, 64, 40, 226, 58, -144, 58, 58, 36, 186, 184, -126, -40, 148, 292, 62, -12, 192, 202, -162, -92, 200, 28, 140, -30, 120, -240, 14, 122, -176, 164, 260, 64, 76, -136, -30, -12, -76, -74, -34, 12, 180, 54, -182, 92, -122, -12, -166, -90, -154, -64, 126, -164, -60, 132, -92, -2, 324, -66, 70, 126, 104, -22, 226, 34, 128, -100, 10, 94, 288, 134, 98, 104, -76, -256, -252, -250, 54, -106, 298, 64, -58, -104, -50, -54, -14, 122, 68, 128, 10, 138, -48, 86, -210, 22, 206, 216, 138, -2, 134, -90, 2, 108, 70, 142, -132, -62, 110, -10, 40, 62, 178, 110, 150, 0, -50, -98, 64, -8, -72, 114, -170, 200, 68, -82, -62, 118, -2, 70, -76, -120, 4, -18, -198, 58, -122, 22, 26, -128, -192, 144, 54, -120, 38, 180, 202, -76, 188, 36, 112, 22, -78, -112, 64, 96, -58, 66, 60, -130, 386, 220, 142, 330, -52, 100, 12, -112, -18, 58, 176, -58, -28, 164, -138, -74, -50, -100, -220, 60, 282, -100, -196, -62, -106, 10, 190, 124, -44, -88, 86, -64, 160, -74, -76, 202, 12, 90, 88, 80, -146, -72, -154, 124, -30, 108, -82, 240, 58, 24, -36, -56, -52, 14, 64, 54, 300, 128, 282, -56, -252, 160, 70, 80, -114, 22, -22, -104, 158, 48, 32, -68, -130, 184, 362, 18, -276, -30, 178, -72, -40, 30, -166, -208, 128, -158, 230, -94, -196, -34, 42, 6, 14, 146, -38, 40, 104, 170, 22, 64, -206, 60, 16, 218, -26, 
-54, 34, -94, 46, 74, -56, -14, -54, 72, -312, 68, 170, -262, -48, 286, -14, 88, 68, 62, 138, 150, 98, 68, -66, 84, 108, -64, -12, -42, 32, 102, -36, 96, 56, 134, -76, 252, 102, 24, 122, 10, 196, -36, 28, 22, 106, -38, 182, 24, 108, 122, -40, -96, -126, -16, 82, -80, 30, -160, -62, -92, -172, 22, -190, 114, 8, -152, 84, -58, 238, -118, -240, -136, 100, -80, 88, -112, 170, -100, 106, -132, -160, -10, 136, 68, -200, -4, -94, 12, 74, 316, -114, 64, 54, 2, -228, 156, 58, 256, 20, -94, 164, -168, 178, -88, 96, -14, 98, -66, -30, -88, 76, -106, 190, 122, -134, -220, 66, 204, -126, -44, -100, -32, 232, -138, -4, 48, -28, 104, -22, 66, -112, 66, -114, 110, -144, -110, 56, 140, -204, 126, -188, -170, -58, -82, 170, 164, 18, -26, -132, 44, 50, -112, 150, 80, 206, 214, 30, -200, 164, -30, -108, -66, 104, -92, 42, 180, 28, -184, 80, 118, -14, -214, 120, -92, 214, 164, 152, -54, -128, 206, 78, 110, 178, 12, -180, -48, 166, 122, -62, 188, -60, 122, -92, 82, -8, -36, -66, -210, 22, 310, 342, -22, -40, 154, 122, 94, -82, -34, -182, 58, -74, 190, 66, -94, 244, -96, 196, 214, 76, 58, 286, -26, 80, 38, -30, -80, 192, 152, -190, 286, 34, 220, 130, -62, 188, -172, 2, -54, -334, -128, 22, 142, -36, 134, -184, 38, -180, -12, 22, -248, 192, -14, -14, -156, 262, 162, 0, 82, -218, 194, -64, 122, 36, -130, 116, -6, -118, -84, -236, -50, 118, 48, 158, 136, 168, 122, -144, 30, 142, 58, 124, -52, 72, 204, 216, 112, -48, -4, 42, -38, 28, 160, -34, 252, 54, -164, -98, 14, -28, -16, 96, 58, -110, 4, -136, 24, 164, 80, 108, 228, 66, 160, -128, -14, -288, -146, 22, 80, -18, 122, -8, -38, 152, -74, -90, -6, 72, -96, 248, -16, -38, -228, 8, -34, -38, -14, 132, -186, -80, -30, 142, 12, -4, -48, 108, -88, -98, 40, -44, 240, 40, 142, -120, 80, 56, -258, 246, -54, 12, 48, 76, -72, 224, -68, -50, -90, 90, 184, 140, -16, 66, -86, 60, 196, 26, 0, -32, 68, -50, -168, -80, 2, -68, 130, -212, -56, 100, 60, -46, -88, 94, 0, -6, 72, -338, -102, -102, -310, 82, -86, -196, 94, 142, 60, -40, 4, 220, -70, 34, 28, 150, 106, 130, 88, -286, 10, 158, 98, -4, -24, -170, -36, 64, 134, 36, 12, -226, 52, 14, -224, -68, 38, 22, 52, 204, 38, 158, 6, -102, -98, 370, -164, -286, 40, 128, 162, 86, 112, 172, -50, -190, -64, -28, 166, 222, 176, -62, -58, 40, -154, -92, 32, -214, 198, 110, 28, 118, -84, -110, 94, 280, 58, -78, -30, 116, -62, 142, 276, -20, 86, -80, 136, 150, -264, 84, 180, -224, -180, 134, 152, 98, -80, 68, 56, 266, 108, -268, -186, 104, 
-44, 36, 60, 64, 92, -112, 30, 108, -34, 228, 60, -146, 364, -178, -218, -114, 68, 44, -26, -194, -14, -156, 100, 52, -136, 6, -66, 124, 146, -68, -108, -58, -164, 182, -172, 2, 38, 64, 12, -38, 86, -156, 62, 102, -72, -146, -132, -254, -138, -182, -66, 88, -82, 60, -16, -56, -54, 56, 166, 314, 204, 46, -64, 146, -168, 276, 154, -34, 110, -52, 198, 132, 190, -98, 88, -8, 214, 26, -94, -98, 70, 250, 12, 90, -108, 86, -2, 224, 86, 10, -78, 154, -20, 84, -144, 162, -182, -134, -116, -16, 116, -252, 184, -250, 46, -14, -178, 126, 60, -198, 156, -60, 52, -90, 4, -54, 166, -142, -74, 202, 166, 146, 110, -126, 216, 0, -24, -40, -56, -20, -102, 12, -22, 214, 70, 198, -26, -66, -226, 20, -108, 106, 196, -4, -12, -166, -62, 76, 108, 170, 10, 98, 86, -46, 142, -174, -204, -112, 46, -42, -90, 54, 98, 158, 74, -134, -104, 74, 2, -132, 28, 104, 172, -44, -52, -40, 86, 30, 122, -30, -176, -106, 58, -176, 50, 94, 196, -126, -66, 34, -222, -24, -62, 204, 66, 84, -92, 168, 308, -126, -142, -244, -98, -108, -162, 12, 8, 100, 14, 0, -112, 66, -128, 266, 396, -50, 56, -242, -148, -76, 186, -214, -138, -74, 24, 46, 80, 14, -92, 76, -54, -66, -176, 38, 46, -28, 132, -128, 62, 454, 140, 42, -54, -44, 32, 94, 48, 2, 170, 110, 188, -134, 196, 34, 188, -110, -68, 36, -48, 294, -86, 178, -106, -54, 72, -86, 44, 48, 6, 142, 112, 46, 0, -296, 32, 12, 12, 228, -148, -114, -76, -142, 172, -58, -336, -144, 76, 170, 88, -62, 130, -128, -186, -134, -122, -58, 228, 84, 4, 14, 38, 28, 44, 24, 86, 168, 44, -110, -32, -106, -152, -152, -170, -24, -54, 224, 80, 10, -20, 100, -60, -120, 166, -48, -168, 98, -46, -76, -58, 26, 324, -22, 100, -126, 200, 108, -68, -78, 20, 300, 22, -20, 52, 160, 26, -132, 106, 106, 92, 134, 72, 40, -58, 168, 64, 2, 278, -14, 200, 182, -54, -62, 4, -198, -48, -10, 54, -62, -118, -46, 32, 70, -174, -66, 26, -40, -80, 174, -64, 12, 88, 52, 36, 66, -26, 314, -34, 180, 54, -30, -84, -18, -96, 288, 76, 94, 84, -52, 252, 34, 242, 32, -8, -48, -94, -90, -216, -180, 86, -26, 12, -170, -12, 124, -60, 178, 136, -110, -60, -82, 126, 72, 66, -130, 66, 30, -90, 192, -150, 56, 172, 94, 18, 40, 150, -106, -160, -344, -46, 58, 126, -248, 72, 220, -22, 40, 56, 118, 28, 104, 206, 258, -84, 264, -22, -188, -40, 24, 92, -74, 202, 166, 198, 20, 58, -98, -84, -116, 32, -40, -50, -142, 60, 198, 8, -162, -8, -176, -226, 132, 158, 210, 54, 0, 118, 76, -22, 114, 178, 134, -16, -154, 64, -18, 74, -280, -144, 222, 238, 182, 
-212, -66, -102, -26, -32, 42, 8, -164, 70, -182, 148, 288, -194, 54, 94, 114, 108, 104, -104, 280, 16, 72, 94, -20, 260, -20, -16, 114, -40, 18, 78, -176, 82, -90, 56, 52, -46, -8, 72, -18, -244, 28, -32, -90, 128, 216, 238, 60, 114, 134, 64, -114, 164, 6, 32, 174, -54, 178, -8, -212, 32, -2, -26, -156, -26, -164, -194, -18, 76, -88, -174, 126, -156, -34, -2, 76, -128, -8, -24, 212, 192, -202, 22, -92, 130, -140, 66, -82, -16, 152, 110, -144, 10, -178, 152, -164, 104, 62, 82, 2, -128, 224, 40, 202, -92, 44, 114, -34, -26, 104, -38, 44, -130, 270, 90, -36, -70, 160, 18, -60, -346, 44, -8, 0, -180, 116, 58, 64, 128, -74, -8, 72, 92, -196, -42, -142, 68, 94, 80, -24, 204, -42, -214, -98, 50, 146, -134, 94, 12, -82, 64, 136, -28, -74, -68, 146, 210, 34, -162, 4, 176, 26, 50, 18, -4, 158, 146, -70, -22, 208, 46, -20, 88, 84, 168, 28, -132, 72, -96, 108, 236, 178, -24, 198, -128, -50, -30, 50, -164, -130, -84, 28, -102, -122, -62, 12, 108, -188, -110, 116, 134, -2, 132, 136, 262, -14, -70, 6, 50, 176, 136, 108, 144, -198, -256, 118, 14, 106, 44, 18, -98, 108, 138, 38, -134, 110, -126, -62, 244, 96, -22, 52, 116, -28, -112, 8, -274, 178, 166, -206, -54, -48, 166, 146, 4, 0, -30, 28, -118, 200, -126, 132, -84, 64, -140, -14, 140, 12, 60, -220, -16, -182, 56, 204, -82, 150, 84, -160, -110, -130, 146, 70, 68, 248, 58, -106, -12, -50, 42, 52, 66, 214, -154, 202, 270, 260, 16, 122, 6, 44, 86, 232, 74, 44, 122, -12, 2, 0, -22, -220, -4, -70, 54, -68, -20, 78, 168, 140, -96, 142, 50, 118, 224, -144, 134, -188, 0, 38, 22, 80, 30, 162, -50, -12, 40, -56, 20, 32, 106, 94, -264, 40, -78, 132, -190, -10, 6, 224, -52, -140, 260, 92, -64, -100, -76, 290, 46, -92, 88, -74, 92, -6, -18, -88, 62, 86, -26, 76, -184, -60, 184, 124, -22, 208, 210, -76, 62, 10, 216, 24, 78, -30, 62, 152, -148, 120, -24, -198, 200, 188, -12, 198, 108, 12, 252, -168, 176, -142, -96, -146, 198, -6, 264, -362, 0, -142, -54, 102, -112, -80, -84, 30, 202, -22, 352, 46, 124, 0, 46, 64, -118, 152, 288, -126, 68, -30, 142, 188, 0, 140, -128, -32, -48, -36, 4, 100, 44, -46, 388, -72, -46, -66, 112, -204, 172, 68, 126, 258, 64, -218, -210, 72, -34, -150, 28, -60, 112, -22, 146, 68, -234, -92, -62, -108, 210, 370, 162, 20, -52, -10, -50, 14, -106, -22, 240, 112, 94, 106, 102, 64, 198, 276, 96, -54, -76, 2, 108, 140, 148, -82, -100, -82, -184, -52, 46, -112, -6, 98, -150, 110, 80, 78, -42, 114, -168, 160, 58, -148, -52, -36, 
350, 118, 100, -20, 96, 116, 34, 154, -20, -110, -124, -70, 308, 66, -12, 104, 158, -44, 40, -18, -124, -6, -120, -68, -114, 4, 8, 106, 18, 4, 138, 110, -160, 190, -104, -40, 210, 100, -72, 24, 170, -52, 4, -68, -88, -220, -6, 142, 146, -306, -34, -74, -64, -52, -142, -2, 74, -22, -112, 66, -12, 128, 96, 158, 8, -36, -64, 78, 260, 126, 28, -74, 202, -124, 24, 56, 60, -16, 58, -250, -66, 158, -172, -90, -94, -226, 30, 14, -168, -18, 80, 6, -98, 388, 90, 278, -14, 130, 4, -10, 118, -158, 58, -176, 90, -94, -4, 158, 68, 232, 74, -50, 254, -172, -46, 176, 302, 102, 168, 210, 8, 88, 216, 38, 138, 12, -16, -64, 116, 176, 92, -26, -16, 156, 56, 288, 192, 222, 114, -50, -108, 156, 134, 34, 46, -74, 60, 162, -10, 76, 6, -40, -140, 256, 182, 164, -98, -84, 160, -6, -78, 104, -4, -26, 300, 4, -106, 274, 0, -298, -4, -12, 66, -38, 132, 112, 120, 44, 58, 42, -218, -114, -46, -6, 182, 122, 58, 106, 124, 178, 180, 54, -32, 82, 214, -60, 40, 212, 166, -282, -206, 120, 24, -34, -184, 20, 150, 118, 12, -38, 120, 6, 134, 178, 208, -144, -62, -90, -98, -34, 14, 88, 4, -34, 42, -136, 34, -28, -16, 48, 174, 68, -104, -50, 58, -50, 346, -76, -40, 152, -70, -178, -274, -244, -136, 58, 132, 106, 84, -120, 78, 48, 38, -22, -4, 180, -10, -78, -122, 204, 22, 146, -38, -182, -4, -306, -12, 14, 52, 64, -90, 164, 4, -184, 58, 72, 134, 56, 40, -92, -202, -250, 262, -288, -108, -386, -46, -40, -86, 172, 18, -150, 58, 206, -218, 34, 84, 56, 178, 100, -12, 204, -32, 142, 166, -208, -120, -54, 8, 18, 86, -112, -174, -6, -210, 38, -66, -210, -116, -104, -92, -134, 174, 92, -194, 62, -60, -114, -74, -118, 182, 6, 92, -56, 24, 86, 38, -92, -186, 116, -144, 152, 88, 66, 326, -302, -204, 78, 108, 112, 26, -16, -52, -94, -70, 84, 102, -26, 34, 170, -96, -28, -42, 2, 68, -192, 146, -62, -52, -60, -2, 180, -182, 74, 90, -56, 114, 244, -328, -126, 190, 148, -114, 58, -50, -42, 60, -22, 120, 44, -204, -2, -322, 418, -98, 56, -4, 56, 8, 36, 120, -22, -254, -72, -138, 58, -86, 68, -16, 114, 170, 86, -180, 76, -156, -96, 70, 6, -92, -18, 86, -76, 66, 76, 152, -34, 36, -64, -284, 152, 216, 240, -54, 178, 74, 38, -54, -140, -46, 74, 58, -118, -44, -52, 6, 220, -136, -60, -12, -42, 56, 180, -40, -50, -52, -110, -24, -68, 20, 110, -36, 16, 56, -126, -164, -100, -82, 118, 34, 104, 68, -66, -2, 116, 94, 84, -102, 20, 108, 172, 52, 86, 166, 56, 16, 76, 14, 10, 232, 86, -28, 48, 120, -272, -20, -46, -92, 126, 70, 170, 
-346, 104, 22, -28, 126, 48, 10, 92, 184, 138, 94, -102, -58, 268, 98, -126, -172, 4, 36, 106, 248, 96, 126, 120, -8, 10, -62, -172, -66, 2, 26, -272, 92, -116, 314, -20, -348, -20, 30, -66, 84, 76, 58, 8, 140, 160, 252, -72, -100, 426, 90, 66, 108, 206, 224, 142, -20, 10, -234, -38, 146, -36, 38, 2, 112, -24, 40, -10, -48, -226, -28, 196, 0, 160, -140, -78, -78, -54, -46, 184, 112, -120, 152, 14, -80, -32, 76, 100, 426, 158, -126, -180, -116, -144, -104, -194, 64, -40, -80, -16, -86, 154, 44, 180, -72, -68, -74, -94, 8, -74, -100, 14, -166, 64, -10, -194, -118, -164, -74, -150, -28, -130, -172, 38, -12, -62, 44, 338, -86, -74, -116, 174, -34, -258, -32, -256, 54, -144, -198, 166, 24, -136, 14, -102, -182, 78, -124, -76, -102, -120, 108, 170, 88, -110, -152, -46, 70, -70, -108, 164, 96, -128, -2, -18, -194, -36, 204, -64, 82, 274, 2, -20, 42, -138, 30, -118, -26, -122, 216, -56, 176, 222, 30, 90, -102, -230, -18, -16, 12, -298, -80, 112, 70, 6, -122, 54, 80, -10, -150, 228, 178, 106, 152, 80, 104, -56, -2, 22, 42, 78, -226, 150, 6, 50, -142, 96, -10, 172, 116, 124, 8, -280, -6, -120, -38, -6, -64, 16, 10, 28, -74, 22, 66, 8, 92, 66, -112, -38, -102, -328, 224, 292, 88, 72, 334, -40, 30, 28, 98, 88, -36, -124, 124, 130, 42, -134, 216, 254, 96, -24, 134, -180, 224, 180, 30, 50, 20, 36, 30, 186, 24, -134, 76, 56, 88, 14, -56, -114, 78, 234, 98, 194, -70, 280, 44, 218, 74, 50, 152, 20, -52, 54, 124, -86, 172, 168, -46, 14, -84, 16, -28, 64, -14, 118, 48, 252, 14, 6, 28, 16, -2, 36, 130, 70, 144, 92, -32, 110, 112, 136, -44, 118, 104, -18, 150, -44, -132, 132, -20, -62, 44, -60, -56, 42, 44, 38, -14, -24, 124, -14, -16, -318, -62, -8, -274, 132, 32, -190, -128, 260, -158, 10, 72, 122, 156, 40, -24, 82, -164, -112, 274, -20, -36, -68, -98, -46, -96, -66, 16, -90, 60, -170, 118, -54, -2, 134, -104, -234, 190, 26, -150, 2, 112, 128, -30, 138, -52, -4, -58, -80, 116, -254, 250, -266, 122, -66, -152, 174, 24, -74, 10, 108, 212, 172, -14, -74, 62, 102, 120, -82, -160, 36, -48, -240, 218, 52, 84, 134, 44, -58, 48, 40, -148, 42, -86, 58, -76, 200, 378, 32, -130, -68, 146, -100, -2, -112, 140, -54, -14, -124, -158, 56, 76, -52, 106, -38, 130, 258, 4, 184, -144, -20, 342, 90, 134, 184, 120, 132, 26, 86, 268, -42, 78, -14, 84, 98, 176, 86, 58, 66, -128, 210, 34, -200, -34, 36, 98, 172, 134, -72, -174, 80, -166, -172, -72, -106, 124, 106, -250, -50, 168, -120, -62, 230, -70, 128, 100, -156, 48, -296, 
216, 118, -114, 70, 28, -152, -38, -120, -98, -174, -142, 138, 100, -212, -130, -46, 154, -54, 18, 116, -356, -128, 44, 30, 34, -52, 210, 72, 56, -38, 12, 286, -46, 102, -30, -34, 356, 108, -106, -30, -128, -40, 84, 82, 54, 78, -282, -134, 36, -234, -192, 80, -150, -166, -200, -12, 94, 80, 230, 34, -132, -8, 72, 26, 38, -32, 8, 156, 56, 242, 158, -38, -122, -118, 160, 148, 110, 44, 136, -160, 34, 110, -90, -38, -2, -86, -122, -236, -388, -148, 222, -16, 152, 138, -18, 174, 14, -26, -20, 110, 198, 116, 136, -62, 26, 124, 34, 144, -168, 106, 6, 50, 10, -4, -12, 66, 122, 236, 46, -24, 164, 150, 206, -128, 4, 76, -118, -216, 188, 2, 70, -312, 18, 206, 38, -88, 32, -6, 70, 38, -214, 22, -26, -6, 40, -14, 92, 2, 120, 84, -58, -94, -16, 190, 62, -114, 64, 188, 272, -132, 76, 4, 124, 80, 214, 164, -56, 152, -64, -248, -106, 46, 12, 186, 36, 96, 20, 128, -48, 96, -54, -232, -118, 16, -92, -10, 86, -64, -22, 216, 22, -28, 30, 16, 154, 50, 64, 216, -40, 2, -26, -116, -190, 60, -74, 142, 38, 198, -88, 66, 156, 18, -120, 146, 70, -24, 62, -80, 10, -136, 8, 238, 0, 114, 44, 4, -118, -114, -34, -82, 280, 14, 44, -28, 4, 0, -16, -10, 142, 262, -238, -90, -254, -78, -242, -24, 130, -116, -116, -108, 60, 96, -78, 18, -60, 54, -74, -72, 142, 124, -152, 162, -38, -74, -58, -108, -90, 48, -182, -102, -10, 126, 50, -24, 84, -74, 64, 62, -156, -74, 22, -206, 118, -228, -106, -60, -68, 54, -96, 58, 142, -34, -108, 98, -108, -72, 174, -30, 198, -70, 64, -22, -174, 22, -66, -30, 96, 128, 148, 36, 28, -40, -106, 224, -18, -90, -38, -146, -132, 58, -2, 84, 8, -92, -60, 52, 48, 52, 164, -74, -58, -18, 214, -188, 144, -24, 52, 226, -94, 188, 124, 138, 188, -48, 242, -52, -32, 84, 250, -144, 320, 64, -6, -186, -80, 122, 6, -116, 60, 38, 54, 68, 78, 258, 52, -74, 188, 40, 84, 80, 10, 114, -120, 156, -52, -94, 42, 166, -68, -42, 88, -174, -144, -62, -4, -26, -154, 20, 112, -46, -140, 232, -242, 158, 10, 62, 196, -134, 10, 122, 8, -124, -246, 14, 128, 86, 38, -20, -122, 92, 286, 38, -160, 252, -214, -46, -168, -36, -10, 0, 162, -54, 62, 178, 264, -128, 40, -92, -242, -190, 232, 100, -226, -10, 90, 142, -122, 44, 82, 266, 314, 40, 38, 52, -104, 108, -102, -164, -4, -138, 368, -20, -334, -104, -72, -122, 88, -64, -46, -48, -110, 254, 198, 184, -120, 78, -90, -320, 96, 84, 36, -38, -86, 208, -68, -36, -14, -138, -168, -32, 128, 16, -68, 22, 102, 100, 52, -184, 206, -226, -94, 58, 42, -94, 0, -176, 34, 154, -68, 352, 
-178, -70, 88, 124, 148, -44, -86, 228, 116, 180, 208, 52, -102, 50, 162, 206, -114, 236, -46, 54, 200, -48, 44, 84, 90, -84, -396, -82, -106, 104, -4, -136, 86, 6, 332, 212, -54, -170, 98, 102, 54, 302, -114, 28, -34, -46, 366, -36, 26, 388, 106, 14, 200, 60, 44, 138, 108, -92, -32, -38, 48, 0, 70, 4, -6, -32, 170, -74, 0, -234, -32, 150, 18, 18, -100, -242, -8, -52, 82, 122, 48, -2, 20, 152, -102, 188, 154, -62, 204, 238, -240, -156, -142, -62, 108, -16, -42, 138, 86, 120, -74, -38, 172, 16, -20, -112, 78, -62, 188, -88, -12, -42, -96, -96, 156, 0, 44, -110, -110, 178, -156, -28, -42, 110, 36, 142, 56, 398, -12, 184, 48, 218, -114, -236, 68, 58, 88, -12, -88, -50, 66, 120, 46, 144, 60, 52, -4, -116, -38, -60, 186, 46, -16, -226, 116, 104, 30, -200, -124, 78, 96, 92, -60, 106, -212, 14, 62, -108, 302, 90, 294, -112, -154, -64, -14, 4, -72, 4, 36, -294, 100, -30, 2, -4, 224, 76, 42, -100, -48, -86, -98, 72, -38, 214, -52, -98, -88, -204, 26, 40, -28, 54, 414, 16, 214, -82, -26, -114, 186, -112, -146, -80, 140, 0, -6, 192, -160, 4, -50, 16, 44, 16, -128, -188, -138, 196, 262, 0, 96, 122, -20, -92, -2, 174, -144, 60, -26, -164, -62, -158, 206, 128, 78, 68, 296, 226, 24, 170, 144, 228, 34, -240, 180, -132, -88, -230, 62, 176, 28, 28, 182, -90, 118, 182, 72, 8, 222, 176, -94, 212, 196, -198, -74, 78, 56, 228, -12, 96, 136, -16, 106, 144, -162, 16, -20, 294, 64, 66, 176, -24, -128, -54, 160, 22, 10, 80, -14, 60, -146, -78, 28, -100, 246, -126, 172, -20, -28, -56, 156, -6, 12, 142, 232, -224, 56, 124, 52, 76, 4, -10, 102, -128, -90, 56, 68, -48, 108, -70, -34, 2, 12, 52, -164, 116, -76, 18, -58, -68, 272, -188, -118, -20, -62, 112, 18, 212, -98, 36, -134, 86, -292, 124, -68, 152, 28, 6, 48, 4, 100, -92, 120, -100, 106, 98, 22, 72, -192, 8, 72, -178, 156, -296, 76, 80, 8, -42, 132, -86, 40, 118, 42, 34, 66, -58, -86, 46, -2, -26, -172, 66, 140, -184, 338, 28, -102, -44, -102, 58, 6, -84, -172, 252, 94, -16, -2, -10, 6, 138, 22, 34, -88, -12, 268, -212, 16, 32, 114, -12, 84, -38, -212, 230, -48, -244, -40, 258, -18, 44, 132, 174, 30, -74, 98, 66, 116, 14, 100, 154, -36, -66, -150, 164, -78, -134, 278, -130, 104, 72, -172, 108, -248, 144, 54, 82, 230, 162, -44, 120, 96, 4, 106, -194, -130, -98, 264, -68, 186, 310, 222, -28, 88, -2, -26, -72, 6, -64, 196, 362, -4, -20, -156, -102, -24, 144, -48, -10, 40, 246, -264, 68, 120, 40, -50, 56, 138, 280, -4, -50, 66, -314, 
354, 4, 24, -212, 8, -122, 132, -58, -144, -92, -104, 166, 46, 106, -372, -24, 94, -248, 94, 104, -214, 6, -114, 8, -196, 242, 206, -66, 170, -206, -18, 276, -70, 86, 38, -52, 36, 220, 16, 88, 14, -194, 264, -24, -24, 110, -94, 280, 56, -154, -154, -142, -108, 54, -14, -10, -94, 60, 154, 96, 16, 190, 38, 166, -38, 74, -74, -80, 22, 178, 118, 20, -142, -46, 284, 190, -14, 148, 62, 18, 70, 96, 132, -2, 90, 34, 74, 48, -216, -106, 136, -44, 210, 86, -64, -94, 240, -114, 48, -104, 84, 92, -126, 20, -26, -12, -34, 64, -122, -14, -22, 48, 82, -68, -52, 46, 86, 58, 204, -8, 192, -32, 20, 44, 52, -76, 24, -106, 82, -186, 22, -106, 100, 88, -30, 124, -22, -26, 148, 138, -118, 50, -46, -66, 8, 72, 40, 138, -10, 176, -290, -14, 112, 88, -44, -68, 142, 230, 100, -36, -92, -80, 82, -20, 100, -44, 4, 150, -172, -46, -188, 94, 14, 154, 36, 52, 82, -92, -86, 188, -12, 72, 14, 180, -104, 20, 132, 82, 84, 298, 282, -82, 140, -158, -56, 20, 46, 6, 138, -106, 174, 142, -90, 148, 10, 106, 26, 118, -200, 214, 48, 58, 20, 64, 46, 78, 66, -52, 64, -130, -80, 42, 100, 156, 54, 74, -38, -144, -242, -148, 160, -78, 98, -290, 208, -8, 88, 204, 56, 130, -146, 150, -174, 68, -188, -154, 12, -188, -160, -82, 90, 220, 56, 332, -34, 118, -64, -48, -22, 108, 60, 232, -240, -170, -54, 84, -118, -96, -10, 122, -56, 96, 64, 58, -38, -178, 78, 72, 46, -74, -110, 28, 166, -90, -16, -278, 14, -86, -214, 152, 70, 64, 4, 92, -24, -56, 66, -60, -48, -10, -4, 138, -124, 96, 40, 54, 56, -12, -314, -104, -46, 54, -28, 170, 28, -78, -2, -88, 48, 38, -24, 214, 28, -62, -70, -66, -2, 140, -32, 102, -80, 136, 114, -96, -132, -152, -40, 90, -224, 198, 160, -36, 112, -66, -110, -68, 116, -24, 112, 98, 244, 128, -214, -140, -24, 20, -84, -88, -82, 78, -54, 78, -310, -74, 190, 64, 124, 36, -36, 250, -88, 118, -62, -110, -166, 118, 118, 96, -52, 122, -16, 58, 134, 212, -44, -24, 8, 30, 158, -48, -158, 402, -296, 28, 204, 40, 88, 16, -70, -164, 64, -172, -24, -98, 72, 54, -150, 8, 78, -28, 42, -200, -180, 328, -120, 206, 12, 40, -98, -114, 318, -168, 32, 276, 94, -266, 84, 84, -120, 58, 70, -14, -58, -38, 50, 58, -136, 24, 86, 200, 178, -76, 32, 102, -250, -22, -112, 68, 192, -224, 224, 92, 10, -10, -156, 100, 174, -122, -82, 140, -118, 60, 162, 130, -84, -62, -156, -212, -368, 48, 22, 58, -10, 168, 48, 160, -126, -64, 88, 92, 84, 248, 104, 50, 24, 124, 28, -84, 266, -76, -28, -36, 130, -192, -24, -74, -244, 32, 74, 178, 
-82, 32, -14, 194, 32, 242, -24, 318, 60, 112, 168, -110, 244, -196, 222, -32, -156, 158, -76, 12, 104, 182, 146, 160, 218, -226, -84, 92, 50, 126, 122, 30, 186, -160, -40, 132, 28, -46, -162, -66, -6, 298, -174, 38, -56, -110, 46, -288, 158, 52, 270, 62, 98, -184, 118, 36, 294, 114, 18, 94, -178, -276, -32, -132, 110, -166, 60, 226, 98, 10, -198, 40, 82, 44, -44, 66, 14, -116, 82, 58, -38, 44, -90, -100, -32, 264, 8, -22, 250, -80, -36, 108, -6, -42, 42, -26, -186, 134, -38, -2, -214, -122, 126, -94, -14, 60, 36, 40, 138, 86, 28, -20, -68, 92, 124, 32, -142, -24, -138, 154, -20, -26, 62, 4, 52, 162, 10, 68, 22, 54, 8, 22, -38, -56, 118, 156, 66, -60, -96, -104, 74, 12, 182, 130, 136, 86, 66, -82, 98, -204, 232, -180, 60, -44, 50, 26, -232, -122, -14, -18, 176, 246, -260, 160, -242, 90, 76, -172, 284, -144, 46, 84, 192, -42, 50, 74, -94, 18, 134, 12, -34, -40, 42, -40, 88, 14, 112, -110, -164, -260, -262, 74, 4, 106, -36, 120, -28, -80, -116, 120, -206, 80, 238, 14, -114, 210, -130, -168, 134, 30, -90, 30, -42, -38, -162, -80, -26, 194, 126, 10, 184, -38, -94, -138, 50, -216, 108, 156, 294, -30, -6, 212, 66, 160, 8, -14, -82, -48, -142, -78, 76, -128, 0, -26, 102, 194, -2, -72, 134, 6, 190, 130, -76, -102, -18, -108, -168, 198, -54, 14, 80, -118, 196, 166, -52, -2, 252, 60, 116, -16, 236, -114, -30, 4, 200, 4, -86, 144, 10, -34, 68, -68, -102, 36, 248, 112, -22, 8, 72, -256, 26, -146, 14, -198, 0, 30, -94, 90, 162, 60, -20, -54, 104, 34, -8, -38, 204, -108, 158, -158, 148, -222, -4, -68, 42, -40, 206, 80, 70, 158, -218, -158, 64, 66, 100, -60, -160, -164, -34, 72, 110, -52, 86, 232, 266, 242, 88, -118, 228, -220, -92, 112, -28, 238, 142, 14, 160, 96, -10, -104, 20, 4, 100, 230, -64, 0, 216, 206, -2, 182, 62, 100, 226, 164, -92, 140, -116, -12, 6, -188, 146, -88, 200, -164, 200, 54, 198, -30, 48, -22, -22, -104, 66, -280, 92, 104, 78, 54, -148, -58, 208, -294, 144, 126, -146, -8, 86, 250, 148, 170, -4, 228, -92, 108, -18, 104, 126, -16, 78, 134, -26, -12, 228, -216, 166, -138, 184, 100, 168, -38, 8, 20, -110, -274, 78, 262, -24, -334, 120, 206, -76, 290, -48, -132, -56, -116, 88, -52, -58, -274, 28, 32, 148, 96, 70, 110, 52, 118, -58, 160, -174, -18, -16, 136, 60, 28, -36, 46, 176, 44, 86, -66, -292, -100, 176, -80, 100, 104, 354, -34, 16, -136, -80, -18, -114, 140, 20, 14, 70, -128, -98, -164, 78, -76, 84, -2, -20, 280, -16, -82, 124, -56, -210, 74, 20, -24, 260, -8, -4, -50, 
128, 206, -46, -200, 28, -276, 208, -152, -108, -8, -32, 102, -24, 140, -28, 76, 18, -304, 4, -158, 94, -178, -64, 46, -38, 194, 70, -102, 54, 24, -100, 208, 38, -24, 286, 38, -32, 86, 58, 148, 62, -248, 152, -16, -48, 194, -36, 140, -48, 64, -266, 36, 44, 82, 32, 58, -6, 10, -174, 106, 198, 270, 16, -10, 68, 150, -222, -78, 134, -60, -22, 38, 58, -2, 130, -108, -44, 26, -86, -104, 164, -62, 212, 152, 94, -130, 136, 22, -308, 228, 6, -100, -160, -82, -144, -70, -32, -340, -46, 68, 276, 164, -46, 150, 116, 36, -46, 44, -22, -42, -116, 60, -118, -98, 82, -158, 194, -96, 190, -52, -92, 74, -12, -76, -58, -186, -94, 42, 18, -192, 168, -24, -42, 104, -28, 94, -14, 24, -2, 110, -68, 12, 234, 62, 16, -76, -236, -92, -224, 72, -270, 186, 6, 0, 114, 116, 392, 52, -40, 40, -166, 50, 322, 94, 222, 40, -74, 190, -238, 280, -30, -54, -22, -190, 106, 150, 66, 90, -118, -44, 170, 178, 272, 152, -38, -170, -214, 230, 222, 138, 136, -116, 6, 14, 162, -34, 126, 108, 34, -62, 154, -162, -146, 78, 90, 18, 52, 140, 96, -236, 176, -142, 246, 176, 232, 34, -222, -184, -134, -144, -248, 10, -6, 98, -66, 204, -60, 48, -110, -82, -46, -58, 12, -8, 8, 230, 72, 176, 44, 74, 166, 166, 110, 284, -204, -6, -30, -172, -56, 128, -44, 62, 18, 168, 48, 170, -12, -152, 82, 136, 70, -46, 114, -14, 60, 56, -158, 108, 32, 42, -202, 66, -54, 50, -32, -124, 50, 112, 52, 4, 64, 158, 120, 170, -68, -94, 66, 112, 82, 462, -10, 2, -34, 206, -118, 58, 138, 96, 86, -20, 0, 124, -84, -12, -42, -12, -190, 124, 10, 178, -42, 46, -62, 30, 54, -62, -238, -150, 226, -76, 240, 50, 34, 0, -228, 20, 54, 198, -110, -54, -150, 114, -24, -82, -346, -174, -124, 152, -146, 334, 126, 18, -174, -100, -200, -68, -82, -74, 42, -148, 114, -46, 4, -76, 100, -62, -136, -194, 56, -96, 32, -18, -58, -74, -90, 246, 18, -86, -12, 242, -12, -138, -174, 212, -264, -26, -292, -18, 18, -74, 50, 24, 16, 220, 90, -192, 180, 10, -20, -6, 40, 34, 56, -186, 208, -90, 154, -138, 108, -72, -174, 30, 18, -90, 120, -80, -228, 112, 42, -112, 66, 178, -228, 280, 2, 208, -150, -114, -184, 56, -48, -2, 352, 352, 138, -76, 20, 118, -84, -188, 56, 32, -24, 130, -102, 68, 138, -12, -20, 78, -36, 66, -56, -206, -178, -80, -134, 18, 196, 86, 196, 16, 100, -2, -12, 236, -16, -178, -208, -72, -208, 38, 294, 82, -62, 126, 4, -106, -220, -150, -94, 144, 56, 80, 208, 76, -80, 72, -46, 84, 214, 158, 214, 38, 44, 188, 114, 102, -140, 122, 92, 30, 136, -88, -178, 26, -254, -6, -18, 218, 
-170, -52, 138, 128, -94, 178, -52, -90, 48, 162, -66, -54, -98, 24, 94, -100, -154, 162, -44, -2, -158, -34, -10, -46, 302, -94, -170, 88, 72, 86, 144, 158, -74, 56, -60, 26, 0, 62, 154, -122, 34, 110, -202, 18, 82, -88, -12, -144, 194, 48, 366, 100, 48, -28, 32, 56, 128, -4, 136, -4, 2, -94, 20, 112, -20, -74, 198, 276, 66, 128, -56, 42, -10, -172, -34, -40, 176, 150, -8, 66, -90, 288, -210, -188, 56, 220, 74, -122, 302, -154, 26, 108, -14, 44, 190, 44, -80, 186, 84, -18, -136, 18, 116, 108, 58, 22, 106, -40, -158, 16, 26, 50, 76, -38, -204, 214, -210, 152, -90, -134, 30, -36, -102, -4, -144, 48, -82, -82, 44, 64, 24, 76, 130, -114, 74, -162, 148, 164, -20, -8, 92, 2, -176, -10, 154, 68, 104, 26, 184, -26, 162, -124, 158, 14, -42, 200, -310, 44, -6, 4, 152, -70, -116, 46, -126, -84, 114, -148, 158, -224, 32, 176, 80, 204, 12, -4, 64, -18, 90, -62, -24, -60, -202, -26, 160, 136, 70, -140, -42, 14, 82, 262, 320, -16, -112, 110, 124, -170, -156, -104, -252, -68, 46, 142, 12, -136, 50, -140, -62, 256, -246, 224, -102, -136, -106, -40, 24, 98, 200, 204, 84, 10, 74, 24, 94, 0, -108, -108, 144, 156, 196, -54, 64, 4, -16, -56, 70, -64, 24, -116, -156, -88, -140, -476, 238, 46, 54, 232, -46, 64, -60, -122, 50, 12, 116, 72, 74, 92, -68, -26, 58, -14, -132, -22, -4, 90, 140, 270, 122, 150, 200, -6, 50, -100, 32, 172, 50, -92, -64, 116, 100, -34, -140, -106, 118, 118, -44, 70, 88, -108, 24, -76, -46, -276, 218, 126, -230, 34, 110, 64, 86, 58, 62, 16, 38, 132, -4, 52, 6, -2, 10, 46, 280, -232, 90, 146, 324, 38, 22, -126, -68, -72, 36, 194, 202, 84, -98, -46, 104, 290, 80, -76, 26, 88, 206, 216, -180, -44, 96, -182, -2, -66, 286, 122, 128, 68, 140, 86, 4, -164, 212, 172, 16, -32, -46, 28, 322, 172, 34, 300, -78, 24, 114, 128, 240, -96, -56, -12, 102, -158, 62, 170, -20, -264, 326, 36, 128, -84, 90, -40, -118, 68, -90, 16, 204, 90, -146, 68, 88, 86, -76, 88, 150, 34, -230, -12, -94, 36, 158, 62, 146, -8, -24, 56, -230, 36, 224, -100, 118, 182, -66, -32, 30, -232, 60, -136, -20, 66, 234, 98, -114, 238, -180, -232, -90, 116, 176, -28, -42, 166, 114, -18, -70, -146, 150, -76, 98, 132, 82, -78, 210, 18, 114, 44, 232, 188, 220, -76, 32, -58, -114, 30, -12, 2, 84, -58, 248, 146, 152, -46, 72, -58, -164, 60, -30, 26, 40, -18, 156, 122, 196, -100, 18, 22, -260, -26, -66, -18, -80, -260, 30, -212, -152, 150, 132, -64, 24, -234, 176, -254, -134, 24, -42, -86, -106, 108, -12, 218, -42, -92, 
-32, 42, -30, -238, 42, -70, 72, -120, -60, -44, 68, 44, 118, 150, -154, 80, 172, -92, -68, 134, 338, 6, 84, 22, -414, 156, 28, -168, 62, -174, -12, -44, 174, -134, 28, 86, 88, -8, -110, 18, -98, -144, 104, -74, -20, 118, -10, 134, -174, 26, -40, -36, 92, -68, 32, 70, -28, 242, 76, 180, 76, 112, -94, -124, -48, -154, -12, 78, -152, 18, 166, -52, -2, 98, 112, 76, -68, -110, 100, -78, 40, -116, 218, 92, -130, -150, -70, -28, -88, -52, 78, -18, 0, -150, -30, 116, 142, -68, -130, 74, 156, 70, 34, 78, -10, -32, 18, 188, 198, -130, 6, 0, 110, 116, 194, -194, 126, -108, 108, 96, -116, 246, 84, -102, 14, -12, 88, -28, 124, -184, -40, -46, -22, 152, 126, 158, 106, -6, -6, 184, -64, 184, 100, -58, -54, -42, -316, 74, -50, 20, 32, 22, -4, -32, 146, -30, 196, 120, 148, -4, 2, -10, 14, 74, 258, -18, -160, 84, -96, 380, 32, -72, 24, -138, 0, 0, 38, 172, -58, 160, -8, 12, 126, -56, -212, -64, 4, -14, 34, 30, -30, -130, -112, 70, 26, -94, -144, 188, 58, 66, 286, 12, -172, -210, 250, 116, 34, 208, 100, -202, 278, -150, 252, 250, 62, -102, 80, -16, -76, -200, -30, 132, 28, -20, 68, 88, 102, 342, -78, -40, -120, 106, -70, 4, -96, 36, -12, 128, -34, 186, 328, 170, -50, 348, -50, -78, 20, -54, 64, -90, -118, 258, -324, 82, 56, -22, 94, -124, 124, 198, 96, -22, 106, -176, -28, -146, 12, -276, -32, -50, -232, 282, -114, 60, 44, -36, 80, 260, -164, -40, 96, 138, -52, 140, 24, -16, 80, -28, 18, -264, 206, 110, 144, 340, -84, 18, 24, 78, 114, -158, 14, -18, -48, 112, 244, 92, 258, -26, 74, 180, -2, 8, -224, 336, 44, -22, -254, -20, -2, -64, 296, 52, 56, 68, -180, 22, 130, -110, -108, -204, -46, 0, -170, 80, -54, -18, 128, 78, -146, 366, 36, 30, -288, -8, -2, 40, 72, 210, -46, -118, -40, 52, 68, -94, 182, -62, -122, -244, 32, -170, -30, 70, -178, -10, -56, 156, 26, 12, 84, 24, 76, -212, 162, 236, -76, -4, -168, 76, -76, 64, 18, -30, 24, 166, -140, 98, 112, -2, -12, 46, 78, 80, 4, 100, 106, -32, 118, 12, -76, 72, -92, 32, 82, 50, 148, 178, -246, 142, 16, -92, 206, 42, 50, 154, -10, 8, -146, -108, -110, -126, 212, -208, 108, 216, 172, -14, -50, 28, 24, -106, -40, -242, 140, 200, -46, -14, -42, 104, 18, 14, -172, -116, 16, 2, -368, -252, -20, 24, 58, 116, -30, 132, 20, -50, 58, -60, -300, -204, 26, -94, -110, -162, 138, -32, 90, 210, 94, -22, -190, 36, 68, 130, 54, 116, 44, 34, 180, -70, -18, 176, -60, 76, 36, -170, -26, -100, 72, 40, -84, 182, 86, -54, 240, 128, 168, -36, -56, -24, 12, 18, 
-66, -62, 14, 144, -34, 14, -68, 144, -52, 72, -112, -94, 92, -196, 84, 98, -72, 160, 68, -232, -184, 34, 24, -64, 272, -184, -18, 252, -130, 106, 192, -120, -40, 128, 88, -42, -96, -44, 104, -98, 206, 200, -26, 58, 2, -14, -44, -54, 106, 30, -122, 64, -58, 152, -42, 14, 90, -6, 12, -52, 44, 12, -76, 100, 88, 420, -72, 10, 130, 128, -198, 138, 116, -4, 86, -60, 128, 156, 68, 194, 108, 44, -200, -46, -6, 222, 20, 64, -22, -112, -84, 210, 62, 50, 190, -90, -58, -6, 112, 64, -42, 90, -8, -38, 42, 38, 298, 18, 118, 260, 24, 236, -14, -122, -96, 194, -126, 162, -32, -68, 130, 30, -2, -14, -14, 112, -178, 118, -144, 298, 220, 134, 0, -106, 134, -198, 24, 250, 74, -114, 64, -98, -120, -14, 68, -52, 242, 66, -8, 76, -12, 132, 0, -22, -200, 26, 124, 24, -58, -22, 46, -50, 20, -104, -340, 4, 34, 104, -62, -468, -14, 26, 90, 96, 248, 2, -30, 90, 136, -32, -74, 88, -110, -70, 264, 18, 74, -86, -80, 52, 50, 206, 318, -180, -68, 18, -110, -78, -248, -92, -202, -2, 28, 138, -66, 170, 28, -78, -2, 188, -316, -130, -112, -78, 144, 148, -114, 52, -12, 156, -72, -54, -26, -72, -62, 24, -156, -142, 78, 210, 108, -46, 68, -14, 86, 2, -26, -148, 146, 12, -192, -172, 72, -154, -40, 206, 0, 16, -68, 68, 182, -258, 130, 142, 224, 74, -202, -56, -2, -20, -72, 180, 10, 16, -30, 110, 26, 216, 24, -34, 266, -130, 122, 104, -8, 106, 120, -6, 332, -6, 56, 20, 8, -168, 122, -158, -106, 112, -176, 276, -232, 60, 60, -258, -104, 106, 172, -92, 44, 186, 82, 158, -114, 0, -78, -96, -30, 118, 78, -244, 80, -156, 304, -200, 192, -188, 158, 26, 18, 52, -158, 76, 108, 34, 166, -114, 36, -68, 28, 170, 64, 26, 62, -176, 68, 18, 54, 14, 168, -60, -4, -30, 240, -16, 82, 156, 92, -260, 28, 148, -28, -114, 68, 196, -166, 44, 34, 148, 46, 122, -150, -108, 232, 40, 166, -20, 72, 24, 10, -84, -36, 132, -110, -134, -6, 40, 188, 38, -28, -134, -32, 80, 108, -66, 164, -86, -6, 14, -62, 2, -6, 28, 14, -20, -40, 246, -106, -4, 126, 144, 144, 10, 144, 8, -136, -80, 142, 76, 128, 122, -314, -256, 26, -14, 98, -90, 2, 230, 206, 240, 54, -42, -36, -258, -120, 152, 28, 40, 44, 86, 68, 226, -160, -102, 202, -2, 120, -158, 92, 122, 166, -56, -78, 14, 24, 158, 86, 100, -82, 126, 74, 202, 24, 180, 20, 90, 164, 106, 154, 94, -64, 88, -138, 10, -118, -174, -6, -54, 58, 124, -42, 118, 104, 26, 134, -78, -138, 86, -130, -212, 30, -96, 106, -6, -30, 72, -128, -4, 220, 156, -4, 214, -126, -34, -94, 60, 86, 178, -28, -92, 
-140, 186, -40, -142, 152, 98, 298, -38, 82, 96, 226, 124, 114, 54, -32, 76, 36, -226, -88, 338, 158, -110, -108, 72, -108, 166, 108, -130, 110, 98, -24, 18, -64, -94, -50, -140, 172, -8, 48, 52, -96, -154, 116, -44, 40, -104, -44, 74, -94, -50, -86, -166, 328, -84, 44, 54, 184, 106, 120, 64, 30, -90, 92, 42, -236, -250, 122, -38, -172, -16, 228, -274, -116, 20, 56, -66, -2, -148, -110, -106, -196, 10, 92, -34, 126, -222, -36, 28, 90, 142, -18, -148, -28, -42, 12, 138, 24, -208, -20, -98, 248, 34, -94, 92, 124, -84, -156, -62, -28, -284, -122, -272, 14, -42, 96, -154, 120, -76, 38, 140, -86, 94, -84, 46, -50, -32, 202, 208, 196, -202, -112, -98, 122, 108, 28, 266, 154, 16, 140, -12, -60, -36, -30, -150, 0, 38, -188, 118, 12, -20, 140, -66, 20, -150, 272, 106, -156, -196, 186, 40, 8, -32, 212, 200, 228, -20, -50, -224, 26, 526, 2, 152, -36, 0, -68, 82, -54, 50, 14, 150, 78, 36, -120, 180, -150, 40, 114, 176, 32, 108, -26, -184, -278, 298, 118, 30, 36, 14, 250, 226, 180, 192, 94, -24, 100, -172, -42, -46, -30, -200, 242, -30, 156, 176, -26, -132, -42, 44, 26, -46, -6, 54, 134, 226, 236, -26, 184, 40, 64, -76, -134, 180, 40, 96, 32, 34, 72, 186, -98, 176, 162, 150, 66, 204, 6, -174, 130, -6, -24, 64, -146, 216, 52, 20, -208, 14, 94, 164, 180, -42, 132, -20, -136, -158, 96, -92, -88, -174, -72, 28, -108, 114, 8, -194, -8, 42, -50, 26, -176, -116, 44, -20, -56, 128, 140, 98, 10, -144, 178, -376, 182, 32, 104, 190, 24, 192, -46, 132, -30, 44, -152, -2, 168, -118, 142, 72, -116, -208, -206, 224, 170, 52, -262, 172, 118, 84, -122, -40, 90, 6, -12, 44, -98, -178, -14, 0, 72, -56, 108, 104, -118, -92, -32, 48, -72, -98, 102, 138, -96, -76, -260, -178, -126, 132, -32, -62, -142, 100, -56, -134, 108, -50, 86, -2, 30, 8, -228, 54, -34, 94, 192, 232, -218, -212, -54, 58, -76, -38, 46, 260, -48, 84, 18, 138, -82, 82, -64, -48, 180, 138, 8, -58, -94, 122, -56, 84, -78, -32, 106, 36, -60, -176, 102, 60, 104, -174, 234, -250, -2, -2, 80, -84, 38, 80, -30, -116, -58, 198, 8, 110, 354, 182, 14, 18, 90, 16, 152, -344, -176, -184, -32, -70, 94, 286, 56, 148, 122, -200, 12, -56, -212, -120, 86, 4, -170, 86, 38, 188, -42, 54, -84, 64, 122, -48, -126, -250, -102, -52, 160, -42, -128, -250, 16, -104, 64, 34, 18, -76, 6, 54, 132, -24, 106, 142, 310, 12, -148, 104, -44, 50, 124, 106, 152, -10, -148, 128, 128, 92, 80, 60, -122, 44, -156, -46, 68, 40, 200, 48, -102, -122, -86, 42, 252, 76, 86, -40, 166, -102, -76, -68, 
220, -194, -10, -20, -228, 32, 102, 134, 48, 130, -238, -86, -198, 210, 186, -120, -4, 8, 142, -168, -50, -72, 232, -50, 50, -92, -244, 230, -68, 6, 118, -78, -26, 10, 138, 106, -64, -138, -72, -142, 0, 248, 34, 182, -86, 64, -124, -54, 166, 32, 228, 20, -310, 104, -68, -222, -178, -114, -160, -54, -68, 108, -34, 52, 230, 226, -26, 70, 72, -98, -12, 316, 22, -30, 40, -12, 102, 138, 156, 20, 48, 18, -112, 152, -92, 224, -64, -70, -56, -72, -154, 88, 32, 106, 40, -18, -146, 184, -122, 108, -102, -28, 262, -50, 56, -16, 78, 138, 90, 274, -18, 152, 138, -16, -20, -8, 8, 150, 40, -26, 184, 26, -18, 122, 150, 18, 44, 62, 36, 202, -78, 230, -18, -16, 106, -340, 52, 84, 42, -198, 156, -92, 46, -62, -6, 110, 152, -194, -128, -142, -48, 50, -232, 124, -202, 6, -18, 102, -100, -92, 4, 92, -138, -126, -110, 16, -14, 230, -80, -302, -154, -170, 160, -72, 44, -220, 66, -36, -18, -258, 102, -146, 38, 30, 228, -114, 16, 6, 176, -40, 176, 30, 290, -94, -182, -80, -94, 2, -168, -176, -58, -152, -150, 84, 100, 54, 100, 148, 154, 190, -136, 158, -40, -92, 116, 94, 188, 98, 4, 56, 36, -56, -74, -224, -124, 196, -160, 122, 48, 106, 128, 10, -6, -118, 98, 196, -78, -188, 42, -70, 44, 120, -60, -86, 146, 168, -42, 58, -26, 54, -22, 10, -24, -102, 120, -102, -188, -10, -64, 32, 132, 148, 116, -2, 22, 130, 34, 90, 20, -86, 188, 4, -50, 156, 36, -22, 24, -84, 214, 100, 20, 20, 72, -98, 106, -74, -88, 130, -78, 126, -128, 290, 38, -192, 20, 164, -26, 122, -12, -198, 160, 108, 46, 20, -98, -52, 20, 0, -22, 68, 38, 8, 152, -134, 24, -100, -10, 10, 88, 166, 52, 50, 82, 178, -28, 8, 110, 62, 40, -284, -16, 92, 56, -154, 88, 96, -68, -176, 64, 224, 150, 188, 208, -116, 230, -58, 12, 24, 184, 144, -52, 238, -190, 14, -38, 56, 152, 14, -74, 68, 36, -118, 310, 176, 144, -56, 12, 80, 72, -364, 130, -50, -26, 238, 200, -42, 32, -8, -34, -114, -98, 174, -42, -14, -50, -70, 20, -146, -4, -80, -134, 160, 142, 86, 32, 68, 0, 88, 4, 2, -88, -124, 38, -86, 70, 142, 88, -248, 50, -126, -212, -136, -50, 4, -174, 152, -4, 384, -42, 40, 124, -8, -30, -88, -164, -184, -238, 270, 282, 18, 122, 96, -222, -36, 200, 132, 2, -84, 0, -270, -24, 24, -108, 176, 106, 160, 32, 84, -150, 44, 18, 272, 156, 118, -106, -68, -118, 22, 210, 58, -56, -12, 8, -82, -186, 134, 262, 66, 138, -34, -136, -88, -130, 210, 38, -174, -160, 94, -134, 100, 58, 20, 86, -6, -152, 184, -122, -194, 312, 118, 122, 218, -90, -260, 134, -44, -162, 80, 286, 70, 
-246, 128, -22, 78, 94, 10, -74, -46, 32, -26, 10, -118, 194, -112, -194, 56, 24, -14, -150, 172, -50, 116, -214, 96, -80, 80, 338, -292, 198, 40, -166, 52, 112, 106, -80, -34, 30, -28, 220, 130, -36, -192, 136, 54, 20, -88, 0, 56, -142, -70, -78, 174, 186, -168, 38, 414, 60, -18, 110, 68, -76, -6, 44, 46, -236, 8, 196, 108, 12, 146, 62, -266, 86, -12, -10, -88, 54, 108, -210, -22, -80, -204, 114, -32, 78, -76, 36, 112, -50, -10, 152, -20, -114, -20, 150, 68, 202, -88, 2, -174, 134, -140, -170, 108, -28, -14, 28, -242, -26, -230, 194, -14, 64, -38, 16, 156, 28, -22, -68, 186, -66, -18, -178, -2, -34, -88, 26, -168, -154, -214, 98, -248, -94, 96, -100, 422, -78, 146, 102, 84, -116, 68, -10, 34, 150, -2, -108, 120, -22, 136, 98, -228, 148, -26, 186, 108, -28, -136, 106, 192, -94, -62, 194, 150, 172, -70, -218, 112, 40, 232, 112, 52, -140, 76, -62, 190, -46, 154, 106, 116, -84, 336, 62, 50, -72, 30, 78, 116, -12, -114, -44, 0, -86, 174, 108, -44, 230, 54, 202, 198, 60, 218, 70, -100, -170, 146, -18, -6, 146, -18, 264, 12, -6, -16, 4, -36, 92, -18, 8, -26, -68, 18, 162, 246, 180, -58, 122, -34, -62, -14, -4, 136, -150, 82, -112, -104, 78, 76, -92, -84, -32, 32, 64, 46, -274, 40, -60, 150, 138, -206, 260, 52, 64, 208, -10, 200, 210, -18, 112, -44, -24, 236, 134, 140, -114, -254, -52, -218, -176, 92, -244, -82, 102, -232, 178, 90, -164, 50, -310, -28, -94, -92, 24, 184, -66, 110, 104, -112, 10, -126, 108, -230, 40, 100, 62, -230, 58, 80, 186, 170, -178, -160, -76, 46, 204, -22, 56, 4, -118, -50, 78, 204, -164, -128, -48, -50, -42, 50, -108, 12, -78, 38, -118, -140, 194, 60, 32, -162, 102, 222, -32, -16, -144, 254, 48, 48, 0, 40, 62, -46, -60, 34, -184, -120, -322, 32, -86, -48, -100, 16, 114, -144, -30, 6, 58, -76, 16, -10, 44, -86, 146, 92, -286, -154, -36, -50, 178, -96, 86, 260, 96, 104, 178, 66, -22, 118, -130, 82, -18, 130, 80, -82, 34, 114, 22, -116, -44, 220, 32, 56, 292, -74, -88, 20, 68, -74, -150, -24, 202, -106, 292, 54, 134, 204, -66, 2, -154, 296, -42, 38, 84, -34, 82, 60, 172, -244, 50, -274, 60, -170, 164, -154, 222, 20, 216, 78, 210, -262, -112, 2, -72, -22, 122, 262, -206, -180, -118, 104, -168, 46, 214, 218, 140, -100, -72, -32, 24, 12, -32, -156, 56, 32, -88, -62, 30, -46, 50, -124, -188, -18, -62, -38, 184, 150, -114, -186, -38, -40, -96, 36, 102, 138, -24, -184, 36, 322, 172, -138, 150, -44, 32, -36, -82, 170, 0, -34, 72, 192, -184, 22, -188, -218, 80, 342, -90, 152, 106, -26, -318, -24, 
166, 74, 178, -116, 14, -40, -2, -62, 32, 64, -78, 4, -184, 72, 94, 106, 58, -20, -54, 50, 168, 6, 146, -152, 134, 218, -272, 342, -38, 34, 160, -22, -100, -64, 196, 28, 112, 100, -64, -162, 104, 68, -86, -52, -22, 188, -72, -42, 130, 170, 178, -140, -70, 298, 122, -346, 48, -28, -184, -40, 16, -32, -62, 104, 146, 94, -92, -122, 66, -132, 142, 128, 94, 196, 90, 270, 164, -136, 166, -4, 50, 50, -140, 116, 170, 172, 120, -66, 48, -40, -134, 80, 0, 46, -206, 0, -134, 72, -132, 256, -86, 282, 38, 6, 26, 116, -82, 100, 230, 80, -152, -114, -132, 44, 18, -8, 46, 120, 6, -22, 182, 114, 150, 144, -32, -106, 68, 76, 176, 292, -74, 158, -38, -76, 78, -100, -54, -168, -10, -92, 90, 290, -20, -48, -24, -26, -26, 62, -64, -102, -52, 36, -38, 88, -64, -218, 112, 162, -114, 6, 176, -50, -40, 18, 4, -214, 112, -6, 24, -50, -116, 144, -42, -52, 62, -110, 24, -242, 66, -134, -52, -62, 44, -116, 112, 54, -10, -14, 122, 388, -52, 86, 268, -36, -6, -104, -86, 98, -64, -2, 18, -236, 116, 28, 98, 34, 136, -50, -88, -36, -56, 16, 156, -128, -26, -4, -46, 136, -66, -10, -6, -88, -6, -132, -90, -62, -30, -62, -170, 12, -88, -104, 138, 44, 92, 204, -120, 54, 222, 4, -100, -76, 90, -18, 260, -62, 352, -192, -126, 98, -306, -28, -138, 74, 22, -110, -144, 188, 138, 118, 14, -74, 130, -140, 102, 328, 134, 72, 170, 176, 236, -42, 44, 220, -152, -52, 124, 204, 224, 104, 46, 82, -82, -194, -28, -38, -228, 182, 142, 54, -52, -22, -130, -200, 36, 118, 40, -16, 32, 90, 290, -10, 130, -130, -192, -26, -130, 98, 44, 212, 10, -182, 82, 40, 30, 256, -150, 84, 294, -28, 136, -148, 52, 124, -254, 48, -160, 138, 0, -80, -68, -78, -26, -192, 88, 62, 314, -110, 84, 54, 82, 34, 126, 0, 138, -120, 60, 156, -22, 62, -126, 98, -26, -10, 22, 224, 106, 206, 206, -212, -44, 230, 116, 42, 48, -170, -120, 206, 68, -58, 24, -270, -154, -52, -26, -50, 226, -66, 8, 126, -172, 2, 122, -226, -166, 210, 110, -56, -120, 36, -152, 142, 86, -96, -68, 266, 46, 28, -198, -18, -242, 36, -206, -44, -22, -170, -28, -32, 124, 74, -20, -10, -92, -14, 118, 112, -8, 164, -38, 198, -4, 148, -34, 60, -212, 8, 48, 162, -108, -124, 60, 30, 24, -20, 100, 238, 52, 20, -10, -134, -218, -206, -18, 62, 144, -8, 36, 82, -100, 126, -236, 82, 62, 44, 24, 88, 8, 148, 148, 74, 194, 124, -232, 68, 18, 20, -156, 152, -22, -16, 8, -60, -20, 238, -20, -214, 26, 94, -76, 18, -36, 104, 186, -140, 220, 294, -10, -94, 104, 18, 140, 174, 2, -298, 14, 80, -14, -98, 80, 12, 
-68, 104, -116, 172, -48, 144, 14, 48, 92, 26, 124, 54, 34, 60, -46, 150, -100, 110, -76, 38, -72, 116, 36, 222, -158, -190, 220, -166, 206, 52, -52, -24, -30, 102, 56, 110, 182, -116, 32, 18, -26, -40, 102, 52, -64, -288, 88, 78, 82, -116, -48, 46, 122, -300, -10, 344, -194, 84, 80, -18, -20, -12, 174, 26, -14, -148, 248, 112, 8, 46, 44, -58, -140, -54, -12, -174, 44, 140, -218, 162, 88, -132, 234, -116, 38, 98, 130, 80, -118, -154, 52, -164, 186, -276, 48, -4, 226, 26, 180, -180, 36, 0, 38, -2, 118, -82, 150, -88, -84, 6, 194, 16, 96, 118, 46, 228, -6, -214, -72, 132, -8, -176, -92, -52, 30, 140, 40, -52, 50, -200, -112, -222, -16, -136, 104, 46, 14, 154, -26, 240, -26, -192, -42, 124, -124, 58, 12, -68, 0, -66, -192, 4, -88, -38, 64, 224, 42, 38, 276, 28, -150, 90, 130, 66, -8, 108, -214, 24, 42, -24, 150, -182, 198, -42, 68, 32, -16, -90, 88, 190, 102, 72, 140, 276, -64, 8, 14, -60, 30, -268, 58, -42, -62, 80, 202, 156, 214, -162, 0, 56, -96, 74, -82, 8, 98, 144, 42, 196, -44, 232, -48, 124, -94, -42, 16, 32, 102, 94, 188, 0, 32, 108, 160, -24, -10, 84, 162, 56, 282, 150, 182, 180, 28, -122, -146, -44, 112, 56, -72, 68, -32, -78, 94, -86, -60, -18, -84, 40, 154, 4, 102, 146, 228, -164, 96, 188, 264, 4, -104, -126, 96, 102, -186, 144, -36, -142, 0, 16, -82, 32, -132, 72, 32, -284, 78, 74, 124, 58, 38, -286, 24, -74, 22, 144, 52, 188, 90, -248, -210, 182, 328, 70, 122, 154, -176, 56, 90, 76, -204, 50, 54, -20, 48, 132, 104, 94, 228, 24, 158, -24, 30, 258, -88, 8, 20, -120, 150, -222, -196, 42, -190, 202, -100, -126, 150, -166, 88, -88, 142, 292, -52, 28, 78, 88, -136, -52, -120, 44, -248, 44, -120, 20, -208, -154, -218, 146, 68, -214, 60, -142, 140, -174, 68, 124, 28, 36, -48, -244, -36, 148, -22, -56, 40, 60, 124, 136, 282, -72, -16, 134, -74, 414, 66, 78, 76, -2, -258, -52, 200, -90, 250, -16, -74, 204, 12, 4, -14, 26, 278, 142, 110, -80, 100, 92, -148, -76, 148, -10, 90, 102, -38, 30, 244, 38, 232, 154, 40, 58, 144, 2, 20, 48, 8, -30, 64, -92, -18, -206, 24, -170, -24, -54, 160, 30, 10, 2, -98, -146, 16, 158, 134, 96, 398, 62, 16, -206, -142, 220, 156, -30, 428, 206, -6, 24, -154, 32, -182, -168, -112, 18, 246, 142, 88, 70, -76, 112, 76, 10, -280, 66, 2, -56, 110, 84, 184, 58, 10, -76, -46, 192, 52, -36, 170, -168, 10, 188, -90, 36, 178, 128, 74, 42, -142, 70, -14, -154, 42, 18, 92, 34, -54, -54, 48, 112, -66, 74, -108, 214, -60, -52, 
112, 26, -66, -174, 2, -140, -134, -86, -62, -126, -52, 32, -30, 158, 34, -140, 150, 22, 4, 44, -54, -60, -68, -24, 58, 192, -88, 108, -110, -86, -56, 56, 124, 8, -204, 12, -16, 116, -34, -62, 170, 52, -178, -8, -34, 148, -48, 32, -70, 272, -14, -34, -78, 242, -142, -218, 166, -86, -258, 72, 80, 8, -154, 136, 110, 288, -254, -114, 160, -162, -28, 28, 88, 244, 90, 206, -226, -48, 286, -190, -38, 112, -248, 8, 66, 62, -30, -246, 268, 168, -78, -132, -170, 158, 134, 132, -84, 42, -74, 26, -34, -22, 152, 132, -202, 196, -142, 88, 298, -72, -172, -64, -100, 4, -18, -18, 30, 278, 118, 10, 154, 100, 90, -8, 126, -20, -118, 82, 164, 94, 218, 236, 264, 50, -28, -16, -98, -46, 12, -84, 146, 192, 198, 172, -32, 40, 76, -84, 42, 68, -44, -172, -100, 8, 8, -2, 26, 18, -156, 94, 384, 90, -196, -52, 50, -66, 214, -148, -176, 128, -130, 66, 112, 258, -80, -166, 112, 76, -52, 42, -184, -40, 22, -34, -50, 42, -38, 166, 260, 224, 18, -22, 172, -6, -36, -90, 68, 114, -58, -42, -100, 28, 114, -46, -272, -258, 8, -142, 96, -110, 162, -104, 18, 26, 120, 76, -80, 126, -290, -112, -26, -56, 24, 82, 174, 34, 2, 30, -36, 38, -92, -46, 22, 12, 184, -8, 68, 66, -68, -50, 96, 142, 2, -88, 76, -96, 144, 74, -192, 274, 20, -50, 66, -110, 24, -40, -224, 12, -8, 4, -92, 20, 90, 12, -2, 124, -64, 58, 90, -20, 252, 92, -100, 364, 132, 0, 46, -60, -52, 260, 50, 166, -62, -150, -168, -52, 6, 248, 290, -114, -204, 30, -210, -138, 116, 54, -118, -92, 270, 132, -114, 308, 124, 46, 110, -54, 34, -122, 16, 86, 80, 40, 72, 70, -108, -2, 14, 106, 248, 50, 144, -160, 78, -2, 52, 182, -58, 98, 2, -138, 238, 30, -76, -132, 114, -6, 164, -78, 240, -186, -24, 216, 146, -206, 124, 26, -122, 130, -4, 80, -66, 194, -6, -12, 176, 32, 24, 170, 26, -6, 50, 82, -82, 70, 2, -18, -188, -2, -234, -72, 14, -56, 48, 72, -122, -118, 352, 240, -110, 146, -322, -60, 194, -92, 160, -58, 216, 88, -52, -148, 2, 126, -26, 184, 308, 32, -160, -24, 72, 82, -122, 68, -448, -18, -282, -254, 46, -8, -26, 32, -50, -4, -96, -14, -148, 60, 76, 214, 208, 38, 246, 98, -58, 10, 58, -64, 202, 238, 52, -166, -32, 62, -178, 6, -36, 0, 164, -162, 86, 228, -128, -224, 0, 64, 342, 38, -8, 66, -14, 160, -28, -90, -70, -14, -94, -84, -134, -36, 126, -92, 66, 264, -250, -98, -20, -36, 50, -80, 50, -110, -94, 22, -36, 142, 96, -130, 160, -38, -50, -88, -190, -12, 88, -208, -28, 108, -176, 94, -46, -32, 276, -64, -162, -104, -46, -44, 184, -48, -2, 96, 
-20, 74, -24, 98, -72, 94, 82, 188, 162, 104, -44, -92, -16, -56, 164, 24, 6, -142, 34, 174, 20, 42, -38, 10, -94, -158, 110, -68, 0, 150, -156, 32, -118, 68, 42, 96, 170, -56, -28, 242, 4, 18, 184, 32, 70, -4, 58, 132, 112, -24, -132, 280, 30, -98, 150, 200, -128, 74, -32, 8, 34, 366, -32, 24, -156, -136, 346, 148, -28, 228, 72, 96, 2, 26, 134, -70, 138, 82, -156, 202, 68, 56, 226, 74, -114, -18, 12, 254, -118, -160, 188, 114, 142, -264, -72, -30, -122, 118, 170, -72, 52, 88, 2, -96, 120, -60, 100, 158, -296, -42, 320, 62, 142, -38, 36, -10, 30, -168, -58, 38, -110, -230, 120, 80, -60, 148, 134, 4, -144, -150, -154, -224, -178, 26, -100, 200, 56, 160, 138, 168, -98, -82, -32, -64, 106, -14, 182, -66, -148, 76, -6, 214, -68, 70, 36, 56, 14, 38, 190, 108, 26, -48, 112, 10, -14, 110, -116, -8, 80, 158, 40, -12, 154, -108, 120, 92, -50, -20, -90, 42, 164, 122, -34, 182, 150, 62, -32, -106, -96, 56, -136, 42, 88, -60, 66, -80, 38, 56, 2, -82, 116, -12, -290, -34, 254, -20, 160, 216, -62, 190, -238, 60, 70, -72, -28, -128, 30, -90, 12, 238, 202, -48, -360, 142, 0, -60, 140, -116, -94, -42, 264, 108, -30, 144, -72, 146, -202, 98, 4, 210, 34, -172, -158, 26, -58, -106, -54, -66, 134, -402, 192, 12, 68, 110, -100, -80, 262, 76, 48, 20, -14, -28, -60, 122, -10, -124, 14, 28, 8, 62, -52, -8, -2, -70, -102, -144, -86, 134, -22, -246, -80, -26, 26, 38, 218, 188, -142, -168, -290, 260, 22, -68, 344, -12, -126, 16, 84, 100, -138, -148, 88, -80, -114, 0, -70, 116, -150, 156, 50, -106, 90, -92, -146, 90, 24, 40, -94, -24, -150, 234, -62, 140, -128, 124, 36, -162, 48, -218, 74, 10, -10, -140, 178, 84, -106, -28, 10, -12, -58, 300, -134, -26, 76, 76, -240, 102, 20, 24, -16, -32, 138, -174, -14, 136, -182, -134, 182, -178, -244, 74, 146, 68, -4, 90, 80, 190, 296, 92, 196, 142, 58, 74, -80, 138, 338, 160, -270, -142, 144, -58, 210, -4, -130, 158, -40, -12, -54, -114, 220, 184, -256, 174, -44, -222, -20, 142, 0, 60, -48, -150, 10, -40, 206, 130, 100, 330, 28, 62, 78, 148, 108, 134, 56, -48, 180, 74, -98, -38, -220, 82, -76, -192, -124, 18, 30, 72, -24, -46, -82, 208, 198, -28, 164, 46, -118, 126, -54, 70, 152, -150, 116, 74, 242, -62, -70, 34, -120, 186, 82, -148, 128, 204, -36, 90, 10, 22, 66, 24, 86, 268, -256, -198, 122, 158, -130, 164, 46, -110, 24, 106, 8, 34, -46, -128, -124, 30, 52, -34, 78, 72, 142, 50, 20, 124, 88, -318, 64, 2, -84, -34, -42, 2, -4, 178, 50, 170, -184, 38, -30, -126, 
20, 36, -104, -50, -106, -134, 12, -46, -70, -136, -50, 62, -28, 252, -188, 36, -68, -4, 200, -104, 42, -54, -80, 24, 158, 56, -120, -38, 108, -136, 214, 126, 276, 128, 52, 68, -86, 58, 8, -210, -14, -160, 18, 166, -96, 160, -24, -124, 68, -42, -100, -70, 210, 74, -44, 90, 32, -106, 72, -98, 44, -208, 214, -68, 152, 160, -280, -230, 118, -126, 94, -36, -10, 32, 36, 142, -134, -184, 78, 52, -136, -32, -176, -62, 140, -2, 60, -154, 156, 30, -74, 140, -4, 256, 48, -94, 150, -142, -156, 26, 106, -52, 274, 18, 14, 52, -36, 124, 186, 106, -228, -12, -70, 40, -18, -32, -240, 104, 148, 110, 132, 94, 80, 12, 130, -198, -166, 28, 70, -126, 114, 124, 58, 88, 62, -46, -90, 16, 106, -30, 40, 152, 16, 260, -16, 18, -90, 20, 36, 24, -146, -198, 210, -52, 56, 134, 170, 70, -30, -78, -4, -82, -96, 38, 28, 116, 134, 86, 48, 52, -78, 34, -108, -48, -72, -94, -20, -86, 134, 98, -2, -236, 14, 176, 52, -218, 60, -46, -26, -220, 150, -100, 30, 132, 40, 96, -70, 14, -52, 230, -176, -42, 246, 88, -274, -28, -80, -196, 98, -178, 64, -178, -10, 62, -102, -12, -42, -26, -34, 46, -64, 152, 396, 4, 38, 80, -96, 0, 162, -52, -112, -130, 76, -108, 96, -252, 30, 132, 150, -188, -48, -70, 190, 4, -152, 76, 6, -20, -92, 100, -172, 72, -116, 52, 44, 170, -76, -192, 4, 32, -24, 240, 238, -36, 134, -96, -46, -12, 266, -10, -38, -10, 72, 40, -32, 116, 66, -138, 182, 62, 82, -48, -102, 120, -134, -38, 12, 212, 100, -46, 70, -16, -366, -64, 234, 26, 54, -140, -192, 108, -116, -80, 336, 48, 84, -160, 260, -102, 72, 288, -50, 240, 8, -124, 156, -90, 174, 138, 168, -80, 118, -22, 36, -70, 16, 180, -142, 128, -56, -8, -76, 206, -84, -134, 268, 82, 12, -60, -106, -162, 296, 222, 72, 66, 178, -176, -20, 10, -100, 44, 74, 96, 70, -146, 130, 134, -200, 256, 40, -146, -78, -26, 340, -32, 18, -106, -86, -76, -234, -18, -110, 38, -20, 20, -262, -30, 106, 74, -14, 98, -152, -40, 128, 8, 214, 176, 102, 124, -38, -296, -90, 4, -42, 234, 192, -70, 120, -142, -122, 164, 152, 82, -326, -78, -196, -218, 50, -54, -178, -110, -198, 86, 84, -54, -80, -120, 4, 58, 202, -92, 240, 108, -132, -158, 40, -10, 92, 214, 386, -74, -16, -180, -134, -88, 112, -138, 84, 76, 156, 164, -96, 24, -78, 34, 38, -38, 94, -314, -116, 114, 138, 26, 100, -212, 156, -162, -96, 230, 46, -250, 244, 184, 62, 20, 300, 26, -144, -24, 108, 72, 66, 18, -8, 156, -60, -40, -46, 104, -86, -262, -94, 42, 118, -36, -30, 192, -26, 60, 190, -30, 46, -94, 4, -68, 46, -96, 230, 182, -2, 14, 
-60, 52, -134, 36, 60, 20, -14, 160, 198, 102, 128, 150, 4, -158, 174, -136, 18, -74, -214, 194, 64, -254, 132, -174, -208, -126, -42, -50, 4, -94, -142, 28, -40, -64, 16, -134, 88, -150, 56, 40, 78, 456, 258, 24, -2, -66, 190, 100, 240, -56, 56, 64, -66, 142, 78, 30, 214, 116, -86, 10, 74, 8, -92, 188, -310, -88, 220, 300, -152, 92, -148, 172, 184, -82, -28, 130, 172, 30, -208, 84, -30, 208, 236, 276, -196, 78, 156, 32, -118, -50, 92, -94, 32, -80, -24, -90, -64, 124, 202, -10, -182, -32, -220, 18, 140, -110, 118, -46, -270, -114, 254, -4, -16, -56, -90, 34, 62, 68, -184, 14, -54, -68, -10, -12, -180, 34, 100, -74, -92, 110, -278, 84, -158, 22, -94, 28, 48, 72, -12, 158, 76, -22, 122, 52, 24, 44, 88, 42, 140, -42, 38, 224, 4, 2, 142, -228, 46, 8, 80, 164, -126, 22, 164, 138, -62, 10, 86, 12, 88, -190, 194, -72, 56, 238, 4, 66, 30, 24, -34, -390, -32, 160, -168, -212, 48, -24, -128, 62, 24, 270, -90, -82, 28, -42, -136, 24, -6, -12, -62, -162, 202, 50, -196, 22, 70, 16, 162, 162, -134, 182, 82, 178, 162, 116, -38, 122, -6, 36, 0, 122, 34, 72, -304, -160, -20, -52, 58, 32, -292, -34, 178, 174, 4, 250, 96, 194, -72, -108, -182, -22, 52, 94, -122, -72, 22, -14, 92, 78, 110, -54, 150, -24, 36, 76, 38, -128, 104, 164, -16, 26, 76, -244, 10, 156, -54, 148, -10, 112, -234, 84, -114, 26, 36, -58, 66, -164, 42, 240, 182, 84, -140, -4, 96, -162, 158, 58, 32, -82, -238, 54, 2, -88, 88, 142, -92, -196, 124, 114, 178, 10, 110, -8, -266, -40, 46, 206, -244, 8, -8, -110, 182, -80, -30, 104, -234, 134, -146, -28, -116, 32, -108, 40, -106, 26, -300, -96, 82, -22, 6, 100, 18, -76, 66, -2, -80, -152, -96, 50, 24, 116, -180, -198, -14, 64, 56, 8, 70, 74, 12, -104, -152, 24, 36, 130, -40, -186, 168, -184, -142, 216, 142, 78, -46, 70, -18, -58, -54, 54, 132, 136, 170, -74, 70, 20, 6, 208, 60, -234, -132, 122, 214, 36, -166, 224, -230, -144, -112, -4, -60, 352, 58, -70, -86, -130, -68, 60, -116, 24, 226, -176, -56, -90, 250, -70, 124, 70, -20, 22, 130, 214, 154, -54, 168, -6, -60, 16, -64, 172, -80, 116, -192, -110, -72, 208, -70, 124, -102, -274, -260, 142, 6, 102, 50, -22, -2, 222, 22, -120, -162, -134, 244, 98, 64, -64, 62, -42, -148, 142, -54, -80, 34, -54, -88, 104, -118, 150, 194, -250, 60, 198, -208, 88, -46, 50, -122, 10, 14, 130, -14, -34, -104, -54, -90, -182, 54, 130, 134, 314, 250, 202, 290, -172, -10, 94, 80, 26, 106, -154, -170, 144, 150, 268, -30, 114, 62, -116, -252, 30, 24, -56, 
20, 26, 170, -18, 96, 70, 2, 2, -56, -40, -98, -164, -30, 102, -86, 32, -10, 180, 230, -208, 14, 290, -126, 56, 216, 190, 190, 156, -2, -86, 60, 116, 52, 42, 12, 72, -86, 178, 24, -26, 104, -272, -176, -66, 18, -128, -38, -74, -196, 12, -36, 34, 176, 8, 134, 34, 68, 78, 162, 106, 6, -28, 158, -112, 262, 166, -190, -156, 304, 4, 152, 80, -56, -50, 134, -158, -178, -96, -24, -78, 78, -114, -42, -48, 212, -136, -92, -82, -2, 154, 148, 116, -192, 190, 60, 144, 112, -40, -32, -58, 138, 80, 156, 22, 104, 150, -144, -16, 176, 110, -72, -22, 82, 116, 24, -4, -28, -58, 192, -124, 22, 96, -88, 218, 68, -60, -158, -24, 96, -2, 240, 104, 294, -18, 12, 92, 66, -76, -20, -206, -172, -64, -78, -72, 26, -162, 148, -18, -120, 58, -240, -124, -20, -68, -108, 188, 0, -134, -162, -70, 2, 74, -80, -90, -120, 80, 60, 196, 6, 48, -144, 10, -62, -90, 46, -32, 16, 122, 8, 234, 282, 10, 82, 156, 76, -70, -56, -10, 110, -202, 44, 2, 124, -88, 112, 94, 46, 88, -106, 196, -130, -58, 238, 98, 4, -194, -124, -36, 68, -76, -168, -228, -188, 74, -34, -116, 120, 20, 32, -174, -102, -66, 114, -22, 56, 70, -10, -54, 172, 214, 10, -188, -76, -138, -130, -8, 22, -88, 234, -108, -68, -62, 54, 82, -98, 60, 76, -18, 2, 212, -164, 58, 130, 26, 14, 202, 66, 74, 62, -36, -70, 196, 10, -158, 220, -178, -4, -58, 140, -50, 10, 14, 4, 228, -170, 252, 126, -156, -208, -132, 208, -4, -194, 190, -36, 136, -22, 118, 80, -72, 172, 6, -82, 88, 4, 172, 122, 70, 78, 276, 134, -6, 370, 2, -116, -40, 232, -8, -58, -162, -98, 122, 60, -24, 98, -128, 236, 178, 126, -88, 150, 60, 166, -132, 98, 220, 40, -84, 66, 42, -56, 160, -14, 238, -150, -16, 166, -74, -30, 26, 224, 40, -26, -84, 12, 14, -64, -26, -72, -42, 30, 80, 8, -148, 62, 74, -108, 256, 166, -112, -152, 0, -80, 20, -2, 238, 38, -130, -138, -160, -120, -96, 92, 152, -102, -12, 14, 94, -66, -32, -92, 4, 226, -134, 382, 170, 86, 24, 80, -194, 50, 132, 6, 110, -48, 104, -56, 152, -172, 38, 82, 52, -58, 78, -212, -44, -64, -154, -152, -258, -22, 266, 12, 154, -12, 12, 36, -66, 8, 96, 196, 120, 124, -38, 44, -50, 218, 70, 170, -166, 144, 36, 96, 38, 194, -264, 172, 144, 116, 140, -40, -88, -256, 158, 0, -12, 110, -66, -84, 126, -24, 64, 70, -66, 188, -60, -144, 182, -62, -252, 54, 128, -96, -62, 60, -122, -48, -60, -14, 54, 40, 164, 34, 192, 2, 182, 170, -112, 26, -32, 196, 198, 170, 114, -104, -110, 124, 62, 142, -108, -220, -344, -98, -252, 46, 276, 184, -6, 86, 124, 
36, -52, -192, 92, -6, 106, -84, 132, 172, 24, -8, 154, 56, -168, 54, -26, 122, -106, 36, 106, 40, -236, 228, -190, -184, -204, -120, -196, 106, 120, 116, 0, 108, -182, -68, -94, 122, -118, 60, 24, -44, 140, 312, 114, 62, 144, -22, 146, 286, 100, 108, 22, -110, 50, 58, -130, -44, 16, -66, -104, 30, -106, 74, 162, -102, -90, 182, 224, -44, 162, -98, 38, 88, 24, -46, 140, 134, 158, 118, 130, 14, 40, 248, 100, -72, 306, 260, 178, -46, -240, 66, -104, -92, -190, 0, -248, 26, 72, 174, -114, -68, 14, -190, 80, -114, -18, 154, -184, -10, -104, 120, -32, -34, -30, 34, -60, 106, 180, -140, 130, 146, -18, 164, -188, -88, 104, 138, -34, -240, -154, -136, 0, -74, 32, 252, -34, 202, 46, 94, 104, 162, 48, 174, 206, -22, 58, -82, 132, 290, -10, 132, -22, 154, -64, 76, -120, -48, 176, 72, 180, 240, -44, 68, 194, 10, -230, 42, 38, 98, 102, 192, 50, -162, -118, 56, 128, -150, 16, 88, -208, -224, 34, -72, -20, 70, 146, 190, 136, -72, 306, 244, -58, -66, 30, 76, -278, -4, -86, 36, -62, 226, -180, -136, -60, -40, 120, -26, 32, 104, -16, 140, 70, 22, 52, 82, 84, 18, 126, 22, 234, 86, 306, -288, 70, 242, -88, 92, 6, -68, -22, 158, 206, 86, 54, 32, 124, -14, 126, -158, -20, 176, 272, 126, 16, 248, 40, -100, -38, -82, -96, 140, -122, -40, 132, -150, -116, 0, 138, -234, 6, 112, -20, -72, 4, -258, 212, -142, 50, -58, -52, 8, 78, -128, -74, -6, -154, -122, 116, 230, 124, -94, 20, 42, -40, 78, 58, 126, 74, -44, 120, 4, -142, 118, -114, 276, -44, 148, -132, -60, -190, 84, 24, -256, 126, -10, 126, -150, -162, 30, 128, 228, -78, 56, -102, 2, 56, -132, -256, -36, 58, 36, -102, -114, 92, -282, -50, -248, 60, 80, 80, 34, -254, -12, -244, 60, 66, -82, 94, 88, -48, 80, -104, 308, 68, 40, 58, -16, 18, -106, -32, -8, -68, 42, 136, 60, -20, 172, -374, -232, -120, 106, -110, 250, 106, -42, -160, 16, 36, 330, 2, 158, 34, 82, -142, 118, 36, -32, 124, 214, 102, 56, 356, -56, 180, -218, -62, -54, 40, -126, 96, -54, -12, -154, 0, 178, 142, 180, 0, 72, 66, 194, 84, 86, 12, 228, 52, -6, 142, 222, 172, -68, 6, -12, 106, -192, -24, 124, 288, 162, 18, -128, -56, -70, -196, 56, 242, -68, 8, -250, -4, -118, -120, -8, 146, -6, 310, -270, 142, 112, -30, 274, -2, 242, -324, 86, -46, -214, 2, 260, -154, 12, -10, 114, 204, -74, -58, 182, -120, 24, 74, -92, -22, 48, 54, 130, 242, 66, -48, -2, 182, -104, -82, 174, -46, -148, -196, -176, 26, 18, -82, -74, -202, 82, 78, -70, 232, -104, 36, -110, 184, 216, -4, 274, 126, 52, -226, -40, -68, -78, 148, 
114, 104, -20, -96, -150, 172, 56, 56, -170, -74, -64, 6, -122, 72, 88, -56, -46, 306, -26, 52, -4, 332, -94, -2, 100, 150, 122, 188, 32, -100, -190, -18, 16, -20, 94, 126, -86, 134, 112, -14, -94, -114, -250, -278, 46, -78, 10, -12, -194, 56, -88, -22, 152, -130, 158, 56, 100, -56, -54, 22, 62, 124, 10, -128, 246, -6, -386, -42, 198, -138, 166, -38, -20, 46, 106, 4, 176, 64, -100, 116, -178, -36, -318, -138, 328, -130, -164, -24, -58, 262, 56, 132, 92, 256, -142, 128, 136, -174, -24, 200, 190, 150, 72, -164, 144, 88, -132, -22, 18, 78, -48, -130, -92, 150, -76, 170, 22, -74, -94, -44, -106, 134, -40, 394, -2, -78, -150, -100, -64, 26, 210, 42, -102, 40, -188, 66, 108, 50, 238, 126, 70, 10, -86, -52, -60, -120, -4, -92, -136, -40, 134, -90, -154, -8, -24, -10, 60, -106, -72, -252, -84, 232, -4, -8, -88, 200, 50, 76, -2, -2, 48, 116, 86, 232, -46, -68, -24, 56, -196, 186, 228, 20, 260, 44, 150, -140, -120, -160, 170, -310, -302, 128, 2, -62, -66, -50, 124, 26, -14, 88, -268, 0, -86, 106, 68, -144, 118, -58, 26, 58, 4, 216, 92, -188, 70, 102, 28, -78, 94, -144, 96, -130, 214, -194, 186, 122, -90, 46, 34, 24, -84, -28, -164, -46, 64, -90, -50, -8, 158, 220, -68, -68, -68, -104, -20, -40, 66, 128, 164, 10, 4, -16, 82, -92, 176, 44, 6, -4, 260, 84, -24, 66, 268, -136, 222, -144, 110, -232, -98, -50, -110, -52, 86, 124, 182, 114, 16, 18, -228, -76, 116, 82, -30, 182, -86, 26, -80, 166, -10, -340, -148, 14, -136, -8, -140, -14, -12, 178, -92, 298, 76, -12, 252, 42, 14, 2, 104, 290, -38, -106, -124, 148, -2, 66, 136, -26, 74, 230, 114, -22, 30, 0, 202, 110, 174, 18, 462, 180, -92, 46, -58, 372, 64, 328, -8, -22, 36, -82, 18, 186, -42, 28, -316, 6, -26, -88, -58, 22, -120, 162, -16, 128, 44, 130, 148, 176, -142, 274, 162, 136, -154, -56, -94, 14, -4, 46, -36, 32, -262, 260, -50, 240, 114, 318, 86, -34, 16, -134, -102, -72, -12, -260, 100, -208, 260, -80, 98, 42, 186, -230, 168, 54, 110, 194, 8, 112, -30, 0, 174, 26, -8, 76, -22, 20, -196, -282, 56, -122, -280, -28, 148, -74, -168, -100, 154, -38, -2, -40, -94, 20, 20, -10, -88, 56, -116, -196, 78, 106, 186, 32, 26, 38, 284, -80, -74, -284, 24, -58, -214, -132, -108, -76, -292, 314, -172, 146, 34, -24, -310, 132, -40, 138, -118, -160, 60, 232, 32, 106, 44, -72, 30, 208, 196, -164, 10, -224, 74, -82, 138, -222, 104, 302, -52, -40, 124, 140, 52, 4, 66, -14, 92, 88, -130, -24, 194, -156, 52, 156, 94, 8, -216, -106, -126, -166, -10, 48, -32, 10, 38, -172, 
182, -78, -16, -22, 8, -152, -44, -122, 232, -80, -34, 184, 82, 64, 34, 100, 128, -110, 22, -86, -132, -286, 164, -42, -52, -8, -388, -260, 64, 212, 212, 198, 86, 120, -114, -98, 24, -106, 6, 48, -32, 102, 332, 136, 148, 116, 40, 66, -28, -54, 282, 232, -82, 90, -276, -100, 26, 12, -10, -28, -116, 22, -32, 166, -132, -12, 388, -52, -246, 168, -74, 16, 50, -152, -80, -46, -62, -6, 28, -100, 78, 100, 220, 150, -286, 250, 88, -94, 138, -288, 106, -218, 28, -322, -2, -70, -74, -74, 8, -128, 84, -132, 124, -2, -84, -198, -32, -104, 144, -158, 16, 110, 44, -112, 238, 0, -50, 26, 144, 96, 124, 108, 42, -138, 144, 72, 16, -6, 48, -222, 80, -146, 28, 20, 136, 138, 202, 262, -42, 24, 60, 102, 94, 96, 36, 104, 160, 118, 186, -108, 8, 32, -26, -120, -136, -66, -192, 178, 62, -72, 6, -86, -54, 160, 70, -48, -104, -82, 22, -200, 116, -22, -76, -34, 124, 16, 70, 24, 134, -30, 156, 60, -266, 72, -240, 218, 194, 158, -114, 246, 262, 10, 60, 116, -18, -122, 10, -68, 100, 144, 36, -148, 206, -6, -104, 2, 32, 96, -18, -64, 196, -82, 64, 150, 54, -134, 18, 68, -80, 234, 38, 256, 10, 86, -178, -92, 14, -16, 52, -110, -102, 158, 232, 252, 20, -20, 40, 42, 46, -290, 34, -10, 132, -6, 88, -90, -160, -138, -28, -98, 154, 128, -88, 148, -136, -126, 84, -42, -252, -40, 24, 182, -258, 172, 104, 386, -26, 82, -80, 94, 20, 108, 34, -80, -82, 10, -66, -98, 316, 68, -98, -60, -66, -84, 38, 96, -102, -52, 182, 222, 126, -100, -10, -38, -22, 142, 96, -74, 246, -144, 124, 194, -110, 24, 144, -12, -88, -242, 240, 62, -4, 134, 74, 64, -166, 78, 34, -140, -90, 132, -88, -16, -12, 50, -34, 84, -436, 38, -52, 4, 0, -234, -186, -254, 46, 128, -30, 94, -62, -44, 92, 14, 218, 2, 2, 104, 78, -140, -50, -92, -18, 158, 96, -108, -22, -146, 260, -64, -106, 34, 68, -40, 114, 22, 30, -36, 8, 48, 276, -82, 50, -164, 102, -224, -188, 44, -102, -92, 148, 66, 22, 96, -80, 104, -334, 144, 104, -106, 42, 140, -62, -16, -228, -418, 156, 84, 192, -140, -206, -44, 180, -80, -14, -84, 146, 234, -76, 60, 242, 54, 80, -44, 10, 190, 36, -48, 50, 90, 162, 202, 4, -62, -168, -36, 146, 104, 38, -50, -8, -58, -48, -34, -174, 30, 172, 196, 150, 6, -18, 90, 150, 68, 278, 44, 140, 88, -198, 86, 214, -30, 24, 28, 170, 188, -98, -284, -122, -20, -68, 158, -82, -308, -84, 144, 10, 260, 144, -122, -106, 216, -152, -166, 172, 90, -48, -68, -28, 258, 160, -92, 74, -74, 134, 118, 78, 148, -162, 64, 84, 134, 122, 254, 184, 90, 76, 104, 100, 12, -44, 106, 
-172, -48, 70, 16, 132, 122, 30, 42, 64, 26, 44, -110, 16, -50, 84, 78, 94, 70, 82, 36, 112, 328, -170, -106, -26, -38, 170, 140, -70, -194, -82, -120, -22, -58, 210, -34, -144, 22, 14, -126, 252, 106, -406, -120, 128, -88, -116, 6, 214, 216, -316, -154, -18, -64, 248, 168, 124, 66, 0, 58, 128, -20, -50, -86, 40, 194, -234, -72, 132, -186, 8, -196, -62, -60, -78, 90, 226, 72, -18, 58, 82, -118, -184, -140, 16, -54, 128, 40, -76, 326, 24, 258, -100, 326, -20, 198, 138, -32, 158, 308, 16, 256, -26, 22, 196, 190, 84, 92, -222, 4, 26, -138, -40, -4, -56, 54, -62, -52, -172, -78, -28, 92, 16, 26, -56, 172, 54, 74, 24, 78, -84, -50, 126, 14, 44, -82, -62, -218, 78, -78, 120, 10, -110, 62, 106, 2, -106, 114, -230, 258, 18, 52, 102, 8, -80, 146, 176, 26, 8, 54, -150, -22, -36, -28, -144, -12, 188, 272, -62, 308, -42, -12, 92, 16, 8, 48, -74, 6, 72, -80, -18, -84, 336, 34, 154, -54, -30, -160, -78, -28, -220, -38, 70, -24, 0, 74, 56, -26, 8, -42, 24, 282, -72, 126, 172, 64, -30, -152, -56, 122, -6, 8, 52, -70, 80, 174, 72, -130, -8, -58, -28, -90, -62, 212, 96, -94, -46, 54, -140, 142, 26, 150, -170, -208, -78, 104, 84, 50, 160, 186, 56, 18, -152, -72, 6, 126, 130, 188, 96, -26, -110, -8, 48, -146, 82, 60, 100, 236, 176, -96, -24, -218, 344, -116, -122, -166, -94, 140, 72, -150, 104, -48, -32, 100, 146, 42, -142, 204, -60, -132, 86, 106, 132, 86, 22, -126, -84, 68, -50, -202, -70, 122, 128, -86, 14, -152, -40, 112, -72, 10, -90, 114, 98, 96, 56, 122, 262, 174, 0, 12, 184, -28, 88, -62, 106, -104, -94, 100, 258, -172, 238, 40, 228, 162, 32, -46, 382, -24, 110, 212, -12, 172, 188, 198, -56, -6, -96, 18, 132, 76, -48, 74, -76, 8, 176, -124, -38, -46, 22, -24, 2, -68, -114, -70, -4, 110, -12, 240, 174, -144, -26, -48, -208, -22, -234, 30, 34, 96, -202, -48, 110, 354, -48, 84, 90, 2, 66, 134, -268, 50, -42, -132, 112, -16, 404, -110, 10, 64, -68, 4, 70, 36, 392, 188, -252, 22, -16, -30, 124, -112, -114, -30, 64, 0, -166, -202, 40, -64, -122, -18, -114, 72, -210, -90, -8, 54, -14, -136, -76, -154, -30, 164, 148, 250, -106, -90, 144, 102, 56, 124, 78, 36, 126, -22, -324, -150, -96, -2, 22, 72, -80, -68, -228, -42, -308, -74, 264, -70, -158, -124, 72, -174, -122, -268, 162, 278, 310, -8, 150, -172, 32, 298, 274, -120, 114, -216, -26, 94, 162, -142, 96, 28, -78, -150, 174, 144, 244, -108, 14, 12, -118, 90, 110, -12, 56, -6, 26, -210, -64, -112, -70, -102, -154, 62, -48, 88, -32, -36, 30, 38, 
152, 48, 44, -54, 34, -98, -58, -8, 182, 4, -108, 36, -66, 98, -12, 46, -40, -256, -112, -56, -100, -276, -116, 56, 76, 34, 46, 126, 114, 254, -20, 50, 68, 50, -16, -4, 194, 112, -36, 32, -266, 50, 270, 186, 50, -12, 348, 118, -72, -160, 192, 130, 58, 188, -94, 4, -92, 28, 26, -134, 64, -12, -34, 32, -14, -126, 190, 84, -154, 170, 40, 176, 108, 124, -64, 78, -298, 164, 114, 18, -30, 164, 162, 204, 20, -150, -114, 42, 78, -336, 54, -56, 44, -134, 60, -92, -182, 36, -408, -326, -86, -154, 102, -28, -136, -250, -26, 40, 174, -8, -58, 222, -130, 18, -48, 34, 142, 78, 100, -100, -90, -108, -102, 2, 112, -78, -26, -56, 0, -110, 84, 180, -82, 148, 144, 16, -92, 10, -60, -60, 130, -86, -32, 116, -56, 20, 42, -118, 342, -304, 70, -100, -48, -204, 22, -172, -236, -90, 4, 134, 226, 38, 86, -2, 20, -134, -66, -238, 218, -180, 6, 198, -32, -186, -158, 12, 4, -62, -32, 12, 178, -22, -212, -78, -174, 54, 2, 106, 106, 40, 172, 40, 58, 52, 200, 56, -138, 58, 230, 142, 192, -260, 74, 30, -98, 48, -160, 72, 8, 250, 112, 100, 88, 24, -14, 82, -24, 170, -16, 72, 64, -24, -8, 46, -80, 168, 44, -28, 106, 64, -50, 122, 4, 218, 166, -12, -102, 80, -58, -290, -148, 174, 32, 132, -140, -72, 164, 30, -130, 138, 66, -62, -42, -36, 72, 50, -22, -66, -292, 92, 170, 34, 74, 262, 202, 44, 34, -82, 74, 118, -64, -86, 98, 58, -12, -76, -44, -238, 110, 158, -44, -110, -20, 320, -30, 190, 72, -228, -56, 116, 194, -8, -74, 78, 140, 240, -20, -130, 12, -192, 2, 94, -178, -58, 82, -58, -84, -30, -34, -14, -228, 72, -92, 146, 136, -26, 120, -176, -228, -44, -136, -110, -18, 98, -24, 30, -182, -100, -60, -166, 44, 50, -112, -100, 52, -144, 16, -140, -20, 10, -124, -80, 34, 122, -40, -16, -74, 150, -194, 260, 124, 130, 142, 146, -46, -102, 50, -206, 24, 90, -116, -14, 66, 26, 198, -50, 110, -24, 104, -100, -126, 20, 114, -154, -58, -52, 114, 58, 300, 28, 146, 246, 96, 74, -150, 84, 20, 22, 228, 48, -4, -18, -256, -38, 190, -114, 24, 88, -156, -64, 24, -100, -244, 138, 82, 200, 86, -182, 178, 50, 70, -32, 88, -66, -182, -36, 62, 306, 208, 126, -38, -168, -42, -140, 232, 140, -150, 122, 118, 48, 98, 16, -16, 24, 112, 34, 154, 110, -106, -64, 92, 154, 350, 242, 506, 196, -200, 60, 304, 114, -182, -26, 74, 266, -80, -36, -164, 72, -4, 62, 132, -174, -6, 104, -28, 144, 208, -132, -34, 240, 54, -104, 64, 112, -96, -246, -420, 134, -48, 182, 280, 18, -18, 78, 66, 146, 14, 212, 134, 116, 70, 210, -24, 168, 174, -146, -90, 186, 68, 64, 
118, 158, 28, -184, -64, 20, 220, 78, -244, 28, 216, 118, 44, 82, -10, 56, 204, 162, -34, -52, -150, 150, -4, -36, -4, 8, -56, 132, 78, -148, 170, -58, -24, 8, -100, 68, -34, -154, 148, -54, 98, -92, 46, -106, -76, 142, -268, -86, 150, 98, -62, -92, 2, 10, 120, -82, -16, 60, -46, 36, -30, 124, 84, -62, -38, 114, -204, 66, 238, -74, -74, -178, 8, 110, -84, 150, -98, -160, -78, -62, 192, -102, -56, 132, 48, 76, 186, 24, -116, 144, 46, 68, -120, 118, 126, 214, 130, -36, 312, 76, 106, 324, -182, -168, 230, 378, 16, 80, -174, 162, 32, -84, 236, 82, 126, 68, -234, -52, -126, 32, 40, 136, -2, -100, -102, 16, 18, 168, 78, 136, 0, 86, 184, -28, -26, 56, 126, -32, -20, 38, -10, 132, 52, -242, 2, 6, -74, 222, -284, 142, 22, 122, -18, -30, 136, 92, 188, 174, -126, -116, 46, -20, 130, -170, 50, 84, -38, 226, -82, 198, -54, -176, 18, 64, 176, 10, 94, -96, 92, -48, -78, 20, 60, 52, -60, 42, 88, -54, -92, 74, -254, 78, -34, -138, -152, 48, 232, 154, -164, -120, -72, 88, -84, -22, 122, -96, 130, 140, -52, -202, -140, 20, -2, 14, 34, 98, 184, -4, -134, -24, 128, 30, -14, 52, 142, -126, 52, 74, 62, -94, -8, -48, -180, 8, 40, -20, -54, 60, -92, 220, 100, 8, 22, 86, 190, 24, 0, -26, 172, -158, -164, 88, 154, 160, 114, 84, 70, 26, 142, -162, 36, -188, -220, -234, -118, 104, 96, 68, -76, 124, 160, 244, -146, 42, 62, 104, -140, 214, -2, -92, -4, 72, -70, -138, 204, -206, 50, 316, -34, -70, -174, 186, 66, -172, -246, -50, -50, 76, 246, 100, 72, 94, 174, -6, -116, 190, 132, -6, 94, 130, 440, 116, 146, 86, -130, 156, 92, 194, 214, 22, -140, 128, -38, -30, 196, 172, 176, -70, 56, -18, -68, 130, 76, -26, -108, 144, 54, 218, 66, 56, 34, 0, 212, 4, -142, -82, 232, 170, 118, -12, -84, -264, -212, -48, 106, 106, -236, 88, 46, -48, 268, 88, -10, 36, -174, 12, 26, -64, 68, 120, 68, 176, -4, 154, 34, 230, -42, -50, -292, 30, -46, 76, -178, -66, 74, -16, -84, -152, -210, -6, -94, -64, 80, 112, -26, 34, -26, 14, 124, 134, -172, -40, 76, -92, -128, -112, 26, 210, -8, 160, 38, 34, -58, 36, 112, -152, -46, -96, -110, 254, 28, 168, -28, 236, -130, 100, 66, 130, 10, 204, -90, -48, 42, -80, -6, 82, -88, -124, -16, -56, -164, -22, -114, -214, -244, 62, 164, 50, -14, -148, 172, 146, 176, -106, 48, 116, 284, 2, 210, 0, 104, 42, 152, 62, 52, -112, -162, 110, -72, -38, 20, 270, -110, 102, 176, 6, 182, -126, 106, -102, -158, 122, -28, -44, -56, -16, -32, -264, 16, -38, 96, -60, 78, -72, -186, 40, 16, -164, 62, -86, 
90, -106, -188, 358, 40, -32, -40, 32, 344, 24, -86, -42, 94, 0, -12, -44, -176, -180, 276, 178, 248, 152, 56, 44, 80, 54, -8, -92, 98, 282, 52, 46, 14, 10, 26, -158, -80, 242, -12, 52, -142, 334, 142, 90, 110, 194, 86, 252, -170, -260, 20, 130, -142, 24, 60, 2, 0, 94, 126, -106, -38, -142, -188, -14, -28, -86, 12, 136, 116, 114, 18, 68, -150, -120, 176, -76, -10, 188, 308, -76, -176, 106, 102, -58, -118, -40, -70, 76, 72, -212, -56, 258, -48, -156, 22, -144, -38, 102, -174, -130, 32, -230, 196, 254, -264, -80, 58, -74, 44, -186, 84, 14, -258, 10, 20, -86, 118, 42, 96, 86, -30, -262, -62, 78, 190, -46, 116, -276, 18, -68, 214, -60, -260, 40, 60, -16, -126, 24, -60, -96, 78, -18, -138, 204, -14, -240, 18, -202, 268, -58, 26, 38, 46, 136, -180, -32, -110, -130, 118, 106, -74, -188, -114, 30, -164, 182, 58, -120, -40, -112, -16, 136, 70, 134, -222, -230, 40, 130, -138, 164, 96, -56, 156, 28, 384, 70, -36, -78, 76, 162, 50, -116, 50, 208, 140, -78, -136, -78, 154, 74, 148, 112, 58, 154, -20, 30, -42, -166, 124, 160, 338, -106, 96, -142, 172, 62, 10, 124, -2, 0, -46, -18, 44, 50, 28, 178, -188, 188, 46, 202, 92, -14, 104, 90, -192, -20, 116, -80, 186, -122, -44, -122, -126, -62, -240, -130, -76, -92, 38, 130, 170, -26, 0, -58, -46, 4, -130, 100, -110, 138, 90, 238, 40, 44, 22, -68, 0, -100, 16, -128, -54, -70, 126, 42, -46, -34, 130, -152, -46, -22, 136, -32, 120, 24, -24, 294, -126, -216, 104, 172, 300, -90, 92, 204, 130, -14, 96, 14, -302, -24, -76, -32, -86, 168, 312, 54, -68, -82, -74, 24, -340, 178, -78, 54, 164, -64, 48, -132, -308, -74, -116, -86, 80, 86, 56, 184, -64, 14, -130, 104, -56, -10, 32, 28, -112, 84, -104, -8, 60, -76, 274, -6, -270, -66, 214, 80, -102, -66, 34, -16, 114, 256, 42, -12, -154, -126, 200, -110, 28, 56, -78, -62, 26, 34, 156, -140, 50, -36, 108, 2, -62, -186, -24, 18, -90, -190, 68, 186, 232, 108, 156, -60, -60, 92, -8, 12, 36, 180, 56, 194, -26, 14, -130, -46, 62, 8, 130, 60, 40, 102, -40, 234, -98, -2, 14, 26, 42, 70, -64, -176, -248, 104, 284, 68, 110, 166, -2, -90, 246, -144, 50, -40, 60, -106, 128, 0, -54, -94, 274, 16, 136, -42, 46, 110, -56, -36, 142, 78, 118, -40, 174, 78, 20, 214, 210, 124, -50, 50, 12, 50, -182, -60, 34, -14, 228, 26, -72, 150, -182, 36, -212, -102, 10, -6, -242, 78, 52, 36, 166, 142, 72, 30, 158, 14, 100, 52, -104, -46, -138, 122, 10, -118, -58, 128, 50, 64, 50, 266, 28, -92, -114, -122, -96, 76, 220, 108, -136, 130, 16, 144, 
-142, 84, 38, -174, -52, 4, 22, -76, -48, 94, 50, 94, -128, -38, 110, 14, 202, 192, -58, -96, -84, 18, 132, 124, -56, 116, -96, 168, -120, -98, -2, -158, 44, 22, -222, 332, 216, 14, -24, 20, 132, -128, -194, -20, -62, -262, -58, -208, 90, 276, 148, -42, 104, -40, 96, -152, 38, 190, -36, 138, -22, 132, 38, -96, 38, 314, -70, -224, 70, 94, 2, 72, 238, -22, -60, -64, 36, -340, -200, 110, 96, -54, -44, 98, -6, 116, 326, -2, -10, 352, -94, -164, 152, -66, -82, 142, 202, 114, 100, 140, -10, 356, -50, -120, 226, -4, 186, -52, -118, 98, -54, -64, 256, 112, -96, 298, 104, -2, -310, -126, 38, 322, 116, -52, 4, 108, 112, 124, 82, 48, -152, 38, 156, 150, 236, 62, 272, -8, 74, 70, -24, 12, 198, -142, 46, 64, 30, 288, -298, 108, 6, -114, -26, -92, 186, -36, 216, 106, -28, 50, 22, 242, 156, -108, 104, -6, 52, 120, -46, 118, -90, -274, -166, -72, 302, 124, -2, -26, -40, -28, -162, 216, -118, -62, -146, 78, 164, -102, -16, -188, -32, 46, 130, -8, 92, 104, 168, 138, -206, -90, 136, -98, 222, -210, 238, 14, 170, 136, -212, -102, -116, 106, -154, 160, -76, -80, 44, 30, 58, 188, 34, 82, 20, -106, 172, -118, 286, -110, 100, 26, -82, -36, -124, 46, 298, -4, 130, -40, 22, 132, -8, 214, 62, 80, 144, -24, 22, 34, -126, -20, -62, -36, 100, -54, -68, -22, -18, 6, 44, -72, -10, 0, -32, -92, -14, 28, 8, 304, 22, 90, 158, 130, 36, 136, 218, -34, -148, 172, -2, -56, 22, 2, -34, -130, 86, -48, 216, 30, -162, -202, -310, -58, -216, -30, -112, -6, -100, 4, 318, 26, 242, 56, 132, -174, -200, 36, -194, 210, 84, 18, 356, -54, 196, -50, 0, 108, -64, 176, 116, 90, 22, 42, 10, 76, -74, 12, -92, -96, 112, -24, 156, 60, 94, -10, 86, -154, 170, 188, 78, 72, -172, 18, 340, 154, -360, 30, -104, -22, 86, 26, -84, 58, -40, 20, 178, 34, 36, 236, -2, -66, 102, -76, 34, -20, -52, 370, -36, 50, 98, -14, -164, 176, -8, -120, 80, 220, -120, -104, -130, -86, 10, 120, 186, -10, -68, 86, -58, -66, -180, -100, 140, 14, 100, 46, 164, 142, 8, 70, 50, -2, 26, -68, 128, -146, 130, 144, 4, -80, 78, 194, 40, -70, -36, -56, 40, -258, -196, 42, -20, 204, 78, -46, -110, 30, -112, -4, -96, 104, -64, 40, -122, 178, -74, -116, 42, 168, -136, -128, 68, 134, -2, -28, -96, -278, -176, -74, 0, -52, 226, 114, 122, 80, 170, 58, -176, 150, 124, -166, 274, 76, 68, 182, -114, 8, 124, 16, 88, -128, 0, 34, 48, -52, 104, -40, 64, 74, -18, 2, 252, -68, 108, 84, 190, -90, 82, -80, 80, -178, 20, 100, 210, 194, -12, 64, 40, -132, 8, -124, 152, -82, 
140, 74, 106, -36, -40, 44, -64, 118, 136, -34, -62, 146, 42, 166, -8, 30, 90, -8, 106, 138, 112, 124, -160, 194, 164, -62, 80, -118, 142, 130, -6, 74, -116, -52, 132, -154, -102, 26, 186, 24, 98, -38, 0, -150, -42, 32, 138, 128, -116, -228, -178, 166, -24, 38, 16, 148, 34, -98, 148, 80, -200, -118, -258, 98, 82, -72, -216, 294, 30, 68, 38, -52, 28, 68, -78, 122, 64, 150, 190, 20, 88, 8, 176, 92, -216, -42, -160, -42, 58, -158, 12, 254, -108, 6, 66, -60, 48, -194, 0, -106, 214, -206, 152, 56, -154, 102, -124, 28, -6, -94, 82, -58, -164, -134, 54, -316, -92, -154, 138, 98, 28, 50, 108, 56, 114, -76, 70, 72, -16, -32, 14, 204, -80, -152, -126, 76, -186, -26, 0, -66, 212, 6, -132, 150, -34, 62, -82, -176, 486, -34, 72, -68, -12, 146, -76, 218, -206, 118, 132, 32, 12, -124, -116, 58, -42, -2, 108, -158, -6, -150, 322, 278, 256, -24, -358, -30, 110, 80, 126, 42, 174, -28, 224, 12, 246, 2, 100, 6, 122, 120, 174, -134, 26, 0, 34, -74, -4, 76, 344, 284, -130, 188, -32, 66, -96, 94, -78, -96, 114, 226, 100, -184, 56, -366, 108, -106, 50, -86, 64, -64, 16, 136, -10, 98, -182, -98, -84, 96, -156, 74, 140, -76, 82, 88, -248, 104, -60, 32, 208, -122, -10, -136, -68, 148, -86, 48, 104, 174, 284, 172, -18, 116, -188, 94, -56, 132, -58, 62, -48, 110, 108, -26, 108, 44, 344, 76, 38, -154, -248, 118, -60, -142, -86, 70, -24, 162, 164, -78, -116, 200, -114, 196, 38, 208, -52, 38, 58, 82, 174, 20, 204, -36, 116, 92, 94, -110, 8, 42, -172, -62, -366, -40, 90, 146, 240, -118, 122, 34, -190, -40, -274, 58, -50, -136, 54, -58, 104, -210, -142, 48, -54, -180, -92, -140, 16, 282, 44, 192, 2, 82, -18, 42, -182, -92, -128, 118, -38, -64, -68, 66, 42, -62, -226, -142, 168, -156, 126, 108, 64, -82, 62, -136, 76, 80, -112, -76, -6, -232, -94, 112, -58, 158, 54, -42, 248, -408, 26, -120, 12, 18, 158, 72, 152, 184, -24, -158, 36, 64, -38, 256, -232, -308, 20, 140, 12, 52, -6, 192, 98, 154, 22, 28, 62, -36, -70, 16, 110, 74, 18, 142, -44, 6, -220, 108, -50, 44, -88, 146, -112, 122, -18, 52, 104, 70, 76, 226, 64, -122, -30, -152, 134, -30, 108, 60, 128, 64, 314, 80, -120, 2, 188, -10, 102, 164, -106, -248, 96, 178, 28, -102, 64, 94, 120, 160, 230, -6, 130, -60, -28, 34, 170, 56, 20, 108, 114, -126, 70, 82, -24, 72, 88, 18, 152, -36, -98, 154, -32, 36, 118, 80, -66, 136, 128, 246, -122, -120, 4, 24, -86, 162, 50, -48, -186, 46, -58, 122, -56, 124, 136, -66, -196, -168, -2, -36, -78, 84, -2, 154, -36, 0, 
-38, 136, 66, -10, 30, 80, 182, 96, -90, 34, 152, -84, -150, -124, 78, -52, 56, -110, -164, 70, -182, -68, 236, 42, -152, 10, -168, 90, -166, -246, -82, 60, 52, 12, -28, 254, -10, -86, -20, -54, -82, 118, 202, 154, 92, -162, 182, -92, -8, 28, 176, 2, -26, -112, 180, 98, 68, 40, 92, 42, 52, 254, 74, -154, 88, 74, 102, -16, -192, 72, 106, 64, 4, -50, 62, 26, -44, -116, -78, -54, -114, -132, -132, 94, 200, 20, 164, 8, -298, 176, -138, -14, 30, -218, -118, 160, 40, 106, 78, -32, -12, 198, 108, 82, 56, -174, 64, -26, -26, -88, -90, -182, 22, 308, -58, 186, 160, -96, -146, -56, 98, 128, 102, -84, 0, 84, 60, 150, -34, 2, 112, -156, -86, 118, -12, 52, 64, 170, 82, -76, -196, -60, 90, -246, -162, -76, 44, 218, -210, 72, -150, 162, -48, -278, -156, -182, 208, 130, -108, 120, 138, 108, 22, -80, -54, 94, -236, 166, 260, -36, -136, 32, -192, 134, 132, 10, -90, -48, 4, -126, -224, 122, -90, -22, 28, -126, -80, -108, 12, -60, -50, 102, 36, 86, 76, -36, -68, -42, -244, -26, 74, 100, -104, 14, 156, -198, 288, -30, -124, -250, 32, 338, 100, 344, -12, 52, -68, 36, 8, -32, 88, -92, -24, -224, 250, 154, 248, -114, 68, -72, -96, 80, 4, -60, 242, 138, 96, -72, -202, 130, 10, 146, -140, -38, -32, -118, -16, -178, -116, 10, 20, 78, 248, -130, 100, 0, 72, -68, -200, -66, -262, 210, -130, -60, -116, 84, 42, 116, 228, -52, -78, 32, 196, 148, 8, 30, -172, 172, 154, -192, -14, 58, -210, -120, 12, 8, 30, -226, 42, -60, -84, 62, -26, -74, 104, 156, -296, 72, -14, 80, 512, 80, -86, -98, -54, 78, -100, -72, 228, 232, 130, -90, 80, 140, -22, -76, -134, 30, -50, -80, 28, 136, 60, 42, -66, -254, 58, -100, 14, -14, 84, 30, 168, -80, -10, -194, -12, 98, 58, 44, -54, 2, 374, 112, -54, 128, -32, -162, -46, 26, -56, 140, 124, -132, 194, 138, -172, 288, 368, -116, -28, 64, 52, 96, -46, 204, 50, -70, -40, 34, -70, -50, -36, -12, -6, 70, 248, -160, 120, -82, 128, 330, 118, -64, 38, -90, 258, -48, 30, -152, 34, 140, 78, 78, 0, 70, 78, -136, -160, 44, 82, -188, 266, -24, 58, 34, 76, -72, 210, -6, 44, -66, 26, 4, 126, -96, -108, -54, 240, 78, -28, -188, -204, 142, -114, -52, -128, -70, -26, -132, -176, -4, 106, -250, 88, -6, -54, -132, -16, 82, 76, -90, 28, -200, -46, 124, -190, -20, -2, 94, -124, 46, 0, -16, 2, -110, 4, -108, 150, -62, -84, -48, 6, 50, 48, -86, 112, -54, -94, -16, 76, -10, -92, -22, 118, 158, 106, 198, 168, -160, 0, 86, 122, -102, -10, -114, 114, -44, 36, 16, -46, 92, 60, 94, 246, -26, 154, 56, 202, 12, 
4, 30, -98, 90, -66, -40, -186, -54, 78, -40, 60, 38, 82, 210, -120, 34, -6, 76, 44, 84, 150, 0, -52, -26, 54, 136, 80, 4, 240, -50, 204, -30, -104, 16, 4, -78, -54, -50, 4, 36, 164, -22, -200, 10, 82, 154, -26, 30, -106, -66, -124, 14, -6, 128, -180, -132, -248, 260, -36, 82, 100, -86, -114, 174, -134, -70, -76, 46, 128, -10, 84, -200, 22, 76, 294, -164, 220, 6, 186, 50, 194, 54, 8, -70, -150, 20, 72, -4, 294, -324, -28, -150, -104, 224, 38, -134, 230, 18, -114, 26, 86, -320, -68, -80, -134, 84, -240, 86, 20, 292, 62, 308, 76, -42, -8, -106, -12, 256, 288, 36, -20, -36, -60, 80, 10, -34, -68, 76, 114, 20, 14, 194, -32, -152, 70, 46, -102, -114, -54, 194, 94, 20, -172, 224, 232, -100, 108, -144, 56, -6, 66, -52, -130, 196, 170, 148, -132, -24, -102, 92, 152, 46, 124, 124, 26, -18, 154, -82, -90, -4, 244, -62, 58, 62, -192, -2, 32, 112, -16, 218, 124, -26, 92, 164, 154, 136, 92, 10, 62, 210, -98, 12, 8, 38, -44, 18, 276, 86, 256, -14, 68, -112, -30, -86, 100, 148, -418, -88, 278, 266, 78, -172, -136, -352, -46, 94, -16, 36, 78, 132, 14, 204, -18, 402, 34, -28, -194, -84, -18, 240, 142, 16, 14, 110, -132, 110, -44, 196, 12, 184, 124, -220, 124, 50, 126, 26, 186, 176, 208, 50, -98, 62, 10, 66, 152, -56, 0, -2, -2, 332, 256, -48, 180, -94, -16, -52, 50, -184, -122, 282, -72, 4, -158, -132, 212, -102, 136, -140, -64, 308, 122, 48, -96, 258, -46, -46, -28, 26, 30, 124, 130, 88, 88, 140, -182, -258, 156, -116, -104, 12, -230, -52, 66, 144, 42, 28, -92, 78, -226, -76, -24, 104, 60, -132, 102, -10, -8, -46, 140, -98, -86, 24, -30, -74, 82, 10, -100, 132, -62, 8, -254, -30, -202, 244, 82, 228, 24, -72, -154, 104, 116, -156, -344, -118, 22, -114, 192, 42, 20, -42, 216, -8, -94, 128, -76, -116, 230, -314, -216, 116, -16, 86, -30, -34, 46, -124, 6, 74, -118, 8, -36, -26, -2, -86, 54, -58, -222, 196, -208, 66, -232, -228, -198, -34, 26, 92, -180, 90, -42, 310, -24, -22, -12, -12, 172, -162, 26, -70, 92, -46, -64, 212, -40, 38, -8, -86, 76, -22, 56, 68, -162, -10, -114, 112, 2, 56, 116, -62, -6, 40, 90, 256, 4, 86, -66, 84, 116, 158, 200, 270, 52, 52, 40, 290, -78, -146, -20, 88, 102, -100, 156, 134, -12, 128, 148, 48, 102, -116, -16, 140, 98, 126, 134, 138, -2, -18, -24, 160, -74, 304, 130, -12, 116, 82, -48, 52, -56, 6, 42, 122, 6, 112, 216, 66, -50, -112, 24, -142, 32, 24, 28, -126, 100, 56, 68, 78, -92, 286, 18, -20, -54, 14, -158, -120, 26, -80, -196, 98, -144, -146, 
-148, 152, 48, -6, 52, -36, -22, 222, 108, 68, -22, -74, 10, -18, 22, -34, -10, -24, 186, -160, -210, -32, -36, 192, -230, 66, -82, -40, -230, -30, -60, -112, 182, -20, -4, 118, -48, 12, -16, -80, 44, 264, 156, 12, 52, -6, 48, -46, 62, 26, 96, 114, 96, -14, 230, -6, 12, -222, 88, -56, -118, 152, -4, -74, 84, 52, 18, -174, -6, -76, -62, 80, -10, -262, 124, 240, -140, -102, -130, -6, -106, 42, 28, -14, -26, 8, 124, 152, -338, 254, 102, 198, -172, -188, 18, 26, -192, -10, -32, 90, -78, 122, 24, 126, 78, -56, 180, -194, 18, -52, -62, -230, -146, 48, 142, -116, -44, -254, -328, 36, -46, 168, 38, 118, 86, -42, 14, -110, -58, 170, -52, -126, -68, 62, 50, -104, -68, -84, -14, -134, -222, 58, 206, -156, -44, 174, -8, 82, 76, -24, -64, 116, 232, -160, -322, -96, 60, 34, 128, -122, -126, 30, -38, 104, -8, 158, -144, -14, 236, -64, -110, 242, -4, -116, 34, 104, -2, -28, 226, -10, 2, -118, -30, -78, 18, -44, 62, 130, 98, -120, 186, 130, 40, -134, 90, 50, -128, 124, -18, -156, -6, 80, -42, -52, -158, -102, 184, 230, -80, -116, 52, 114, 164, 168, 258, -322, -68, -12, -100, 46, 142, -30, -44, -170, -34, -6, 172, 128, 170, -14, -60, 78, 98, -150, 118, -6, 60, -68, 84, -14, 50, 18, -212, -66, -196, -92, 34, -248, -48, 70, 36, -46, -78, -292, -6, 138, 2, 56, 4, -198, 128, 134, 38, -68, 60, 96, 114, 186, 194, -126, 78, 18, 50, 78, -164, 242, -78, 92, 98, -160, 34, 132, 146, 36, 22, 198, -244, 74, 136, -32, 0, -134, 202, -182, 158, -2, -236, 44, -8, -288, 128, 182, -148, -62, 74, 20, 108, 36, 24, 92, 148, 78, 102, 178, 168, 170, -16, 92, -126, 20, 90, 42, 90, 114, 136, -64, 94, -48, 140, 126, 238, 72, 72, -232, -20, -132, -188, 358, 150, -68, -30, -48, 110, 132, 16, 70, -150, 50, 110, 34, 4, 94, 276, 78, 116, 114, 18, 114, 72, 194, 100, -26, -106, -90, 62, 270, -160, -58, 186, -22, 42, 26, -8, 102, 16, -90, 218, -266, 320, 174, 54, 138, 248, 130, -112, 98, 36, -48, 54, -98, 54, 188, 128, 140, -24, 68, 140, 28, 22, 134, 54, -238, 70, 72, 62, -150, -60, 104, 156, -148, 38, 96, 68, 14, -8, 14, 6, 58, -66, 50, 16, -324, 196, 36, 4, 118, -156, -16, 60, -104, 72, -66, 56, 22, 212, 300, -18, 94, 32, 106, -90, -226, 10, 0, -112, -116, 80, 158, -18, 10, -92, -214, 104, -166, 2, 56, -144, -30, 212, -120, -52, 46, -98, -12, -198, -166, 76, -132, -122, -94, -26, 72, -148, 98, 96, 16, -26, 348, -106, -40, -52, 10, 48, -306, -80, 14, -18, -136, -100, 118, 22, 112, 314, 142, -58, 38, 344, -4, 202, -74, 
236, -106, -224, 54, 142, 204, -110, -66, -114, -108, -82, 22, 94, -162, -8, 150, -68, 94, -170, 90, 200, 44, 194, -204, 140, 100, 72, 28, 74, 120, 56, -42, -214, 106, -148, 14, 166, 82, -10, 42, 20, -198, -170, -96, -2, 58, -30, 162, -64, -68, -22, -174, -60, 54, -136, 248, -74, 264, 44, 114, -6, -178, 32, -122, -74, 48, 80, 266, -46, 48, 18, -222, 50, 250, 138, -254, 176, 98, 136, -108, 172, 174, -18, 270, -110, 8, 22, -2, 374, -104, -164, 8, -56, 84, 124, -74, 112, 82, 208, 132, 148, -10, -196, -64, 168, 198, -150, 164, -48, 32, 44, 232, 240, -50, -30, -4, 84, 226, 280, 92, 30, -200, 0, -208, 12, 0, -100, 92, -58, -60, 186, 170, 174, -34, -28, 148, -58, 186, 98, 38, 252, -112, -338, 234, 22, -6, 98, -18, -64, 54, -78, 146, -194, -120, 114, 114, -18, 82, -62, -84, 104, 0, 166, 44, 106, 98, 192, 46, -26, 58, 136, -154, -10, 68, -44, -162, -18, -8, -4, -18, 160, 136, 32, 214, 178, 18, 66, -44, -146, 198, -60, 0, -20, -32, -98, -70, -54, 120, 104, 150, 12, 30, -2, 0, 200, -46, -16, -18, 200, -60, -62, -250, -152, -30, -140, 170, 136, 30, 142, 104, 148, 20, 6, 54, 64, -100, -320, -68, -68, 68, -60, -14, -24, 152, 58, 164, -4, 188, 88, 60, -72, 26, 214, 66, 30, 26, 40, 132, 90, 244, -14, 68, 102, 146, -16, 64, 136, -38, 126, -14, 204, -16, 132, 36, -78, -12, -92, 56, -96, -12, -2, -32, 44, 26, 154, -154, -16, -10, 116, -26, 38, 72, -114, -220, 84, 66, 24, -156, -18, 18, 50, -54, -120, 276, -186, -108, 198, -156, 134, 140, 120, -26, 400, 128, -68, 82, -72, -18, -6, -12, -86, -30, -102, -140, -100, -76, 74, -86, 96, -14, -54, 80, -54, -112, 126, -8, 120, 68, -238, -76, 32, -210, 74, -22, 216, 140, 164, -38, -96, 20, 122, 80, -104, -118, -14, 52, 146, 62, -134, 62, 260, -12, -168, 138, -118, -106, -2, 88, 74, -200, 74, 22, 240, 140, 206, -38, 86, 96, -80, 2, -196, -20, -62, -118, 98, 142, 86, 298, -216, -104, -86, -154, -158, -110, 26, 42, 36, 188, -176, 128, -90, -82, -98, -156, 112, 56, -238, 22, -116, 154, -136, 220, -60, -100, 214, 14, 2, -40, -118, 238, 56, 106, -162, 104, -228, -228, -2, 0, 18, 54, -156, 190, -76, -68, 94, -36, 248, -18, 88, 128, -124, 80, -160, -80, -112, -106, 114, -162, -18, -126, 204, 132, -20, -132, 224, 152, -172, -92, 36, 156, 64, 154, -184, 186, -18, -44, -140, -12, 42, 76, 148, 182, 166, -4, 280, 274, -114, 194, 116, 10, 74, -94, 12, 44, 72, 40, 24, -176, 24, -62, 146, -22, -54, 68, 8, -52, -122, -28, -142, -132, -44, -60, -208, -30, 152, 188, -148, 104, -72, 74, 
-22, 158, 216, 34, -102, 34, 108, 186, 92, 132, 138, 150, 114, 188, 18, 24, 20, 158, 222, -200, -164, 186, 8, 44, -48, 96, -46, 94, 78, -102, -174, -16, 276, -50, 54, 148, -176, 94, 16, -180, -92, 216, 262, 180, -28, 38, 112, -34, 38, -68, -30, 82, 72, -150, 240, -92, 72, -288, -6, 168, -36, 200, 126, 172, 20, 162, 92, -184, 50, -92, -202, 256, -134, -142, 28, 350, 82, -100, -74, 12, -84, -52, 128, -320, -2, 30, -162, 52, -308, 84, 328, 2, 88, 156, 210, 202, -8, -74, 40, -104, 196, 36, 252, 52, -130, -156, 218, -154, 66, -14, -38, -192, -6, -30, 34, -86, 52, -86, -168, -102, -34, 58, 128, 284, 164, -54, 80, 8, 118, 14, -214, -16, -218, 160, 76, -218, -54, -64, -132, -22, -52, 106, 338, -210, 2, 62, -18, 44, 38, 24, -30, -6, 90, 90, -6, -26, 108, -50, -26, 150, -180, 156, 52, -94, -70, -132, 26, 150, 104, -12, 22, 182, -50, 6, -106, 290, 238, 46, 66, -32, -60, -150, 12, -72, 58, 68, 92, 150, 112, -68, 26, 72, 14, 18, 184, 180, 324, -20, 112, -230, -22, -50, 86, -68, -74, 56, 26, 190, -220, -100, 40, 160, 284, 244, 160, -78, -132, -20, -164, -60, -8, 190, -46, 80, -94, 180, 252, 258, 40, 86, 108, 50, 18, -46, -4, -18, 134, -126, -58, 74, 8, 62, -48, -128, 248, -88, -150, -84, -4, -150, -2, -50, -104, -80, 100, 88, 74, -24, 76, 36, 10, 52, -142, -10, -4, 26, -8, -2, 52, -142, -46, 146, 64, 38, 20, 224, -104, -68, -102, 128, -4, -100, -132, 266, -276, -24, -140, 10, 166, 28, 4, -30, 126, -204, 220, -140, -14, -2, -34, -98, -286, -92, -306, -66, 124, 12, 104, -268, 196, 160, -38, 182, 100, 214, 34, 34, 36, 188, -18, 98, -36, -148, 174, 292, 58, -62, -26, -152, 104, 198, 50, 140, 178, 138, -106, 12, -154, -26, -74, -78, -118, -118, 130, 78, -50, -10, -194, -110, 138, 100, -112, 164, -20, -60, 240, 306, 80, -230, -18, 258, -126, -124, -214, 22, -258, 0, 124, -54, 6, 58, 78, -60, 102, 170, -40, -126, -164, -218, 196, 46, -98, 82, 142, -50, 44, 156, -46, -64, 150, -136, 160, 36, 242, 208, 138, -82, 104, -86, -2, 62, 160, -152, 296, 118, -246, 250, 246, 200, 40, -204, 222, 34, -64, -46, 124, 12, -154, 78, 92, -68, -12, -144, 276, 34, -54, 194, -210, -38, -52, -4, 122, 144, 178, 152, 82, -70, -54, 128, 52, 164, -160, 4, 282, 108, -108, -68, 20, 50, -196, -20, -172, -132, 58, -232, 100, 126, -6, 10, 10, -150, -170, -170, -134, 68, -310, -268, 176, -144, 14, -30, -78, -12, -164, -112, -142, 8, 6, 196, 94, 104, 12, 38, 64, 150, 16, 100, 178, 124, 286, 212, -32, 86, 250, 144, -46, -232, 44, -20, 120, 10, 
178, -34, -292, 4, -16, -50, 18, -118, -90, 30, -156, -62, 98, -40, 102, 68, 12, -118, -148, 156, 132, -148, -12, -36, -118, 40, 6, -166, -56, -38, 38, 2, -114, 86, 66, -164, 330, 132, 36, 216, 74, -148, -76, -86, 40, -20, -60, 90, 48, -8, -12, 24, -114, 118, -54, 106, 24, 134, -86, -88, 134, -128, -146, -68, 122, -66, 0, 132, 14, 426, 230, -104, 74, 30, 180, -102, -122, 152, -30, 168, -8, 146, 60, 318, -102, 18, 126, -10, 290, -102, -284, -258, 126, 32, -108, -174, -34, -42, 34, 268, 112, -156, -216, 24, 106, -76, -44, 174, 170, 36, 174, -20, -48, 34, 6, 50, 16, 44, -72, 44, 140, -136, 28, -268, -236, -96, 62, 42, 64, -72, 204, 28, 232, 84, -58, 302, -16, 10, 264, 124, 164, -84, -210, 142, -26, 8, 110, 14, -106, 138, -38, -34, -24, 70, 110, 88, -136, 186, 170, 2, 216, -134, -20, 112, -52, 150, -52, 70, 40, -8, 194, -158, 86, 26, 60, -286, -130, -38, -90, 216, 54, 168, 30, -118, -90, 64, 102, -372, 16, 198, 72, -108, -82, 82, -170, -110, -266, 148, -112, 228, 246, 200, 44, 88, 108, 116, 278, -198, 64, -108, -122, -38, -230, -58, -106, 154, 210, 112, 40, -4, 34, -148, 210, -104, 4, -80, -174, -120, -156, -196, 82, 118, 114, 20, -14, -80, -190, 180, 2, 20, -102, -10, 164, 22, -74, 182, 98, 114, 104, 44, -148, 32, 66, -46, -46, -110, 32, -52, -62, -12, -32, -36, -44, 148, -156, -70, 38, -78, -184, 192, 20, -274, -36, 36, 192, 120, 90, 0, 170, -62, -132, 44, -84, -158, 76, 34, 186, 16, -236, 144, 82, 8, -76, 186, -78, 164, -38, -54, -66, 94, 216, 122, 230, 40, -26, 60, -216, 134, 68, -144, 86, -144, -170, -92, -8, 2, 80, -52, 154, 36, -56, 32, -188, -104, -230, 18, -202, 82, -168, -146, -24, -154, -110, -52, 304, 2, 142, 74, -180, 236, 166, 48, -122, -158, 180, -82, 240, 260, -212, -148, 124, -46, 222, 78, -68, -196, 58, 96, -8, -214, 116, 174, 44, -50, 126, 134, 70, -28, 30, 52, 162, -32, -278, -8, 112, 88, 76, 210, 92, -146, 144, 16, -54, 276, 16, -188, 34, 44, -48, -34, -104, -98, 6, -36, 76, 30, 48, -72, -16, 54, -198, 136, -216, 24, 296, -284, -116, -270, -46, 292, -22, -8, 134, -154, -166, 20, 52, 38, -38, 242, 62, 274, -68, 74, -30, -176, 318, -180, 156, 36, -32, 0, -252, 80, 90, 228, 2, -220, -38, 46, 158, -104, -150, 30, 226, 72, 44, -120, 138, 96, 56, -120, 78, 58, -106, -112, -2, 2, -92, -18, 176, 254, 134, 46, 278, 180, -144, 160, 16, -6, -26, 140, 8, 244, 36, 90, -56, -18, -270, -58, 74, -24, 192, -98, 126, 4, -260, -354, 12, -76, 64, -94, -116, -34, 104, 212, -14, 16, -30, 54, 
-128, 112, 412, 134, -48, -174, 98, 164, 18, 88, 154, -36, -92, 124, -24, -96, 62, 224, 84, -46, -122, 94, 4, 100, 56, -176, 34, 62, 186, 214, -194, -130, 2, -14, 90, 136, -430, -208, -4, -102, -188, 54, 50, 88, -12, -114, -36, -42, 136, -4, 182, 108, 158, -162, 202, -12, -132, 92, 106, 4, 166, -54, 262, 40, 22, 0, 28, -84, -200, -400, -82, 86, -6, -42, 104, 82, -12, -58, 100, 30, 130, -30, -90, -72, -12, -32, -108, -54, -128, 96, 346, 306, -92, -124, 112, -8, 164, 68, -62, -204, -10, 38, 168, -26, 236, -82, 16, -126, -20, -70, -26, 40, 32, 136, 96, 8, 24, 8, 44, -98, 24, 154, -6, 134, 172, -152, -24, -96, 58, 28, -22, 148, -214, -130, -116, -216, 146, -2, -308, -128, -48, -86, 46, -32, -16, -28, 104, 4, 6, -130, -56, 162, 190, 26, 30, 90, 46, -130, -142, 44, -58, 114, 0, 66, -56, -90, 70, 0, 138, 16, -82, 104, 126, 38, -82, 154, 124, 228, 102, -78, 222, -106, -34, 232, 358, -42, 124, 358, -6, 144, -168, 116, -84, -6, 204, 38, 304, -90, 32, 16, -228, -96, 62, -68, -120, -46, -148, 134, 84, 202, 214, -128, 396, 42, -80, 132, -158, -100, 74, 130, -122, 208, -80, 82, 38, -16, 166, 250, 140, 340, -8, -150, -98, 6, -170, 58, -4, -114, 76, 62, 134, -122, -34, -8, 44, -142, -106, 8, -18, 34, 26, -132, -70, -60, -40, 222, -36, 186, 152, -152, 192, 92, 100, 88, 130, 208, 52, 42, 200, -212, 140, 130, 6, -146, -20, -6, -108, -8, 28, 98, 272, 78, 136, 274, -154, -78, -6, 82, 238, -8, -2, -74, -186, -84, 54, -182, 128, -42, 80, 196, -72, -158, -206, -130, 116, -14, 270, -132, 40, 126, -124, 234, 302, 86, 180, 168, 0, 12, 138, 158, 32, -254, 20, 18, 22, 16, 64, -170, 180, 200, 52, -84, -22, 22, -104, 124, 72, -66, 100, -112, -170, -28, 62, 128, -46, 296, -212, -146, 156, 68, -250, 98, -154, -172, 186, 152, 194, -62, -28, 290, 150, -128, 60, 60, -258, -84, 32, 74, -160, 42, -128, -56, 146, 160, -94, -136, -160, -154, -182, -8, -158, -4, 110, -166, 176, 146, -146, -90, 288, 94, 20, -54, 92, -102, 6, -76, 252, 144, -52, -266, -48, -202, -36, 12, -170, 358, 112, 26, -64, -30, 94, 8, -54, 164, 16, -98, -2, -68, 92, -124, -20, -226, -46, -104, 66, 0, -86, 174, -154, 50, -44, 74, -40, -116, 64, -226, -72, -10, -22, 10, -178, 120, 174, 90, -184, 96, -324, 80, -74, 102, 72, 24, 44, -20, 218, 176, 218, 78, -16, 52, -210, -120, -182, -102, -220, -78, 164, -122, -126, 20, 182, -70, 114, 10, 84, -110, -44, -52, 172, -24, -34, -6, -36, 60, 32, -114, 124, 96, -50, 124, -116, 114, 82, -60, 106, -184, 74, 10, 96, 34, 
140, -128, -296, 16, -58, 282, -46, -60, 2, 130, -204, 136, 154, -52, -50, 182, 70, -126, -50, 180, 256, 32, 16, -128, -32, 62, -128, -6, -94, -146, 96, 98, -36, 198, -50, -8, 326, 262, -62, 48, 106, -38, 56, 156, -112, 2, -182, 134, -226, -106, -116, -104, 0, 46, -148, -22, 4, -142, -140, 44, -14, 82, 22, -64, 56, -118, -108, 150, 108, 152, -120, 120, 20, 130, 16, -52, -8, -116, 38, 110, -114, -4, 176, 250, 8, 72, 162, -50, 240, -4, -230, -260, 70, 230, -94, 2, -24, 76, 94, 204, 114, 62, -114, -16, -94, 98, -22, 38, 150, 74, 18, -138, 88, 98, -44, 64, -40, 68, -116, 164, -114, -30, 26, -58, 102, 26, -110, 102, 16, 28, 18, 42, 188, 28, 140, 218, 124, 80, 162, 38, 110, 200, -126, 148, 42, -42, -40, 66, 200, -14, 48, 0, -8, 140, -54, -160, -94, -8, 72, -54, 46, -34, -68, 16, 22, 118, -76, 0, -26, 6, 50, -68, -74, 72, 66, -180, -76, -76, 52, 18, -92, 118, 26, -168, -48, 86, -190, -260, 84, -28, 180, -32, 26, 118, -110, 26, -196, -4, -36, 4, 370, -8, 2, -82, 92, 60, 248, -186, 82, -182, -158, 174, -22, -12, 92, 104, 136, 52, -52, -72, 128, -102, 160, -60, 6, 32, -140, -136, 98, -242, 106, 238, 30, 38, 212, -124, 92, 116, -102, -108, -22, 208, -4, 106, 30, 172, -100, -124, 62, -12, 140, 160, 90, -4, -22, -88, -22, -84, -44, 62, 14, 80, 54, -16, -162, -6, 62, 56, -254, 170, 70, -152, 120, 50, 128, 56, 296, 96, 64, -36, -224, 6, -146, -102, 216, 192, -106, 52, -118, 112, -20, 102, 118, 86, -114, 40, 0, -74, 158, -50, 82, 160, 104, 106, -98, -108, -210, -82, 110, 6, -20, -88, -308, -104, -24, -272, 20, -52, -72, 44, -92, 328, -64, 132, 276, 46, -142, 90, -66, -110, 76, 64, 122, -124, 230, 74, -102, 122, -218, 166, 72, -208, -38, 166, 16, -124, 42, 58, -214, -122, 268, 64, 236, 158, 96, -4, -168, 146, -136, -304, -158, 214, 122, 6, 266, 48, -132, 12, 4, -22, -2, 62, -42, 14, 230, 164, 60, 354, 174, 62, -10, -20, 92, 212, -28, -126, 362, 108, -74, -90, 92, 124, -104, 342, -202, 184, -162, -44, -38, 194, 106, 304, 22, 148, 240, -194, -76, -206, 138, 60, 34, -50, -24, -118, -22, -12, -40, 102, 68, 34, 56, 50, 26, 82, -42, -12, 178, -20, 148, -28, -16, 38, 42, 176, 28, 34, -6, -40, -6, 152, 250, 62, 0, 124, 240, -74, 256, -60, 76, 148, 0, 50, 82, 14, 26, -78, -152, 52, -56, 118, 36, 154, 74, 24, 206, 100, -72, 194, 108, 46, -14, 140, 172, 32, 90, 16, 156, 68, 32, -42, 36, 46, 122, -34, -22, -4, -216, -86, 176, 116, -42, -126, 86, 90, -36, 258, 116, 176, -92, -2, 
6, 174, 168, -38, 154, -130, 80, 144, 112, -2, 230, 54, -18, 108, 122, -36, -44, 134, -114, -62, -260, 146, 18, -102, -4, 220, 80, 82, -18, 178, -100, -166, 174, -102, -72, 40, -290, -100, 34, -40, -22, 2, 110, -116, 0, 270, 128, 4, 156, -10, 6, 152, 92, 82, 188, 118, 2, 276, 222, 224, 72, -74, 84, -50, -74, -28, 120, -140, -148, -228, 202, 78, 162, 94, 48, -36, -40, 46, 10, 50, 286, -12, -154, -98, 104, -218, 110, 48, -46, 34, 222, 74, -142, -170, 264, -40, -8, -74, 58, -62, 42, -104, 426, 222, 58, 12, -94, -94, -88, -178, 194, -18, -192, -210, 154, -20, 110, -174, 78, -260, -48, 106, 20, 30, 10, -16, 86, -90, 74, -128, -26, 62, -4, -206, 28, -56, 26, -58, -188, 10, -80, -156, 108, 6, -130, -14, 4, -72, 60, 152, -166, 132, 114, -64, -116, -54, 168, 54, -62, -80, -94, 64, -4, 70, 8, -126, -2, 56, 150, -34, -2, -14, -6, 22, 94, 210, 188, 38, 212, 70, 30, -36, -44, 26, 76, -14, -112, 218, -30, 150, -200, 142, -22, -80, -2, -20, 60, 134, -12, 22, -212, -36, 126, 102, -348, -54, -38, 200, -180, 130, 134, -144, 126, 132, -26, 16, -174, 74, 120, -32, -214, 32, -74, 38, -18, 30, 238, 150, -102, 46, 284, 28, -40, -12, -212, 192, -20, 84, 60, -16, -32, -200, 48, -46, -128, -158, 94, 68, 14, -134, -36, -52, 44, 130, -2, 68, 248, 184, -82, 30, -40, -84, 56, 190, 88, 196, -128, -32, 140, -166, 36, 108, -82, -120, 60, 232, -156, -98, -8, -24, 50, 50, 272, -38, 198, -108, 58, 104, 52, 0, -150, -146, -224, 64, 88, -112, -64, -102, 6, -16, -104, -58, 2, 38, 74, 156, 224, 324, 46, 72, -50, 182, 206, 206, 70, 244, 4, -70, 82, -74, 62, -274, 222, -146, -168, -108, 314, -74, 180, 66, -34, 16, -74, 418, 4, -2, 164, -176, 174, -214, 114, 250, -86, 50, -40, 180, -32, -62, 200, 66, -38, 4, -348, 108, -64, 44, 76, -8, -14, 176, 62, -262, 70, -26, -308, -46, 146, 72, 164, -270, 78, -236, 34, -38, -50, -84, -20, -222, -178, -118, -8, -6, -170, -228, 142, 254, -220, 64, 92, 272, -96, -42, 0, -144, 98, -66, 228, 236, -52, -56, 92, -280, -140, -50, 16, 260, 72, 196, -166, 18, 32, 86, 0, -98, 68, -80, 54, -10, -58, 72, 26, -40, 50, -72, 106, 46, -152, 92, -218, 10, -14, 148, -238, -152, 78, -48, -146, 214, -52, -228, -290, -12, 50, -76, -166, 62, -272, 132, 12, -186, -6, 164, -34, 58, -56, 208, 192, -34, 124, 140, -114, 74, -6, -40, -22, -42, -12, -40, -20, 126, 206, -40, 92, 66, -64, 114, -46, -48, 22, 66, -178, -32, -178, 154, -88, 40, -68, -30, 8, 0, -106, 196, -32, -28, -142, -112, 42, -184, 98, 46, 
0, -128, 70, 8, -110, 126, 16, -26, 42, 4, -192, 26, 76, -216, 94, -18, -76, -130, -62, 200, 4, -180, -24, 34, -40, 20, -96, 54, 74, -356, 32, 120, -102, 138, -2, -158, 234, 136, 70, 84, 16, 254, -186, 146, -24, -70, -52, -16, 12, 0, -34, 20, -174, 132, -42, -214, -14, -334, -46, -270, -32, -58, -146, 160, 178, 68, -228, 42, 172, -28, 0, -86, 14, 22, 4, 48, 48, -40, 70, 16, -294, 16, 72, 116, -18, 46, 172, -162, 86, -6, -278, 18, 210, 292, -60, 132, 22, -52, -32, 74, -72, -108, -188, -126, -150, 28, 168, -8, 90, -56, -190, 58, 266, 250, -98, 50, -136, -52, -208, 312, -84, -104, -62, -18, 82, -150, 60, 114, -176, 288, -58, 18, 62, 224, 168, 232, 104, 44, 6, 8, 56, 218, 48, -120, 98, 72, 6, -38, 40, -130, 38, -160, -118, 146, 236, 110, -50, 120, 2, -64, 146, -34, 126, 62, 72, 248, -74, -86, 66, -160, -4, 116, 26, -24, 32, -50, -82, 84, -304, -18, 84, -58, 136, -244, -60, 104, 98, -106, 70, -104, 0, -88, 22, 144, 152, 78, -8, 10, 10, 62, 188, 6, 58, -8, 320, -116, 156, -170, -18, -4, 58, 112, 44, -58, -34, -16, 74, 96, -74, -114, 80, 160, 112, 106, -126, 38, -282, 14, 170, -98, 0, -138, 202, 286, -118, -258, 114, 70, 96, 90, -36, 126, 78, 144, 268, 88, 142, 152, -20, 86, -6, 142, 140, -74, 52, -96, 42, 36, -76, -68, 174, 64, 36, -124, 116, -36, -26, 68, -198, -72, -6, 52, 56, 124, 52, -50, 172, -2, -152, -100, -100, 22, -208, -72, -66, 38, -92, 108, 28, 78, 174, 78, 98, -66, -96, -180, -54, 102, -74, -26, 150, -68, -148, -80, 6, -86, -306, -112, 112, -88, 40, -98, -174, 96, 26, -172, 42, -148, -40, 128, 8, 44, -74, 12, 208, 2, -118, 100, -112, -2, 232, -114, 108, -444, 74, -42, -162, 168, -106, 158, 96, 64, 148, -132, 34, -212, -52, 170, 58, -42, 50, 154, 286, -146, 126, 144, -96, 216, 14, -82, 48, 244, 52, -86, 104, -50, 100, 110, 10, 192, -170, 322, 80, 84, 320, 132, -10, 30, 14, 28, -86, -8, -44, 142, -154, 66, 160, -36, -122, -370, 4, 10, -32, 152, 10, 210, -176, -84, 124, -160, -10, -58, -86, 16, 146, -146, -46, -162, 196, -72, 16, -4, 32, 36, -44, 206, 20, 8, 128, -118, 20, 304, -62, -22, 18, -44, -82, 88, 148, 220, 28, -38, 260, 60, -134, 50, -78, -148, 6, 148, 198, -10, 14, 180, 94, -54, 364, -118, -4, 306, 2, -342, 38, -38, 26, 22, -80, 84, -62, -126, 96, 68, -6, -2, 14, 116, 32, 126, -4, 34, -208, 144, -214, 118, -6, -74, -38, -20, 76, 10, 94, 146, 414, -208, 32, 132, -4, -2, 220, -120, 110, 62, -34, 18, 108, 36, -60, 320, -128, 54, 
44, 164, -138, -4, 176, 40, -124, -42, 54, 60, 308, 148, -266, 348, -2, 108, 90, -56, 152, -64, 116, 118, 46, -174, -88, -134, 30, -186, 10, 142, -64, 30, 144, -242, 106, 212, -136, -46, 20, 8, 118, -356, 4, -204, 12, -20, 52, -92, 142, 144, 14, -18, 130, -122, 52, 212, 120, 412, 14, 398, 60, 34, 76, -176, 4, -70, 156, -180, -148, 16, 36, 72, -48, 124, 72, -52, 10, 136, -76, 226, 228, 10, 172, -24, 82, 26, -4, 34, -108, -102, 70, 44, -24, -234, 116, -228, 64, -22, -12, -88, -66, 136, 196, 438, 64, -132, -28, 50, -60, -114, 372, 118, -70, -104, -154, 88, 132, 150, 158, -122, 190, 228, 34, 34, 126, 22, -116, -74, 364, -156, 90, 118, 16, -138, -158, -118, -34, -50, -134, 60, 42, -180, 242, 30, -154, -108, 30, 254, 100, 142, 40, -20, 288, 56, -244, -54, -26, -166, -8, -28, -132, 258, -100, -162, -42, -56, -44, 90, -40, 174, 28, -240, -130, -20, 14, 78, 128, -188, 158, 66, -74, 12, -150, 178, 152, -88, -192, 78, 122, -10, 26, 138, -88, -14, -100, -144, 94, 106, 198, -172, -98, -16, 50, -2, -214, 180, -82, 30, 94, -2, 0, -92, -12, 32, -46, 190, 22, 84, 256, 214, 234, -156, -76, -86, 202, 78, 176, 30, -150, 50, 172, 54, 36, -220, 196, 286, -96, 162, -8, 100, -80, -128, -172, -42, -280, 76, 134, -60, 42, 30, 8, -168, 12, -168, 30, 60, -6, 168, 140, -64, 108, -62, -32, 36, 56, 4, -182, 168, 86, 166, 62, -14, 40, -174, 68, 112, -192, 226, 82, 154, 108, 236, 128, 52, 202, 208, 56, 16, -46, -120, 22, -42, -84, 84, 214, 404, 32, 22, 88, 106, -222, -12, 148, 68, 8, 196, 270, 142, 8, 8, -90, -46, 20, 26, 2, 220, -72, 234, -58, -86, 40, -130, 36, 32, -98, -42, 98, -114, -92, -16, -186, 88, -110, 302, 12, -20, 200, -140, 86, -86, -118, 78, -52, 160, 200, 152, 168, 16, 68, -24, -140, -162, -160, -46, -72, -188, 78, -112, -24, 132, 54, -50, -68, 198, -162, 70, -10, 140, 8, -40, 80, -102, -114, -164, -60, -90, 38, 0, 160, -94, 72, 10, 42, -56, 120, -108, -160, 28, 38, 270, 52, 42, 94, -124, 122, -252, 140, 250, 166, 170, 156, -110, 194, -10, -148, 162, 166, 156, -86, 236, 98, 172, -106, -114, 14, 104, 76, 24, -18, -70, -20, -242, -126, 104, 192, 208, 34, -54, 144, -88, -238, 180, -106, -216, -72, 10, 306, 156, -46, -154, -298, 134, 48, -30, -26, 148, -316, 12, -122, -70, 216, 256, 10, 90, -64, 40, 114, -90, 72, 230, 132, 46, 50, 58, -22, -28, -26, -34, -20, 102, 142, -88, 208, 112, 58, 132, 38, 102, -88, -162, 92, 70, -274, 380, -272, -8, 120, -96, -120, 98, -48, -110, -68, -178, 156, 140, 138, -152, 8, -64, 
-120, -100, 92, -70, -164, 66, 78, 50, 108, 78, -186, -86, 238, 30, 64, 38, 12, -26, -128, 22, -96, -222, 40, 138, 98, 106, -122, 0, 34, -96, -66, 70, -78, 256, 46, -6, 202, 4, 36, -38, 48, 84, -152, 228, -42, -22, 20, 16, -8, 16, 56, 138, -70, 156, -34, -170, -58, -196, -68, -20, 70, 244, -74, 216, -140, 56, -94, 198, 104, 32, -34, -162, -120, -148, -84, 6, 28, 98, 104, -14, -4, 106, -26, -86, -134, -116, 180, -4, 272, -12, 124, -58, 66, 244, -66, 102, -112, 40, 0, 104, 22, -20, -44, -150, -12, 102, 190, -170, 164, 210, -244, 52, 0, 160, 112, -12, -28, 6, -112, 206, -140, -36, -68, 242, 62, 12, 60, 8, -288, 302, 14, -52, 294, 244, 144, 6, 86, 146, 20, 218, 26, 200, -198, -36, 100, 24, -14, -204, -30, 46, 22, 54, -158, 100, 58, 50, -44, 192, 4, -12, 46, -146, 168, 98, 64, -40, -38, -140, -16, -168, 64, 108, 64, 64, 60, 36, -230, 26, 98, 178, 134, 46, 388, -124, 48, 142, -2, -36, 56, 74, 78, -66, 30, 38, 136, -106, -56, -58, -58, 58, 160, -90, -70, 14, 200, -212, 186, 44, -198, 120, 60, -14, -12, 8, 12, -220, 190, 10, -178, -94, -158, 192, 140, 202, -244, 56, 148, -46, 110, -46, 64, 70, 58, 190, -18, -102, 220, -168, -24, 0, 128, 146, 160, 68, 238, -124, -60, -4, 48, 10, -30, 192, -72, 136, 104, -8, 56, 170, -156, 152, 62, 134, -58, 78, 104, -34, 72, 126, -212, -38, 8, -32, 8, 0, 44, -148, 152, -176, -6, 80, 114, -188, -64, 48, -24, -158, -18, 32, 58, -54, 90, 194, 76, 46, 82, -172, -26, -20, -26, 10, 188, -26, -82, -34, 48, -162, -202, -248, 140, 14, -20, 158, 248, -142, 122, -152, 142, -102, 142, 216, -48, 34, 28, 24, 100, -66, -14, 62, 62, 40, 18, -122, 148, -222, -22, 100, -158, 24, -46, 30, 164, -114, 228, -14, -146, 26, 168, -34, 14, 38, 26, 12, 166, 130, 140, 282, 52, 182, -96, -54, 60, 102, 96, -48, 168, 140, 132, -64, 84, 70, -64, 232, 52, 104, 6, 124, -122, -96, -98, -30, -102, 88, 98, 60, -144, 196, 28, -72, -20, -288, -74, -196, -114, 48, -12, 226, -118, -174, -74, -104, -100, 70, -68, 146, 218, -30, 20, -78, 120, -26, -248, -108, 404, -104, -18, 46, -142, 130, 24, 250, -88, 72, 108, -46, -190, -212, 202, 246, -58, 10, 160, -182, -10, 102, -140, -44, -82, -206, 84, 20, 200, -82, -134, 52, 64, -180, 76, -120, 182, 106, -110, -82, 12, -178, 46, -4, -216, -46, 74, -338, -182, -56, 0, 58, 22, 120, 124, 90, 292, -16, 146, 222, -122, -110, 114, -88, -36, -2, 190, 226, 90, 10, 86, -170, 162, -12, -44, 42, 228, 38, 102, 86, 136, 28, -116, 68, 44, 262, -104, 122, 
240, 50, 12, -2, 84, 102, 84, -30, 62, 0, -32, 144, -262, 134, -80, -92, 70, -54, 130, -110, 326, 250, -18, -176, -234, -30, 142, -20, 6, 62, -72, -72, 92, -186, 40, 240, -14, 12, 92, 56, 174, -10, 210, 46, 92, 88, -122, -94, 122, 176, 46, -116, 56, -184, -114, 196, 200, 138, 212, 54, 14, -104, 206, -72, 86, -98, 184, -228, -202, -144, 62, 30, 82, 64, 70, 16, 12, -78, -78, 150, 12, -74, 198, 256, 186, 78, -120, 116, -254, 186, -28, -50, -228, -76, 132, -138, 10, 68, -90, -62, 160, 88, 52, 110, 176, -70, -38, 212, 68, 206, 124, -194, 146, 22, 52, -40, 88, -196, 142, -186, 294, 94, -12, -118, -82, 16, -52, -30, 304, -86, 102, 98, -222, -304, -30, 98, 88, -144, 42, -242, -52, -164, 294, -2, 4, 20, -6, -58, 264, -186, -150, 134, 212, -126, 16, -46, 54, -152, -98, -40, -118, 228, -162, -154, 296, 88, 126, 136, 44, 288, 124, -72, 140, 40, -30, -66, 258, -144, 20, 64, -156, 126, -170, 112, -158, -94, 50, 114, -26, -60, -68, 20, -16, 140, -130, 196, 58, 22, -54, -36, -190, 140, 72, 4, -58, 146, -254, -78, 176, -104, -86, -72, -24, 6, 36, 140, -198, 82, 64, 126, 138, -266, -218, 78, 80, -10, -226, -48, -90, 140, 116, 190, 92, -132, -26, -102, -98, 174, 256, 84, -162, 152, -14, -8, -212, 30, -68, -48, 38, 168, 136, 18, 214, 6, -220, 242, 98, 68, 36, -196, 64, -16, 230, 46, -54, 18, 90, -78, 234, 158, 92, -34, -106, 50, 26, 90, -70, 162, -204, 44, -10, 148, 14, 38, 110, -58, 290, 30, 80, -18, -42, -156, -120, -36, -58, 88, 112, 116, 90, 28, -92, -22, 114, 152, -104, -34, 68, 190, -16, 46, -68, -6, -120, 288, -234, 306, -124, 106, -100, -288, 14, -44, 2, 100, -70, 108, -38, 114, -18, 236, -16, 180, -130, 242, 110, -116, 122, -12, 134, 94, -56, 114, -144, 58, 28, -76, -26, 176, -132, -140, 48, 98, -52, 78, -44, -226, 8, -8, 268, 158, 34, -24, -68, 2, -164, -56, 0, 68, 124, -54, 176, -190, -154, -32, 166, -60, -48, -86, 234, 68, -30, 24, -92, -54, 122, -48, 42, -40, 154, 254, 50, 182, 342, 94, -78, -160, 82, 130, -74, 36, 146, -100, 140, -32, -238, 130, -40, 134, -80, 120, 20, -164, -180, 116, 130, -114, 116, 6, -36, -66, 156, 148, 34, 32, -4, 196, -190, -114, 42, 100, -46, 140, 72, 86, 90, 42, 228, 96, -178, -244, -88, 96, 102, 46, 104, 156, -184, -170, 40, -100, 334, -98, 92, 230, 62, -52, 146, -60, 66, 280, 104, 152, 10, 4, 6, -116, 32, -106, -238, 18, 130, -106, 200, 162, -42, 62, 196, -64, -114, -126, -62, -150, -114, 186, 44, 62, 90, 48, -320, 52, -28, 20, -116, 108, 6, -8, 74, -86, 154, -298, 
-184, 176, 32, 88, -32, -48, -4, -22, 34, 58, -40, -42, 286, 108, -110, 144, 244, 198, -140, 204, -252, -226, 72, 196, 196, 138, 36, 42, 12, 2, 30, 80, -122, 174, 100, 0, -80, -86, -14, -116, -64, 180, -168, -86, -202, -92, -34, -56, -100, -108, 174, 50, 128, 158, 202, 18, -32, -58, -74, 20, -32, 74, -126, 96, 24, 166, -76, 158, 236, 62, 64, 0, -98, 36, 0, 40, 154, 12, 138, -74, -124, 152, -14, -214, -128, -16, -2, -222, 206, -46, -62, 44, 210, 228, -60, 152, -186, -92, 144, 96, -208, 134, 32, 12, -78, 128, 164, -86, -14, -96, -266, 192, 18, -52, -60, -18, -96, 94, -70, 178, -246, 46, 264, 124, 92, 12, 178, 56, -94, 18, -116, 146, 56, 340, 6, -156, 94, 134, 6, 110, 192, 194, -298, 78, 16, 2, 180, -106, -76, 134, -92, -100, -56, 106, -26, 288, 20, 104, 66, 278, 44, -26, 240, 140, -154, -6, -8, -250, 22, -100, 178, 38, -230, 64, 46, 100, -80, 166, -8, 108, 290, 28, 100, -6, -2, 148, 72, 154, 6, 78, 162, 64, 54, 158, 146, -56, 124, 80, -14, 268, 28, -54, 86, 206, -92, -194, 66, 200, -48, 120, 10, -70, -60, -72, -12, -170, 262, 64, 154, 30, -110, 316, 336, -72, -116, 26, -66, 276, 194, -86, 64, -6, 74, 88, -206, 128, -106, -22, -40, -254, 12, -166, 32, 116, 184, 66, 68, 118, -8, 104, -148, -70, 14, 30, 208, -206, 4, 38, -136, 140, -60, 116, -136, 14, 154, -58, -102, 30, -2, -84, 20, 68, 52, -88, 156, -144, 250, -96, 226, -68, 90, -140, 76, 34, -28, 114, -46, 2, 16, 158, -114, 256, 144, 70, 208, 22, -16, 78, -58, -40, -102, 96, 24, -12, -92, 14, 202, -116, 82, -28, 178, 44, 136, -14, 182, -206, 38, -258, 34, 172, 136, 38, -154, -66, -94, -52, 54, -102, 146, -324, -112, -50, 70, 24, -164, 18, 14, 186, -4, -190, 34, 2, 8, -66, 152, 148, 152, -68, 66, 56, -4, 138, 14, 52, 56, 348, 36, 24, -140, 60, 16, 66, 80, 44, 0, 186, -72, 64, 6, -24, -216, 30, 0, 156, -40, 190, -58, 260, -212, -174, 84, -98, 72, 162, -40, -8, -134, 196, -26, -54, 168, -214, -298, 64, 70, -94, -156, -78, 82, -12, -80, 182, -14, 124, -96, 82, 86, -76, 308, -50, -22, 208, 218, -220, -96, 118, -248, -24, -4, 134, -286, -144, 136, 56, -78, -180, 332, 46, 56, -110, 18, -38, -148, 36, -34, -36, -104, -34, 140, 238, -140, -156, 24, 70, 62, 16, 374, -38, -4, 4, -198, 156, -80, -176, -80, 40, -86, 104, 36, -28, 98, -114, -42, 28, 12, 44, 120, 52, 158, 54, 70, 240, 60, -144, 238, -20, 6, 94, 214, 208, 172, 238, 42, -60, 36, 142, 74, -90, -10, 88, 42, -36, 114, 0, 76, -40, 20, 176, -154, -22, 
256, 64, 58, -18, -42, 44, 152, -138, -22, -14, 0, 32, -120, -212, 128, -92, -280, 20, 194, -222, 114, 72, 110, -18, -298, -236, 148, -60, -12, 24, 2, -46, 18, -158, -4, 252, 146, 150, 66, 24, 36, 10, 108, -60, 180, 32, 202, -28, 184, 112, -138, -174, 40, 40, -94, 220, 52, -38, 30, 68, -38, -140, 126, -176, -262, -70, -22, 44, -256, -40, -154, 126, -92, -166, -46, -92, -8, -78, -172, 2, 176, 2, 112, 322, 60, 130, 144, 88, -54, 48, 148, -26, -116, 20, 196, -92, 4, 126, -246, -128, 108, -182, -10, 6, 102, -302, -164, 162, 226, 98, 132, -112, -158, 158, 170, 184, 138, -44, -190, 72, 188, -10, 12, 24, -30, 4, -34, 94, 52, -14, 140, -174, 8, -202, -2, 68, -140, -112, -44, -22, -14, -34, 278, -78, 60, -2, 62, 66, 108, -10, 320, 112, 64, -146, 154, -88, 98, -78, -84, 62, 128, -114, -146, 14, 180, 30, -150, 186, -108, 78, -250, -30, 170, 86, 132, 12, 98, -54, 18, -20, -22, -98, -66, -32, -102, -34, -32, -26, -144, -34, -98, -26, -174, -250, -210, 156, -244, 212, 88, -176, -126, -20, 26, -128, -70, 172, -134, 40, -104, 22, 168, 36, 108, -120, 40, 210, -144, 78, 10, 56, 108, -52, -32, 12, 22, 48, 176, -228, -76, -68, -80, -34, 18, -56, 18, 136, 86, 144, -64, 184, -114, -22, 140, -24, 88, -20, -28, -126, -4, -104, 230, -144, 130, -108, 34, 38, -32, -222, 76, -138, 62, -158, -6, 50, 58, 110, 64, 46, 148, 86, -8, 18, 206, 106, 98, 288, -274, 290, -36, 12, 190, -68, -104, -116, 32, -138, 70, -48, -44, -98, 178, -128, 76, -70, -36, -118, 378, -12, 12, 160, 74, -18, -2, 174, 122, 40, -208, 90, -60, -48, -184, -46, -216, 6, -102, 156, 22, 28, -104, -246, -190, 24, 156, 68, -38, -36, 26, 46, -120, 292, 190, 128, 16, -94, 220, -62, -188, -4, 60, 88, 106, 72, 54, 148, -160, -200, -92, 132, 18, -78, -80, -226, -2, 2, -142, -278, 40, 34, 80, -284, -154, 16, 94, -178, -172, -72, -18, 64, 40, -14, 196, -36, 324, -182, -28, -220, 322, -310, 42, -16, -82, 216, -40, -16, 94, 56, 64, -92, -18, 84, -108, 262, 226, -46, -192, 0, 130, 180, 40, -64, 78, -32, 28, -188, 176, -118, 44, 26, -134, 108, 132, -34, -66, 270, 54, -82, 182, -82, -60, -186, 212, 106, -294, 192, 100, 218, -238, -6, -20, 28, -102, -116, 234, 96, -84, 82, -108, 94, -52, -42, 90, -70, -26, -82, -96, -20, -278, -38, 104, 90, 272, -30, -132, 180, -36, -22, 32, 0, 110, -152, -190, -22, 78, -252, -52, 142, -4, -122, 38, 36, 8, -148, -56, 244, -210, 38, -96, -138, -350, -216, -106, -210, -190, -10, -6, -30, -34, 180, 96, -256, -56, -220, -50, -78, 16, 104, -88, 14, 130, 178, 
-30, -74, 2, -32, -152, 68, -144, 10, -40, -44, -10, -194, 98, 78, -146, 252, 150, 70, -98, 226, 14, -52, -288, -36, 224, 126, -184, 12, 6, -42, -92, -152, 56, 218, 40, 40, -12, -202, -86, -6, 78, 80, -4, 104, -210, -140, -124, -12, -58, 60, 88, 164, 114, 52, 120, -144, 36, -2, -64, -82, 102, 198, 108, 136, 246, 140, 250, -82, 92, 10, 296, -94, 154, 108, -20, 2, -56, 158, 82, 90, -110, 136, -56, -144, -104, 108, -18, 4, 72, 18, -112, 110, 40, 90, -282, 88, -22, -196, 142, 294, 38, 108, -122, 6, -54, 238, -18, -66, 38, 188, -22, 164, -86, -248, 226, -122, -70, 196, 80, -126, -50, 62, -60, -74, 84, 12, 20, 92, -166, 62, -18, 128, 108, 14, -94, -136, 152, -22, -144, 158, -74, 124, -12, 242, -74, -30, -270, -198, 156, -32, -108, 98, 172, 320, -40, 92, 46, 192, 104, 110, -68, 242, 240, -76, -152, -62, 174, -194, 240, -82, 424, -114, -104, -60, -6, -108, -166, -8, -38, 142, 44, -36, 138, 114, 186, 54, 78, 96, -126, 8, 170, 16, -2, 186, 36, 2, 174, -174, -160, 102, 68, 230, 166, 48, 176, -22, 250, -190, 180, -92, 12, 24, -228, 242, -68, -64, 70, 24, 84, 82, -142, 160, -48, -30, 112, -140, -54, 392, 118, 136, 196, 118, -126, -48, -128, -58, -92, -28, -2, -74, -18, 94, -62, 80, 6, 136, 74, -38, 58, 12, -180, -20, -220, -50, 110, -36, 146, 228, -102, 78, -166, 222, 68, 62, -48, -12, 104, 42, -46, -2, 94, -6, -134, -98, -100, -232, 248, -110, -38, 16, -222, 2, 178, 120, 54, -118, -24, -20, 62, -78, -118, 110, -84, 216, 20, 86, -258, -104, 26, -198, -78, 194, 70, -102, -70, 64, 360, -170, 128, 160, 70, 26, 140, 136, -54, 124, -194, 102, 204, 64, 218, 8, -40, 312, -8, 74, -50, 102, 214, -186, -258, -256, -70, 140, -238, -10, 44, 146, 84, -2, -166, -210, 18, -152, 58, 224, -34, -84, 90, 156, -76, 68, -94, -168, 104, 74, -64, -16, -148, 174, 176, 174, -86, 122, 126, 24, -120, 4, 60, 122, 0, 78, -46, 130, 38, 228, -242, 92, 62, -160, 14, -88, 122, 58, -128, -86, -16, 180, 146, -122, 0, -88, -162, -6, 178, 18, -26, -144, 26, 6, 92, 132, -42, 158, -252, 78, -68, -74, 280, 64, 210, 20, 24, -170, 180, 64, -158, 136, 116, 150, -200, -42, 204, -98, -148, -22, 96, 66, 90, 96, 144, 66, -238, 40, 6, -32, 116, -8, 6, -40, -12, 132, 140, 184, -114, 144, 182, 30, -158, -114, -144, -54, -16, 158, 16, 44, -94, 154, -102, 138, 198, 128, -38, 280, 48, 30, 68, 86, -208, -178, 102, 28, 122, -230, 64, 126, 20, -18, 204, 262, 138, 52, 94, 176, 74, 138, 346, -26, -62, 180, -178, 252, 34, 168, -122, 94, 82, -24, 80, -228, 
80, 208, -130, 10, 236, -102, 244, -110, -56, 0, 138, 52, -24, -16, 74, -240, -88, -16, 352, -146, 38, 154, 124, 88, -142, 14, 390, 58, -12, -6, 92, 18, -32, 94, -44, 30, 2, 188, 116, 150, 20, -200, -112, -16, 264, 182, 170, 166, -64, 190, -182, -108, 156, 56, -40, 48, 74, -132, 78, 0, -44, -122, 68, -106, -102, 54, -118, 18, 44, 50, -272, 88, -170, -132, 56, 80, -24, -10, 178, 90, -6, -158, 30, 124, -26, 62, -36, 4, 142, -42, 116, 52, 70, -8, 10, -44, -46, 288, -258, -106, 6, 142, 162, 192, 94, -184, 114, 166, -18, -138, 218, -30, -44, 310, -244, 60, 70, -86, 172, 190, 76, 104, 114, 102, -104, 26, -142, 100, 74, 138, 64, -126, -88, -44, 10, -42, -38, 94, 98, -252, 82, -66, -74, -40, -116, 34, 182, 46, -166, 0, 126, 24, -34, -52, 74, -44, -16, -220, 8, -156, 146, -196, -142, 54, 90, 42, -192, 84, -28, 52, -238, -2, 220, 2, 106, 168, -90, 64, 98, -98, -40, -46, -58, -84, -28, -8, -14, -166, 218, 38, -120, 78, 46, -252, 98, 8, 44, 22, 58, 20, -144, -222, -80, 90, -80, 214, 2, -2, -206, -84, 86, 198, 82, -68, 0, 122, 54, 58, -134, -94, 154, -78, -8, 46, 42, 132, 236, -188, -98, 30, -368, 188, 94, 32, 32, 122, 4, -64, 30, 80, -62, 80, 8, 62, -70, -88, -42, 158, -6, -194, 250, 110, 272, -32, 152, 14, -10, -104, 110, 32, 220, -106, -144, -124, 38, -64, 44, 162, -18, 184, -14, 36, 72, 156, -108, 214, -136, 148, 50, 74, 198, 46, -210, -102, -122, 102, 312, 192, -58, 4, 132, 12, 64, -94, 66, -56, 162, 188, 178, -32, 14, -118, 148, 160, 210, 56, -62, 102, 12, -28, -72, -66, -98, 150, 116, -194, 228, -58, -278, -36, -172, 228, -74, -122, -22, 106, 88, -84, -250, 202, 12, 226, -2, -128, 314, 88, 0, -22, -206, -126, -138, 192, 116, 254, 68, -192, 150, 166, -48, -50, 48, -168, 168, -20, 40, 10, 130, 22, 58, -168, -56, -178, 28, 50, 42, -12, 172, 122, 46, 16, 38, -44, 154, -150, -46, -268, 240, -202, -94, 42, 34, -46, 10, -48, 92, -8, 74, -54, -162, 62, -170, -136, 246, 190, -78, -104, 144, 196, -54, -26, 2, 104, 180, -142, 158, 126, 68, 190, 20, -38, 12, 124, -6, 148, -136, -114, -42, -106, -86, -72, 68, 148, -16, 142, 78, 188, -106, 204, 42, -76, 4, -66, 290, -68, 62, 30, -176, 200, -108, 4, 176, -118, -232, -212, -192, -40, -68, 140, 190, 122, 100, 200, -130, -148, 16, -120, 142, -212, 300, -58, -210, -226, 26, -272, -86, -4, 68, 112, 162, 72, -42, 12, 100, 226, 16, -228, 46, 4, -2, -238, -208, -228, 44, -176, 2, 30, -100, -10, 52, -34, 212, 94, -72, -202, 4, -46, 84, 34, -124, 254, 
150, -72, 160, -136, -58, 56, -116, 72, -18, -44, -140, 62, 182, -38, 56, 250, 48, 250, -52, 118, -34, -94, -38, -90, 102, -124, -282, -34, 178, 124, 98, -48, 90, 86, 80, 184, 86, 30, -100, 48, 154, -38, 244, 70, -172, -64, 8, -148, -30, -162, -8, 132, -150, -102, 88, -64, -162, 174, 230, 0, -40, -22, -38, 284, 222, 86, -134, -22, 150, 214, 324, 92, 28, 164, -102, -140, -84, 110, -172, -154, -84, 158, 14, 36, -24, -4, 166, 230, -2, -42, -178, 4, -2, -56, 200, -36, 98, -368, 268, -18, 74, 42, -78, -76, 2, -112, -78, 34, 104, 148, -148, 174, 44, -364, 98, 14, -32, 52, -156, -212, -118, 12, 4, -60, 38, 62, 168, -24, -6, 80, -30, 132, 34, 16, 10, -54, 8, -208, -128, 122, 60, -8, 38, 106, 368, -58, -110, 224, 96, -10, -42, 82, -102, -124, -14, 54, 16, 176, 138, 162, -106, 48, 270, 174, -2, -36, 156, -78, -20, -152, 92, 76, -150, 0, -180, 138, 12, 0, 38, 62, 160, -14, -44, 140, -38, -174, 6, 126, -46, -144, 54, 150, -16, 194, -170, 196, -88, -8, 30, 90, 154, 44, 44, 130, 176, -148, -90, 46, 24, 110, 6, -66, 204, 0, -40, 26, -36, -90, 258, 34, 102, 240, 88, 24, 48, -222, -60, 162, 220, 20, 202, -118, -8, -88, -2, -38, 12, -22, -10, 6, -28, 62, 14, 82, 78, 246, 68, 50, 112, 146, -164, 172, -232, 148, -120, -24, 12, 18, -80, -172, -112, 0, 66, 74, -102, 100, -232, -190, -92, -82, -108, 16, 32, -116, -6, -128, 116, -236, -26, -198, -126, -16, 278, 46, 166, 138, -56, -174, 158, -108, 22, 38, -28, 92, 66, 166, -106, -140, -214, 42, 24, 196, -180, -48, -28, -102, 86, -22, 90, -4, -28, 4, 128, -146, 14, 202, -124, 176, 178, -94, 162, 74, -64, 62, 148, -240, -48, 152, 104, -250, -20, -40, -22, 110, -144, -16, 88, 256, 62, 4, -42, -28, 106, -432, 180, 130, 36, -150, 20, 26, 0, 116, -240, 74, 28, 32, -184, -22, -142, 244, -56, 232, 4, -18, 64, 156, -86, -36, 66, -34, -114, -92, -80, 152, 50, 86, -336, 228, 156, 170, 24, 40, 94, -62, 126, 24, -266, 56, 36, -38, -70, 268, -198, 30, 120, -4, -54, -134, -60, 134, 32, -106, 170, 100, -24, 146, 100, -266, 44, -58, 6, 38, 16, -56, 158, 70, 44, 220, 8, 138, -6, -116, 166, 66, -56, 40, 214, 8, -42, 120, -22, 32, -250, 44, -128, 184, 142, 28, -52, 22, 150, 38, 102, 248, 212, 102, -36, -150, -138, -118, 26, -88, -6, 2, -62, 144, -104, 120, -278, 40, 434, 56, 126, 114, 202, 72, 48, 66, 4, 42, -32, -72, -180, 24, 28, 56, 202, 154, -160, 158, 120, 186, -54, 94, 264, 82, 168, 24, -66, -80, -110, 112, 122, 84, -8, 30, -6, -118, 92, -132, 
-14, 158, -170, 22, 56, -44, 280, -30, -8, 146, 74, -28, 12, 156, -160, 36, -6, -144, 18, 90, -58, 74, -60, 210, -4, 16, 238, 104, -112, 24, -16, 128, -50, 116, -110, 10, -112, 132, 144, 4, -44, 102, -132, -72, 186, -34, 68, 64, -18, 72, -104, -152, 180, 56, -160, 212, 48, 126, -208, -62, 92, 158, -4, -272, -328, 12, -118, 80, 66, -112, -356, -20, 64, -8, -60, 116, 8, -56, 124, 206, 6, -32, -10, -14, 2, 150, -126, -170, -48, 74, 304, 126, 36, 118, -12, 152, 2, 168, -152, 80, -160, 28, 128, 44, 94, 34, 232, -84, 94, -178, 212, -44, 136, 156, -140, -34, -52, 46, 230, 82, 156, -110, -144, 108, 0, -126, -164, -64, -76, -34, 18, -216, -82, 54, -2, -36, -4, 116, 146, -110, 12, 62, -86, -110, -368, 104, 100, -120, 10, 160, -28, -102, -18, 160, -40, 100, -22, -52, -20, 6, -108, 66, -204, 24, 68, 118, 20, -178, 96, 72, -184, -54, 88, -130, 428, -78, -12, -36, 28, 38, -30, 78, -74, -104, -30, 254, 138, -160, 92, 70, -102, 100, 68, -226, 88, -28, 94, 94, 130, 146, -150, 60, 16, -30, -24, 378, 22, -156, 36, -110, 144, 122, -6, -100, 76, 42, -34, 134, -212, -78, 74, -52, 44, 38, -94, 240, 76, -142, -56, -60, -20, 18, 32, -24, 142, 114, 14, 48, -86, -98, 128, 18, 60, 68, 52, -188, -24, 98, -88, -52, 122, -30, 118, -200, 90, -52, -50, 144, 380, 324, 200, -150, 138, -16, 14, -42, 50, 262, -54, 114, 102, 18, -146, 36, -78, 264, 72, 112, 86, 104, 164, 148, -252, -20, -42, -80, -4, 52, 60, 98, 36, -152, 168, -12, -50, 24, 74, 54, 306, 176, 42, -194, 80, 212, 114, 10, -242, -12, -176, 2, 48, 106, 56, 10, 50, 4, 16, -126, -86, 62, -84, 16, -48, 152, -226, 226, -68, 28, 10, 304, 76, -2, -44, -90, 114, 66, 18, -124, 42, 70, 88, -44, -132, 172, -124, 50, -50, 104, 86, -8, -48, -72, 184, 80, -22, -30, 74, 14, 76, -196, -112, -296, -46, 4, 36, -2, 64, 114, -224, 80, -4, 186, -56, -78, -188, -62, 180, 72, -8, -360, 48, -206, 68, 164, -186, -24, 198, 32, 82, 24, 142, -282, 222, -28, 74, -56, 110, -160, 56, 40, 54, 82, -304, -118, -14, -208, -54, 320, -54, 164, -54, 68, -44, 222, -172, -8, 36, -228, 94, 24, -134, 244, -36, 16, 104, -26, -310, -176, 116, -140, 4, 160, 104, -40, 0, -102, -18, -20, 138, 44, -86, -146, 82, -250, -192, -6, 38, 164, 120, 38, 66, 8, 82, 4, 86, 40, 30, -248, 276, -86, -248, 56, -28, -96, -10, 94, -222, -210, -58, -98, -30, 110, 18, -106, 184, 84, -150, -142, 230, 30, -28, -76, -36, -202, -208, -88, -184, 122, 46, 2, 124, -168, -132, -96, 162, 214, -116, 136, 134, 90, 
138, -70, -122, 32, -24, 86, -224, 64, 126, -98, -42, -14, -38, -154, 110, -40, -100, -112, 76, -112, 140, 62, 90, 8, 16, -6, -92, -68, 182, -42, 26, 62, 162, -72, 54, 152, 60, 0, -26, -62, -144, 104, 58, -46, -116, 132, -74, 208, -12, 60, 116, 178, -218, 58, -54, -72, -44, -64, 300, 74, 12, -226, 84, 320, 280, -50, 42, 112, 82, 170, 252, -38, 56, -68, 260, -98, -126, 242, -54, -210, -32, 74, 8, -26, 48, 46, 46, 50, -120, -128, -180, -90, 16, -40, 114, 8, -6, -176, 76, -132, 162, 268, 54, 168, -160, 116, -12, 240, -140, 286, -202, 166, -60, -168, -104, 28, 144, 82, -176, -110, -112, -66, 180, -172, -50, 82, 48, 26, 2, 74, -178, 92, -176, -4, -52, -68, 50, -150, -108, -6, 22, 124, -120, 50, 362, -58, -70, 180, -132, -178, 294, 10, 164, 0, -26, 18, 100, 68, 90, -92, 210, -102, 206, 2, 248, 90, -216, 218, 60, 40, 118, 64, 30, -88, -148, 280, 70, 152, -58, -14, 92, -166, 10, 68, -22, -160, 58, 14, -88, 36, 116, -158, 126, 116, -116, 50, 80, 82, -44, -70, 128, -156, 194, 172, 18, -360, -42, -32, 68, 258, -40, 24, 118, 156, -100, -88, 198, -204, 164, 122, 136, 60, 48, 212, -148, -58, -140, -112, 208, 206, 178, 70, 170, -160, -50, -166, 82, -116, 70, 152, -106, -100, -64, -46, 0, 74, 112, 144, 54, 40, -132, -18, -116, 126, 22, 20, 112, -38, -226, -14, -46, -128, -52, 44, 30, 102, 108, 46, 280, -96, -102, 34, 2, -142, 190, -188, 82, -140, 64, 10, 94, -146, 218, -184, -2, 40, -134, 102, -74, -94, 26, -72, -160, -96, 158, 102, 36, -92, -34, -114, 6, 222, 64, -220, -80, -226, 44, 116, 208, -64, 44, -80, -50, 202, -78, -48, -118, 78, -136, 116, 16, -8, 96, -130, 156, -116, -50, -32, 120, -146, 56, 144, 2, 70, 82, -150, -92, 246, -42, 24, -18, 100, 74, 84, 122, 8, -122, -20, 12, 0, -42, 66, -182, 40, 90, -102, 68, -74, -116, 148, 148, 410, -14, -130, -104, 82, 182, -16, 110, -108, 124, -198, -6, -180, -12, 92, -72, -26, 238, 132, -8, 288, -16, 24, 88, 154, -132, 82, -120, 34, 88, 168, -34, 76, 40, 256, -112, 96, -182, 70, 90, -130, 254, -18, -144, 134, 78, -386, 64, -208, 86, -8, -26, 6, 108, 128, 66, 82, 40, -34, 162, -8, 108, 114, 26, 38, 370, 78, -186, 196, 46, 28, 156, -4, -44, 56, 14, -166, -20, 60, 164, 22, -108, 282, 106, 60, 144, -162, 88, 26, -96, -112, 62, 4, 100, -102, 104, 98, -196, -50, 334, -96, 130, -78, 214, 18, 222, -78, 110, 124, 86, -142, -2, -30, -148, -216, 148, -6, -76, -108, -46, 52, 64, 236, 44, 338, 220, -42, 6, -4, -194, 128, -18, 84, -32, -42, 110, -118, -18, 60, 
44, 184, 26, 116, 36, -50, -56, -282, 38, 268, -38, 12, 0, 416, 164, 198, 134, -44, -120, -82, 14, -64, 18, 156, 132, 56, 96, 76, -108, -58, 126, 52, -154, 88, -96, -78, 68, 152, 148, 230, 28, 166, -52, -78, -50, -112, -74, -170, -18, -94, -26, -96, 206, -124, 40, 28, 82, -98, -74, -172, 138, 256, 16, -214, -216, 50, -12, -66, -184, -26, -90, 158, -64, 162, -280, 216, 258, -96, 96, 26, 16, 134, -44, 8, -42, -44, -94, 94, 24, 50, 66, 150, 144, -64, -24, 102, -186, 164, 30, -52, 24, 32, 38, 64, 298, 110, -24, -250, 128, -68, 156, -242, 76, 250, 22, -18, -186, -146, 4, 102, 66, 14, 40, 274, 140, -22, 12, 118, 52, 112, 34, 0, 172, 48, 32, -24, -50, 102, 272, 22, 14, -122, 12, 50, 92, 132, 0, -56, 76, 266, -176, 160, 56, 172, 4, -4, -18, -154, -130, 180, 42, 88, -16, 310, -88, -118, -56, 50, -62, 52, 0, -34, -14, -134, 28, 22, -6, -36, 174, -176, -10, 268, 64, -18, -16, 188, 56, -36, 28, -92, -202, 132, -94, -98, 118, -108, 136, 112, -54, 66, -224, 46, -162, -158, -82, 310, 10, 54, -136, -70, -204, -98, -94, -48, 4, 82, -100, 122, -130, -198, -176, 124, 100, -64, 212, 114, 322, 158, -72, -30, 106, -24, 150, 104, 94, 256, -12, -34, 76, -152, -92, 182, 58, 62, 62, -70, 216, -152, -24, 190, 94, 104, 0, -146, 44, 48, -32, -112, 126, -130, 218, 70, 62, 28, -122, 8, -42, -22, -212, 48, 156, 140, -26, 52, -44, 172, -42, 88, 104, 54, -76, 200, -300, 56, 54, -112, 160, -50, 144, 110, 42, 68, 88, 114, -128, -4, 64, 90, -40, 110, 178, -52, -140, 76, 96, 6, 236, 66, -132, 202, -16, 218, 82, -128, 264, 186, 128, 10, 110, -8, 164, 172, -136, 62, -174, 186, 72, 120, -136, 216, -66, -34, -84, 100, -10, 148, -18, -104, -62, -26, 158, -12, -42, -146, 92, 52, 40, -46, 30, 150, 140, 2, 106, -104, -118, 182, 20, 74, -30, 4, 24, -108, 168, -2, 204, -28, -90, 188, 88, 200, 80, 74, 8, 172, -42, -134, 160, -48, -160, -198, 80, -124, -46, -260, -26, -114, 86, -100, 36, -148, -20, -36, -48, 174, 2, -214, 256, 66, 186, -98, -84, 60, -36, 80, 168, -52, -94, 268, -2, 170, -44, 80, 124, 272, -22, 126, 42, -142, -22, 274, -218, -8, -32, 74, 138, 114, -174, -22, 222, -150, -78, -112, 24, -46, 196, -40, -126, 58, 2, -54, -84, 54, -60, -120, -12, 120, -102, 68, -48, 12, 94, 180, -188, 128, -108, -52, -64, -158, 238, 100, -320, 114, -190, 62, -188, 48, -292, 208, -30, -142, -20, 132, 272, 120, 238, 178, 28, -100, 218, 62, -64, -170, -122, -68, 56, -172, 2, 38, 138, -44, 334, -8, 176, -80, 84, 100, -168, 146, 14, -72, 
12, -96, 24, 78, 12, 274, -62, 208, -26, -132, 140, 242, 36, -118, 30, 76, 46, 36, 26, 158, -44, 90, -92, -244, -196, -190, -248, -186, 224, 56, -108, 56, 32, -182, 44, 42, -28, -106, 86, -184, 204, 52, 138, 114, 136, 136, 184, 86, 202, 220, 20, -76, -8, 228, -40, 10, 190, -142, 28, 268, -36, -256, -2, 258, 374, -32, 194, 80, 118, 28, 152, -82, 48, 20, 210, -256, -138, -48, -184, 118, -94, 30, -40, -114, 168, 130, 146, 56, -2, 96, 208, 18, -156, 132, 38, -62, 170, -10, 58, 10, -186, -124, 114, -28, -156, 12, 6, 184, -64, 26, -74, 110, -98, -56, -12, -14, -8, 250, 158, -14, -52, 24, 52, -222, -54, 90, 8, 44, 134, -54, -52, 194, -166, 90, 18, -108, 196, -76, -220, -156, -36, 232, 194, -258, -222, 50, 106, -100, 30, -136, 162, -134, 86, -68, 118, 172, 46, 168, 198, -26, 54, -130, 92, -126, 14, 98, -52, 66, 22, -100, 78, 4, -42, 140, -62, 4, 46, 198, -122, 146, -18, -10, 86, -68, 34, -98, 36, -72, -214, 158, 342, -200, 24, 144, -148, 248, 116, -66, -18, 26, 208, 144, 216, 270, 20, -190, 10, -94, -56, 154, 250, 36, 16, -8, -148, -148, -52, -158, -18, 136, 320, 72, 70, -4, -6, -86, -208, -58, -26, -26, -168, -6, 40, -84, -60, -256, 30, 184, -88, 28, 52, -28, -140, -180, -40, 44, -260, 210, 56, -104, 26, -64, -60, 352, -2, -74, -56, 86, -120, -114, -152, 24, 48, 60, 106, 112, -116, 6, 156, 84, -36, -100, -206, 46, 268, -114, 126, -4, -128, 42, -4, -126, 276, -18, -62, -78, -170, -20, -458, -50, -166, 114, -142, -200, 266, -96, -4, -14, -102, 132, 84, 40, 138, -172, 182, -42, 86, -28, 104, -186, 30, -142, -118, 56, -24, -48, -154, 108, 20, 126, -102, -6, 162, 134, 168, -218, -64, -32, 112, -142, 228, -36, 120, -88, 8, -144, 200, -2, 142, -28, -114, -48, 2, -8, -4, -84, -70, 2, -22, 102, -52, 42, -68, 56, 154, -48, -34, 106, -122, 114, -86, 4, -164, -46, -150, -8, 58, -312, -56, -238, 28, -112, 192, -80, 148, 430, -50, 96, 162, 114, -232, 170, 132, 102, 32, -40, -64, 140, -148, 176, -18, 76, -4, -14, -116, 42, -58, 252, -120, 110, 164, -14, 92, -52, -156, 212, 118, -226, 132, -256, 76, 12, -216, -78, 134, 58, 10, 128, -78, -116, 184, -34, -24, -86, -74, -138, 2, 32, 10, 212, 34, 30, -122, -48, 2, 170, 142, -44, 24, 188, 124, -132, 106, 162, -96, -84, 222, -132, 8, 4, -74, -170, 296, 102, 110, 234, -120, 160, -310, 96, 314, -80, 262, -22, 212, 186, -32, -132, 208, 62, -48, -24, -180, -54, -72, -152, -96, 98, -234, -58, 78, 162, 38, 58, -22, 52, 48, 172, 210, -16, -208, -76, -70, 130, 248, -10, 146, -108, -36, 96, 
90, 194, -56, 28, 70, -122, 48, -186, -160, 60, -16, -84, -10, 192, 12, 176, -6, 10, -134, -128, 40, -154, 264, 112, 126, 80, 334, 300, -170, 20, 44, -58, -38, 4, 34, -214, -58, 86, 54, 144, -70, -132, 16, -50, -86, -128, -18, -56, -36, -34, -134, -34, 82, -50, -76, 20, -62, 102, 162, -262, 238, 206, -56, -108, -174, 82, 144, -194, -10, -106, 94, 180, -32, -82, -176, 124, 210, 236, 64, 64, -36, 62, 92, 112, -214, -116, -74, 116, 4, 56, 106, -98, 126, -180, -98, -62, -58, 40, 2, 44, 214, -4, -38, 48, 172, 44, 120, 62, 82, 104, 40, -56, 136, 30, 56, 88, 88, -244, -238, -50, 26, -28, 94, 132, 54, 106, 102, -148, -82, 56, -36, -6, 276, 154, 30, 180, -142, 128, 310, 250, 88, -140, -170, 196, 92, 68, -124, -46, 38, 40, -200, 40, 208, 102, -114, -54, 24, -36, -160, 114, -22, -38, -106, -38, -120, -54, 32, -82, 62, 106, -10, 134, 118, -56, 76, -54, -118, -58, 12, -220, -122, 122, 58, 94, 100, -12, 60, -74, 162, 8, -198, 262, 78, -168, 10, -188, 126, -32, 32, -58, 96, -118, -116, 16, 144, 236, -80, 256, 18, 26, -106, -4, 78, 4, 66, 144, 54, 158, 96, -76, -378, 4, 34, 84, -50, 88, 130, -230, 66, 114, 130, -182, 30, 8, -26, 248, -60, 10, 28, -134, -26, 46, 184, 140, -28, -10, 310, -248, -108, 128, 184, 118, 140, -294, -16, 140, 92, -90, 274, 94, 118, -140, 66, 6, -52, 86, 218, 446, -134, 78, -24, 278, 84, 30, -202, 70, -54, 110, 16, -76, -66, 72, -48, 10, 98, -130, 246, -44, 438, 74, 56, 30, -14, 98, -54, -98, 74, 100, 252, -224, 72, 24, -84, 112, -244, 30, -20, 12, -44, 202, 48, 46, -48, 80, 138, 140, -6, 226, 60, -196, 188, 46, 70, -86, -136, 154, -10, -64, -230, 228, -120, 388, -68, 14, 84, 58, -138, -62, -136, -52, 122, 294, 72, -44, 58, -126, -58, 104, -162, -40, 14, 150, 126, 50, -22, 138, -2, -68, 76, -170, 6, 46, -90, 202, 260, -78, 92, 414, 118, 192, -42, 116, 28, 48, 12, -174, 10, -94, -226, 6, 246, -100, -310, -54, -58, -124, -54, -96, 144, -138, 8, -100, 60, 210, 88, 78, 158, -14, 154, -24, -192, -142, 38, 26, 226, -208, -156, 54, -176, 128, 50, 42, 100, 274, -138, -86, 20, -4, 198, 32, -84, 116, 244, 74, 52, 126, -76, 18, -136, -140, 6, -60, -26, 86, -66, -332, 32, 118, 52, -112, -42, 114, -66, -54, 168, 72, 44, 130, 20, 132, 100, 182, -254, -32, -42, -24, 160, -40, 292, -20, -176, 144, 20, -50, -186, 88, 76, 150, -88, -152, 30, -168, 22, 216, 146, 68, 38, -16, 242, -4, -86, 116, 120, 94, 98, 102, -24, -146, 104, 24, 52, 34, -92, 54, -262, 28, 56, 64, 90, 0, 
-6, -116, 36, -42, 28, 112, -4, 194, 320, -128, 48, 4, 134, -120, 8, -90, 84, -46, 204, 144, -134, 32, -122, -70, 62, -182, -244, -214, -32, 88, 18, 64, 12, 176, 34, 66, 12, 112, 120, -6, 4, 222, 220, 50, 130, 70, 64, 254, -94, 168, 124, 12, 46, -20, 188, -64, 68, -60, -82, 230, -6, -196, 110, 120, 292, -24, 50, 306, -104, 66, 188, -142, 48, 186, 52, 104, -4, -66, -140, -194, 114, -22, -66, -112, 82, 54, 182, -54, 114, -170, -134, 8, 118, 126, 16, 80, 148, -282, 184, -24, -178, 176, 14, -50, -278, 232, 76, 26, 40, -176, 82, -156, -94, 88, 0, -62, 50, 46, 14, 126, -42, 56, -70, -92, 10, -72, -138, 110, 326, -154, 124, 80, -122, -86, -154, -70, -16, -46, -158, -200, -76, 118, 132, 46, 20, -20, 38, -22, -230, -108, 146, -60, -120, -234, -104, 84, 30, -46, 92, -140, 154, 150, 126, -116, 172, 272, 168, 100, 68, -42, -32, -24, 20, -2, 58, 72, 198, -44, -14, 180, 146, -36, 102, 40, -196, -20, 56, 100, 122, 174, 114, -216, 80, 90, -46, 116, 10, 122, -66, 266, 60, 110, 188, 18, -160, -180, 12, -214, 14, -66, 118, -38, 2, 38, -74, -26, -70, -264, 122, -44, 254, -56, -20, -34, 40, 20, -192, 52, -98, 58, 72, 280, 4, -16, 134, -274, -72, 76, 120, 188, 92, 38, 82, -62, 84, 106, -210, 208, -4, 16, -168, -22, -2, 96, 98, -74, -172, 148, -324, -90, -158, 88, -106, -150, 150, -230, -32, -260, 250, -66, 18, -84, -126, 128, 118, -60, 44, 6, 34, 220, 256, -136, 128, 38, 156, -54, -236, 302, -352, -78, 92, 84, -68, -10, 184, -22, -142, 32, -98, 340, -54, 54, 176, -130, 286, -60, 170, 72, 66, -64, -28, 36, -134, 18, 132, -50, -104, -244, 40, 280, -244, -26, -20, -26, 70, -30, 126, -42, 246, 52, -38, -184, 2, -34, -128, -34, 114, -38, 110, 164, -120, -168, -110, 76, 72, 188, 34, -218, 134, 72, 218, -10, -82, -174, -82, -130, -32, 308, 24, 234, -30, 124, 142, -132, -150, 24, 36, -216, 20, -136, 44, -204, 118, 240, -22, 116, -18, 142, 224, -152, -50, 110, 158, 60, -68, 102, 152, 178, -28, 76, -20, 234, -48, 46, -244, -30, -140, 238, -254, 50, 280, -10, -44, 38, -98, 84, 152, -38, 136, 26, 2, -2, -78, -274, 300, 26, 268, -128, -160, -56, 120, -82, -46, 52, 14, -218, 98, 154, 8, 44, -26, -52, -30, 24, 140, 304, -72, -200, 128, 30, 212, 6, 138, 188, -218, 22, 164, -96, -218, -18, -146, -50, 218, 130, 76, 62, 120, -76, -144, 54, 152, 26, -114, 96, 156, -36, 6, 54, 100, 36, 200, 108, 156, -126, -58, 134, -48, 28, -152, 130, 204, 78, -172, -58, -106, -96, 178, 166, -66, -152, 104, -136, 160, -30, 184, 10, 82, -4, 88, 62, 
138, 108, 52, 46, -62, -50, 120, -268, -118, 90, 14, -60, -38, -6, 18, 202, 68, 144, -132, -222, 232, -32, 32, 196, -80, 74, 90, 16, -204, 122, -98, -56, 84, -200, 54, -16, 358, -26, 50, -264, 118, 30, -88, -26, 50, -100, -134, -350, 148, -106, -92, -182, 108, 180, -268, -16, -42, 18, 68, -54, -90, 166, -50, -78, -6, 44, -38, -44, 116, -24, -36, 106, -18, -16, 76, -132, 64, -64, 220, 172, -158, 130, -50, 214, 0, -76, -174, 14, -222, 74, 228, 54, 36, -90, 56, -174, -54, 250, 16, -108, 160, -60, -66, -126, 150, 40, 82, 82, -56, -44, 2, 160, 200, -114, -42, 124, 82, 174, 22, 16, -62, -68, 62, 24, 154, 94, -12, 28, -162, 60, -146, 168, 70, 72, 128, 82, 144, 230, 46, 250, 116, -98, -66, 20, 62, 34, -10, 42, 202, -32, -14, 26, 72, -12, 146, 12, 120, 20, -48, 178, -140, -8, 72, 26, -78, -282, -82, 74, -22, 58, 256, 162, 82, -78, -106, -270, -22, 70, 62, 108, -242, 28, 14, 132, 200, 52, 136, -148, -78, -84, -146, 132, -240, 78, 50, -106, 10, 90, 118, -292, -2, 10, 46, -22, 22, 268, 100, 260, 210, 128, -154, 38, 88, -36, 114, 100, -8, 140, 42, 210, 0, 130, 102, 260, 82, 22, 252, 62, 160, 38, 50, -170, 140, -26, -76, 196, 44, -10, -42, -36, -96, -12, 86, -78, -70, 56, 64, -120, 220, 144, 96, -4, -24, -24, -278, 76, 324, -48, 16, 40, -34, -44, -144, -80, -160, 274, -144, 286, -26, 36, 82, 8, 100, -14, -22, -28, -106, 98, 106, -196, -270, 122, -10, -74, -120, -168, 230, -170, 282, 140, 22, 16, 106, 224, -54, 18, 16, 2, 94, -230, 106, 104, -116, 128, -184, 98, -54, -42, 156, 30, -94, -58, 194, 162, 52, 46, -88, 308, 214, -318, 110, 36, 78, 62, 102, 56, -178, -78, 16, -8, 96, 168, -74, -94, 64, 178, 172, 104, -94, -34, 260, 44, 106, 52, -74, -56, 0, 70, 38, 136, -140, -2, -30, 146, -84, 146, -90, -56, -128, -224, 136, -122, -174, 212, -60, 120, -78, 166, -194, 128, -194, 230, -144, -164, -42, -32, 26, -24, -230, 90, 340, 18, -48, -76, -64, -24, 32, -102, 24, 72, -30, -150, -84, -112, 338, -152, 8, -158, 194, 10, -68, 0, -12, 144, 140, -108, 20, -54, -20, -42, 36, 28, 56, 304, -78, 86, -62, -40, 254, 20, -122, 90, 138, -64, 14, 208, -84, 36, 106, -180, 134, -34, -116, -46, -58, -136, 126, 220, 58, 64, 96, 146, 68, -74, -10, 214, 16, 196, 76, -126, 176, -28, -44, 0, -76, -336, -64, 92, 6, -144, -188, 2, 136, 58, -20, 58, -68, -138, -104, -128, 32, -62, -16, 184, -40, -166, -32, 44, 42, -90, -64, -168, 116, 94, 306, 48, 68, -138, -106, 230, -36, 168, -82, -44, -56, 166, 186, 74, 126, -24, 
-114, 116, -86, 18, 34, 230, 50, 110, 102, 14, -126, 58, 146, 24, 84, -58, 98, -230, 98, 54, -64, -20, -36, -112, 216, 88, 12, 66, 132, -58, 154, 6, 140, 108, -54, 100, -180, -184, 46, 180, -92, 156, 60, 106, -62, 274, -6, 214, -66, 198, 82, 286, 10, -78, 190, 252, 138, 110, 10, 122, -54, -48, 12, 124, 196, 152, 174, 54, -38, -72, 42, 248, 0, 176, 192, 228, -174, -12, -52, -102, 12, 6, 186, -60, 28, -14, -48, 82, 170, 182, -106, 20, 148, -76, 122, 200, 116, -200, 110, 88, -42, 216, 28, -140, 22, -134, -90, 14, 102, 62, 90, -82, -160, 46, 84, -116, -50, -118, -58, -6, -168, 14, -140, -72, 30, 70, 74, 222, 116, -48, 216, 44, -90, 8, 94, -292, -126, -66, 148, -88, 100, 2, -62, -6, -46, 50, 24, 174, -48, 8, 92, 130, -232, 232, -186, 56, 48, 48, 78, -68, 48, 22, 74, 20, 38, 156, 282, 30, 62, 14, -32, 10, 238, -80, -22, 112, 64, -84, -76, 52, 114, -40, 222, -110, -130, 130, 4, -126, 14, 156, 14, -92, 370, -42, -106, 6, 60, 84, -72, 172, -112, 72, -88, -32, 106, -96, 22, 12, -22, -56, 290, -22, 22, -64, 32, 104, 18, -86, 58, -24, 44, -26, -106, -180, -234, -72, -40, 4, -50, -124, -190, 172, -102, -124, 72, -130, -14, 110, 146, 106, 76, 116, 148, 148, 50, 68, 34, 120, -190, 30, 92, -68, 182, -78, 332, -104, -98, 244, -58, -116, -78, 76, 194, 134, 72, -288, 84, -158, 44, -24, -178, 158, -346, 6, 174, -20, 78, -100, 4, 274, 248, -44, -208, 214, 100, 144, -162, 366, -74, 102, 198, 236, -6, -280, 86, -22, -90, 88, -46, 276, 24, -44, 160, 88, 50, -158, 74, -60, -72, -96, -4, 226, 60, -50, 98, 182, -152, -294, -116, 308, -16, -50, -38, -88, -30, -6, 170, 10, 0, -2, 28, 28, 264, 0, -30, -112, -248, 124, 70, 8, -236, 78, -16, 50, 74, 22, 220, -102, 104, 124, 38, 76, -38, -104, 124, -72, 102, 52, -52, 172, -68, -2, 292, -232, 94, -96, -4, 160, 182, -82, 234, -166, 24, 158, 252, -92, 312, 64, 150, -6, -40, -294, -16, -14, 98, -36, 180, -22, -76, -216, -64, 234, -56, 82, -132, 190, -32, 212, -34, -16, 4, 8, 80, -62, -240, 156, 118, -64, -92, 210, -138, 116, 212, -162, 170, 92, -30, -2, -252, -8, 150, -20, 6, 48, 4, -108, 194, -22, -12, -76, -146, -32, 226, -36, -124, 174, 48, -264, -40, -14, -12, 192, -2, 220, -102, -96, 110, -10, -26, 48, -98, -68, 104, -18, 4, 192, 90, 100, 50, 164, 14, 8, 54, -56, 166, -68, -8, 172, 196, 162, -40, -36, -60, -40, -64, 282, 2, 10, 16, -108, 2, 106, -8, 96, -194, 36, 116, 54, 38, -100, 38, -16, -70, 54, 60, -40, -12, -42, 0, 156, 
-30, 30, 156, 46, 0, -180, 248, -104, -50, -152, 64, -40, -186, -94, 48, -44, -24, 258, 14, 22, 142, -74, 34, -2, -14, 26, 6, 12, -108, 76, 40, -10, -198, 12, 120, -16, 266, 196, -18, -28, 38, -118, -26, -136, 244, -32, -36, -88, 118, -154, 40, -144, 128, 236, 118, -150, 118, 56, 20, 90, 104, 0, 16, 12, 36, -76, -12, -138, 44, -110, -6, -92, 4, -18, -184, -118, 230, 4, -22, 196, -82, 190, -114, -30, -20, -34, -172, 36, -80, -180, 98, 104, 4, 190, 34, -220, 90, -28, 2, -4, -40, -108, 58, 188, 6, 226, 98, 22, -136, -34, -136, -4, 230, 30, 10, 38, 0, 76, 40, 12, 256, 38, 42, 88, 196, -160, -116, -128, -144, 172, 20, -30, 212, -78, 62, 198, -46, -12, -156, -102, -122, 92, -16, 24, 114, 18, 18, -210, 14, -146, -34, -216, 308, -190, 120, 36, 32, -22, -158, 90, -72, -86, -100, 54, 274, -204, -110, -8, 230, 80, 114, -206, -44, 174, -74, -22, 30, 100, 20, -20, 44, 136, -170, 150, 172, 8, -36, 156, -100, -8, 38, 80, -252, 6, 198, 258, 150, -14, 14, 10, 94, -40, 218, -56, -66, 28, 66, -64, 212, 20, -122, -136, 32, 104, -122, -184, -82, -76, -110, 0, -72, -100, 184, 344, 366, 90, 34, -50, 74, 116, 148, -102, 40, -44, -114, 256, 54, -130, -66, 14, -48, -38, 16, 40, -38, -248, 90, -98, 182, -42, -306, 182, 24, -42, -154, 104, 62, -346, 20, 180, 146, 68, -154, -22, 50, 194, -122, 110, 4, -60, 30, 40, 86, 186, -38, -136, 82, 122, 276, -124, -156, 94, 132, -188, -28, -104, 224, -146, 58, 72, -72, -190, 38, 282, -56, -140, -8, -44, 66, -96, -18, 48, -102, 32, 12, -70, 42, 110, 120, -62, 96, -172, 162, 70, 18, -48, 48, 320, 174, -350, 34, 32, 146, 24, 28, -98, -90, -112, 26, -100, -120, 42, -54, 40, 134, -30, 142, -86, -68, 104, 354, -116, 54, 42, -34, -104, -46, 174, -126, 0, -210, -94, 92, 80, -118, 310, -136, -60, 112, -172, 172, 46, -72, 50, -186, 254, 154, -170, -136, 76, -376, 12, 4, -232, -82, 234, -40, -18, -110, 98, 90, 240, -6, -82, -118, 102, -176, 82, 298, 152, 108, -166, 10, 44, 178, 46, 108, -134, 250, 140, 126, -168, -60, 46, 274, 16, -8, 68, 162, -90, 140, 30, -138, -80, 14, -212, -94, 68, 168, 96, -6, 104, 164, 42, 74, 98, -106, 38, 54, 20, 70, -96, 8, 56, -10, -16, 124, 280, -130, -66, 74, -126, 4, -116, 102, 64, -182, 64, -88, -140, -86, 100, -52, 190, -84, -34, -32, -78, -166, -24, 14, -166, 102, -18, 10, 124, 92, 146, -242, -118, 80, -50, 32, 42, 224, -96, -90, -100, 56, 262, -66, -150, 66, -130, 130, -134, 78, -8, -16, 52, 188, 296, 88, -78, -226, 226, 26, -70, -12, 100, 
8, 38, 116, 42, -74, 266, -218, 240, -6, 186, -128, 166, 148, 92, -20, 4, 128, -122, 142, -48, -90, -186, 84, 36, 40, -44, 76, -114, 28, 4, 18, 228, 40, -56, 62, 96, -188, -78, -106, 26, -6, 104, -58, 90, -284, 20, -142, 122, 4, 158, 150, 36, 226, -364, -178, 80, -188, 190, 28, -44, 98, 118, 0, -4, -12, 34, -18, -2, -32, 124, 20, 4, 78, 24, -78, 194, -110, 86, 242, -154, -24, -112, -38, 184, 268, 54, 130, -46, 176, 238, 194, 20, -178, -126, 124, 74, 138, 50, 76, 92, -28, 104, -106, -112, 38, -218, -176, 46, 132, 212, 342, -230, -86, 14, 74, -40, -74, 8, -48, 88, -124, 42, -144, 72, -118, 90, 54, 94, 90, -166, 40, -4, 12, 158, 6, -34, 118, -96, 34, 218, 96, -36, 198, -26, 86, 140, -310, 188, 16, -16, -120, 148, -304, 136, -158, 148, 170, 108, 210, -74, 38, 36, -40, -120, -198, 252, 38, 126, -152, -16, -30, 292, 84, -124, 108, -46, 22, -82, 6, 0, -120, -152, 202, -32, -144, 20, 58, -210, 130, 18, -44, -80, 76, 110, 14, 54, 14, 26, -60, 134, 80, 154, -70, 68, 122, -50, -86, -26, -230, -36, 50, 236, -12, -86, -84, 250, -22, 340, 44, -64, 314, -38, -78, -162, -68, 40, -14, 198, -10, -126, 60, 124, -70, 52, 58, -130, -206, 80, 154, -114, 76, 138, 74, 52, 102, 112, -6, 158, 32, -98, 276, -90, -74, 108, 198, 10, -46, 344, 114, -132, -148, 116, 128, -6, 26, 4, 116, 4, 46, 14, -40, -28, 204, -92, 184, 186, 56, -212, -198, 238, 72, 78, -122, 178, 178, 250, -176, 238, -56, -218, 90, 200, 52, 130, 112, 138, 54, 154, 26, 88, 14, 100, 228, 10, -10, 114, 120, -240, -14, 84, -14, -2, -72, -204, 36, -42, 194, -394, -142, 216, 22, -32, 0, -332, 44, 254, 54, 190, 20, 154, 62, -194, 58, -26, -210, 30, -80, 50, 50, -112, -210, 234, -60, 28, 36, 198, 136, -334, 70, -60, 208, -14, 46, -108, 166, -340, 136, 56, -98, 56, -64, -94, -102, 82, 4, -148, -214, 156, 46, -46, 228, -170, 164, 154, 86, -82, 146, 88, 82, -82, -20, -208, 20, 154, 26, 52, 184, -126, -34, -152, 58, 128, 54, -102, -268, -94, -78, 294, -280, 74, -12, -36, -12, 30, -124, -98, 14, 30, 72, 44, -156, 72, 48, 26, 70, 106, 0, -266, -62, -42, 4, 26, 40, 106, -10, 50, 62, 96, 104, -88, -8, 44, 82, 2, -20, 68, 48, -116, 140, -98, -84, 234, -106, 118, -186, 18, 64, -242, 282, 60, 10, 98, -86, -276, -48, 132, -186, 68, 66, -76, 6, 118, -18, 142, 126, -266, -134, -222, 202, -18, 130, 106, -54, 54, -90, 136, 112, 214, 32, -138, 84, 70, 384, 48, -76, 90, -76, 32, 48, -106, 42, -118, 158, -90, 222, -114, 268, 174, 74, -34, 
60, -48, -252, 62, 34, -246, 314, -232, 8, -64, 36, -50, -24, -78, 252, 120, 40, 126, -14, 128, 96, 142, -72, 100, 132, -58, -62, 148, 226, -236, 4, -160, -56, -130, -6, -2, 156, 76, 118, -114, -76, -68, 144, -148, 66, 84, 170, -172, -90, 144, -70, 88, -158, 128, -12, 130, 302, -112, 88, 204, 4, 8, 166, 150, -140, -80, -164, 66, 204, -126, 122, -56, -208, 42, -46, -18, 206, 82, -302, 346, 220, 32, 292, 46, -182, 2, -82, 34, -74, -146, -102, -30, 54, 156, -100, 154, -6, 204, 20, -226, 178, 32, 296, -4, -14, 254, 370, -44, -8, 32, -268, 54, 122, -220, 44, 12, -94, 16, -104, 8, 198, 24, 288, 26, 42, 92, 16, -138, 182, -14, 72, 160, 104, -22, 38, 32, 114, 8, 22, -96, -202, 196, 62, 6, -136, -132, 188, -102, 56, -48, -142, -138, 26, -278, 228, -114, -74, -212, 130, 210, 68, -90, 22, 246, 234, -44, 10, -144, 200, 120, -54, -92, -34, -20, 78, 88, -240, 130, -30, 12, 78, 98, -130, 20, 144, 42, -12, 136, 30, 156, 46, -222, 60, -200, -12, 98, 30, 16, -60, -68, -66, -48, -200, -46, -122, -198, -38, 48, 302, 68, -106, -194, 132, 84, 16, -220, -28, -122, -60, -14, -178, -78, -60, 176, 28, -92, -50, -66, 192, 100, -34, 128, 34, 22, 74, 130, 82, -152, 6, 26, 64, -186, -72, -70, -8, -18, -208, -108, 94, 148, -170, 84, -120, 36, -122, 114, 156, -26, -50, 72, -24, -6, -78, -60, -2, -24, 80, -102, 62, 148, 74, 70, 54, 56, -174, -98, -66, 72, 160, -140, -100, 22, -62, 6, -102, -216, 242, -236, -232, -46, -138, -32, -2, -38, -22, -18, 46, -46, 64, -152, 148, 88, -112, 92, 28, -70, 94, 240, -4, -38, -52, -20, 10, 196, 90, 164, 14, 372, 154, -28, 184, -100, 178, 246, 68, -96, 68, -120, -24, 14, -196, 30, -66, 184, 186, 98, 226, -74, 258, 196, 132, -256, -12, -180, 102, 70, 118, 138, 52, 130, -42, -20, 96, 22, 144, 332, -132, -28, 32, 2, 38, 182, -32, -32, -158, 116, 68, -192, -84, -14, -154, 92, 38, 2, 164, -226, -144, 26, 38, 176, 56, 148, -60, -150, 10, -80, -30, 172, 124, 178, 4, -258, 60, 16, 192, 152, -30, -56, 266, -142, 26, 112, 64, -102, -64, -22, -120, -88, 68, 38, 228, -10, -42, -70, -6, 20, 54, 224, -90, 80, 90, 34, -56, -274, -98, 110, -168, 6, -12, 150, -30, -48, -120, -110, 34, 220, 30, 96, -166, 88, 0, -72, 134, -78, 108, 62, -118, 362, -170, 86, -56, -56, -62, 162, 2, -206, 140, -62, -294, 2, 142, -188, -32, -100, -4, 194, 130, 212, -218, -92, 48, -108, -106, 194, -48, -114, -190, -56, 74, 78, -150, 4, -190, -22, 128, 42, 206, -160, -190, 2, -20, 174, -116, 132, -80, 158, -86, -50, 54, 138, 
92, 62, 232, 6, 108, -56, -254, 128, -142, 180, -102, 122, 78, 162, -252, 12, -18, 110, 144, -196, 12, 4, -100, 28, -42, 82, 24, -62, -88, 8, 124, 332, -66, 150, 54, -64, -216, 4, 20, -2, 120, -16, -60, 144, 78, -84, -28, -52, -222, 28, 252, 64, 84, 56, -28, -118, -172, 222, 40, 26, -74, 58, 76, -166, 100, 164, 84, 120, -290, 80, 48, -184, 212, -100, 92, 18, -218, -12, 150, 36, -318, -164, -296, -6, 108, 62, 136, 14, -16, 112, 2, -126, 6, -38, 54, -92, 182, -262, 44, 160, -44, -38, -80, 142, 34, -30, 52, -32, 156, 30, 198, 52, -16, 162, -70, 82, 130, 174, 52, 228, -30, 4, -136, -116, -20, -78, -64, 98, -8, 114, 64, -18, -204, 48, -18, -56, 14, -232, 68, 36, 38, -126, 204, 134, -4, 32, -78, 26, 126, 96, 106, 172, 20, 246, -340, 134, 66, 236, 68, 28, -124, 196, 64, -378, -42, -140, -6, 224, 102, -14, 80, 124, 86, -118, -76, -50, 290, -8, 92, -62, 110, 22, 160, 2, -42, -92, -130, -46, 106, -220, -12, 250, 20, 276, 26, -150, -142, 0, 50, 48, 44, 38, 120, -150, -122, 66, 114, -102, -308, 26, 84, 230, -156, 74, 10, 314, -134, -78, -38, 16, 172, 84, 28, -20, -56, 40, -34, 144, 60, -48, 134, -138, 36, -230, 44, -64, 104, 56, 134, 154, -126, 28, 114, 22, -30, 96, 108, 86, 130, 70, 196, 60, 44, -124, 154, 310, -52, -48, 88, -88, 182, 232, 10, 190, 80, -154, 54, 110, -46, -78, -52, 150, -64, -102, 126, -180, 128, 8, -160, 158, 142, -2, -42, 118, -38, 128, -90, 104, 138, -58, 158, -30, 36, 106, 40, 68, 242, -26, -4, 108, -292, -46, 32, -66, 52, -28, 124, -236, 46, 52, -78, -8, 8, -52, -56, 208, -12, -218, -162, 130, -40, 264, -136, -310, -196, 104, -40, -28, 36, 52, 58, 60, 126, -162, 124, -200, -74, 66, -78, 144, 6, 132, 150, 282, 124, -80, -100, 96, -22, -114, 110, 92, -72, 48, 70, -214, -108, -154, -52, -62, -82, -260, -46, 34, 26, -46, -62, 210, 92, 64, 102, -84, -6, -142, -130, 178, 198, 72, 172, -156, -20, -68, -164, 40, 34, 72, -116, -300, -186, -152, 40, 162, 110, -18, -58, -4, 342, 320, -240, 378, -76, -20, -54, 18, 232, 156, 444, 176, 110, -38, -102, 116, 148, 42, 24, -76, -108, -120, 82, 112, -140, 28, 0, 346, 200, -106, 260, 212, -62, 92, 78, -30, 12, -42, 52, 8, -6, 210, 390, -8, -6, 290, -16, -6, -270, -54, 14, -266, 76, 22, 16, -68, 96, -212, -36, 246, -236, 102, 216, -40, 50, 4, 0, 210, 178, -174, -188, -308, 128, 184, -192, 148, 144, -202, 12, 230, 304, 126, 88, -136, -60, 58, 196, 88, 162, 10, -286, 244, 106, 8, 6, 4, 160, 88, 120, -182, 26, 138, -18, -40, 
-16, 74, -38, 12, -214, 166, 262, -50, 78, 2, 92, -42, -70, -220, 176, 36, -64, -144, -58, 158, -92, 90, 132, -40, 88, -58, 58, 116, 120, 40, 96, -282, 168, -104, -26, 138, 152, -68, -12, -18, 30, 68, 276, -78, 10, 32, 80, 200, 252, 80, -144, -14, 82, 38, 38, 26, 198, -146, -88, 142, 68, -78, -90, 244, -174, -48, -2, 18, 116, -32, 12, 148, -182, -44, -84, 74, 20, -56, -10, -84, 298, 24, 356, -90, -62, 144, -54, -56, 220, -14, 138, 248, -20, -164, -30, 90, -46, 150, -94, -112, 172, -78, 86, -94, 98, 62, -18, 14, 70, 14, 2, -90, 90, -80, 108, -14, -98, -102, -144, -68, -164, 80, 192, 40, -4, -106, 174, -132, 40, -26, -24, 12, 66, 62, 176, -4, -74, 172, 218, 106, 16, -38, -36, 6, 148, -94, 58, 22, 26, -104, 56, -6, -20, -122, 320, -162, -60, -98, 12, 52, 232, -170, 64, 170, 94, 94, 16, -190, -56, -52, -46, -14, -118, 216, -50, -26, -288, -166, -52, -48, -126, -40, -120, 54, 38, 46, 288, -20, -104, 272, -18, -82, 64, -178, 86, 432, 192, -116, -16, -48, -42, 60, 112, 58, 184, 294, -46, 196, 100, 124, 32, 60, 252, -68, -26, -92, 72, 50, 80, -284, -28, -88, -54, -94, 44, 58, 30, -130, -158, 198, 148, 126, -50, 240, -154, 254, -130, -232, 4, 150, 74, 128, -134, 278, 40, -264, -44, -178, 24, 48, -30, -84, 80, 154, -22, -178, -176, 164, -12, 34, -6, -32, 320, 54, -116, 146, -142, -68, 126, 224, 238, -80, 126, 24, -94, 152, -36, -4, 76, -114, -188, 58, -10, -90, 6, 118, 64, -56, -130, -34, -26, 174, -24, -110, 78, -80, 8, 6, 72, 222, 268, -50, 32, 74, 142, -46, 20, 298, -74, 36, 22, 226, 74, 140, 142, -174, -12, 224, 172, -140, 6, -236, 78, 262, -90, 42, 134, 86, -26, -112, 88, 4, 36, 144, -66, 220, 104, 78, 98, -10, 102, -130, -16, -92, -40, 170, 156, 98, 122, 56, 30, -92, 250, -30, -28, 208, 344, 172, -130, 48, -10, 214, 168, 38, -60, 60, 102, -194, 28, 52, -142, 104, -28, 20, 204, -102, 42, -68, 100, 172, -122, -22, 52, -10, -82, -164, 200, 50, 100, 232, -40, -106, -42, 16, 142, -10, -270, -34, 138, -266, 280, 116, 50, 160, -138, -6, -300, -132, 32, 112, -12, -14, -146, 200, 4, 116, 202, 208, 0, -56, 68, -80, 108, -216, -134, -18, -36, 6, -42, -32, -68, -72, -32, -20, -96, -14, 20, -106, -184, 32, 102, -244, 88, 228, 156, 132, 78, 198, 18, 60, -114, 72, -152, 84, 104, -150, 126, -38, -112, 170, 32, -44, 130, -12, -88, 200, 270, 24, -214, -8, 146, -62, -98, -62, -92, -120, -322, -12, 64, 294, 180, 94, -108, 96, -20, -28, -14, -150, -42, 182, -28, 36, -98, -98, -44, 72, -94, -60, 230, 164, 
-20, -110, 110, 28, 140, 14, -142, -252, -50, -80, -94, 138, 102, 198, -280, -108, 62, 204, -42, -90, 152, 48, -90, 110, -90, 78, -70, 14, -188, -48, 54, 234, -150, 190, 140, -138, -60, 114, 72, -120, -44, 198, -80, 128, 12, -162, -54, -50, -210, -16, 226, 34, 74, 14, -14, 90, 76, 186, 38, -146, 76, -2, 96, -40, 158, -100, 58, -118, -246, 18, 120, 138, 32, 92, 136, -204, -10, 268, -10, 22, -82, 112, -122, 36, -20, -106, 154, 62, -10, 146, -94, -32, -180, 194, -76, 26, 10, -88, 54, 214, -90, -106, -260, 100, -70, -42, 176, -128, 68, -114, 74, 126, 38, 158, 6, 102, -50, 166, 148, 72, 232, -34, -94, 118, -108, -22, -154, 88, -206, -54, -10, 94, -112, 54, -24, 72, -14, -314, 14, 6, 236, -16, 2, -22, -20, 204, 96, 16, 52, 122, 82, -74, 166, 154, -128, 12, 58, -34, 28, 180, -152, 238, -134, -30, 10, -104, -76, 246, 148, -50, -106, 108, -36, -86, 80, -62, 254, 48, 262, 12, 172, -112, 22, 82, -68, -20, -180, 130, 52, -194, -226, 208, -16, 178, -200, -342, -8, -162, -172, -136, -66, -122, -132, -48, -24, -144, 66, -158, -20, -82, -10, 18, -182, 32, -6, 4, -18, 38, -308, 154, 18, -8, 92, 18, 32, -54, -182, 154, 336, -220, -56, -164, 92, -282, 82, 32, -12, 194, -102, 10, 48, 58, 128, -24, -170, 218, 6, 188, -4, 14, 58, 46, -86, -106, 38, -46, 118, -214, 92, 6, -2, 198, -304, 70, 148, -250, 258, 14, 26, -98, 60, 36, -46, 2, 106, -152, 16, -24, -64, 138, 238, 58, -10, 118, 58, -150, -50, 78, 308, -162, 126, -106, 306, 230, -44, -68, 114, 122, 2, -296, -98, 16, 60, 96, -176, 106, 48, -360, 126, -108, 28, -8, 30, 6, -212, 100, -60, -256, -64, 116, -22, -82, 84, -198, 34, 28, 216, -32, -52, 62, -156, -6, -34, -116, 216, -266, -2, 26, 50, 40, -252, 148, 10, 72, 96, -140, -130, 4, 44, 30, 30, 10, -224, 136, 50, -160, -280, 108, 120, -90, 48, -36, 68, 82, -152, 162, -66, 30, -20, 150, 166, -66, -22, -204, -32, 102, 156, 84, -38, -42, 256, -78, -130, 14, 164, 160, -146, 182, -20, -298, 110, -92, -28, 12, -4, 76, 250, 120, 50, 202, -160, -54, -78, -186, 64, -50, 284, 62, 106, -188, -124, -144, 48, -70, 80, 12, 28, 92, 186, -14, -60, 114, 76, 146, 136, -154, 42, 296, -46, 214, 80, 50, -14, 124, 252, -24, 80, 40, 230, 36, 54, 232, 2, -184, -80, 2, -200, -126, 50, 92, -110, 32, -2, -194, -74, -24, 16, -12, 30, -148, -106, 136, -234, 68, 132, -216, -10, -132, 104, 6, 22, 118, 228, 208, 140, 124, 324, -132, -34, -414, 4, -42, 234, -98, -32, -104, 10, 174, 100, -48, -34, -14, 146, 192, -58, 86, 26, 66, -186, 30, 
100, 94, 44, 20, -104, 32, 88, 180, 64, 96, 2, -240, -298, -206, 186, 66, 34, 2, 130, -120, 34, -84, 150, 176, 132, 114, 52, 308, 98, 74, -124, -126, 114, -132, -22, 210, 116, -20, 38, 144, -140, -2, 76, -82, -120, -36, -28, 2, 90, 2, -152, -154, 190, 46, 164, 34, -14, 44, -134, 166, -68, 256, 40, 34, -30, 142, -92, 110, 196, -146, -178, 98, -16, 26, -70, 148, 4, -76, -24, -60, 12, 122, 138, 130, 92, 52, 64, -330, 102, 118, -94, 100, 84, -372, -18, 126, 124, 84, -194, -18, 66, 66, 94, 20, 164, 220, -150, 118, -222, 62, 46, -134, -26, -54, -82, 98, 306, -16, -176, -48, -62, 274, 174, 44, 146, 12, 158, 88, 134, -32, 32, -30, 72, 86, 102, 172, 172, 442, -8, 8, -228, -20, 132, 20, 166, -204, -94, -28, -48, -170, -166, -32, -204, -58, 150, 252, 292, 118, -118, -102, 80, -140, 240, 54, 94, 150, 124, -172, -190, 82, 32, -88, 110, -14, -22, 178, -82, 68, -96, 124, -168, 136, 20, -50, 88, 126, 144, -120, -86, 234, 310, -244, 48, -4, 258, 348, -2, 142, 68, 32, -104, 138, 250, 94, 6, 4, 8, 90, 110, 148, -180, 38, 4, 122, 138, 218, -28, 90, 336, -114, 48, 170, -136, 182, 50, 8, 212, -94, -58, 100, -16, 212, 144, 250, 88, 0, 6, 24, -140, 98, -24, 274, 206, 18, 56, -136, 8, -208, 32, 62, 12, 128, 14, 202, 118, 30, -4, 162, 20, -166, 302, -158, 170, 8, -214, 122, -2, 76, 46, 38, -198, 22, -46, 80, -46, 60, -62, 124, 12, -140, -112, 18, 44, -112, 18, 118, 114, -24, -274, 68, -60, 178, -278, -98, 2, 178, -60, -26, 126, 208, 124, -36, -34, 62, 300, -126, 0, 266, -14, 256, -256, -104, -156, 148, 352, -136, 148, 204, 222, 40, 124, 178, 58, 220, -96, -16, -62, -88, -34, 94, -12, -132, 204, 46, -264, 360, 152, 82, -98, -42, 302, -150, 160, -64, -92, 220, 30, -130, -140, 138, 20, -100, 298, 26, 4, 230, 186, 58, -42, -34, -46, 50, -88, 124, -52, 34, 42, -156, 44, 136, -252, 84, -146, 232, 54, -106, -48, -118, 232, 92, -196, 176, 154, -50, -158, -136, 114, -92, 42, 80, -236, 176, 106, 138, 122, 62, -326, -170, -92, -30, 52, 56, 68, 194, 24, 10, -180, -88, -112, 192, 176, 66, 178, 44, -138, 10, -70, 20, -198, 4, 170, 94, -14, -244, -212, 88, -70, -176, 252, 50, -152, -2, -12, -182, -32, -82, 28, 84, -4, -66, 60, -52, 108, 372, 114, -62, 62, 230, 26, -242, 120, -150, -196, 276, -68, -42, -140, 110, -186, 216, 8, 38, 244, 22, 10, 16, -110, 130, -6, 112, -10, -6, -134, -168, -164, -92, -80, -2, -14, 144, 62, -52, 56, 174, -40, 208, 108, -200, -102, 124, 20, 102, 0, -244, 58, -28, 78, -30, 10, 48, 
66, -228, -58, -108, 128, -142, -6, -60, -100, -4, -40, -30, 224, 64, -118, 22, -238, -8, 98, 64, 88, 138, -110, 74, -64, -38, 62, -410, 54, 64, 108, 146, -60, -46, 56, 20, -48, 198, 84, -30, 54, -88, 68, 152, 14, 84, 182, 126, 50, 198, 240, 176, -172, -18, -92, 14, 148, 16, 226, 32, 144, -248, -140, -22, 270, -92, 112, -110, -268, -22, 180, -120, 214, -2, 88, -88, -48, 156, -94, 66, -6, -94, -128, -114, 164, 32, 74, 256, 204, -64, -54, -106, -184, 296, -34, -96, -24, -16, 118, -28, 18, -2, 140, -66, -224, -296, -42, 44, 136, -54, 210, 18, 72, -160, 96, -52, -228, 6, 260, 136, -84, -428, 48, -98, -68, 98, -20, -90, -14, 148, 96, 118, -136, -126, 24, -112, 78, -366, 120, 6, 338, 32, -170, 156, -134, 280, -24, 66, 154, 266, -18, -56, 212, 2, -54, -182, -278, 26, 302, 168, -82, -20, -146, -158, 106, -60, 34, 400, 92, -54, -80, 64, -162, 30, -48, -152, -52, 6, 112, 58, 122, 50, -24, 98, 46, -116, 30, 142, 164, -168, -162, 290, -4, 54, -160, -214, 48, 12, -8, -38, 50, 8, -116, -52, 70, -94, -4, -12, 86, -102, -118, 122, 156, 134, -4, -30, -32, -112, -66, 86, -134, -116, 36, -154, 68, 186, 64, 80, 156, -82, -134, -56, -100, -42, -36, -134, -84, 138, 26, 176, 48, -66, -186, 10, 188, 48, 42, 58, 30, 8, -164, -108, -56, -88, -20, 60, 124, -256, 4, 158, -50, 22, -120, 40, 168, -34, 42, 108, 16, 162, 190, 174, -120, -32, 46, -18, 170, -116, 146, 192, 58, 142, -74, 98, 126, 30, -88, 96, -64, -22, 74, -164, 248, -4, -24, -30, 58, -6, -100, -134, -46, -10, -42, -2, -170, -18, 174, -112, -60, -134, 176, -44, 42, -14, -116, 32, -172, -188, -74, 126, -16, 48, -76, -144, 194, -98, 166, 112, 102, -174, -50, 72, -166, 26, 294, -300, -170, -88, 82, 200, -66, 178, -88, -66, 202, -244, -94, -2, 102, 8, -58, -8, -120, -28, -14, -136, -216, 198, 312, 48, 106, -2, 158, -234, 42, -28, -162, 186, -30, 140, 196, -208, 130, 54, -118, 116, 6, 128, -8, -296, 350, 12, 32, 194, 154, 138, -36, 96, 54, 100, 204, -240, 144, -140, 52, -146, 248, 284, 90, 16, -102, -22, 16, -176, 6, 142, 180, -8, -204, 62, -306, -128, -264, -40, 224, 38, 194, 8, 18, -12, -12, 58, -94, 162, 56, -86, 116, 100, -182, 62, 160, -18, -66, 170, 84, 220, -22, -24, -182, -2, -4, 250, -34, -36, 104, 118, -178, -54, -114, 318, 34, 72, -56, -52, 72, 36, 236, -10, 206, -164, -206, 18, -250, 4, -106, 62, 132, -156, 12, -52, -6, 316, 136, 250, 140, 102, 156, 162, -10, 80, -60, 40, -240, -50, 106, -92, 4, -48, 72, -48, -86, 16, 38, 128, -24, 34, 54, 66, 12, -52, 
-32, 68, 114, 14, -146, 134, -80, 48, 98, 130, -112, 110, -142, -26, -42, 124, 250, -10, -10, 82, 40, 22, 228, -32, 322, 238, 54, 218, -126, 116, -66, -106, -2, 150, 6, -40, 262, -72, 0, -2, 44, 220, 118, -94, -126, -36, -50, -116, -138, 18, -122, -14, 146, 56, 40, -112, -156, 140, -126, 116, -224, 202, 48, 138, -352, 28, 56, 88, 136, 62, 24, 26, -108, -142, -34, -32, -174, -52, 176, 62, 18, 70, 122, 104, -92, 152, 38, 142, -134, 4, 120, 86, 226, -172, 70, 40, 100, -46, -172, -96, 68, 132, -44, 102, 196, 250, 62, -342, -118, 292, -28, -66, 122, 84, -10, 168, 338, 2, -112, 124, -32, 354, -82, 24, 110, -2, 60, 112, 36, -8, -90, 214, 98, -26, 122, 0, 164, 282, -66, -68, -264, 48, 82, -164, 254, -192, -16, -252, 24, -276, 76, 6, -260, 138, -66, 30, 140, -8, -16, -130, 80, 112, -40, -56, -156, -146, 64, -272, -166, 142, -12, -64, 116, -34, 134, 84, 62, 160, -92, -98, -28, -52, 102, -86, -114, 72, 46, -266, -76, 206, 226, -250, -30, 86, 40, 192, -18, 108, 58, -104, 118, 28, 268, -32, -120, 30, 20, 66, -8, 36, 60, -70, 48, -118, -4, 20, -82, 72, 70, -122, 334, 178, 84, 88, -18, 34, -100, -52, -28, 54, 204, 92, -106, 196, -26, 134, 86, -8, -144, -72, -2, 134, 168, 164, -134, 54, -138, 102, 26, 106, 14, 38, 84, -46, -80, -106, -138, 296, 102, -96, 42, 108, -10, -154, -70, 28, 76, 108, 210, -134, -262, -130, 52, 24, 62, -10, -116, 34, -98, -18, -52, 12, 126, -60, -64, 56, 42, -136, 38, -54, 60, -110, -200, 38, 132, -52, -48, -130, 112, 260, 12, 46, 78, 192, 194, -180, -124, 158, -30, 74, -6, 248, -20, 140, 116, -82, 222, 134, 172, -178, -24, 98, 74, 172, -138, 182, -124, -42, 14, 96, 110, 44, 194, -24, -96, 228, -42, 156, -112, 30, 48, 42, 58, 22, 12, 134, 104, 58, -132, 70, -20, 94, 204, 90, 116, 134, 122, -88, -164, 40, -84, -44, -122, 28, 48, 74, 106, 2, 8, -20, -170, 124, -16, -56, 244, -32, 24, -202, -98, 246, -224, 10, 48, -74, -14, -200, 160, -62, 80, 204, -98, 198, 14, 194, -28, 74, -256, -182, 84, 164, 58, 18, 124, 48, 126, -66, -290, 82, 236, -162, 142, 190, 176, 110, -14, -18, -106, 122, -34, -100, -90, 68, 0, -66, 16, -138, 62, 68, 156, -72, -210, 20, 234, -108, 16, -150, -36, 136, 138, -60, 34, -274, -74, 6, -98, 96, 52, 58, 244, -380, 88, 16, 214, 134, -76, -96, -194, -6, -128, 148, 104, 122, 218, 66, 10, -8, -14, -60, -60, 178, 134, 16, -102, -130, 46, 32, -76, -142, 16, 132, 78, 38, 164, 158, -42, 424, 84, 148, -6, 124, 144, -76, -112, -36, 90, -54, 132, -16, 48, -48, 
4, 20, 100, -80, 36, -38, 130, 202, 122, -42, 66, 28, 260, -2, 162, -112, -48, -28, 42, -154, 178, 98, -194, 104, -240, -222, -84, -212, 78, -78, 14, 122, 4, 100, 138, 60, -148, 20, -74, -30, -22, -230, -160, 250, 82, -36, 86, 102, -50, -168, 108, -136, 60, -26, 46, 0, 170, -118, 68, -142, 192, -246, -28, -146, 268, -42, -124, 18, -190, 92, 132, -102, 276, 86, -126, 78, -62, 104, -90, -230, 116, -78, 26, 32, 142, 142, -176, -110, 6, 78, -60, 10, -166, 42, -32, 50, -88, 30, 128, 210, -66, -36, 228, -134, -216, -22, 112, 274, 64, -160, 96, 94, 128, -136, -56, -152, -450, -26, 190, -130, -82, -128, 86, 98, 76, -6, 40, 102, 52, 148, 28, 62, -56, 64, 20, 106, -78, -196, 234, -114, 58, 28, 38, 166, -80, -22, -184, 184, 0, 212, -68, -80, 30, -302, -20, -108, 20, 34, 22, 82, 96, -44, -140, -8, 80, 140, -90, 190, -74, -150, -2, 54, -34, -50, -14, -88, 324, -194, 98, -6, 98, 72, -198, 28, 38, 68, -68, 286, -56, -2, -118, 214, -212, 54, -88, -184, -36, -120, -28, 22, 74, -26, 12, 110, 88, 66, -68, 20, -140, -38, 140, 130, -56, 220, 256, 4, 206, -60, -72, 96, -166, -28, -172, -58, 18, 92, 272, 6, 60, 18, -176, -140, 206, 44, 118, -44, -46, 92, 58, 32, 60, -160, -46, 46, 172, -2, 298, -4, 22, 158, -54, -50, -78, -80, -18, 20, -40, -178, 50, 14, -78, -22, 24, 82, 146, -44, -160, -46, -54, 172, 18, 250, -4, -82, -20, 22, 120, 74, 92, 68, 178, -162, 76, 174, 90, 20, 142, 104, 4, 46, 36, 104, 194, -68, 94, -148, 64, 132, 10, -172, 12, -14, -148, -54, -126, 256, 166, -4, 182, -72, 68, -210, 206, -38, -134, -60, 128, -36, -260, 130, -8, 236, 166, -28, 196, 48, 46, 96, -20, 52, -154, -10, -62, -26, 78, -96, 106, -54, 78, -80, 22, 116, -200, 8, 122, -86, -90, -168, 128, -86, 6, 270, -24, 62, -26, -126, -40, 176, 138, 42, 262, 168, 22, -164, -134, -176, -24, 74, -152, 194, 234, -194, -4, -36, -208, 144, -66, 102, 196, 24, 98, 164, -78, 222, -112, 114, -114, 142, -34, -140, 30, -76, 184, -98, 32, 74, 98, -112, -120, -224, 50, -18, 278, -42, -220, 112, 298, -46, -136, 220, -100, 16, -104, -18, 176, -54, 52, -170, 120, 16, 250, 98, 40, 2, 30, 160, -108, -26, -138, -24, 204, -118, -156, -88, -132, 224, 42, 34, -72, 60, 70, 110, 152, 4, -24, 14, -184, -16, -200, 276, -6, -10, -122, -8, 276, 68, 36, -202, 94, -50, 26, 14, -240, 108, 152, 70, 42, 4, -142, -66, 130, 164, 56, 10, 194, 112, -28, 26, -60, -114, 100, 186, -150, -154, -52, -210, -182, -130, 110, -122, 22, 148, 346, 92, 60, 72, -18, 102, -86, -92, 
20, -26, -64, 94, -38, 134, -60, -104, -52, 222, -32, 66, -170, -68, -74, -26, -150, 116, -18, 116, 14, 10, 344, -46, 272, 182, 38, 290, 184, -96, -72, 106, 8, -38, -34, 4, 4, 14, 46, 150, 82, 86, 122, -290, -136, -54, -66, -66, -24, 224, -18, 54, 202, 116, 132, 168, 28, 146, 84, 2, 60, 170, 80, 90, -342, -210, 152, 24, 170, -56, -88, 46, -200, 66, 290, -14, 144, 144, 216, 186, -108, 14, 18, 74, 40, -42, -46, 22, 68, 8, 116, 34, 108, -36, 158, -6, -188, 74, -76, -8, 52, 66, -102, 108, 250, 260, 66, -118, -46, 120, -74, 28, 36, 154, -52, -18, 400, -66, -52, 132, 174, 52, -68, -104, -148, -10, -44, 106, 28, -88, -36, 32, 52, 94, -140, -72, 188, 298, -48, 200, 108, 84, -38, -60, -54, -124, 276, -14, -10, -170, 66, 12, 56, 166, 50, 192, -32, -62, -42, -34, -100, 180, 26, 2, 54, 92, 126, -260, 58, 106, -50, -232, 42, -16, -12, 262, -4, 230, -222, 178, -28, 60, 106, 66, -80, 38, 90, -82, 22, 36, 84, -214, 174, -20, 66, 202, 124, 166, 4, 150, -36, -116, 22, -180, 10, -42, -24, 76, 132, 48, -58, -112, 54, -194, -238, -12, -106, 88, 174, 62, 248, 204, 116, 130, -176, -40, -154, -90, -96, -260, 60, 94, -308, 32, -156, 68, 40, -76, -32, 50, 194, 30, -120, 86, -212, -20, 10, 58, 6, -106, 14, 50, 86, -8, -6, -40, -4, 222, 4, -16, 18, -32, -134, 70, -194, -130, 118, -46, 6, -156, -2, -90, 24, 172, 214, 304, -80, 124, -12, -90, 44, 174, -60, -46, -28, 36, -274, -284, -46, -58, 96, -80, -156, 176, -118, 70, 8, -68, -28, -12, -22, 158, 100, 110, 96, 50, 76, -138, -32, 138, 62, 242, -258, 106, 150, 84, -2, 28, 268, -210, -78, -42, -208, 6, -124, -132, -4, -176, -24, 50, 132, 118, -98, -16, 8, 50, -66, 40, 98, -52, 8, -56, 196, 118, -120, -26, 134, 186, -112, 38, 0, -220, 54, 94, -16, 4, -12, 52, -146, 250, -308, -148, -110, -8, 38, -32, -160, -12, 24, 144, -52, 182, -146, 112, 216, 22, 126, -100, -174, -54, -30, 44, 24, -120, 270, -46, -16, 74, 54, 100, 30, 166, -72, -34, -8, -114, -68, -74, 254, 192, 78, 98, -140, 52, 10, -60, -204, 176, 50, -58, 172, 104, -10, -140, -116, 66, 34, -64, -122, 182, -176, -220, 170, -90, 130, -202, -62, -70, 110, -20, 68, 100, 292, 48, 136, -124, 152, -26, 24, -128, -22, -52, -90, 108, -126, 98, 142, -152, 150, -76, -32, 68, 40, 226, -6, -12, -70, 208, -132, 52, 32, 86, 278, -44, -194, 84, 12, -32, 258, 78, -20, -174, 74, 98, -34, -204, -50, -62, 172, 84, -100, -30, 20, 74, 18, 310, 122, -52, -36, 326, 24, -12, -188, -82, -72, -46, -156, -82, 150, -136, 
44, 74, -10, -36, 54, -24, 320, 84, -46, -40, 64, 70, 250, 94, 22, 62, 100, -38, 218, -34, -92, -74, -162, -80, -60, -88, -44, -322, -74, 18, -8, 30, -126, 170, 70, -104, -92, -24, 96, 28, 40, -4, -62, 164, 66, -164, 176, -14, -34, -274, 50, 92, 14, -32, 30, 8, 0, 60, 72, -22, 146, -14, 120, -90, 130, 16, 4, -118, -64, 136, 10, -24, 168, -68, -100, -164, -100, -58, -174, -300, 224, -16, 6, 18, 72, -60, 72, -140, 24, -14, 24, -164, -64, 24, -162, 30, 104, -26, 10, -184, -38, 38, 32, 104, -182, 12, -46, 124, 92, 54, 218, -44, -40, -158, 154, 100, -106, 16, 90, 70, -50, -82, 208, 136, 218, 180, 112, -112, 42, 182, 164, -4, -144, 154, 10, 94, -214, -100, -42, -172, 198, -18, 24, -10, 50, 156, -184, 22, 20, 236, -260, -66, -104, -148, 50, -68, -8, 8, 162, -6, 10, -16, 132, -50, -78, -112, -54, 344, -150, 38, 116, 64, 92, 140, 58, -140, 36, -152, 70, -68, 274, 118, 2, 118, 30, 34, 8, 60, -4, 82, 82, 24, -102, 4, 66, 84, 170, -84, 80, -36, -78, 98, -46, 96, 102, 158, -14, 70, 4, -206, 102, -6, 40, 196, -22, -136, 2, -128, -74, -68, -66, -240, -38, -72, 86, 232, 44, 188, 142, 100, -116, -28, 530, 92, 62, -84, 74, 214, 202, 42, -162, 52, 134, -104, 192, 54, -72, 164, -72, 116, -166, -144, 2, 76, -12, 20, 134, -214, 118, -30, 32, 146, 248, -54, 232, 8, -26, 86, 190, 234, 100, 120, 96, 32, -18, -96, 144, -122, 110, 174, -16, -148, 28, 214, -60, 190, 88, 148, -70, 80, 246, 150, 110, 150, 210, 60, -84, -52, -88, 94, 56, -22, -74, 2, -126, 42, 64, 96, -176, -30, -24, -40, 116, -48, -68, -46, -46, 36, -158, 50, 148, 158, 244, 40, -10, 138, -50, 222, 194, -10, -214, -258, 24, -54, -8, -266, 88, 118, -84, 158, 28, 28, -98, -374, 134, 118, -48, 62, 118, -132, -104, 38, 6, -8, 62, -116, 16, -48, -118, -182, 234, 232, 88, 4, 20, 52, 240, -12, -50, -78, 210, -218, 74, 26, 12, 56, 124, 208, 234, -48, -162, 88, -102, 102, -82, 44, 78, -30, 16, 66, 150, -104, 104, -72, -44, 110, 84, 16, -78, -22, -38, -138, 216, -72, 2, 34, 118, -94, -112, 12, -130, 24, -218, 164, 186, -122, 12, -4, 154, -290, 118, 108, -306, 18, -20, 54, -86, 184, 0, 108, 148, 6, -126, 116, -198, 296, -28, 168, 88, 186, 10, 260, 28, -66, 140, 16, -54, 98, -92, 106, 112, -104, -48, 40, -150, 170, 34, -36, 232, 52, -40, 80, -308, 58, 228, 88, -10, -26, -204, -226, -124, -70, 128, -48, -66, 106, 32, 160, -202, 76, -38, 96, -60, 80, -4, -26, -102, 18, 78, -314, -30, 26, 228, 10, 72, 202, 164, 18, -2, 182, 
224, -46, 166, 46, 282, -20, -70, -8, 16, 66, 44, -20, 8, -130, -172, -206, -304, 174, -234, -126, 230, -74, 236, -10, 66, -72, 196, 328, 230, 168, -114, -182, 216, -192, -98, 124, 32, 234, 2, -6, -128, 44, 10, -360, -68, 42, -194, 136, -68, 270, -104, 144, 46, 122, -106, 58, -24, 70, -60, 78, -56, 130, -106, 8, 2, -108, 74, -36, 208, -40, 30, 58, -212, -80, 138, 38, 186, 148, 270, 276, -160, 76, -6, -200, -50, -120, 96, 188, -14, -118, -156, 194, 4, -50, 54, 26, -72, 42, -16, 228, 166, 44, -8, -12, 194, -162, 38, -50, 70, -30, -88, 26, 128, 346, -118, -358, 142, 50, -60, -110, 148, 68, -42, -116, -146, -68, -60, 68, 30, -264, 2, -26, 148, 98, -98, -82, 182, -18, 326, -10, 36, 68, 84, 58, 228, -68, 72, -46, -116, 2, 92, 18, 184, -10, 32, 54, -58, -126, -6, 124, 124, 74, -40, 40, 212, 136, -14, -226, -60, -4, 146, -140, -84, 76, -118, 156, 40, -134, -110, 182, -216, -84, -112, 26, -20, 38, 286, -28, 2, -204, -100, -244, 130, 164, -70, -38, -50, -24, -102, -14, 50, -100, -88, 84, -158, -160, 190, -126, -30, 202, 10, 154, -38, -4, 154, 126, 162, 146, -18, 86, 178, 224, 88, -22, -204, 50, 6, -190, -8, -70, 42, 76, -302, 66, -212, 184, -12, -14, -90, 40, -12, 72, 20, -64, -170, 64, 80, -224, -144, -52, 140, -34, -12, 70, -38, -186, -6, 66, -56, 32, 0, 82, 56, 344, -134, 76, 174, 40, 68, -146, -168, 38, -64, 238, 16, 126, 66, 288, -8, 84, -74, 56, -94, 6, -28, 2, 216, -108, 56, 14, -64, -234, -44, 12, -20, -160, -162, 80, 120, 130, 64, 164, 14, 100, 166, -16, 10, 22, 112, 210, 160, 22, 96, -68, -36, -98, -42, 36, 92, 126, -102, -144, -216, -38, 114, 12, 232, -132, -152, -110, 112, 172, -76, 220, 108, 14, 152, -42, 36, -144, -116, -66, 100, 490, -120, 124, 72, 116, 40, 220, -10, -38, -14, 46, 152, 348, -108, 54, 40, 182, -78, -142, -264, 104, -60, -78, 24, 58, 124, 188, -152, 280, 230, 150, -204, 36, 84, -148, -54, -78, 108, 90, 144, 84, -100, -14, -86, -4, 88, 88, -188, 76, -152, 244, 154, 186, -88, -6, 54, 102, 64, 120, -68, -26, 26, -150, -46, 138, 98, 44, 142, 152, 80, -132, -114, -48, -48, 76, -92, 90, -74, -64, 254, -142, 150, 24, 120, -306, 94, -2, 134, -8, 36, -4, 318, -210, 64, -76, -156, -46, 20, -252, -56, -48, -80, 260, 14, -12, 182, -172, -102, 48, 0, 136, 114, 24, 50, 28, -12, 82, 48, -6, 198, 4, -204, -84, 90, 106, 212, 286, 86, -108, -58, -36, 0, -166, 14, -64, 166, -170, 42, -18, 32, 112, 16, -58, 244, -156, -64, 212, 210, 142, 56, 166, -114, -222, -86, -78, 162, 30, 
142, -14, -118, 14, -230, 62, 10, 350, 58, 162, -56, 86, -58, 62, 70, 170, 294, 96, 170, 80, -222, 32, -60, 28, -232, 260, 70, -162, -144, 34, 108, 226, -6, 122, 124, 114, -154, -38, -66, -20, 176, -16, -64, 36, 238, 36, 172, -194, 108, -154, 262, 8, 52, -164, -54, -8, 28, 42, -16, -182, -60, 16, -18, -52, 92, 174, -162, 156, -52, -190, 156, 174, 322, 126, -16, 54, -308, -216, -202, 44, 8, 10, -8, 208, -74, 6, 148, -202, 10, 316, 62, -70, -112, -36, 36, 8, 190, -116, 66, -124, -40, 88, -8, 36, -192, 36, -74, -42, 124, 26, -218, 274, -22, -304, 54, 294, -26, -106, 42, 152, -74, 82, -42, 164, 300, 82, -70, -18, -120, 116, 76, 186, 204, 48, -120, 74, -182, -114, -138, 60, 274, 96, 108, -4, -178, 16, -148, 126, 96, 28, -120, 106, -36, 26, -98, 104, 180, 162, -80, -56, -144, -130, 194, -2, -114, -44, 94, 170, 48, -44, -56, -12, 256, -118, 64, -106, -24, 114, 22, -34, 42, 60, -74, 82, -98, 74, -290, -62, -56, 338, -120, 78, -100, -236, -22, 216, 152, 68, 264, 70, 52, 26, 124, -166, 102, 2, -234, 74, -132, 16, 118, -88, 90, -148, -108, 34, -70, -80, 56, -16, -130, -232, 178, 112, 34, 106, -60, 28, 334, 30, -30, 94, 254, 48, 156, -22, 122, -56, -108, 112, -68, 6, 28, 80, 52, -104, 108, 88, 134, 88, 120, 98, 30, 12, 160, 112, 22, -18, 250, 4, -38, 64, -102, -52, 170, 44, -190, -52, -112, 188, -32, 28, 94, -202, -2, -194, 172, -228, -64, -12, 278, -2, 102, 192, 12, -26, 6, 118, 26, -52, 134, 178, 144, -68, -86, -14, 234, -202, -118, -8, 38, -212, 2, -184, -162, 14, 0, 96, -56, -244, 106, 74, -58, 90, 206, 280, 38, 32, -92, -20, 122, 146, 28, 214, 98, 70, -238, 66, 266, 10, -4, 48, 68, -144, -34, -148, -156, 110, 152, 312, 50, 68, -214, -240, 152, 156, -22, -32, -34, -64, 30, -24, 142, 186, -212, -224, 130, 202, 60, 76, -12, 290, 234, -18, 52, 24, 52, 18, -206, -106, 162, -146, -4, 28, 370, -46, 92, 142, 138, 146, -178, -4, -198, 80, 74, 40, -52, 34, 18, 148, 200, -76, 104, -120, 70, -278, 110, 64, 156, 40, -2, 116, 100, 16, 114, 226, 154, -14, 12, 142, -10, 112, -134, 110, 198, -42, 90, -52, 114, -24, -110, 0, -148, 70, -174, 26, 28, 310, -18, 112, -32, 106, 50, 14, -54, 250, 110, 162, 70, 28, -70, 84, 204, 216, 14, -236, -76, -18, -54, 146, 48, -178, -84, -148, 102, -14, 126, 174, -90, 98, -46, 106, 98, 28, -42, -32, 0, -194, -78, -252, -136, -10, -2, 184, 2, -118, -28, 28, -170, 70, 126, 40, -68, -70, 112, -98, -158, 116, -56, -30, -74, 78, -232, -158, 154, 154, 80, 20, -50, 124, 
-290, 22, 108, 62, 70, 16, 86, -230, -70, 26, -72, -136, 10, -78, -118, -192, -142, -128, 114, -98, 160, -100, 22, -10, 116, -210, -34, 188, 74, 158, 12, -176, -46, -76, -144, -22, 92, 162, -34, 78, -142, 78, -174, 38, -206, -16, -138, 156, -66, 170, -220, -40, 70, 224, -88, 114, -2, 98, -34, 178, 232, 32, 90, 6, -182, -38, 72, -38, 80, 10, -26, -52, -108, 12, 10, -72, 56, 156, -56, 176, -38, -42, 20, 82, 112, 174, -32, 240, 168, -196, 76, 72, 62, 154, -150, 116, -254, 238, -20, 152, 174, -182, 2, 76, 452, 32, 38, 2, 4, 120, 4, -36, -4, 202, -44, -170, 144, 152, -10, -302, -30, 72, -152, 26, -138, -142, 144, 22, -100, -78, -116, -152, -116, -60, 74, -160, 106, -64, 238, -74, -62, 8, 22, 76, 104, -226, 80, -150, -54, -42, 272, 22, -220, 82, 166, -40, -288, 70, 256, 190, 60, 20, -288, 6, 248, -44, -30, 90, 130, 34, 128, -34, -206, 68, -4, -14, 290, -272, -182, -98, 106, -160, 48, -110, 38, -18, 226, 122, 152, -160, 260, -20, 16, 302, 36, -42, 18, -114, 174, -36, -6, 80, 4, 112, 20, -102, 366, -40, -102, 58, 80, 48, -110, 256, 104, -6, -116, 192, -56, 72, -34, 134, -24, -158, -2, -70, 126, 22, -106, -4, 64, 42, 70, 148, -120, -170, -114, 200, 80, -68, 196, 342, 130, 72, 130, 84, -44, -16, -70, 86, 10, -48, -38, -54, -118, -40, 100, 86, 76, -36, 180, -20, 130, 114, -148, 128, 98, 66, 258, -158, 140, -154, 18, 204, 158, 100, -182, 34, 80, -36, -142, -82, -24, -42, 34, 50, -136, -72, -28, -22, -30, 20, -96, 150, 94, 30, -178, 40, 60, -8, 70, 26, -54, 82, 104, 114, 140, -206, -6, 90, -154, -32, -88, -76, -40, -182, -94, -86, 286, 72, 16, 24, -28, -270, -2, 0, 116, -26, -204, -18, 188, 12, -12, 130, 90, -96, 44, 148, -70, -266, -106, -116, 54, 256, 40, -288, 8, 192, -24, -34, -148, 188, -28, -90, 244, 262, -176, -26, -54, -144, -26, -184, -220, 206, -76, -122, 110, -6, -60, 98, -20, -42, 18, 68, -160, 106, -110, 30, -170, 66, 116, 94, 126, 30, -108, -34, 110, -14, -30, 46, -184, 40, -182, 142, -194, 296, 110, -86, 78, 14, 8, 82, -100, -216, 174, -152, -122, 60, 108, -212, -12, -132, 2, 140, -144, -110, -20, 84, 48, 122, 138, -12, 172, -8, -66, 48, 2, -176, 26, -50, 6, 40, -68, 120, 2, -108, -230, -54, 44, -232, -120, -46, 42, -272, 122, 268, 62, -110, 194, -54, 130, 78, 76, 22, -144, -164, -268, -278, 118, -122, 46, 58, -98, 28, -134, 28, -96, 134, -96, 48, -18, -86, 40, -202, 70, 122, 130, 84, 220, 48, -78, -124, 66, 54, 128, 34, 212, -18, 84, -52, 198, 128, 120, 284, -84, -310, -6, -42, 148, -106, 
88, 54, -102, -50, 130, 232, -112, -112, -44, 22, 148, 200, 120, 40, -6, -82, 162, 68, 22, 72, -88, -72, 68, 96, -84, 144, 94, -228, -106, 20, -162, 126, -36, 86, 280, -58, -138, 0, 76, -250, 264, -196, 88, 100, 218, -100, -24, -378, 88, -8, 306, 86, 52, -6, 60, -122, -102, -2, 38, -2, -52, -6, 48, 60, 252, 106, -58, 324, -194, -54, 136, 202, 212, 68, 6, 46, 44, -96, 26, -70, -14, 88, 26, -80, -192, 44, -58, -88, 90, 12, 12, -6, -18, -110, 90, -156, 288, -206, 84, -124, -74, 250, 74, 86, -224, 28, 104, 176, 64, -202, 86, 182, 164, 30, -8, 200, 10, -128, 4, 364, 84, 20, 54, 80, 104, 96, -24, 134, 244, 200, 70, 160, 82, 74, 142, 116, 0, -76, -58, 168, -170, 46, 138, -64, -74, 58, -82, 178, -36, 72, -138, -42, -88, 42, -208, -86, 246, 28, -194, -180, 166, 42, 270, 76, -100, -14, 98, -144, -46, 42, 70, -96, 140, -84, 34, -8, -372, 228, 128, -144, 112, -62, 92, 244, 168, 198, -122, -76, -136, 12, -30, 156, 204, -294, 84, 108, -150, -26, -158, -38, -58, 14, 90, -36, 182, 94, -200, 114, 102, -20, 46, 218, -72, -160, -70, 178, 104, -66, 68, -36, 68, 156, -66, 22, -36, 116, -46, -88, 52, -20, -58, 54, -36, -134, 128, 188, 188, 108, -166, 112, -134, -244, -58, 102, -172, -80, 108, -24, -2, 20, 70, 30, 32, -98, -18, -18, 106, -32, 134, 26, 170, 8, -124, -12, 88, -108, -244, -142, -232, 182, -94, 138, 0, -2, 34, 16, 152, 106, -50, 174, 176, 126, 126, -44, -74, 94, 34, -58, -32, 82, 4, 8, 84, 10, -34, 152, 10, -18, -38, 26, 156, 36, -20, -14, 32, 82, -38, 232, 36, -76, 110, -98, -24, 120, 58, 12, -6, 176, -46, 110, 22, 76, -36, 152, 6, -34, -96, -28, -198, 90, -32, 136, 54, -88, -156, 24, -12, -154, -36, 138, 436, -120, 120, 58, 44, 278, 32, -60, -2, -48, 106, -74, -42, 124, -166, -98, 162, 170, 0, 104, 38, 296, 88, -70, -60, 8, -194, -30, -56, -122, 108, 2, 94, -14, 96, -52, 46, -124, -68, -14, -256, -36, 22, -66, 162, 150, -108, 102, 68, 148, 78, -38, 76, -100, 394, -102, -42, 66, -192, 214, 110, -14, 68, 154, 48, -14, 60, -202, 156, 134, -36, 20, 74, -122, 158, 132, 60, 92, -36, -160, 78, 4, -40, 64, -82, 196, 152, 156, 6, -68, 8, 28, -64, -22, -68, 120, 172, 146, -108, 40, -8, -42, 58, 190, -156, -174, 152, 148, -94, 170, -4, -88, -24, 6, -112, 292, 328, 174, -78, -26, 146, 106, 324, 156, 26, -78, 150, -114, 68, -52, 8, 40, 2, 204, -76, -196, -20, -24, -28, 48, 192, -4, -164, 46, -88, 128, -186, -36, -6, 116, -122, -152, -146, -230, 40, 186, 18, -18, -392, 168, 
56, 136, 18, 108, 72, -122, 34, 134, 34, 72, -130, -96, -112, 36, 64, -154, -188, 116, 42, -94, 134, -58, -144, -84, -72, -104, 34, -114, -112, 26, 124, -56, 20, -30, -184, 164, 234, 4, -62, 290, -160, 160, 116, 2, -52, 84, -10, 328, 14, -8, -170, 78, -62, -114, -148, 182, -18, -16, 10, 74, -32, -42, 16, -68, -134, -86, 32, -32, 214, 62, -2, -188, -182, 22, -6, 98, -114, 182, -32, 18, 170, 68, 32, 158, 26, 92, 98, 54, -42, -120, 168, -2, -24, -60, -110, 248, -370, -40, -10, 50, -18, -238, 138, -12, 194, 84, -142, -54, 134, 40, 106, -166, -184, -44, -18, 30, -212, 92, 64, -216, -142, -28, -118, 16, -240, -156, 52, -178, -142, -274, -154, -152, -6, 38, -190, -200, 70, 70, 32, -108, -104, 224, -18, 50, -20, -2, 12, 168, 74, -40, 110, 174, 54, 68, 86, -48, -116, -4, 106, 198, 90, -158, -46, -18, 84, -122, -92, 186, 210, 58, 72, 72, -234, 82, 136, 28, 132, -42, 24, 146, -54, -24, 182, -234, -122, -192, -40, -74, 260, 110, 86, -42, -86, 174, -48, -10, 236, 46, 188, -116, 42, -120, -18, 270, -84, -110, 224, -102, 50, 80, -20, -150, -138, 86, -66, 40, -188, -144, 78, 64, -64, -96, 32, -162, -100, -4, 184, -122, -192, 56, 6, 98, 50, 312, -36, -144, 10, -10, 170, 28, 288, 210, 54, -42, 114, 258, 8, 96, -246, -22, -74, -100, -12, 56, -24, -24, 42, -42, -52, 128, -222, 82, 136, 158, 96, 46, 24, 284, 126, -124, 154, 24, -72, -28, -164, 50, 132, -142, 134, -36, -78, 100, -54, -8, 46, -32, -90, 26, -14, -54, 222, 72, -94, 8, 4, -78, 58, 12, 134, -78, -122, 122, 110, 114, -16, 46, 114, -196, 10, 260, -54, 114, 76, -102, -142, 16, 24, -194, 90, 0, 54, -96, -22, -192, -34, -102, 208, 54, 130, 40, 186, 2, -80, 162, 98, -52, -114, -10, 192, -220, -290, 8, 196, -46, -34, 32, -14, 92, 116, 124, -26, 58, -40, -188, 204, 104, 46, 110, -68, -42, 116, -174, -32, 130, 184, 100, 178, 26, -168, 108, -20, -92, 106, -30, 122, 206, -112, 184, 40, 38, 52, 132, -6, 78, 158, -40, 168, -194, 24, -70, -248, 88, 28, 228, -226, 192, 66, -40, 348, -180, -90, 14, -84, -54, -164, 6, -50, 194, 16, -174, -148, -40, -20, 84, 74, -278, -10, -68, 60, 108, 26, -62, 88, 102, 250, -60, -88, -170, -38, 152, 38, -116, -234, 146, 96, -108, -162, 70, -80, 188, 64, -118, 100, 72, 108, 170, 14, -172, 244, -24, 28, -28, 102, 78, -158, -18, -200, -160, 84, 28, -184, 72, -80, 0, -20, 174, -20, 80, 54, 192, -112, -134, -18, -196, -202, 102, 60, 182, 86, -68, -198, 64, 100, 20, 34, 70, 214, -124, -86, -44, 320, 52, 16, 162, 66, -68, -66, -114, 222, -10, 
-8, -68, 54, -72, 28, -74, 228, -12, 52, -132, 180, 178, 126, 102, -34, 56, 244, 118, -76, 106, 24, 216, 210, -40, -136, 64, -172, 110, 44, 68, 14, 116, -126, 12, 142, -8, -126, 8, 220, -124, -40, -60, -148, 308, 162, 152, 0, -204, 2, -18, 306, -26, 12, -34, 40, 226, -26, 10, 78, -20, 8, 74, -238, 6, 50, 254, 116, -20, -174, -74, 94, 198, 280, -4, -116, 8, 70, 124, -156, 48, 64, -20, 10, -84, 72, 10, 34, 162, -20, 108, -96, 36, 198, -86, 94, -402, 298, 16, 216, -62, 104, -16, -256, -44, -100, 0, 112, 30, -164, -16, 56, 76, 16, 96, 238, -18, 98, -74, 98, 64, 230, -70, 4, -88, 126, 200, 52, 206, 4, 198, 90, 116, 58, -20, -84, 44, -20, -30, 122, 218, -8, -50, 46, 58, -30, 118, -50, 38, -60, 130, 16, -42, 28, -8, 82, -72, 114, 180, 14, 56, 66, 276, -24, -266, -6, 296, 144, -120, -36, -12, -66, -68, 168, 50, -282, -8, -92, 74, -100, 136, 140, -40, -154, 300, 140, 176, 40, 6, -156, 50, -78, 254, 122, -182, 60, 98, -40, 28, -32, -60, -126, 110, 136, -142, 120, 226, -238, 36, -58, 216, 86, 86, 80, 20, -32, 56, 106, 226, -106, 40, -126, 8, 46, 142, 214, 238, -58, 218, 94, 24, 198, 0, -18, -122, -4, 130, 80, -204, -90, 74, 18, -168, 52, 88, -52, -202, 18, -122, 230, 0, 70, 172, -18, -352, -24, -116, 74, 56, 18, -16, 216, -94, -82, -78, 62, 148, -204, -228, 8, 314, -244, -34, 132, 96, 128, 52, 130, 84, -38, 100, 68, -120, 126, -84, -106, 110, 62, 172, 70, 74, -214, -130, -34, -70, 8, 16, 122, 30, 6, 168, -86, 88, -190, -180, 16, -88, -130, 230, -118, -116, -18, -54, 60, 346, 104, -10, 48, 242, -18, -44, -62, 34, -154, 38, -36, 130, -110, 10, 2, 32, -22, -34, -40, -92, 92, 110, 276, 300, -52, 332, 232, -228, 12, 188, -58, -4, 82, -56, -144, -86, 96, -12, 108, -22, 74, -36, -104, -142, 36, 224, -60, 42, -14, -88, -184, -48, 8, -48, 162, -50, -48, 68, -56, 170, -164, -170, 64, -106, 158, -130, -76, -6, 198, -190, -246, 66, 148, 284, 56, 58, 114, -132, 132, -26, 68, -172, 52, -24, -134, 104, 16, 40, 222, 30, 88, 210, 238, -116, -68, 142, 60, 230, 80, 36, -70, 110, 32, -6, 8, 130, 86, -10, -124, -6, -68, 36, 98, 62, 128, 82, 44, 56, 274, -148, -10, 32, -32, 56, 24, 0, 2, 68, -194, 44, 28, -234, -56, 80, -136, 132, -142, -82, -48, 46, 118, 314, -18, 58, -234, 14, 182, -24, -98, 276, -106, -172, -8, 118, 32, -16, 84, 72, -8, 54, 170, 24, 20, -194, -44, 90, 214, -28, -10, -150, -74, -78, -64, 28, 78, -76, -262, -98, 54, -254, -82, 132, 148, 178, -256, -32, 
-14, 54, 32, 194, -200, 46, 124, -4, -36, 56, -360, -326, -174, -92, 40, 88, -38, 8, 174, -168, 154, -34, -118, 28, 38, -112, 128, 30, 148, 24, -150, 24, 306, 80, 2, -42, 304, 184, -128, 204, -116, 20, 96, -16, -16, -16, 58, 188, -86, 198, -92, 120, 48, 44, -54, -90, 266, 118, 84, -20, -42, 38, 140, -14, 46, -40, 82, 48, 106, 72, -102, -54, -138, -48, 42, 90, -220, -110, 146, -126, -296, -106, 74, -10, -90, -2, -34, -50, 34, 2, 190, 30, -82, -114, 20, 350, -254, -60, -92, 34, 4, 18, 76, 124, 146, -92, -62, 38, 130, -80, -140, -30, -74, -62, -220, -46, -36, 252, 46, -218, -54, 68, 116, -30, 114, -126, 20, -116, 46, -54, 86, -4, 182, 48, -240, -104, 48, -58, -142, -114, -60, 224, 126, 68, 44, -184, -16, 60, -36, -208, 72, 28, 0, 10, -190, 154, -94, -142, 26, 12, -52, -70, 92, 98, -92, -186, -152, 90, -92, 100, 166, -18, 4, 48, 188, 88, 76, 38, 138, 96, -140, 146, 218, -334, -96, -150, 32, -18, 198, 184, -94, -80, -112, 474, -80, 138, 50, -62, 240, -44, 134, -108, -30, 156, -28, -62, 256, -122, -68, -102, 2, -92, 12, -46, 78, -12, 86, 14, 26, -120, 218, -28, -32, -126, -332, -70, -20, 4, -76, -22, -66, -2, -28, 144, -140, -30, -180, 178, -36, -214, 2, 214, -32, -6, 158, 312, 42, 220, -48, 152, 76, -26, -118, 194, -40, 96, -34, -78, -2, 70, -146, 228, -54, -4, -8, -102, -20, 100, -60, -88, 102, -62, -90, -24, 50, 60, 74, -10, -12, -84, -52, 166, -50, 182, 46, -68, -190, -62, 92, 62, 144, 272, -34, 96, 102, 2, -28, -30, 86, -196, 204, -196, 232, 230, -96, -136, 20, -128, 172, 124, 16, 64, -146, -290, -78, -20, -8, -230, 70, 100, -32, 58, 162, -4, 130, -18, -28, -40, 38, -30, 108, -90, 10, 28, -204, -96, -242, -44, -54, -252, -96, 198, -104, -8, 30, -26, -64, -8, 66, -74, -110, 82, 30, 32, -222, -80, 206, 36, -16, 34, 66, 24, -92, -84, 172, -104, 166, 104, 4, -32, -24, -108, -6, -152, -12, 264, 4, 16, 78, 124, 32, -82, 56, -28, 350, -162, -10, -152, 18, 42, -72, 46, -14, 136, -32, 194, 62, 106, 178, -64, -306, 78, 34, -78, 200, -4, -116, 202, 114, -22, -162, -58, 48, 86, 140, 100, -26, 136, 42, -140, -14, -88, 276, -30, -56, -36, -6, -30, -76, -36, 120, -68, -70, -38, 124, -38, -186, -126, -54, -60, 142, 122, 12, -40, -82, 256, -14, 24, 164, -200, 110, 182, 4, -226, -142, -238, -64, -142, 210, -72, -66, -28, 56, -114, -98, 78, -152, -138, -20, 190, -100, -2, 70, 124, -108, -90, 170, 58, 66, -358, -104, 108, -72, 144, 110, 108, -50, -72, -12, -8, 330, 178, 24, 218, 42, -40, -38, -10, 44, -12, 
-66, -92, -28, -72, -54, -128, -22, 40, -6, -60, 332, 216, 32, 40, 0, 14, 166, -92, -142, 90, 34, 116, 16, 72, 14, 6, -10, -140, -32, 126, 158, 18, -284, -32, 42, 84, -192, -122, 22, -430, 8, -12, 10, -120, 146, -218, -68, -168, 172, -132, -108, -46, 54, -30, -58, 42, -176, 138, 90, 212, 70, -12, -108, 28, -62, 108, -166, 24, -50, -154, 78, 116, 120, 146, -162, -92, 206, 70, -76, 142, 276, 70, 4, 230, 78, 74, 104, 120, 38, -8, -214, -142, 112, 38, 78, -278, 304, 74, 154, -76, -18, 172, -86, -38, -94, 18, 20, -102, -122, 44, 106, 204, 176, 178, 232, 108, -198, -182, -42, 244, 94, -4, -44, 138, -26, 18, -8, 78, 116, 128, -80, -54, -110, 30, 172, 148, -66, 138, 304, 134, 112, -178, -116, -24, 18, 278, 136, -2, -20, -72, 208, 46, -150, -10, 270, -52, 120, 100, 150, 8, 234, 88, -6, 132, 50, 160, -104, -56, -26, -254, -2, 46, 136, 12, -134, 168, -16, 28, -232, -58, -30, 58, 62, 298, 78, 188, 132, -90, -16, 22, 82, 46, 86, -294, 2, -254, 26, 260, -310, 58, -70, 280, -42, -312, -42, 46, -128, 48, 28, 204, -24, 80, -90, 66, 106, -12, 126, 56, -196, 126, 32, -50, 172, 72, 398, 96, 154, 50, -72, 142, 2, 32, 174, -32, 128, 40, 232, 34, 18, 206, 50, -188, 28, 142, -150, -286, 150, -216, 188, -18, 122, 162, 82, -26, 128, 22, -186, 32, 38, 154, 194, -46, 38, 66, -6, -136, 68, 58, -24, 56, 30, 16, 56, 116, 58, -108, 40, 16, -48, 202, -18, 52, 266, 58, -310, 126, 24, 122, -44, 74, -118, -120, 24, -124, -172, 88, 20, 52, -8, 262, -90, 356, -110, -208, 26, 42, -20, -58, -200, 78, -60, 114, 178, 284, 110, -34, 24, 174, 58, 34, -26, -28, 86, 114, 44, -74, 52, 154, 208, 26, -158, 154, 6, 2, 154, 18, 184, -34, 18, 294, 122, -60, 204, -6, -106, 100, 216, -60, -280, 30, 200, 186, 0, 32, 102, 12, -48, -56, 184, 34, 94, 62, 38, 104, -104, 136, -242, -84, -10, -28, 44, -20, 114, 84, 78, -132, 148, 46, -12, -24, 66, 186, -74, 118, -420, 96, -4, 94, 50, -20, 40, -26, -86, -62, 84, -10, -74, -62, -206, 116, 326, 56, 150, 22, -114, -78, 120, 82, -114, -92, -56, 108, -32, 100, -148, 18, 142, -252, -166, 224, 18, 114, -290, -122, 236, -112, 94, -88, 118, 194, -142, 52, -24, 198, -4, 6, 134, 64, 204, -54, -82, 6, 86, 76, 158, -124, -38, 88, -140, 302, 80, -52, 182, 162, 322, 110, 84, 182, -106, -86, -12, 4, -162, 182, 192, -50, 68, 66, -176, -300, 160, 26, -170, 8, -12, -12, 40, -76, -172, 254, 102, 12, 186, -34, 4, 248, -38, 66, 174, -90, -82, -102, -198, -318, 2, 128, 142, -48, 190, -54, 
-18, -118, 174, 138, 128, 74, 100, -46, 62, 28, -134, -58, 132, 90, -92, -74, 52, -44, 98, -126, 32, -40, 106, 98, 138, -70, 62, 254, -28, -2, -112, -40, 244, 62, -60, 54, 104, 184, 6, 430, 32, 8, 130, 108, -64, 200, 136, -92, -6, 170, 176, 18, 46, 32, 48, -40, -58, 30, -48, -30, -16, 26, 90, 114, 128, 170, 100, 72, 148, 142, -102, -100, 128, -118, 156, 60, -270, 106, 190, 10, -172, -28, 100, -154, -180, -14, 58, -86, -154, 80, 134, 26, -70, 114, 110, 302, -24, -10, -60, 72, 246, 8, -46, -8, -14, 64, 26, -68, 128, -158, -58, 108, -86, -140, -12, -260, 180, 282, 68, -90, 118, 18, 18, -42, 172, 34, 34, 54, -160, -64, 160, -46, 26, 6, -4, -168, 314, -52, -134, -92, 18, 6, 102, 62, 162, -94, 10, 64, -70, 200, -190, 160, 224, 42, -100, 82, -176, -92, -44, -94, -44, -240, -72, -38, 34, -216, 226, 142, 150, 246, -100, -78, -88, 56, 12, 18, 56, 74, 122, 48, 140, 86, -18, -56, -134, -282, -86, 66, -34, -180, -90, -86, 18, 286, -42, 182, 6, -102, 132, -40, 134, -102, 274, 140, -162, -28, 172, -132, -2, -140, 102, -64, 78, 130, -14, 130, -66, 22, 254, -124, 4, -86, -74, 20, -236, -64, -74, -12, -74, 48, 38, -22, 42, 70, 58, 16, -148, -46, 12, 38, -56, 116, -42, 144, 122, 198, -130, 108, 34, -16, -68, 32, -122, -6, -186, -24, 134, -50, 26, -42, 98, 344, -80, -62, 88, 132, 32, 150, 148, -70, -120, -116, -122, 190, 228, 76, 128, -54, 94, -150, 164, -8, -230, 44, 48, -76, 62, -48, 80, -112, 38, 138, -22, 376, 348, 68, -74, -76, -4, -238, -134, -46, 288, 266, -30, 18, -112, 28, 28, -82, 38, -48, -78, -28, -112, 114, 4, 56, 50, 52, -70, 154, -144, 32, 296, -90, 108, -70, -166, -6, 80, -282, -16, 72, -284, -6, -130, 152, -130, -280, 4, 42, -138, 286, 146, 204, -60, -18, 124, -20, 22, 152, 66, 136, -62, 128, 162, 166, -74, 62, -100, -134, -136, 78, 70, -48, 222, 182, 112, 58, 136, -32, -136, 84, 100, 74, -142, -32, -112, 58, -6, -160, 112, -138, 372, -158, 160, 40, 20, -36, 138, 6, 64, 4, -46, -220, 216, 8, 78, -144, -46, -6, 80, -10, 36, 124, -54, 120, 76, 186, 168, -74, 78, -10, 160, -106, -76, 146, 130, -46, -38, -110, 154, 174, 24, 176, -92, 108, -94, -248, 210, -80, -74, -190, -114, -108, -8, -188, -100, 190, 126, -82, -154, 140, -140, -58, 62, -10, 128, -134, -190, -12, -210, 0, -166, -132, 30, 44, 154, 60, -56, -4, 56, 110, -132, 198, 62, 32, 132, -8, -160, 76, 160, 154, 26, 112, -74, 140, 46, -34, 152, 46, 104, -134, 128, -68, 14, -48, -266, -12, -130, 204, -78, 372, 144, 30, -36, -76, 74, 4, 
162, 96, 10, -92, -106, 118, 84, 84, -26, 16, 166, 50, -34, -272, 58, 54, 120, 122, -26, 126, -66, 32, -90, -254, -18, 78, -8, -174, -92, 98, 90, 68, -176, -200, 14, -78, -252, -218, -24, -174, -32, -96, 172, 152, 58, -104, 24, 216, 188, -62, 110, -50, -176, -16, 48, 52, -70, -20, 418, -100, -10, 100, 20, -162, -4, 116, -34, -190, -76, -52, 96, 50, -86, 104, 148, -40, 218, -132, -94, -10, 178, -20, 124, 112, 4, 84, -28, 132, 58, -152, 208, -60, 130, 180, -26, -86, -22, 50, 52, -288, -188, 120, -54, 4, -12, -118, 48, 38, -170, 90, 286, -8, -26, 132, 26, 158, 96, -84, 14, -168, -118, -20, 218, 30, -56, 122, -106, -74, 184, -18, -72, 106, 120, -42, -30, 10, 16, 212, 156, -30, 32, 26, -158, -38, 70, 264, 28, 132, 198, -310, 164, 54, -130, -136, 24, 22, 222, 226, 174, 150, 288, 226, -16, -272, -54, 122, -328, -52, -56, -72, 82, 144, 120, 50, -12, 0, 78, 68, -178, 14, 68, 8, 70, 116, 18, 192, 118, -4, 90, 202, 170, -98, -16, -116, 118, -194, -98, -34, -28, 102, -144, 66, -124, -182, 94, -184, -242, 8, 170, 126, -88, -40, 100, -106, 62, -132, 56, -14, -56, -6, 42, 30, 98, 132, 240, -42, 74, 32, -14, 184, 70, 116, -52, 196, 164, -110, 128, -182, 184, 146, -102, -24, 22, -30, -76, -32, 116, -290, 78, 152, 10, 106, 258, -200, 156, 22, -88, 54, -154, 62, 80, -438, -172, -100, -14, -54, -156, 0, -62, -42, 318, 106, 104, -206, -326, -108, -32, 6, 176, 350, -160, 70, 344, -70, -246, 120, 108, 126, 68, 170, -60, -116, 30, -180, -314, -20, -172, 158, -20, 258, 156, -92, -58, -118, 108, 44, 24, -102, 8, -6, 70, -40, 210, 102, 118, -94, -132, 120, 106, 22, -142, 94, 144, -136, -222, 298, 68, 114, 30, 66, 16, 382, 96, -104, 138, 128, 50, -84, -116, 280, 20, -96, 146, -202, -122, 40, 250, 146, -94, 46, 130, -36, 0, -116, -52, -190, -134, -110, 0, -26, 176, 10, 0, -140, 128, 144, -100, -40, -82, 0, -20, 50, 40, 34, -202, -26, 288, 124, 262, -74, 84, 132, -146, 120, -254, 134, -142, 100, -24, -122, -64, 32, 84, -142, -64, 238, -226, 8, -44, 176, 84, 2, -14, 36, -34, -76, 142, -110, -32, -216, 46, 138, 206, 60, -52, 228, 192, -38, -116, 30, 4, 170, -74, -156, 76, -216, -104, 38, 206, -12, -158, 134, 154, 266, 98, 16, -130, 206, 70, 138, -102, 142, -14, 36, 154, 278, -56, 38, 54, 154, 106, -26, 182, -2, 230, 0, 200, 4, 46, -108, 318, 24, 178, -194, 258, -136, -158, 302, -46, -58, 194, -58, -142, -50, 28, 98, -50, -244, 16, 186, 26, -12, -70, 0, 70, 12, 34, 106, 230, 118, -46, -120, -34, -336, 20, -2, 288, -96, -26, 194, 
-194, -158, 66, -10, 136, 140, 32, 24, 0, -86, 54, 6, 52, 118, 124, 98, -24, -54, 164, -144, 22, 42, 138, 82, 108, 44, 8, 112, -62, -8, -148, 74, 60, 284, 18, -12, 234, 82, 6, 134, -20, 38, -48, -118, -12, 284, 226, -136, -206, 62, -64, 168, 100, 180, 68, -120, 120, 142, -78, -24, 170, 60, 68, -34, -40, 148, -104, 222, 152, -26, -2, -36, 160, 188, 2, -56, -10, 132, -4, -194, -142, 176, 92, -108, -4, 16, -38, -38, -50, 72, -32, -48, -186, -174, 6, 56, 64, -226, 10, 218, 164, 130, 142, 80, -134, 128, -36, -134, 178, -146, -104, 198, 104, -40, 96, -52, 8, 104, 234, 84, 54, 40, -106, 32, 10, -192, -124, -32, -178, -154, -6, -174, 26, 62, 32, -68, -94, -228, -14, -66, 40, 2, 180, 18, 208, 60, -22, 8, -126, 210, -124, 34, 104, 190, -104, 8, -32, -30, 28, -216, -176, -146, -142, 162, 24, 244, 188, 178, 90, 110, -138, 138, -36, -100, 176, 46, 118, 76, 66, -18, 94, -136, -132, -68, -30, -176, 10, -158, -142, 26, -52, 216, -2, 62, -96, 0, 56, -72, -12, 82, 338, 168, 200, 56, -112, 210, 174, 40, -104, -86, 170, 6, -76, 10, -22, 164, 22, 54, 22, -138, 176, 112, -162, -68, -48, 250, -56, -152, 68, -114, -198, 34, -76, -268, -140, 198, -186, 220, 42, -60, 44, -72, 40, -80, 146, -8, -118, 260, -174, 58, 52, -58, -204, -8, 42, 16, 108, 2, 116, 62, -52, 362, 168, 98, 152, 48, -46, -44, 48, -70, -306, -128, -144, 156, 190, 238, 104, -76, -128, -178, 112, 60, -254, 36, 338, -166, -26, -70, 20, -142, -14, 252, 250, 126, 248, 166, 90, -42, 52, -116, -20, 128, 144, -42, -160, 26, 90, 16, 14, 136, -88, 58, -98, -2, -68, 306, 2, 74, -148, 88, 264, 16, -14, 36, 174, -2, -122, -32, -50, -168, 14, -2, 144, -138, 38, -60, -218, 96, 66, 46, 28, 180, -214, 146, 66, 12, -80, 8, 172, 34, -78, 260, 26, 316, 42, 176, 164, -40, 4, 14, 32, 16, 20, 16, 20, 90, 134, 62, 114, 42, 44, -24, -76, -102, 246, 22, -172, -164, 6, -10, -64, 30, 110, 190, 264, -92, -6, -94, -44, 184, 30, 142, 28, 188, 188, -176, 100, -76, -24, -20, -72, 16, -44, 210, 18, 122, -248, 328, 162, 222, -108, 18, -126, -94, 0, 34, -24, -48, 174, -46, -100, -124, 46, 220, 122, 246, -86, -114, 36, -84, 226, 42, 154, -240, 18, 96, 30, -206, 36, 68, 276, -170, 256, -104, -22, -146, -60, -74, -128, 32, -108, -48, -46, 100, -240, -52, -190, -32, -82, 118, -30, -260, 74, 148, -66, 62, 248, -232, 10, 66, -152, 150, 104, 78, 124, 8, 4, 150, -38, -110, 122, 70, -24, -168, 174, 12, 18, -116, -134, -228, 192, 104, 74, 270, -24, -82, 52, 40, 32, -178, 
144, 198, 206, 200, 30, -166, 132, 22, -50, 168, -92, -156, -34, -36, -138, 114, 74, -14, -70, 182, -68, -12, -48, 212, -168, -14, 284, -150, 64, 128, 44, -58, -48, -250, 176, -32, -176, 156, 54, -96, 100, -96, 290, 92, 110, -300, 8, 92, 120, -62, 304, -160, -180, -404, -40, 176, -86, -172, -54, -58, 204, 4, -112, 8, -36, 134, 4, -90, -28, 64, -54, -24, -210, -218, 16, 10, -124, 46, 174, -140, 92, -80, -74, 78, -28, -44, 124, -58, -118, -10, 62, 214, 128, 142, -80, -118, 8, 198, 134, 20, 46, -86, -152, 122, 40, -126, 12, 218, -106, 96, 142, 122, -82, 70, 4, 42, 16, -62, -206, -64, -270, -30, 150, 114, -8, 132, 206, -34, -14, 106, -58, 108, 76, 116, 18, 36, -4, 170, 76, -44, -28, -66, -12, -6, -84, 118, 8, -118, 120, -78, 176, 24, -120, -36, 44, -16, 188, 194, -40, -110, 180, 14, 280, -70, -34, -208, -88, -156, -84, 8, 188, 50, -10, 122, -14, -48, -110, -166, 50, 2, 56, 124, -18, 76, -18, 38, 0, 122, 300, -10, -22, 34, -62, -136, 162, 24, -126, 120, 98, 44, -16, -232, -34, -80, 248, 24, -154, -22, 230, 56, -74, -34, -44, 112, 102, -74, 58, -184, -26, 192, -22, -166, 122, -70, 206, -260, 104, 192, -48, -120, 330, -14, -64, 364, 56, -188, -54, -186, -124, 56, -30, -24, -64, 288, -40, 28, 24, -224, 258, 18, -66, -52, 42, -32, -82, -246, 50, 16, -346, -54, 76, -276, -196, -126, 14, 208, 86, 46, -40, 160, 90, 44, 4, -136, -44, 36, -22, 46, 206, -26, -180, -84, 258, -180, -274, 220, 36, 84, -18, 266, 22, -376, 54, 28, -188, -100, -60, 134, 94, 136, 62, -28, -236, 156, 108, 92, -90, 54, 60, -74, 158, -90, 134, -140, 154, -218, 96, -8, 58, -248, 88, -56, -10, 16, -254, -14, 114, 62, 184, 180, 52, 6, -72, 214, -42, 90, 238, -106, 164, 10, 50, -122, 286, 32, -180, -216, -58, 176, -126, 108, 80, -210, -70, -298, 8, 2, -72, 12, -12, 90, -126, 20, 38, -102, -76, -130, -46, -70, -110, -130, 12, 64, 126, -90, -100, 156, 276, 114, -48, 30, 94, -78, -48, -296, -192, 154, 198, 128, 276, -100, 124, 84, 118, -110, -72, 98, 4, 100, 134, -36, 152, 30, -56, -130, 54, 102, 124, -516, -20, -66, 172, 14, -2, 228, -54, 128, -146, 4, -170, -104, 80, 192, 16, -94, -86, 32, 78, -6, -110, 118, 30, -90, 104, 154, -16, -210, -12, 292, -14, 40, 74, 162, -152, -86, -54, 118, 136, 4, 188, 50, 118, 104, -66, -168, 156, 142, 36, 96, 168, -108, 90, 152, 190, 122, 208, -40, -156, 98, -18, -144, 210, -80, -176, -22, -62, 120, -28, 30, -84, 166, -134, -54, -46, 24, 84, -40, 74, 202, -132, 144, -18, -78, -64, -338, 84, 144, 82, -110, 50, 178, 
-86, -94, -30, -264, -36, 204, 90, 80, -176, -192, 24, 130, -62, 108, 134, 4, -102, -72, 16, -134, 32, 16, 104, -124, 72, 52, -226, -8, 108, 174, 106, 54, 34, 312, -38, 0, -38, -88, 44, -30, -48, -150, -232, 174, -208, 148, 130, 28, -140, 54, -328, 80, 38, 182, 146, 60, -38, 226, 200, 252, -120, 120, -10, 2, -100, 36, 112, 114, 106, 8, 4, 156, 232, 184, -28, 110, 96, -140, -20, -22, -72, -76, 62, -14, -52, 70, 130, 90, 92, 48, -98, -188, -32, 52, -42, 50, -46, -32, -12, 56, -36, 96, 18, 158, 22, 80, 46, -316, 84, -104, -128, -106, 146, 36, 152, 180, -96, -112, -66, 304, 82, -198, -216, 124, -96, -100, -20, 66, 48, -144, 62, 40, 96, -58, 2, 66, 74, 12, 66, 42, 192, 76, -4, -60, 28, -104, -64, 46, -84, 56, -232, -124, 58, 40, 4, 148, -74, -112, -82, 88, -152, 236, -420, -74, -26, 32, 58, 120, 10, -76, -136, -30, 88, -124, 176, 192, 262, 242, -128, 60, 102, -194, 0, -184, 26, -80, 60, -190, -266, 12, 52, 178, -12, -66, -84, -84, 138, -64, -94, -70, 112, 42, -68, 84, -114, 12, -8, 128, -242, -78, -16, 58, 16, -124, 10, 146, -66, 126, -14, -134, 68, 6, 42, 202, -294, -80, -54, 28, 98, 152, -154, -38, 128, -116, -258, -144, 96, 192, 40, -110, -20, 6, 76, -134, 28, 28, 12, 88, -240, 42, 134, 46, -120, -30, -174, 180, 40, -102, 376, 82, -22, 134, 6, 188, -80, -152, -118, -22, -72, -18, 102, 170, -24, 28, 252, -130, 86, 130, -168, -156, 270, -100, -346, -82, 256, -134, 36, -144, 98, -46, 238, 296, 36, 262, 144, 82, 212, 10, -52, 80, -118, 6, 248, -12, -202, -58, 24, 58, 12, 8, 20, 114, -78, 56, -124, 262, -16, 198, -170, 242, 22, 58, 4, 38, 204, -78, 150, 18, 10, -126, 54, 52, 78, 14, 84, 14, 22, 128, 22, 24, -170, 100, -98, 148, 134, 186, -58, -288, -6, -100, 112, 22, -8, 134, 86, 62, 56, -12, -150, 90, 82, -88, 54, 186, 162, 234, 48, -38, 166, 68, 122, 116, 32, -50, 12, -76, -50, 4, 140, 8, -54, 190, -56, 202, 126, -274, -82, -146, 32, -42, 126, -44, 54, 106, 108, 144, -98, -128, 2, 142, -234, 18, 152, 12, 96, 26, -170, 490, 162, -40, -154, 158, -116, 142, -78, -118, 170, 10, 210, -2, 104, 0, -50, 106, 24, 2, -198, 46, 142, -4, -16, 74, -158, -130, 146, 172, 34, -284, 106, -44, -22, -108, -2, -26, 78, 36, -82, -84, 0, -248, -76, -140, 116, 198, -172, 52, -64, 2, -24, 134, -116, 210, -66, -112, -92, 32, 256, -40, -6, 132, -188, -48, 58, 84, 256, 100, 20, 30, 28, -88, 50, 94, -4, -50, 140, 70, 90, -326, 202, -146, 220, 90, 240, 146, 28, 178, -164, 98, 84, -246, 
118, 224, -30, -110, 40, -24, -90, 74, 216, 44, 272, -136, 52, -34, -40, -88, -122, -252, 58, -8, -204, 16, -104, 100, -198, -188, 134, -38, -26, 64, -166, 100, 92, -202, 60, 66, -84, 174, -112, 116, 226, 76, 146, -116, 222, 60, -130, 4, 158, -122, 184, 76, -264, 56, 76, 138, 84, -212, 184, 70, -20, -50, 92, 116, -14, 8, -70, -138, 2, -64, -72, -56, -156, -254, -46, -34, -194, -40, 44, 2, -50, -4, 110, -46, 0, -44, 70, -182, -168, -100, -18, 18, 140, -266, 0, 98, 172, 166, -136, 114, 136, 30, 58, -116, -146, -212, -78, 36, -82, 114, 198, 114, -44, 24, -118, -132, 132, 8, -8, -192, -76, 62, 158, -226, -48, -50, 70, -44, -50, 192, 120, 154, 72, -58, 80, -98, 150, 42, 46, 6, -92, -78, 64, 174, 92, 152, 144, -56, 202, -138, 218, 36, 86, 74, -96, 224, -134, 8, 58, -76, 270, -100, 168, 58, 84, -68, 132, -70, -110, 342, 162, -78, 114, 240, -116, -120, -244, -42, 96, -76, -82, 154, 152, -80, -30, 152, -186, 142, 288, -280, -80, -146, 92, 174, 28, 212, -48, -70, -58, -20, -24, 80, 74, -32, 204, 178, -46, -48, 124, -38, 150, 64, -14, 132, 36, -118, 166, -128, 18, 270, -10, -6, -10, -102, 228, 54, 58, -58, -96, -148, 90, -18, -150, 158, 158, 12, -124, -104, 34, 78, -208, -66, -72, 34, -98, 152, -46, 46, 100, -72, -6, 62, 308, -90, 306, -114, 14, 86, -232, -18, 138, -52, -104, -122, -8, 130, 48, -26, 18, 52, 20, -78, 224, 60, -106, 164, -100, -90, 96, 146, -278, 212, 158, 138, -100, 232, -62, 112, -34, 198, -102, -240, 44, -84, -34, -48, -150, 106, 58, -6, 52, -48, -182, 176, 194, 106, 118, -4, 10, 80, 22, -66, 244, -112, 128, -214, 36, -100, 140, 60, 32, -100, 60, 106, -122, 216, -204, -32, 80, 20, -118, -2, -70, 104, -300, 66, -2, -70, 174, -22, 230, 26, 62, -182, 8, 92, 14, 190, 20, -28, -20, -110, -140, 56, 120, -52, 260, 38, 72, 168, 108, 38, 104, -222, -202, -206, 34, 144, -106, 40, -20, 8, 64, -116, -40, 82, -2, -66, -76, 120, 172, -102, 240, -28, -166, 404, 150, 82, 66, -52, 146, 40, 2, -30, -6, 38, 26, 250, 80, -194, 54, 218, -50, 90, 64, -144, 268, -290, -142, 20, 90, 38, 290, -116, 180, -38, -78, 22, -104, 60, 0, -16, -52, 62, 242, 130, 44, 36, -238, -22, -10, 58, 156, 102, -118, -46, 20, 226, -44, 248, -98, 30, 80, 28, -44, -100, 164, 184, 92, 206, 300, 248, -38, -324, 16, 118, 42, 14, 108, -158, -76, -96, 88, 10, -2, -122, -310, 136, 0, 10, 92, 0, 80, -270, -144, -38, -78, -52, -24, -46, 2, 2, 48, 90, -88, 66, -64, 234, -210, 60, -108, -156, -68, 2, 60, -6, 96, -212, -138, 246, 
-64, 112, -116, 192, -104, 90, 72, -148, -136, 50, -232, 142, -52, -26, 124, 2, 10, 172, -56, -60, 196, -8, 34, 76, 106, 110, 194, 186, 100, -24, 258, -36, 38, 250, 94, 2, 166, -22, 22, -190, -160, -280, -124, 48, -270, 92, 54, 148, -124, 78, -136, 98, 126, 78, -114, -194, 18, 180, -26, 14, 180, 106, -66, 8, 146, -22, 52, 304, 148, -68, 40, 142, 270, 96, -16, 4, 38, 90, 28, -68, 66, 108, -44, 50, -56, 60, 62, 140, 182, 40, -106, -162, 94, 482, -62, -134, -26, -76, 16, -130, -166, 182, -58, 104, 54, 92, -34, -84, 230, -62, -66, -92, 136, 180, 158, 18, 0, 40, -132, 182, 86, -30, -166, 148, 78, 256, 62, -114, 164, -320, -42, 28, -2, -30, 132, 142, -8, 18, 172, 162, -62, 122, 30, -18, 8, -94, 154, 134, 10, 182, -90, 80, -74, 12, 188, -60, 196, 36, -240, -120, -14, 258, -182, -160, -44, 16, 24, 50, 6, -188, -16, 148, 74, -116, 116, 218, 236, 70, 98, -2, -52, 148, -98, 82, 70, 38, 226, 148, -302, 134, -162, 226, 16, -220, 6, -284, 218, 72, 8, 80, 108, -168, -78, 182, -168, -16, -8, 334, 76, 58, -130, -212, -110, -50, 146, 82, -88, 100, -106, -54, 148, 122, -30, -30, 40, -2, -128, 8, 140, 316, -78, 94, 104, -202, -396, -12, 60, 230, 146, -6, 246, 16, -68, 138, -72, 30, -8, 16, 16, 222, 60, 76, -350, 86, -34, 148, 98, -128, 166, -72, -154, -10, 98, 112, 132, -318, -150, 64, -82, -12, -40, 254, -118, -134, 140, -284, 148, -100, 10, -62, 42, 158, -186, -44, 74, -240, 34, -34, -14, -12, 154, 142, 202, 52, -26, 170, 116, -106, 136, -192, -134, -22, 56, -202, -140, -110, -94, -50, -66, -132, -38, 96, 40, 118, -178, 252, -104, 46, -52, 96, 68, 54, 150, 24, 68, -96, 192, 222, 52, 72, -60, 184, 18, -34, 90, -98, 104, -82, -72, 32, -198, -4, -250, 224, -92, -2, 116, 82, -192, -22, 94, 42, 32, -126, 92, 62, -202, -60, -32, -112, -16, 78, -14, 90, 46, 80, -18, -52, 202, -6, -20, -30, 82, 60, 84, -26, 156, 254, 22, 30, 10, 278, -4, -88, 270, -204, 110, -126, 196, 22, 20, 120, 70, -212, 70, -90, -94, -4, -28, 292, -94, -108, 92, -190, 198, 116, -182, 216, -2, 66, -96, 30, -184, 18, -160, -60, -96, 26, 190, -226, 274, -10, 136, 216, -52, -94, -32, 0, 100, -124, -102, -34, -184, 52, 168, 212, 6, -82, -68, -86, 10, -70, -130, -48, 224, -42, -114, -106, -154, -226, -86, -258, -48, 168, 38, -46, 72, 90, -62, 140, 218, 210, -28, 30, -106, 28, 418, -66, 58, 68, -62, -144, 30, 108, 196, -174, 302, 64, -64, 228, 72, 0, 86, -80, 74, -106, 242, -190, -56, 6, 44, 216, 70, 2, -106, 110, -176, 254, 214, -162, 
60, 22, 212, 104, 38, 48, -6, 82, 32, -66, -46, 0, 64, -92, -120, -244, -32, 144, 26, 98, 6, -54, -82, -30, 64, -78, -30, -112, 48, -24, -198, -12, 20, -26, -80, 52, -164, -50, 170, 194, 204, 104, 154, -150, 30, -22, 94, -144, 66, -300, 96, -90, -52, 116, 38, 226, 4, -78, 76, -18, 136, -112, 66, 64, -16, -46, -28, -156, 110, 14, -14, -194, -290, 62, 74, 400, -150, 46, 12, 54, 68, -158, 64, -48, -130, 136, -46, -130, -124, -176, 110, 192, -50, -194, -46, 162, 48, 150, 10, -8, 212, -2, -182, 64, -100, 148, 44, 66, -22, 8, 32, 116, -8, -26, -8, -46, 142, -108, 56, -186, 38, 48, 204, -120, -40, -40, 22, 54, -50, 190, 114, -24, 56, 32, -124, -72, 126, -46, -6, -14, -58, -134, 12, 92, 50, 106, -312, -120, 102, -68, 16, 36, 196, 172, -176, 242, 118, -118, 222, 334, 92, -136, 96, 118, 162, 214, 58, 44, 34, 236, -56, -132, 14, 298, -178, -50, -184, 18, -106, 334, 48, -44, 198, 0, -44, -126, -172, -14, 292, -8, -28, -186, -88, 228, -140, 170, -142, -46, 34, 56, -94, 114, -28, 60, -60, -66, 80, -228, 2, 8, 218, 236, 166, 176, 146, -38, 156, 132, 26, 112, 18, -10, -32, -58, 88, -128, 254, -52, 30, -22, 182, -306, -66, 106, 274, -56, -44, -142, -192, 78, -232, -10, -28, -32, 128, -172, -148, 132, 224, -164, -92, -30, 124, -122, 216, -86, 58, 134, -26, -98, 122, -26, 124, -82, -198, 148, 40, -10, 126, -116, 22, -22, 40, 56, -60, 128, -78, 6, 56, 384, 30, 4, 200, 36, -106, 128, -8, -8, -126, 172, -130, -32, -198, -62, 62, 2, 30, 194, -114, 6, 122, -54, 54, 152, 68, 36, -78, 180, -220, 330, 56, 138, 372, 178, 158, -240, 214, -246, 160, 114, 118, -54, -132, 20, 114, -12, -156, 2, -10, -54, 176, -64, -94, 110, -150, 168, 226, -12, 2, 6, 392, -94, -20, -236, 140, 84, 26, -50, 64, 58, -136, -2, 54, 74, -88, -126, 326, 28, 96, 134, -158, -110, 78, -130, 50, 78, -40, 218, 94, -234, -52, 28, 10, -18, 42, 118, -48, -228, 126, -54, -164, -294, -88, 208, -134, 214, -8, 114, 22, -26, 38, -78, 72, 196, -68, 144, 288, 36, 90, -50, -36, 222, -6, 36, 42, -72, 156, -244, -48, -12, 160, -24, 204, 154, 132, 280, 226, -136, 46, 6, -262, -34, -56, -74, -46, 42, 220, -78, 8, -18, 198, 42, 190, -96, -68, -108, 130, 0, 74, 94, -78, 122, -14, -36, -174, -60, 198, 162, 102, 286, 424, 244, -22, -138, -18, -34, 24, 0, 22, -58, -314, -44, 142, -36, 30, 116, -166, 96, 64, 184, 98, 222, 28, -24, -234, 190, -80, 148, -38, -196, 14, -12, -64, -110, -30, -86, -162, 132, 102, 114, -64, -120, 44, 58, 108, -120, 34, -92, -208, 40, 
114, 76, -280, -4, 100, -32, 158, 14, -48, 74, -66, -178, 150, 24, 272, 90, 104, -162, 168, -60, 50, -8, 88, 136, -138, -10, -168, 120, 26, -166, 204, 100, 10, 10, 6, 98, 72, 26, -140, -162, -226, -56, -116, 4, -8, -30, 92, 188, -18, 280, -114, 68, 26, -22, 30, -332, -42, 132, -78, -56, -280, 126, -216, 134, 14, 60, 198, -14, 152, -124, -10, 242, 94, 40, 48, -128, 108, 52, 108, -110, 206, 82, -80, -64, -4, -50, -106, 148, 84, -26, -44, 20, -116, 80, 120, 24, -34, -112, -16, 252, -154, 110, 92, 62, -2, -126, 26, 100, 0, -148, 2, -52, 92, 90, -52, 260, -220, 154, 20, -52, -18, -52, -170, 72, -70, 16, -48, -90, -34, -40, 120, 30, -24, -18, 154, 212, -138, 94, -14, 18, -2, 142, 12, -52, 6, 72, 296, 138, -38, -4, -38, -64, -78, -108, 90, -66, 46, 64, -136, -114, -6, 206, 26, 112, 80, -102, 70, 44, -116, 44, -10, 8, -112, -80, 146, 134, 110, -52, 68, -338, 108, -24, -322, -28, 126, -38, 58, 24, -208, 74, -24, 182, 104, 72, 124, -236, 94, 138, 14, -88, 102, 82, 44, 68, 14, 178, -130, 184, -34, 58, -158, -144, 36, 42, 92, -94, 28, 108, 30, 2, 208, 32, 64, -68, -18, 46, 124, 200, 22, -42, -110, 374, 64, 40, -412, 92, -10, 66, 96, -8, 324, -28, -26, 174, -68, 46, 92, 96, -52, 76, 204, -288, -230, 194, -254, 192, 58, 42, -6, 190, 26, 86, 40, 72, 80, -186, 16, -8, -122, 16, 62, 138, -4, -60, 110, -160, 176, -118, 12, -198, -138, -24, -70, -16, 76, 102, -74, 82, 122, -44, 190, -28, -4, 20, 8, 34, 2, 86, 118, 98, -118, -92, 92, -124, 66, -68, -14, -86, 130, -86, -18, -6, -198, -154, -130, 198, -184, 96, -162, -66, -110, -78, 160, 140, 28, -36, 182, 84, -36, -108, -26, 284, 30, 12, 290, -104, -248, 298, -92, -68, -220, 186, 106, 252, 48, 0, 86, -116, 174, 10, 152, 118, -108, -54, 60, 114, -284, 208, -90, -140, 82, 102, 28, 52, -6, -146, 48, -36, 64, 246, 360, -78, 90, 16, -128, -202, 22, 20, 96, -16, 138, 168, 162, -210, 132, 64, 46, -240, 220, -98, -36, 58, -14, -112, -162, -78, -110, -10, -84, 166, 154, -38, -94, -148, -226, -18, 106, 350, 140, -254, -88, 112, -78, 4, -212, -322, -96, -106, -58, 150, 80, 32, 94, -20, 100, 42, -194, 174, -60, 56, -86, -6, -114, 50, 40, 162, -78, 88, 18, -64, 124, -130, -132, 92, 60, 92, -136, 96, 6, 100, -182, -38, 18, 182, 66, -56, 48, 78, -32, 68, 264, -22, -38, -132, -54, -72, 190, 156, 124, -100, -188, -24, -58, -162, 252, -80, 174, -74, 36, -88, 14, 74, 136, 172, -26, 166, 120, -162, -142, -94, 104, 340, 24, 42, -36, 16, 100, 36, 160, 306, 
-128, 48, 262, 38, 54, 132, -136, -112, 162, 104, 142, 34, 100, -32, -206, -210, 190, 124, -70, 118, 40, -104, 50, -68, 24, 24, 356, -94, 216, 278, -262, -102, -106, 98, -188, -4, 138, 26, 166, 72, 114, 192, 72, -14, -110, 10, 2, -96, -158, -102, 36, 196, 74, 204, -66, 488, 212, -8, -20, 94, 152, -220, 84, -140, 142, 54, -38, -126, -206, 128, -146, -340, -82, 50, -12, 148, -26, 22, 2, 36, -218, -72, -56, -40, 10, 84, 70, 14, 42, -124, 204, 4, 92, -66, -34, 108, 52, 182, -60, -62, 202, 6, -8, 4, 174, 186, 78, -164, 18, 124, 6, 140, 30, -174, -52, -148, 316, 10, -142, -4, 104, 162, 128, -66, 178, 56, 152, -36, 198, -102, -50, 140, -100, 52, 8, -180, 168, -110, 214, 74, 174, 92, 122, 178, 112, -68, -466, 26, 156, -42, 174, 148, -134, 244, 30, -86, 98, -108, 178, 80, 86, 80, 150, 72, 106, 182, -142, -2, 144, -182, -50, -28, 76, 92, -182, -76, -118, 2, 20, 290, -42, 80, 372, 98, -102, -88, -62, 8, 164, -46, 102, -54, 88, -48, 88, 24, -228, 18, 156, 188, 88, 152, 100, -34, 120, -132, -4, -160, 140, -20, 164, 98, 74, -54, 4, 50, 82, -4, 74, 128, -212, -168, 36, 82, 208, 112, -4, -62, -34, 18, 64, -338, 94, 246, 268, 62, 110, 82, -44, 42, -84, 96, 242, -170, 122, 116, 0, 10, 36, 34, -140, 146, -4, -214, 74, 80, 28, -222, 70, -200, -94, -12, 86, 32, -198, 94, 86, 112, 42, 96, -176, 8, 132, 164, -44, 130, 106, 150, 82, 90, 40, 4, 236, -88, -86, -148, 62, -208, -198, 68, -146, 4, 78, -110, -50, 40, 122, -148, 0, 154, 88, 206, 10, 106, -14, 44, -34, -70, -98, 56, -110, 182, 20, 58, 64, -28, 100, -108, 38, 0, 124, -118, -38, -68, 78, 114, 212, -108, -24, 122, -48, -286, -222, 14, -204, 86, 304, -106, 108, 78, 252, -86, -162, 72, -22, -12, 8, 72, 0, 38, 44, 94, 106, 348, 102, -66, 232, -114, 192, 28, 122, 56, -78, -20, -20, 36, 98, 106, 28, 36, -80, 216, -54, -70, -150, 130, -80, 222, 94, -84, 100, -20, 100, 34, -50, -98, 126, 260, -262, 100, 74, 74, 192, 130, 158, -18, 146, 84, 128, -216, -24, 112, 46, 224, 182, -84, 100, -410, -224, 338, 30, -44, 34, -70, 206, 344, -38, 76, 90, -336, -98, -170, 62, -50, 60, -18, 172, -94, 306, 148, -30, 52, 252, -140, -10, 152, 310, 20, 10, 40, -8, 248, 100, -142, 34, 116, 70, -74, 208, 42, 306, 94, 194, -8, 52, 152, -96, -128, -174, 74, -158, -74, -106, 280, -56, -100, -128, -214, -34, 224, -92, 208, 108, 178, -72, 76, -248, 178, -126, 40, -98, 0, -22, -198, 72, 90, 44, 2, 266, -54, 76, -140, 130, 34, 246, 144, -126, -228, 150, -66, 
100, -58, -128, -30, 74, 32, 8, 62, 64, 272, -152, 132, -164, 144, 80, 88, -154, -126, 62, -24, -158, -16, 4, -10, -168, -128, -140, -2, -12, -184, 256, 168, 82, -92, 226, 118, 10, 186, -116, 30, -96, -142, -108, 38, -26, -38, 110, -108, 128, 144, -124, 92, 34, -62, 72, -308, -54, -56, 72, -32, 30, -16, -124, 18, 54, 136, -148, 56, 238, -170, 128, 208, 10, -80, 54, -86, 46, 288, 68, 220, 96, 60, 12, -56, -198, -28, -24, 20, 166, 248, -354, 46, -22, 56, 196, -48, -38, -64, 176, 6, -186, 62, 8, 150, -170, -314, -146, 150, -42, -120, 66, -58, 46, 108, -36, 18, -28, -52, 80, 28, 48, 38, 20, 68, -158, 16, -122, 116, -80, -40, 144, -260, 116, -16, 124, 262, -46, 210, 42, 6, -60, -28, 72, 44, -144, 98, 310, -198, -146, 102, 44, -202, 156, -238, -62, -74, 4, 178, -44, -26, -82, -238, 84, 62, -24, -182, -38, -90, 46, 256, 80, 58, 66, -192, 146, 40, 232, -82, -112, -166, 212, -64, -322, -66, 22, 4, 14, 78, 4, 108, -70, -10, -54, 32, -38, 18, 96, -84, -154, -226, 94, 192, -192, 134, -88, 120, -96, 340, -356, 170, -144, -128, 48, 102, 56, 56, -38, 106, 118, -76, 50, 106, -152, 8, -68, -40, -74, 200, 2, -160, -62, 334, -104, -72, 116, 10, -112, 140, -10, 48, -2, 82, -54, -24, -46, -264, 0, 274, 78, 88, -66, -28, 98, -62, 36, -166, -56, 124, 98, 322, 136, -80, 12, 0, 82, -56, -4, -46, -120, 18, 286, 90, 76, -276, 46, -246, -62, -170, -56, 40, -100, 4, -42, 22, 110, 104, -50, 52, 230, -62, -30, 124, -118, 142, -6, -102, -20, 22, -44, 10, 122, -112, -94, -66, -118, 164, -32, -106, 90, 22, 204, -108, -18, 6, -44, -28, 104, 110, -232, 196, 60, 34, 64, 304, -100, -86, -96, 42, 90, -100, 116, 240, 194, 122, 74, -60, -330, 112, -208, -126, -138, 232, 194, -14, -30, 10, 58, -46, -28, 128, -28, -36, -180, -322, -34, 68, -308, 170, 24, -98, -268, -62, 138, -86, 100, -156, -4, -122, -98, 162, 150, -104, -116, 212, 162, -188, 182, -134, -32, 374, -118, 90, 112, 156, 22, 92, -186, -136, 294, -88, -4, 48, -148, -98, -64, 184, -84, 218, -166, 206, -68, 66, 172, -68, 84, 52, -70, 118, -8, -234, 76, 174, -116, 360, -248, -158, 128, 170, -94, 394, -20, 224, 44, 24, -80, 18, -56, 30, -188, -126, 70, -116, -150, 58, 68, -58, -206, -10, -144, -2, -152, -100, 66, -38, -78, 128, -70, 26, -272, 82, -232, -46, -144, -36, -128, -44, 110, 96, 78, -6, 128, 144, 24, -32, 164, -92, 66, 106, -42, 36, 106, -146, -154, -4, 158, 236, 272, 94, 88, -122, 184, 88, 0, 58, -40, 102, -86, -36, -198, 236, 78, 44, 128, -124, -6, -108, 126, 252, -68, 194, 
-60, 308, 100, -6, -166, 16, -54, -118, 52, -166, 178, -50, 38, -34, 18, 58, 26, 304, 260, 10, 4, 122, 104, 0, -6, 138, 224, 134, 46, 212, 40, -112, 106, -40, -176, -54, -10, 120, 30, -50, 130, 30, 184, -158, 60, -30, -84, 174, -78, 122, 134, 90, -60, 76, -2, 218, 114, 354, -20, 248, -40, -102, 96, -6, 200, -62, 226, 24, -8, 72, -130, -84, 138, 92, -46, 46, 8, 18, 84, -130, 132, -8, -30, -80, 206, -22, -98, -130, -16, -170, 310, -166, -56, -178, -76, 52, 6, -64, -80, -14, 246, 20, 66, -62, 50, 50, 76, -184, 224, 170, 10, 106, 30, -30, 52, 46, 162, -18, -174, 96, 174, 88, -88, -214, 194, -128, 108, -98, 78, 8, 82, 220, -162, 106, 4, -200, -104, -66, 102, 130, 58, -10, -142, 232, 168, -128, -246, 134, 204, 0, -30, 96, 144, 100, 188, 24, -38, -106, -96, -60, 244, 152, -128, 120, 26, 56, 26, 232, -16, -238, 8, 8, -62, 116, -78, -132, -240, 252, 154, 88, -268, 128, 310, 302, -168, 80, -96, -42, -10, -26, -48, -16, 208, -30, 62, 116, -154, 98, 296, 154, -158, -36, 122, -26, 112, 28, 176, -190, 242, 38, 196, 300, -10, 24, -152, 26, 66, -198, 56, 80, 14, -26, 54, -104, 66, 28, 242, -176, -14, -64, 226, -174, 20, 134, -22, -10, 150, 96, 284, -90, 14, -92, 144, 98, -108, 174, -36, -226, -40, 14, 28, 284, -38, 96, 16, 218, -54, -212, -36, -228, 28, 228, 54, 54, -26, 96, 50, 170, 98, 104, -118, -36, -96, 138, -180, 180, 6, 126, 138, 16, 136, -12, 148, 48, -124, -132, 288, 92, -102, 106, 22, 54, 146, -36, 72, -78, -122, 20, 122, -116, -108, 132, 90, -66, 174, 116, -52, -30, -112, 78, -120, 234, 256, 6, 48, -20, -92, 30, 46, -146, -202, 106, 46, -226, 180, -36, 150, -6, -20, 138, -60, 38, -144, -34, -12, 106, 132, -128, 210, 64, 32, -98, -104, 102, 136, 156, 16, 194, 68, 6, 186, 0, 112, 334, 34, -186, 298, -138, -156, 216, 192, 206, -128, 160, 240, 90, 42, 122, 272, -40, -62, 146, 210, -162, -38, 18, -76, 164, 32, -114, -24, 44, -76, -86, -52, 108, 88, 132, -290, 258, -162, -40, 160, 268, 182, -126, -76, 82, 240, -128, 16, -48, -152, -16, -48, -138, 208, -146, -68, 66, -52, 36, 98, -182, 236, 232, 4, -164, 30, -202, -70, -44, 20, -72, -14, 74, 260, 4, 206, 266, 262, 92, 206, -110, -56, 120, 218, 194, 184, 70, 280, 166, -104, -50, 50, -150, 108, 22, 288, -92, 98, 192, 78, -28, 192, 82, 38, -8, 34, -18, -124, -52, -38, 102, -100, 28, 24, -188, -168, -150, -86, 266, 156, 24, -72, -106, -212, 152, -14, 338, -134, -80, -152, 4, -18, 34, 92, 108, 176, -134, -126, -60, 106, 212, 100, 190, 38, -54, 276, -116, 
-10, -260, -96, -98, 128, -46, 40, 176, -170, 250, -170, 66, 34, 58, -12, 32, 30, -192, -42, 18, 72, -126, -186, -84, 28, -130, -148, -94, -50, -350, -4, 188, 78, -98, 8, -58, -46, 24, -6, -18, -128, 128, 60, 88, 60, 114, 62, 16, 24, 120, -126, 22, 174, 50, -108, -242, -128, -98, -16, -74, -34, 92, -232, 158, -142, 148, -84, 28, 14, -6, 146, 88, -82, 84, 72, -18, -62, -282, -80, -36, -158, 56, 230, 18, 86, 44, 30, 234, 0, 82, -210, 118, 68, 70, 192, 328, 22, -50, 24, -4, -242, 78, 22, 38, -92, 70, 70, 114, 88, 84, 94, -108, -30, 194, -62, 182, -210, 20, 86, 168, 28, 0, 28, 184, -12, 56, -70, 104, -168, -16, 148, -140, 54, 44, 130, 120, 86, -72, 12, 16, -148, -66, 50, -2, 234, 94, 502, -140, -78, 32, -82, 72, 12, -2, -50, -148, -20, 28, 240, -30, -264, -82, 128, 6, 80, 26, 78, -226, 170, 208, 18, 112, 12, 36, 2, 176, 130, -70, 34, 10, 368, -70, -6, -212, 70, -26, 128, -28, 194, -112, 16, 44, -80, -120, -6, -146, 90, -44, 54, -236, 310, 194, -108, -194, -18, -34, -106, 246, -92, -78, -242, -162, 184, -96, 166, -34, 38, 112, 128, 2, -44, -4, 6, -100, 20, -38, -150, 224, 80, 278, -220, 246, -120, 158, -16, 64, -40, -110, -12, 126, 156, -28, -204, -14, 190, -148, 118, 206, 4, 140, -32, -68, -114, 106, -38, -114, 44, 218, 226, 222, -92, -142, -70, -4, -16, -40, -194, 40, 208, 82, 94, 168, 260, 124, 220, -70, -166, 70, -338, 90, 76, 64, -168, 130, 158, -10, -84, -28, 164, 10, 114, 98, -42, 36, -20, -50, 188, -76, 126, 154, 140, -42, -118, 114, -142, 134, 40, 92, 156, -82, 100, -238, -82, -96, 28, 12, -216, -80, 106, 210, 96, -122, -158, 114, -194, 68, -8, 106, 108, -38, -14, 88, 98, 128, 102, -26, -64, 90, -68, -16, -54, -66, -70, 100, -4, -8, -2, -54, -26, 68, 110, 218, 44, -126, 24, 106, -94, -38, 212, -36, -170, -34, 68, -64, -62, 40, -30, -36, -122, 124, 180, -126, -2, 262, -102, 76, 90, -32, 22, 64, -70, 44, 12, 174, 122, -102, 52, -10, 312, -140, 128, 48, 0, -130, -156, 56, -92, -160, 18, 114, -10, 36, 22, 50, 144, 202, -86, 220, 118, 60, -14, 52, -262, 142, -14, -266, -114, 274, 44, 122, 226, -2, 0, 288, 48, 172, -212, -10, -152, -320, 42, -132, -108, 126, -20, 26, -60, -56, -142, 22, -186, -62, 38, -90, 0, -84, -178, -64, -206, 4, -74, -56, 34, -68, -152, -184, 68, -70, 130, -58, 26, 6, -12, 186, -8, -202, 12, 88, 54, 44, 82, -324, -82, -14, 100, 282, 226, 104, 92, -162, 120, 112, 0, 96, 28, 8, 6, -164, -114, 138, -72, 82, -14, 10, -118, -110, -64, 156, 44, 172, 
222, 132, 104, 6, -122, 92, -48, -66, 144, 4, 238, -100, -126, -242, 232, -28, -8, 8, -140, 56, -96, 254, -84, 134, -54, 36, 166, 42, 78, 504, -12, 84, -18, 128, -58, -80, -132, 104, -6, -40, 108, -178, 54, 44, -66, -60, 6, 100, 86, -180, 90, -94, -92, 176, 120, 242, 78, 98, 100, 94, 204, -48, 78, 102, 282, 52, -18, 28, -86, -30, -84, 46, 202, 24, 114, -70, 158, 148, -38, 86, 126, -138, -224, 38, -62, 6, 188, -12, -22, -36, 200, -36, -102, -162, -82, -110, 184, -6, 140, -30, 54, 62, 130, 74, 100, -64, -16, -116, 12, -20, 42, 204, 102, -172, 20, -170, 182, -74, 20, -268, -58, 160, -174, -18, 110, -74, 78, -10, 94, 48, -6, 192, -102, 192, -216, -50, -154, 280, -46, 96, -138, 226, -66, -56, -162, -4, -322, 180, 16, -94, 128, 88, 48, 82, -12, 160, 98, 44, -180, -8, 356, 102, -16, 116, 18, 28, 14, 330, -26, -4, 20, -2, 40, 104, 192, -136, -140, 44, -150, -88, -164, -174, -4, 146, -124, -64, 158, 4, -152, 48, -70, 102, -66, 110, 60, 142, 26, 212, 46, 86, -172, -124, 154, -44, 38, 20, 194, -214, 80, 110, 50, 0, -110, -30, -132, 78, -32, -74, 80, -80, 134, 96, 126, -62, -70, -2, -44, -140, 62, -240, 246, -90, 144, 10, 4, -128, 98, 116, -12, 28, -48, 0, 222, -42, -44, 328, -56, -186, -46, -144, 152, 140, 106, -22, 38, 106, -22, 28, -202, -86, 148, 120, 52, -38, 132, 28, 62, -30, -56, 70, 66, -148, -66, 2, -268, 226, 44, 10, 100, -54, -132, -76, 80, 8, 0, -52, 52, 160, -192, 14, -92, -118, 200, 106, 16, 64, -54, 144, 108, 44, 138, -70, 8, -50, 154, -252, -60, -100, -146, 106, 224, 58, 160, 16, 42, 96, 30, -68, 36, -92, 134, 6, 18, 20, 148, -26, -22, -174, -76, 16, 94, 10, -18, -12, -6, 28, -50, -232, 116, 82, 54, 52, 158, -84, -18, -48, 298, 238, 140, -172, -124, -114, 196, 92, 28, -110, 212, 152, -164, -24, -70, 122, 28, 46, 196, -196, 18, 108, -46, -104, -50, 72, 150, -176, 50, -16, 46, 140, -4, 0, 42, 16, 14, 46, -184, 46, 26, 94, -210, 230, -154, 2, -38, 172, 50, -128, 128, 212, -16, -10, -76, -74, 36, -12, -164, -116, 30, -140, -50, 104, -56, 8, 334, -24, 230, 152, 122, -200, 82, -184, -80, 54, -34, -184, -24, -48, 166, -6, 64, 144, -46, 244, 228, -28, 14, 10, 200, 160, 126, 182, 172, 90, -148, 150, 6, 170, 42, 236, 222, 14, 244, -32, 62, -120, -32, 84, 170, 134, -24, -32, 34, 110, -56, -282, 46, 238, 56, -248, -82, 84, -24, 72, 170, -26, -306, -86, -74, 102, -50, 276, -136, 44, 28, 150, 38, 124, 8, 210, 128, 180, 246, -184, 132, 136, 156, 126, 142, -20, -28, -2, 
-68, -192, 76, 48, 252, 2, 140, 112, -94, 80, -96, 58, -112, 224, -162, -66, -88, 2, 266, -26, -56, -68, 100, -122, 120, 60, -176, -86, -32, -252, 56, 4, -90, -154, 6, 96, 176, -26, 36, 102, -62, 188, -128, 16, 102, 220, 150, -218, -122, 272, -34, -54, 74, -258, -152, -6, -102, -50, 112, -96, -50, 16, 78, 28, -390, -72, -6, 14, 138, -12, 8, -70, 52, -48, 16, 54, -22, -52, 106, 116, 30, 148, -18, 18, 50, 26, -170, 110, -46, 140, -238, -68, 70, 176, 6, 74, -88, -98, -64, -56, -70, -112, -66, -84, -28, -18, -24, -4, -130, -32, -162, -48, 72, 148, 48, 120, -54, -32, -88, 128, -68, -12, 180, -8, -12, -92, 54, 34, -60, -114, -36, -10, -36, 44, 146, -104, 76, -226, 8, -82, 82, -176, 202, 22, 96, 74, 188, -112, 0, -54, -86, -174, -228, -68, -94, -48, -150, -44, 416, 18, -350, 120, 128, -310, 66, -170, 14, -176, -104, 92, -78, 16, -124, -196, -24, 190, 166, -8, -12, 58, 14, 278, -16, -374, 12, 26, -242, -140, 206, -274, 168, -74, -116, -182, -172, -112, -122, -8, -38, -28, 28, -72, -46, -100, -22, 24, -178, 82, -152, -118, -2, 42, 34, 94, -66, -26, 104, -18, 0, 68, -82, -106, 48, 12, 260, -92, 110, 90, -98, 276, -262, 204, 32, 90, 106, 144, -172, -244, -74, 100, 106, 164, -296, 18, 18, -358, 274, 110, 56, -78, 50, -10, -98, 72, 6, 56, 68, -180, -34, -110, 46, -28, 10, 96, -108, 96, 40, -56, 18, 54, 10, 62, 12, -16, 164, -138, -72, 68, 36, 92, 90, 44, -116, 298, 60, 50, -104, -6, 172, 120, 174, 134, -96, -24, -96, -100, 58, -114, -140, -44, -6, 150, -122, 48, -236, 32, -2, 32, 136, 0, -88, 82, -14, -112, -162, -22, -84, 186, -20, 80, -78, -22, -128, 76, -8, -50, -2, 226, 210, -96, 70, 38, -30, 44, -16, 140, 190, 168, -46, -210, -152, -142, -20, 22, 78, 12, -18, 44, 44, 324, -98, 142, -80, 36, 154, 182, -136, -102, 84, 38, -46, -120, 92, -60, -96, 386, -104, -6, 276, -78, -68, 106, -208, 184, -250, -98, 178, -22, -40, 38, 74, 180, 48, 94, 156, 50, -122, 18, 170, -212, 196, -12, 32, 180, 2, 86, -14, -392, -10, 2, 108, 6, -78, -2, 22, 292, -106, 196, 126, -50, 184, 62, -230, 140, -112, -130, -42, 154, 132, 38, -80, -6, -72, 314, 100, 24, -94, -58, -88, -154, 192, -296, 18, 346, 84, -104, 26, -264, 72, -112, -202, -100, 74, -150, 92, -94, 66, -164, -170, 194, 22, 50, -150, 118, 14, -62, -96, -192, 248, 138, 134, -100, 28, 212, 18, -140, -112, 338, 208, -74, 40, 30, -48, 82, 176, 204, 192, -238, 78, -254, 296, -144, 48, -48, -102, -68, -10, -118, 4, -120, -68, -8, -174, -86, -148, -108, 12, 18, -104, 110, 
106, 132, 84, 158, -44, 22, -24, -72, -70, -54, -8, 20, 134, -252, 14, -38, 214, 28, -54, 254, 94, 28, -134, 142, -60, -80, 130, 210, 130, 60, 238, 170, -16, 76, 38, -64, -88, -86, -118, -94, 42, 86, 172, 66, 84, 84, -98, 276, 194, -182, 100, 210, -64, 228, 58, 132, 106, 50, -18, 20, 178, -56, 36, 134, 70, 18, -4, -130, -32, 262, 8, 0, -24, -6, 28, 206, 18, 174, -70, 6, 62, -74, -34, -22, -68, -66, 256, -90, 180, -194, 64, 30, -158, 122, -122, -78, 18, 156, -50, 88, -42, -2, 198, 188, 112, -44, 54, 32, 108, 122, 38, -132, 36, -48, 60, -262, 68, 80, 170, -226, 6, 18, -210, 38, 210, 138, -44, -36, 6, 120, 210, 168, 58, 84, -90, 108, -142, 300, -24, -80, -86, 252, 124, -38, -20, 52, -138, 286, -18, -26, 224, 188, 372, -26, 8, 104, 2, -46, -326, -190, 126, -92, 36, -14, -54, 120, -44, 262, 136, -32, 160, 10, -120, 244, 48, -64, -184, -30, -102, 154, 52, -72, -100, 382, -48, 44, 78, 166, -38, 74, 42, 92, 188, 158, 46, 168, -68, -124, 26, 226, 36, 72, -72, -72, -94, 54, 236, 34, 166, 82, 54, -62, -106, -14, 2, 94, 76, 36, 24, 210, 94, -18, -166, 24, -352, 114, 32, -176, 216, -84, -44, -156, -20, -8, 174, -58, 198, 152, 116, 20, -216, -56, 388, 130, -24, 332, -40, -102, -62, 24, 182, 38, 106, -42, 96, -108, 8, 16, 170, 126, 242, 140, 108, -156, 34, -82, 124, 252, 84, -74, 104, -10, 2, 36, -226, 46, -74, -42, 26, -90, -166, 12, 4, -24, -260, -8, 226, 80, 74, -230, -132, -36, 146, 80, 26, 38, 14, 276, 86, 72, 66, -42, 26, 162, 126, -14, -48, -58, 144, 40, -24, 244, -6, 94, 168, 28, 134, -236, 26, -84, 228, 88, 72, 190, 8, 64, 84, 26, -444, 170, 20, 70, 36, -30, 82, -10, -236, -322, 80, 224, 168, 32, -22, -122, 76, -20, -8, -86, -130, -84, 96, -38, 102, 122, -80, -304, 68, 308, -26, -52, -18, 188, 148, -42, 154, -218, 192, -2, 32, 54, 38, -44, 122, -46, 140, 68, -96, 134, -106, 28, 94, -92, 100, 56, 88, -14, 18, -212, -116, 148, -116, 4, -154, -202, -108, -128, 8, 320, -182, -56, 12, 6, 90, -6, -24, -100, -10, -28, -184, 286, 44, -6, 226, -150, 72, 120, 42, -218, 6, 170, -26, 118, -94, -208, -204, -104, 64, 200, -16, 24, -128, 252, 120, -290, 180, 74, 148, 312, 38, 138, 122, 192, -94, 136, -160, -44, -24, 12, 142, -102, 46, -98, 324, -66, 80, 72, -62, 158, -50, -68, 38, -80, 134, -72, -60, 156, 78, -144, 4, 30, -88, -76, 160, -144, -136, -254, 0, 308, -4, 140, -206, -22, 168, 154, 140, -52, 48, 108, 48, 116, 102, 54, 206, 176, 6, 86, 74, -252, 60, 174, 
-82, -26, -8, -66, -210, 224, 62, 72, 64, 106, -38, 72, 78, 230, 270, 6, -56, 22, -18, -74, 182, -192, 14, -26, 102, 18, -96, -162, -10, 26, -240, -220, 36, -164, 108, 166, 116, -58, 84, 78, 100, 86, -158, 78, 20, -102, -58, -188, -184, 100, 176, 2, -66, -182, -102, -236, -122, 90, 200, 156, -158, -22, 120, -38, -176, -46, 50, 28, -14, -12, 144, 56, 228, -102, 56, -234, 136, -106, -20, 22, -70, 224, 232, 22, 142, 66, -40, 54, -202, 186, 36, 122, 166, 36, -64, 166, -86, -148, -36, -56, 160, 0, -130, -110, 2, 196, 160, 102, -128, -200, -130, 184, -70, 2, -176, 300, 146, -6, 92, 78, 56, -46, -28, -162, -202, -2, 50, -6, 182, 44, -152, -64, 90, 248, 42, 166, 114, -202, 76, 214, -16, -254, 56, 4, -94, -62, 70, -146, 58, 32, 0, 16, -346, 48, 52, -96, -38, -36, 374, 44, -118, 166, 10, -160, 84, 38, -2, -122, -190, 272, -136, 44, 134, -148, -134, 122, 236, -50, -20, 106, 74, 68, 172, -352, 46, -158, 56, -102, 22, -142, -108, -52, -80, 20, -152, -30, -22, 108, -54, -138, -6, -132, 124, -72, 48, -34, -178, 136, -62, 20, 0, -30, 164, -170, 12, -98, -160, 38, 36, -202, -62, -28, 234, -96, 250, -66, 136, 356, 180, 12, -22, 164, -100, 176, 82, -26, 4, 8, -18, 72, 96, -216, -310, 6, -6, -264, 212, 178, 54, 52, 8, 50, -158, 176, 38, 74, -120, 38, -190, 0, -48, -54, 178, -22, 166, 24, -52, -44, 70, -78, -22, -28, 168, -102, 154, -120, 12, 144, 100, 38, -108, 2, -44, 34, 410, -28, -172, -38, -84, 146, 216, 10, -140, -82, 30, -74, 28, -182, -40, 146, 18, 0, -22, -46, -154, 230, 18, -24, -130, 142, 212, -272, 58, 88, -120, -6, -72, 358, 162, 170, 38, -90, -24, -98, -64, 64, 46, -144, 286, -132, -46, -26, 116, -6, 64, 46, 338, 170, -24, -144, -144, 106, 18, 70, -88, 2, -10, 304, 38, 10, 84, 136, -194, 58, 44, 62, 20, -228, -16, 90, 238, -174, -200, 90, 20, 122, -80, 60, -22, 116, -122, 174, 84, -10, -174, -18, 152, -72, -72, 50, -168, -28, 28, -30, 96, 218, 0, 194, 22, -160, 14, 32, -2, -4, 224, 168, 116, -200, 98, -10, 6, 228, -52, -96, 156, -36, 172, 46, 136, -150, -36, -8, -226, 258, 108, -422, -18, 90, 144, 20, -12, 100, 42, 46, 262, 18, 158, -324, 12, -100, -20, 0, -178, 360, -84, -112, -70, -164, 84, -116, -240, -188, 300, -68, 88, 80, 42, -158, -12, 184, -18, 144, -220, 44, 70, 168, 74, -168, 24, 154, -40, 122, -84, 10, 188, -148, -218, -22, 142, -120, 128, 182, 120, 186, 98, 196, 130, -178, -78, -218, 240, 108, -224, -38, -68, 234, 152, -72, 134, -60, -14, -72, -198, 18, -24, -120, 50, 94, -36, -140, 
186, 54, 208, -14, 58, 6, 74, -112, -172, -132, 188, -138, -94, 22, -332, 14, 110, 26, 86, 172, -208, 176, 74, 146, -22, 122, -90, 98, 158, 32, 52, 172, 40, 94, -294, -78, -34, 104, -236, -2, 34, -18, 48, 38, -116, 48, -22, 224, 92, -14, 64, 200, -92, 162, 100, 34, 106, -220, -58, -124, 174, 84, -90, 70, 132, 136, 88, -146, 102, 128, -320, -50, -270, 212, -94, 36, -88, 248, 18, -40, 20, -156, 44, -92, -100, 140, 88, -198, -6, -208, 40, -34, -194, -18, 170, -158, 112, 112, 84, 16, -16, -78, 20, -2, -160, -130, 158, -18, -22, 354, 196, -92, -14, -84, 236, -90, -184, -48, 38, -136, -68, -16, -18, 258, 64, 74, 60, 94, -170, -230, 140, 38, 76, -132, 0, 20, -26, -46, 34, -16, -114, 220, -76, 74, 38, 8, -172, 122, 114, -92, 118, -50, 346, 38, 56, 92, 68, 38, -46, 24, 248, 66, 154, 234, 14, -70, 162, 174, 380, -296, 206, -100, 158, -78, 258, -6, -200, 34, 212, 30, -138, 40, -202, 428, -150, 186, 150, 50, 86, 30, 234, 14, 28, -28, 346, 50, -56, -132, 28, 56, -70, 254, 20, 14, 46, 160, 324, -132, -74, 72, -60, 108, -140, 138, -6, 112, 92, -16, 210, 196, -102, -120, -182, 88, -60, 100, 64, -142, -280, 4, 122, 60, 150, -10, -176, -4, 108, -126, 74, 96, -166, 156, 204, 158, 114, 72, -162, -134, 14, -24, 10, 46, 16, -112, -112, -88, 78, 84, 170, 78, 128, 90, -200, -152, -258, 126, 140, 158, -46, -42, -20, -18, -56, -28, -56, 80, -38, -124, 134, -78, 150, -156, 88, 58, -302, 112, -10, -58, 128, 24, -130, 36, 84, -12, -138, -106, 40, 212, 166, -152, -46, -190, 92, 22, 174, -166, -34, -36, 186, -58, 66, 326, 148, -34, -70, 82, 20, -98, -44, -4, -30, 104, -56, 78, -32, -246, -32, 226, -246, 80, 58, 26, -288, -160, -184, -2, -162, -88, 266, 16, 310, -170, 70, -60, -20, -138, 36, -332, 172, -90, -104, 14, 246, -296, 28, -88, -114, 188, -22, 104, -50, 42, 206, -12, -32, -84, 152, 44, 174, -90, 220, -74, -204, -94, 6, -54, 50, 162, 244, -40, 6, -10, 36, 130, 66, -54, -94, -104, 90, 24, 82, 148, -112, 32, 28, -140, 136, 34, 38, 164, 132, -40, 168, 82, -176, 182, -98, 34, 36, 6, 156, 76, -92, -164, -168, 422, 82, 6, 64, 50, 136, -140, 28, 22, 30, -18, 30, 278, -34, 42, -38, 66, 106, -152, -26, 166, 10, 90, 82, 124, 238, 140, -142, 230, -144, -68, -60, -84, -2, -146, -24, -100, 268, -4, 30, -200, 30, 108, 192, -124, 142, 12, 88, 118, -180, 286, -54, 64, 18, 142, -18, -186, -100, -78, 104, -164, -98, 200, 156, 268, -64, -58, 88, 180, 106, -158, -60, -14, -104, -16, -84, -64, 138, 150, 60, 146, 244, -32, 188, 216, 
-210, 20, -80, -84, -48, 88, 84, -116, -106, 94, -150, -6, 120, 64, 28, 148, 92, -136, -54, 24, 62, -122, 132, -16, -62, 46, -14, -20, -168, 36, -126, 12, -30, 30, 172, 108, 164, -22, 92, -44, 76, 220, -42, -122, 218, 12, -2, -50, 26, 6, 104, -32, 116, -98, -78, -78, 104, 224, 116, -10, -66, 0, 98, 42, -86, 40, 36, 102, -208, -102, 44, 46, 252, -214, 234, -20, 106, -70, -300, -46, 158, 280, 18, 84, 226, -122, -100, 74, 4, 158, -52, 190, 394, -16, -90, 282, -84, -98, -124, 152, 128, 110, -42, -2, 38, 24, -194, -30, -44, -278, 32, 188, -102, 32, -124, 208, 40, -18, 162, 94, -58, 74, -78, -102, -114, 60, 98, -2, 176, 236, -158, -110, -14, 12, -90, 208, -20, 126, 40, -58, -92, -320, 72, 86, -142, -198, -20, -212, 74, 82, -70, 86, -142, -36, 28, 24, 26, 26, 230, -64, -100, 42, -30, -38, 238, 46, -64, -28, -374, 134, -170, 38, -18, 168, -142, -60, 114, -164, -178, 2, 14, 46, 242, -314, -40, 4, 2, -114, 4, 104, 122, 50, 8, -44, -142, 20, -202, 150, -48, 44, -16, -138, -62, 58, -58, -64, -202, 294, -68, 76, 346, -40, 74, 26, 156, -186, -282, 162, -254, 48, -92, -10, 108, 80, 104, -88, -178, 116, 304, 64, -100, -42, 118, 182, 144, -82, -150, 206, -40, 0, 154, -24, -228, -310, 100, 130, 134, 148, -78, 246, -118, 14, -20, 52, 128, 194, 96, 36, -194, -26, -20, 28, 296, 96, -14, -12, -160, -224, 2, -98, -174, 146, 104, 140, 88, -10, 166, 246, 72, 120, -174, -122, 50, -6, 220, -4, 248, -114, -44, -80, 102, 18, 76, 190, -42, 118, -44, -80, 14, 208, 4, 310, 110, 28, -102, 96, 202, -58, -168, -14, -102, -282, -174, 98, 234, -6, 10, 142, 116, 104, 96, -16, -4, -162, -38, 274, -86, -18, 284, 32, 18, 70, 188, 240, 150, 52, 110, 218, -422, 58, -12, 150, -16, 10, -24, 206, 52, 202, -28, 42, 138, 80, 2, 290, 46, 32, 152, -2, 74, -26, 32, -20, -88, -116, -66, 128, -250, 190, -10, 116, -192, 56, 118, 226, 190, 176, -24, -190, -114, 44, 160, 200, 4, 30, -52, 22, -68, -132, -142, -14, 88, -74, 72, 28, 148, 44, -182, 104, -32, -190, 132, 60, -66, 36, 84, -176, 54, 132, 86, 108, -54, 106, -116, 114, 160, -190, 34, 26, 82, 90, -72, 230, 62, 102, 162, 58, 112, -140, -42, -56, 166, -20, -14, 118, 62, -90, -8, -168, -132, -24, -164, -106, 216, -6, 62, -90, -72, 114, -14, 34, 100, 140, -328, 126, 0, 192, 34, -92, -212, 170, -140, 68, 0, -94, 168, -190, 40, -86, -86, 144, -10, 164, 40, -42, -40, 192, 70, -120, -42, -110, 112, -16, -70, 94, 56, 50, 62, 50, 2, -22, -100, -88, -108, -144, 88, -140, 56, 10, -76, -62, 
212, -110, 178, 48, -12, -208, 142, 142, 158, -140, 106, 144, -32, 44, -86, 90, -66, 158, -72, 128, 0, 164, -26, 134, 360, 2, 12, 108, 36, 156, 210, 254, -18, 284, -104, -8, 12, -64, -94, 146, -94, -240, -112, 46, -206, -72, 42, 8, 124, 38, -12, -34, 22, 118, 90, 56, 64, -116, -68, 114, -54, 46, 172, -270, 114, -126, 2, 22, 154, 108, 30, 72, -130, 98, -124, 124, -188, 96, 180, 50, -110, -32, -78, -64, 48, 266, 252, 6, -132, -106, 250, -106, -90, -226, -18, -236, 94, 242, -194, 70, -98, 108, 118, -56, 44, 84, 56, 10, 48, 154, 188, -134, -112, -156, 114, -8, 82, -10, -22, -72, -42, 0, 128, 76, 74, 56, -298, -54, -54, 18, 362, 18, -102, -24, 136, -68, 182, -106, 132, -12, -16, 174, -138, 38, 396, 222, 276, 260, 78, -80, -10, 88, 186, 68, -38, 64, 92, 12, -124, 172, 214, 156, 156, -14, -52, 54, -52, 4, 276, -42, 246, -154, -130, 20, 108, -12, 30, 118, 134, 82, -164, -164, -80, 254, 122, 48, 210, 60, 70, -116, 28, 12, 64, -42, 216, -164, 208, 4, 208, 162, 148, -96, 116, -190, 180, 94, 86, -232, 234, 108, -96, 92, 24, 38, -196, 220, 190, 2, -20, 76, 274, -4, -14, -52, -256, -88, 350, -126, -204, -122, -38, 176, 100, 166, 18, 62, 176, -48, 104, -14, 106, 168, 240, 164, 0, 16, -368, 38, -28, -90, 50, 88, 12, 274, -56, -144, -18, -206, 74, 28, 108, -96, -214, -46, -76, -42, 48, 78, 26, 134, 86, -52, -142, -202, -58, -36, -180, -18, 0, -200, 188, 118, -8, 52, -156, 158, -114, 58, 238, 180, 30, 66, -94, -48, 190, -26, 6, 130, 114, -82, -30, -132, -116, 80, 10, 0, -102, -24, 146, -34, 58, 120, 22, 12, -382, -58, 18, -34, -200, 6, -110, 42, 116, 204, 118, -88, 98, -56, -266, -88, -38, -44, -160, -78, -140, -84, 10, -208, 340, -8, -28, -176, 134, -36, -168, -214, 62, -70, 92, -12, -126, 78, -50, -58, 42, -24, -130, -186, 12, 88, 68, 198, 80, 222, 8, -186, 152, -22, 68, -200, 30, -88, 68, -152, -138, -46, -22, 228, 156, -60, -216, 6, -234, 168, 138, -10, 138, -20, 44, -98, 20, 212, -42, 78, 220, -100, -50, 14, 30, 190, 66, -44, 14, -46, -102, 258, -68, -146, -310, -88, 48, 2, 182, -114, -122, 106, -8, -110, -78, 98, 28, -154, 138, 78, -112, -108, 76, 88, -34, 24, -38, 140, -24, -70, -184, 254, 108, 30, 18, -12, 186, 50, -282, -174, -64, 102, 180, -10, 190, 54, -174, -206, 280, -146, 102, -208, -86, 108, 88, -222, 104, -186, 116, 136, -154, -4, 64, -6, 102, -198, -36, 48, -26, 344, 96, 12, -20, 74, 194, -54, 2, -18, 46, 24, -32, 8, -126, -100, -14, -18, 100, 124, -44, 28, -176, 164, -94, -60, 80, 26, 
58, -150, -178, -20, 124, 90, -144, 32, -162, 36, -32, 68, 96, -168, 94, 38, -10, -156, 20, -18, -114, -120, -8, -180, -134, 140, 68, -22, -140, -150, -230, -298, -60, -286, 30, -74, -36, 96, 38, -226, -2, -54, 26, 68, 380, 214, -26, -4, 4, -100, -154, -20, 152, 16, -52, -108, 40, 130, 274, -142, 78, 74, 180, 94, -44, 30, -84, -14, -2, 10, 106, 48, 196, 42, 310, 98, 104, -28, -82, -58, 170, 182, 208, 62, -96, -96, -230, 18, 56, 0, -248, 154, 164, 216, -126, 202, -112, -46, 110, -28, 190, -10, -84, -16, 166, -18, -110, -10, -172, -134, -222, 92, 76, 124, -182, 40, -186, 68, 28, -22, -2, -8, 6, -130, -122, -50, 178, 70, 102, 180, -118, 32, 36, 188, -54, 26, 20, 220, -38, 48, -88, -36, 256, -4, -56, -32, 22, -72, -12, 150, 74, 152, -116, -128, -32, -56, -130, 4, 2, -62, 28, -286, 94, 62, -30, 6, 44, 178, -242, 4, -4, 94, 58, -84, -34, 118, 120, -106, -28, 22, 82, 222, 138, -80, -140, 38, -162, -46, 102, 14, 120, -22, -220, 74, -144, 180, 18, 196, -254, -140, -224, 106, -24, 82, 16, -78, 48, -24, -152, -50, 128, -28, 166, -112, 46, 90, -38, 38, -36, -224, -100, -74, -186, 88, 216, 288, -288, 12, 236, 138, 34, -162, 156, -54, 244, -90, -116, -48, 32, 252, 62, -224, -14, 58, 12, -122, 248, 118, 18, 94, -168, 118, 204, -120, -100, -104, -22, 90, -14, -188, 50, 52, 372, 62, 22, 40, -22, -160, 24, -140, 14, 214, 218, 364, 246, -14, 198, 46, -48, 120, 100, -172, 230, -28, 166, -12, 22, -44, -172, -116, -110, 112, -40, 68, 166, 46, -76, 32, -88, 260, -174, 28, 60, 18, -226, 150, 86, 88, 114, -24, 8, 54, -36, -76, 374, 34, -120, 160, 38, 154, 172, 58, 68, -2, -88, 138, -50, 84, 308, -54, 114, 8, 52, 208, 146, 220, 50, 182, -202, -122, 140, 182, -78, -126, 308, 294, 30, 102, -36, 98, 52, -110, -34, 8, 28, 172, -6, 146, 78, 62, 98, -124, -40, -52, 44, 124, 6, -96, 138, 128, -104, 104, 62, 58, 0, 54, 36, -144, -32, 76, 296, 36, -48, -86, 20, 250, 42, -28, -124, 0, -116, -164, 170, 34, -38, 60, 40, -30, -60, -94, -82, 112, -94, -12, -78, -76, 172, 90, 320, 76, -164, 84, -22, 40, -128, 84, 84, 26, -94, -80, -16, 260, -4, -40, 170, 274, 46, 70, 74, -90, 142, -20, -60, 2, 104, -178, 20, -16, 66, 186, -40, -50, 210, -14, 2, -110, -242, 32, -58, -114, 146, 208, -48, 218, -96, 122, -18, -104, -178, 84, -26, 92, 4, -260, 162, 70, 68, 200, 56, 74, -20, 30, -22, -188, -152, -132, -116, -54, -238, -120, 10, 10, -20, 68, 38, 20, 2, -48, 8, 50, -106, -96, 38, 16, 208, -76, 148, 66, 72, 80, 
72, 86, -68, 122, 50, -44, 74, -18, 258, -182, -22, 88, 24, 154, 86, 202, -130, 156, -116, -36, 36, -16, -130, 246, 58, -180, 24, 98, 136, 142, 362, 396, 56, 188, -154, 36, 10, -144, -2, 198, 150, 8, -6, 222, -204, -200, 64, 2, 16, 36, 236, -66, -224, 118, -134, 206, 68, -94, -198, 162, 230, -80, -36, 82, 114, -192, 236, -80, 36, -4, -312, -4, -122, -196, -68, 56, -76, 46, 70, -20, -130, -54, -114, -100, 172, 24, 80, 38, 40, 134, 330, -42, 118, -12, -18, -150, 168, -32, -76, -108, -106, 52, 212, 28, -98, 78, -18, -34, 122, 166, 4, 40, -148, 102, 106, 280, 150, 22, 12, 144, 70, 270, 100, 138, 80, 124, 12, -182, -90, -242, 210, 14, 88, -154, 96, -72, -24, -148, -68, -124, 184, 98, -94, 50, -34, 60, 122, 116, 64, 140, -28, -32, 164, 68, 28, 96, 142, 148, -38, 40, 20, 186, -364, 124, 54, 166, 10, 12, 146, -30, 74, 74, 112, 76, 240, -106, 14, 78, -8, 6, -4, -14, -52, 64, -8, 10, 160, 86, 162, -28, -104, 144, 180, -12, 148, 54, 40, -132, 170, 148, -6, 82, 34, -136, -32, -38, 2, 20, 168, 100, -96, 10, -210, 94, -140, 118, -2, -108, -62, 126, 128, 62, 0, 132, -312, -192, 228, -28, -194, -204, 2, -94, -64, 68, -88, 72, 6, 74, -76, -16, 124, 212, 80, 32, -38, -24, -214, -104, -64, 76, 118, 178, -64, 244, 68, -4, 188, 38, -26, 58, -88, 76, -112, 44, 152, -98, 48, 240, -82, 54, -32, -170, -44, -70, -32, -174, -122, 26, 102, 14, -62, -74, -136, 92, -52, 130, 58, 130, -86, -28, 38, -10, 60, -46, -124, 50, -96, 112, -62, -172, 46, 122, -94, 160, 176, -120, -34, -24, -62, -80, 116, -74, -28, 188, -316, 182, 236, -72, -70, -48, -104, -90, -118, -46, 102, -258, 158, -80, 10, -90, -216, 34, -76, -212, -96, -136, -14, -144, 78, -34, -120, -170, 118, -142, -202, -208, 8, -76, -104, 84, 8, -72, 16, -84, 102, -148, 52, 16, -110, -80, 50, -12, -16, 38, -100, -140, -8, 272, 38, -36, 68, 68, -66, 12, 156, 8, 24, 166, 78, -4, -300, 76, 114, -98, -78, -72, -28, -6, 174, 118, 16, 430, 90, -128, 38, 174, 32, 2, 146, 128, 18, -184, 192, 22, 0, 78, -208, -112, -152, -148, 40, 56, 32, -18, -8, 158, -64, 2, 20, 116, -120, 36, -64, 56, 76, -52, -174, 50, -130, 154, 108, 136, -32, 60, -368, 122, -66, -26, 152, -138, 120, -38, -108, -236, 114, 54, 110, -122, 84, 162, 118, -212, 240, 50, -8, 30, 176, 40, 248, 0, 24, 6, -54, 182, -70, 76, 118, -66, -10, 68, 276, -128, 224, 70, 138, 266, 188, 108, 166, -48, -172, -46, 130, -136, -56, -42, 126, -34, 16, -60, 246, -146, -56, 62, -438, 108, -124, 92, -140, -114, 
214, -64, 218, -168, 158, 76, 152, 238, -290, 150, -144, -2, 146, -130, 92, -106, 138, 22, 226, -72, 72, -156, 48, -22, -52, 60, 90, -58, -56, -260, -92, -178, -92, -344, -116, 38, 56, 186, 30, -46, -140, 150, 28, -260, 128, 86, 280, -64, 18, -64, -122, 144, 164, 88, 174, -28, -72, -158, 160, -14, -222, 82, 102, 56, 34, 42, -150, 162, 172, -76, 218, 226, 108, -102, -70, -158, -170, -54, -158, 108, 108, 56, 140, 120, 44, -200, -22, 8, 130, -100, -270, 50, -156, -94, 36, 212, -166, 16, -4, -8, -90, -26, -70, 214, 116, -42, 58, 22, -32, -50, -40, 170, 114, 18, -122, -70, -204, 68, -56, -48, 90, -270, -48, 6, -106, -106, 82, 230, 28, 148, -104, 150, -64, -66, 120, 44, 66, 212, 118, 152, -130, -104, -14, -32, 58, 50, 74, -84, 206, -28, -156, 62, -40, -140, 36, 50, -198, -32, -12, 14, -104, -202, 324, -2, -60, -114, 54, -186, -108, 4, -48, -4, -128, -18, -60, 42, -22, 56, -118, -2, -16, -112, 140, -16, 40, -56, -66, -126, 32, -82, 80, -42, -252, -38, -122, -142, -104, 382, -198, 18, -76, 36, 56, 106, 52, -4, 14, 30, -84, -186, 250, 32, -112, -16, -60, -204, -52, 2, 114, -12, -192, 22, -94, -56, 176, 152, -80, 10, 356, 238, 100, 118, 14, -26, 112, -134, 118, 48, 20, -186, -146, -160, -2, -100, -46, -20, 244, -36, 190, -8, -260, -162, 0, -48, -46, -18, -126, 110, 156, -250, -28, 78, 34, -152, -90, 162, -62, -184, 56, -62, 160, 102, 106, 224, 54, 146, 170, -72, -6, 18, 24, 182, -94, -36, 406, -52, -22, -18, 116, -24, 30, 16, 54, -32, 106, 108, 78, 50, -98, 0, 2, -170, 50, 50, -38, -10, -104, 70, 302, -38, -102, 76, 88, -106, 254, 40, -182, 86, 60, -100, 132, 212, 64, 74, 224, 138, -28, 124, -196, 186, 94, 138, 48, 186, 36, 150, -54, 224, -238, -20, 10, 108, 98, 24, 168, 148, 18, 156, 252, 254, -116, 62, 90, 82, -80, 86, -156, -14, -2, 264, -238, -46, -138, 96, 96, 288, -24, -68, 90, 66, -12, 28, 54, -88, -74, 24, 2, -112, 74, 154, 86, -128, -10, 34, -40, -6, -126, -96, -126, -58, 40, -278, -50, 86, -72, -246, 94, -64, -178, -14, 110, 34, 34, 68, -32, -74, 312, 26, 172, 42, -120, 124, -204, 164, 44, -62, 178, 48, 72, 84, 118, 58, 30, -46, 194, 166, 36, 0, 200, -262, -46, -22, 68, 4, 290, 182, -58, 124, -56, 58, 56, -34, 2, 322, -26, 56, -128, 12, 54, -36, 66, 300, 70, 156, -36, 84, -128, -138, -110, 126, 6, 98, 318, -46, 184, -36, -68, 142, -10, 86, -266, 250, 112, -64, 104, -212, -128, -112, -118, -106, -22, 34, -56, 200, 148, 16, -98, 246, 54, 24, -178, 208, 142, 44, 122, -78, -58, -162, 202, 106, 
38, -80, -246, 242, -54, -70, 44, -14, 40, -54, 130, 116, -92, 142, 108, 82, -42, 162, -184, 232, -36, 74, -96, 0, 30, -172, -24, 104, 102, 76, 88, 208, 102, 206, 196, 126, 16, -358, -6, -62, 0, -110, -42, 332, 52, -252, -100, 162, -32, -28, 74, -280, -108, 120, 152, 152, 66, 188, -138, 118, 234, -34, -88, -22, -126, 54, 132, -198, -40, -62, 20, -154, -30, 288, 56, 188, 128, 86, 120, -32, 46, 100, -88, -70, -184, 276, 0, -32, -12, -146, 80, -8, 178, 108, -46, -114, 122, 128, -102, -44, 114, -28, 140, 44, -222, 6, 2, -80, -56, 130, 54, -60, 198, 144, 178, 118, 356, 48, -44, 76, 6, 152, 86, -160, -16, 166, -110, 4, -52, -2, 28, -146, 46, 128, -10, -116, -42, -180, -174, -80, 114, 0, -116, 240, 22, 122, -154, 126, -130, 44, 92, 30, 162, 24, -92, 130, 184, 170, -66, 84, 228, 236, -16, -110, 200, 50, 4, 86, 66, 100, -110, 114, 324, 152, -42, -74, 44, -124, 294, 280, 108, 88, -60, 8, -120, 148, 42, 134, -146, 134, 6, 82, 66, 72, 198, 160, -44, -418, 16, 48, 306, 120, -100, 134, 26, 160, 204, -108, 148, 56, -238, 110, 14, 174, 292, 70, 32, 150, -2, -98, 196, -170, -22, -82, -60, -326, 8, 48, -510, -66, -58, -94, 68, 108, 152, 154, 80, -206, -18, 130, -128, 78, -22, -100, 138, 132, -286, 194, -78, 124, 144, 152, 46, 152, 126, -36, 160, -144, -64, 170, 30, -22, 78, 12, 120, -206, 10, 84, 50, 78, -60, 56, -56, -190, -108, -44, -56, 66, 52, -30, 48, -66, -28, 68, -144, -102, 20, -28, -14, -16, -62, 46, 174, 144, -82, 38, -84, -42, 76, 150, -54, 120, 76, 34, -96, -58, -4, 108, -58, 154, 0, -96, 26, 210, -142, -26, 52, 116, -22, 364, -126, -44, -54, 56, 6, -190, -54, 6, 174, 98, 138, -22, 2, 24, 128, -88, -118, -78, 144, 186, 164, 6, -96, 120, -90, -130, 38, 66, 0, -318, -10, -10, 128, 148, 76, -304, 116, -50, 76, -96, 208, 116, 32, -110, 108, -212, 124, -22, -142, -10, 136, 64, -104, 94, 102, -18, 224, 350, -74, -268, -28, 244, 172, 124, -90, 90, 50, 166, 106, 38, -110, 166, 208, 114, 88, 126, 64, -70, 246, -136, 76, -102, 124, -48, 110, 66, -218, -168, -110, -96, 138, 0, 254, -94, 28, 160, -106, -110, 28, -30, -132, 46, -78, 84, -70, 6, -128, 120, 110, 234, -10, 46, -240, 44, -212, 6, -60, 56, 62, -100, -46, -24, 66, -326, 62, 46, 66, -46, -94, -88, -8, -70, 168, -24, 188, -26, 90, 62, -98, -156, 32, -124, -176, 214, -256, 226, 98, -62, 268, 136, 296, -10, -32, -50, -94, 262, 216, -152, 180, 134, 36, 38, 102, -70, 48, 124, -2, 32, 12, 32, 38, 70, 6, -62, 88, 122, 8, 128, -206, -242, 
74, 66, 92, -300, 276, -116, 114, 104, -36, 16, -104, -10, 26, 24, -52, -224, -62, 34, 16, -48, 98, -190, 0, -24, -94, 242, 68, -12, -100, 138, 52, -12, -336, -132, -68, -96, -66, 210, -4, -44, 48, 78, -52, -232, 60, 244, -40, -144, 36, 98, 42, 240, -66, -176, -156, -106, -252, -170, 304, 80, -128, -76, 0, 0, 40, -72, -54, 202, 50, 136, -72, 14, 4, -212, 46, -98, -74, 78, -116, 42, -84, -46, 158, 292, 100, -98, -66, 224, -34, 56, -98, 56, -162, -68, -34, 238, -196, -48, 260, -92, -42, 70, -150, -28, 176, 134, 88, -62, 158, -142, -102, 108, -30, 94, 48, -90, -202, 54, -130, -6, 88, 70, -60, 174, -24, -88, -104, 174, 84, -26, -52, 114, 8, -94, 56, 146, 96, 52, 374, 48, -26, 30, -12, -228, 14, 28, 212, 32, 234, -38, -154, 100, -54, 68, 28, -48, 38, -34, 64, -76, 40, -118, 274, 66, -82, 88, -28, 92, 14, -44, 80, 4, -84, -18, -144, 114, 54, -86, 142, -82, -148, -4, -52, -52, 136, -122, 64, -112, 226, -140, 62, -76, 106, 84, -30, -14, -24, 314, 4, 62, -108, 138, -42, 84, -20, -126, -172, 240, 58, -94, 28, -86, -88, -116, -82, -10, 44, 68, 14, -12, -188, 330, -206, 54, 40, 146, 52, 124, 366, -88, -46, 166, -42, -114, -204, -76, -50, 126, 58, -20, -100, 10, -44, -72, -100, 16, 256, -40, -14, -146, -98, -134, 66, -76, -260, -6, -188, 56, 114, -6, 64, 202, -136, -46, -208, 164, -184, 118, -34, 28, 238, -256, 68, -4, 82, 72, -4, -244, 58, 6, -12, 16, -8, 80, 126, 44, 114, -80, 28, 68, -98, -70, -64, -88, 80, 52, 168, 92, -164, 18, 12, -18, -20, -66, 60, -32, -8, -12, 170, -150, -6, 88, -86, -8, 236, 264, -80, -94, -18, -166, 10, 12, -12, 30, 24, 142, 46, -22, -50, -92, -70, 64, 68, -174, -42, -14, 220, 158, -46, -56, 6, 86, 288, -50, 108, 150, -46, 62, -152, 344, -18, -194, 104, 92, -266, 178, -112, 152, 24, 58, -238, -88, 134, 114, 52, 136, 26, -98, -50, -6, 98, 148, 166, -20, 18, -36, -212, -156, 40, 274, 96, -246, -114, 98, 56, 38, -12, 48, 32, -210, 106, -214, -178, -142, 84, -2, 36, 82, -292, 206, -138, 74, 0, 86, -74, 120, 116, 212, 80, 26, -156, 80, 62, 138, 32, -152, -94, 258, -12, -32, 126, -68, 134, 42, -112, -64, 202, -216, 0, -54, 44, 30, 220, -162, 402, -100, -80, 102, 30, 184, -78, 62, 28, 256, 96, 8, 40, -52, 54, -70, -12, -32, -108, 44, -132, 230, 30, -6, 154, 234, 70, 26, 68, -164, 136, -194, 26, -38, -114, 0, -70, 110, -80, -26, 110, -142, -76, 84, 74, -228, 8, -30, 44, 150, 56, 30, -2, -16, 70, 36, -22, 54, 48, -112, -74, 8, 22, 84, 122, 332, 
-92, -2, -166, 194, -234, 138, -16, 62, 22, 60, -14, 104, 156, -18, 122, 182, 118, 270, 96, -74, 322, 28, 70, 140, 140, -244, -40, 20, 136, -56, 104, -2, 348, 94, -80, -24, 120, 62, 8, 174, -128, 112, 20, 90, 102, -212, 44, 114, -34, -122, -18, 42, 170, 126, 98, 138, 366, 144, -80, 52, -34, 182, 116, -108, -62, 122, 230, -134, -58, -288, -34, 56, -36, -16, -64, 376, 142, -66, 62, 12, 68, -64, -116, -42, -48, -78, -98, -148, 18, -56, 64, 44, 182, 122, 44, -2, 282, 10, -144, 212, 82, -12, 98, 88, -106, 114, -162, 54, -132, 54, 74, -134, 72, -92, -60, 130, 200, 18, 46, 120, 2, 42, -60, -198, 32, 164, -46, 18, -156, 82, 76, -196, 94, 264, -154, 68, 4, 84, -80, -26, 102, 138, 262, 186, 126, 182, -64, 50, -34, 0, -10, -82, -24, 2, 48, 26, -50, 80, 34, 134, -96, 100, -148, 164, 60, 56, -182, 2, -40, 28, -230, 100, 146, 156, -28, -20, 90, 24, -52, 70, 16, 32, 114, -82, -112, 4, 126, 46, -44, 318, 92, -12, 242, 48, 70, 28, -70, -212, 76, 2, -62, -172, -22, 82, -30, -44, 56, -274, -58, 20, 106, 16, 108, 366, 206, -46, 122, 30, 42, 260, 66, -38, 136, -4, 44, -38, 100, -132, -150, 128, 106, 10, 106, 96, 184, 284, 70, -226, 248, 140, 250, 66, 46, 160, 100, -18, -202, 66, -40, 68, 178, 230, -96, 106, 282, -30, 244, -40, -232, -132, 6, -142, -38, 12, 274, 58, 66, -10, 108, 202, -182, 84, -40, 30, 192, 156, -136, -28, -16, 176, 4, 64, 92, -52, -2, 120, 20, -90, 154, -26, 102, 8, 146, 2, -142, 90, -4, -150, 174, 298, 112, -64, 110, 116, -24, 250, -146, -54, 16, 82, 168, -10, 122, 54, 2, -28, 246, -64, 10, 112, 112, 194, -122, 46, -96, 64, 52, 168, 120, 88, 234, 12, -4, 102, 168, 114, -76, -166, -54, 106, 0, -54, -116, 20, 36, -50, -96, 22, 94, -266, 178, 272, -122, 64, 178, -80, 18, -90, -42, 32, 172, 14, 60, 2, -20, -98, 58, 178, 96, 168, 66, -26, -224, -130, 54, 74, 152, 148, 108, 102, -196, 120, 58, -46, -54, -54, -12, 20, -38, 240, -214, 144, 238, 270, -102, 34, 148, -90, 258, -100, -50, 8, 54, 0, 74, -174, -148, -182, -22, 116, 232, 62, -114, 14, -26, -18, 6, -68, 114, -166, -158, 42, -104, 62, -60, 96, -122, 186, 52, 10, 108, -16, -232, 114, -192, 96, -60, -32, -200, -8, -104, -26, -66, -74, -50, -44, -18, 26, -102, -12, -82, 230, 116, -22, 172, -144, -182, -60, -68, -138, 72, -48, 68, 226, -116, 128, 246, -92, -108, 90, 94, -44, -16, -46, -84, 298, 218, 146, 20, 72, -128, -52, 114, 36, -60, -128, 82, 46, -104, 132, -8, -144, 182, 124, 110, 108, -72, -12, -54, -246, 
250, 66, -14, -106, 246, -196, 116, -90, 122, -48, 78, -68, -76, 12, -144, -80, 152, -68, 168, 4, -162, -120, 54, 16, 46, 38, 62, -176, -2, 280, 32, 132, -96, -82, 216, 66, 66, -276, -26, -130, 82, 82, 78, -236, -28, 188, -48, -182, -98, -28, -100, -54, 8, -196, -42, -80, -160, -76, 294, -44, 72, -150, -76, 164, 246, -8, -64, 118, 16, 160, 106, -62, -26, 90, -58, -242, -36, 52, -196, 150, 38, -70, 28, -112, 134, -56, 96, 178, 16, 30, -132, -24, -162, -96, -26, 108, 108, 120, 194, -14, -134, -16, -162, 18, -8, 40, 142, -94, -30, 74, -216, 102, -84, 64, 262, 12, -66, 204, -180, -98, 82, -96, 52, 8, -38, -92, 50, -50, 258, -270, -272, 160, -124, -218, 208, -10, -118, -154, -42, -42, -16, -40, -172, -98, 24, -242, 108, 20, 38, 34, 60, 130, 102, 4, -88, 74, -16, 102, -88, -52, 74, -66, 122, -102, -42, 68, 172, -44, 50, -68, 244, -58, 98, -10, 16, 100, -8, 94, 158, -22, 80, -96, 94, 250, -36, -12, 90, -36, 54, -306, 68, -182, -82, 32, -48, 86, -70, 100, -168, -100, -60, 162, 118, -60, -56, 106, 112, 156, 78, 168, -26, 88, -216, 12, 28, 12, 30, 2, 130, -202, -102, 106, 132, 98, -14, 102, -188, 42, 308, -90, 60, -58, -188, -108, -126, -204, 254, 246, 56, 54, -10, -28, -52, -294, -64, 190, 50, 26, -96, -78, -70, -150, 162, 102, -44, 44, -94, 106, 266, -50, -2, 158, 44, 184, 12, 70, -108, 142, -34, -78, 148, -328, 6, -74, -10, -88, 390, 14, 98, -188, 108, 98, 46, 92, 20, -126, 68, -14, -106, -70, -120, -94, 36, 98, 38, 74, 156, -60, 10, -36, -46, 152, -128, -94, -124, -80, 182, -62, 90, -50, -44, 226, 0, -32, 50, -42, -230, -38, 52, -166, -40, -72, 164, 0, 248, -20, -108, -122, 104, 36, -10, 72, 156, -204, -118, -84, 4, 42, 98, -12, 240, -60, 162, 52, 96, 6, 212, -52, -110, 42, 18, -198, 244, -100, -74, 56, 44, 168, 220, -116, -26, 50, 14, -78, 50, 368, -68, -250, 158, -38, -178, 174, 88, 8, -106, -200, -268, 38, 100, -62, 202, -294, 18, 18, 160, -22, -64, -100, -4, -294, 152, -74, -124, -60, 28, -118, -90, 6, -248, 186, -66, -114, 42, -120, 136, 148, 30, 56, 76, -86, -224, -28, -184, 84, -62, 74, 108, 212, 76, -96, 200, -26, -154, -12, 124, 52, 106, -64, -32, -14, -54, 218, 292, -94, 138, -82, 42, 20, 56, -26, -26, 2, 92, 140, 92, -16, 36, -96, -42, -88, 58, -68, -42, 164, -8, 138, 162, -10, 24, 252, -74, 124, -12, -232, 118, -30, -128, 40, -78, -12, -98, -34, 116, -12, 104, -138, -70, -150, -48, -184, 8, 66, 10, 126, -24, 12, 68, -128, 44, -12, 186, 276, -6, 28, -114, -84, 88, -128, 106, 214, 
-172, -40, 2, 26, -142, 104, 18, 94, -88, -70, 28, 52, 38, -46, 0, 98, -120, 20, -12, 30, 292, 80, -60, -52, -324, -150, -38, 122, -44, 10, -4, 20, 136, 174, -110, 144, -10, 226, -56, 132, -60, -30, -58, 40, -94, -220, 270, 122, 132, -28, 96, 154, -16, 112, -66, 134, 108, 44, -218, 126, 28, 310, 246, 56, -54, 110, -36, -26, 160, -238, -20, 48, -58, -56, 82, 460, 96, -50, 144, -52, 58, 128, 226, 84, -24, -72, -104, -126, 70, 122, 252, 72, -82, -40, -96, -34, -46, -34, 58, -134, 156, -70, 110, 86, 112, 132, -218, 40, 64, 44, 96, -22, 340, -28, -172, -118, 72, -170, 12, -34, -66, 46, -10, 260, -62, 126, 86, 22, -112, 222, 202, -118, 178, 306, -124, 98, 116, 80, 34, 158, 58, 6, 166, 62, 74, 192, -28, 22, -130, -106, -26, -162, -112, -72, 268, 30, 138, -4, 248, 50, -112, 134, -100, 220, -18, 40, -108, -50, -60, -58, -58, 54, -296, 4, -8, 26, -28, 16, -160, -94, -138, 180, -62, 24, -72, -114, -66, 66, 110, 196, 190, 88, 20, -6, 74, -192, -2, -134, 272, 184, 64, 0, 54, 114, 190, 0, 14, -58, -2, -240, 172, 38, 202, 10, -56, -42, -208, -48, -188, -26, 128, 12, -16, -232, 6, -292, 56, 116, -178, 126, 82, 94, 140, -106, 178, 184, -58, -138, 56, -130, 30, -98, 188, 394, -66, -108, 78, -72, -62, 28, 74, -14, 40, -6, 16, 112, 240, -132, -32, -50, 158, -70, -34, -54, 40, -120, 240, -4, 132, 146, 72, 184, -112, 112, -58, -32, -110, -4, -170, -14, 50, 32, -68, -94, 176, 314, -92, -124, 240, -78, 138, 36, 94, -98, 60, 98, 2, 122, 108, 194, -20, -28, 334, 48, 18, 94, -228, 30, -60, 164, 236, -98, 180, -80, 36, 18, 204, 26, -22, 38, 2, 116, -148, 94, -182, -44, 208, 104, 188, -50, 30, 62, -128, 36, 82, -28, -38, -202, 28, 130, -18, -72, -140, 36, 14, 80, -100, -20, -40, -108, 124, 180, -170, 140, 14, -36, -4, -90, -140, 24, 186, 72, -174, 84, -126, -184, -32, 236, -124, -28, 336, -10, -94, 180, 132, 284, 370, 178, -152, 44, -194, 274, -16, 48, -78, 70, -4, 274, -10, 248, -8, 116, 64, 68, -36, 70, -38, -48, 180, -258, 90, 154, -258, 56, 66, -84, -148, 72, -106, 146, 34, 354, 112, 98, -10, 54, 4, -58, -60, 54, -8, 48, 192, 106, 24, -86, -130, 100, 222, -124, -40, -80, -32, 68, -108, 62, 194, -42, -122, 8, 88, -68, -42, -98, -70, 14, -38, 136, 52, 128, 122, -8, -56, -52, 54, -274, -72, 0, 182, -10, 52, -186, 54, -64, 44, 80, 200, 96, 180, 164, -78, 22, -54, -82, -162, 146, 2, 90, 44, 178, -138, 276, -50, -32, 58, -24, -230, 22, 144, 6, 148, -250, 208, -106, 8, -130, -78, 170, -6, -78, 
256, 198, 264, 2, 144, 2, 176, 68, -18, 218, -22, -12, 18, -32, -112, -78, 118, -40, 88, -18, -280, 148, 54, -44, 262, 102, -54, 34, 4, -24, 50, 68, -132, -316, -36, -120, -48, -116, 70, -66, 224, -60, 48, 56, 54, 280, -146, -152, 144, -38, 18, -234, 94, 72, 184, 30, 28, -20, 226, -40, 76, -46, -266, 196, -44, 136, 78, 44, -118, 90, -68, 86, 96, 142, 0, -132, 16, 0, -34, 54, -78, 116, -48, 106, -56, 94, 158, 396, -206, -20, -46, 18, 138, 60, 244, -78, 126, 96, -116, 148, -62, 312, -22, 4, 0, 118, -118, -2, 54, -10, 34, 24, -196, -148, 174, 294, -102, 138, 16, 46, -16, 4, -224, -114, 80, -118, -16, -138, 50, -34, -82, 102, -116, -292, 144, 76, -90, -38, 4, -106, -62, 16, -154, 14, 62, -88, 294, 260, 116, 192, 216, 204, 178, 88, -106, -64, -148, 86, -286, 54, 270, -124, 112, -148, 70, -52, 116, -114, -58, 74, 222, 144, 88, 136, -128, 24, 184, 10, 176, 92, 234, -92, -140, -46, -82, -28, 226, 26, -186, -38, -218, -36, -86, 144, -138, 148, 112, 220, -48, -36, 22, 94, 70, 66, -98, -28, -44, 12, 152, 112, 26, -38, -270, 4, 14, 84, 392, 76, 40, -152, 168, -72, -22, -28, -44, 54, 58, 46, 114, -152, -42, 154, 120, -140, -152, 54, 66, 284, -172, 20, 76, 332, -22, -360, 28, -14, -80, 36, 38, -46, 36, -66, -74, 4, 80, 76, -62, 176, -58, 88, -118, -98, 92, 20, 176, 88, -130, -60, -8, -92, 42, -28, 82, 12, 88, 12, 58, -20, 144, -52, 26, -54, 88, 12, -146, -212, 208, 88, -274, -12, -54, -10, 64, 196, -152, -50, 128, -160, -56, -142, 116, 14, -250, -18, 108, -10, 40, -28, 100, -222, 38, 104, -200, 160, 26, 154, -288, 88, 116, 56, -6, -60, 280, 68, 186, 234, -266, 6, -128, -18, 8, -86, 22, 20, 64, -22, -34, 14, 68, 130, 30, 42, 16, -62, -18, -164, 246, 2, 16, 256, -38, -144, 278, 34, 146, 96, 26, 34, 34, 206, -164, 2, 328, 64, 34, -18, 68, -98, 118, 18, -132, 68, -26, -110, -62, -266, -212, 36, 144, -102, 170, 14, 60, -58, 14, 12, 78, -32, -78, -200, 50, -6, -12, 72, 12, -80, -12, 60, -130, -108, 16, -152, 196, -50, -90, 166, 210, -162, 32, -112, -56, -192, -184, -252, -98, 142, 112, 146, -56, 176, -124, -60, 40, 76, -46, 144, 184, -162, -256, 218, 150, 20, 36, -2, 140, 40, -226, 52, 134, -12, -50, 128, -120, 260, 82, -130, 48, -156, -10, 40, -22, 88, 0, 108, -110, 220, 200, 18, -196, -28, 8, 204, -12, -4, -34, 26, -224, 20, -142, -136, -82, -40, 288, 70, -60, -48, -8, -6, 92, -126, 212, -48, 88, -16, -108, -84, 66, 228, -154, 94, -132, 84, -122, 70, 26, 18, 224, 182, 18, -96, 
150, -190, -174, 180, 124, 50, 28, -264, 158, -38, 278, -48, -74, -88, 232, 202, -142, 12, -6, 32, 334, 48, -10, -6, -280, 146, -4, 128, 22, 122, -140, 12, 12, 204, 32, 98, 126, 54, -144, 4, -192, 224, -66, 10, -18, -46, 80, -34, -84, 138, -164, 304, -44, 48, 54, -188, 88, -112, -172, -8, 146, 102, -36, 28, -6, -290, -114, 118, -90, 4, 10, 180, -82, 8, 26, 140, 128, 78, 152, 40, -18, -28, 24, 76, 32, -196, -26, -206, 78, 106, 64, 122, -42, 138, -78, -20, -122, -38, 286, -64, 230, 28, 132, 16, -48, 48, 60, 26, -182, 228, 126, 0, 128, 212, 104, 16, 166, -252, 12, 38, -176, -148, 68, 164, -46, -40, 100, 14, -40, 10, 218, 82, 64, 142, 2, -60, 218, -34, -66, -78, 88, 44, 132, -18, -16, -2, -80, -58, -132, -88, -80, -92, -166, -70, 142, 30, 140, -92, 378, 6, -80, -30, 28, -54, -28, -82, -178, 30, 52, 86, -74, -162, -128, -14, 182, -114, -138, 84, -78, -132, -186, 50, 156, -28, 140, -38, -170, 224, 116, -200, 166, 22, 124, -66, 66, -100, -230, 6, 178, -50, 134, 114, -220, -216, 292, 234, -56, -28, -92, -78, -110, 92, 54, 8, 74, 90, -272, 68, 44, 62, -72, 154, 192, -118, 108, -54, -52, -58, -306, -86, -62, 32, 112, 82, 100, 192, -64, -194, -10, 62, -128, -36, 116, 236, 54, 206, 162, 202, 26, -38, 148, 60, 126, 104, -110, 118, 42, -64, 22, 2, 100, 90, -16, 64, -270, 76, 290, 174, -4, -2, 144, 174, 0, 120, -234, -50, 58, -86, -104, 242, -26, 32, 40, -90, 20, 166, 40, 86, 192, -38, 66, 16, 44, -16, -18, 64, 140, 226, 10, 120, -148, -22, 184, 28, -216, -36, -48, -100, -112, 262, -76, -18, 198, -154, 4, -104, 100, -166, -96, -98, 116, 178, -208, -310, 44, 170, 300, -52, 152, -8, -56, 128, 76, 38, 16, 128, 160, 224, -114, -180, 146, -86, -68, -36, 20, 176, -210, 54, 66, -16, 96, 100, -116, 82, -204, 92, 2, 6, -112, 108, 42, -24, -332, -90, -150, -42, 24, 284, 14, -198, 74, -76, 124, 46, 194, 176, 78, -54, -224, 32, -152, 58, 140, -76, 258, 150, 172, 236, 132, 110, -140, -24, 86, -12, -100, 118, -102, -108, -14, -28, 168, 138, 88, 108, 120, -16, -216, 196, -12, 76, 262, 190, 12, 278, -84, -86, -146, -102, 216, -142, 116, -96, -64, -54, -64, -44, 42, -56, 164, -114, -76, -108, 80, 122, -132, -8, 230, -60, -232, -52, -20, -208, 34, -150, 184, -104, -2, 54, 182, 248, 60, -52, 26, -112, 222, -88, -52, 6, 274, 26, 62, -120, 100, 68, 122, -86, 184, 100, 44, -18, 8, -40, -122, -16, 12, 138, 94, 96, -20, 118, -76, -10, 164, 120, 266, 136, 204, -226, 378, -142, 114, -166, 22, -68, -150, 62, -206, -250, 132, 50, 
28, 120, 166, -144, 38, -62, -94, 284, -54, 56, -142, 146, 0, 40, -180, -286, 60, -30, 100, 76, -272, 192, -114, 96, 266, -10, 220, -54, -14, -64, 86, 106, -238, -8, 176, -116, -152, 42, 296, 110, 206, -18, 30, -20, 48, 16, -70, 14, 70, 126, 2, -204, 50, -90, -136, 162, -142, 40, 162, 176, -192, -10, -34, 14, 2, 128, 192, -30, -8, -168, 96, -58, 96, -68, 192, -306, -150, -46, -64, -88, 118, 104, 20, -28, -34, 224, 18, 182, -170, 10, -44, -150, 24, 70, 180, 100, 84, 144, 6, 16, -218, -24, 172, 58, -88, 194, 26, -116, 38, -310, 86, -60, -198, 4, -222, 38, -238, 138, 16, -42, -6, -116, 86, -8, 156, -52, 152, 52, -170, 114, -180, -10, 76, -42, -40, 80, -80, 84, 124, 92, -60, -106, -56, 46, 94, -16, 230, 86, -90, 114, 98, 144, 86, 138, -194, -70, -104, 158, -302, 96, 84, 30, -68, 116, -34, -16, 178, 24, -14, 88, -40, 134, 52, 2, -136, 200, 196, 58, 20, 274, 210, -130, -98, 134, 10, 116, 280, -152, -22, 332, -312, 108, -152, 14, -44, 166, 88, 166, -50, 16, -52, -204, 118, 154, 20, -156, 154, 78, -50, 228, 254, -88, 36, 42, -48, 68, 268, 42, 70, -146, 138, -8, -94, 196, -10, 54, -8, 138, 222, 78, -70, 26, -102, 40, -36, 56, 186, 176, 30, -58, 56, 264, 42, -10, -12, -248, -22, -54, 68, -6, -52, 42, 88, -162, 182, -66, -36, 196, -30, 58, -140, -82, 28, 40, 260, -8, -304, -124, 112, -56, 50, -106, -34, -22, 156, -124, 70, 124, 140, -8, 30, 8, -6, -36, -44, -152, 44, 62, -2, 148, 382, 160, -206, 120, -210, -2, 74, -56, 236, -24, -40, -10, -208, 90, 250, -4, 40, 100, 238, -140, -64, 182, -28, 210, 64, 64, 46, 170, -184, 150, 8, -102, 192, 10, 80, -158, -172, 32, -180, -12, -46, -250, -12, -36, 162, -162, -106, -26, -20, 26, 114, -98, 28, -8, 36, -144, 186, -26, -172, -66, -214, -100, 158, -90, 20, -74, -8, -18, 98, -100, -12, -134, 454, -14, 146, 78, 42, -194, -80, 216, 108, 32, -46, -50, -74, -146, 60, 94, 48, -8, 96, -14, -150, 148, -234, 70, 44, -76, -78, -144, 122, 86, -180, 162, -56, -148, -50, 92, -104, -88, -272, -290, 88, -74, -20, 42, 140, -216, -40, 90, 100, 64, -28, -262, 150, -50, 12, 32, -38, 192, -122, 26, 128, 70, -118, -2, -4, -36, -162, 340, 186, 22, -94, 4, 18, -68, -160, 200, 146, 104, 230, 120, 28, 118, -140, 200, -32, 18, -172, -208, -260, 106, 120, 94, -70, 194, 82, -26, -114, -46, 16, 74, -78, -128, -76, 238, -188, -136, 14, -26, -156, 308, -32, 148, 156, -34, -148, -74, -162, -68, 30, 0, -18, -26, -154, -82, -78, 162, -196, 74, -252, 36, -80, 68, 134, 120, 292, 88, -36, -184, 
178, -90, -154, 46, 10, 16, -116, 8, 166, 82, 98, 2, -192, 128, 296, 50, 12, 22, -60, -188, 262, -148, 172, -6, 28, -66, -42, 54, 22, 118, -18, -102, 202, 98, -158, 348, 122, 228, -236, -50, -80, 62, 74, -38, 182, 88, 210, 12, -48, 92, 164, 338, -44, 100, -72, -78, 60, 20, -38, -94, 348, 88, 4, 26, -24, 26, -144, 172, 86, 38, 28, 270, 28, 68, -54, 256, 162, 124, 20, -12, 30, -122, -40, 178, 114, -24, 66, 62, -80, 194, -96, 136, -46, -156, 32, 38, 46, -142, 28, -108, 276, 54, 28, -32, 296, -138, -94, 126, 110, 50, 16, 134, 154, 124, -162, 62, 166, -110, -120, -62, 82, -96, 70, 236, -210, 112, -70, 112, 138, 100, 298, 2, -108, -146, 24, -72, 66, -246, 64, -96, -10, 54, 102, -204, 16, 98, -72, -82, 130, -36, -140, -14, 64, -182, 122, 100, -84, -126, 102, -52, 150, 26, 108, -110, -30, 354, 62, -58, 154, -102, 88, -58, 18, -192, 188, -34, -10, 52, -26, -210, -230, 42, 138, 108, 42, -148, -198, 22, -134, -278, 216, -74, -80, 36, 52, -134, -138, 108, 106, 18, 90, 82, 8, -16, 34, 220, 80, -64, 198, -272, -60, -36, -176, -162, 136, -2, -166, 8, -214, 208, 4, -6, 124, -34, 60, -162, 136, -68, -132, 70, 72, -76, 206, -202, -68, -64, -80, 38, 74, 172, -226, -84, 94, 158, 56, 78, 152, 126, -134, 12, 70, 148, 42, 130, -70, 262, 184, -74, -30, -8, 94, -80, -28, 140, -126, 148, 166, 256, 114, 14, 124, 36, 162, 16, -190, 56, 112, -44, -94, 114, 26, 58, -176, 208, 54, 78, 136, -262, 218, -12, -210, -16, 4, 116, 136, 108, 192, 114, -176, 112, -2, -140, 144, 52, -38, -86, 44, -226, -146, 44, 4, 32, 126, -74, 2, 58, -80, -118, 324, -62, 226, 26, -28, 78, 94, 268, 268, -82, 44, -60, -54, 274, 166, 102, 24, 216, 40, 40, 196, -40, -174, 40, 52, 50, 44, 140, -134, -28, 134, 128, 106, 102, 42, 56, 172, 4, -70, 10, -118, -84, -104, 76, -194, 202, -240, 4, 84, 72, -20, -104, 40, 88, 34, 72, 104, 152, 40, -192, -80, 110, -80, 54, 106, -188, 246, -30, -6, -2, 148, 122, -80, -22, 326, -100, -104, 214, 36, -14, 62, 124, 176, 184, -134, -6, 192, -174, 64, 142, 2, 4, -86, -168, 134, 90, -26, 224, 18, 2, -20, -36, 190, 94, 42, -128, -4, -140, -104, -20, 202, -402, -420, -144, -74, 92, 176, -82, 142, -176, -34, 4, 24, 86, 82, -78, 42, 54, -46, -12, 66, 120, 312, 20, 4, -20, 0, -80, -80, 44, 186, 52, 150, 38, 40, 42, -58, -110, -66, 10, 136, -58, 158, -336, 6, -56, -268, 6, 108, 62, 230, -160, -58, 64, 30, -78, 46, 178, -60, -4, 94, -82, 60, -22, 42, 12, -22, -68, -108, 94, 62, 132, 
-126, 122, 176, -58, 100, 66, 140, -180, -10, -162, -8, -154, 370, -124, -226, 8, 14, -118, 82, 224, -196, -2, -14, 88, 16, 126, 44, -218, -24, -124, -142, 198, 30, 72, -22, 36, -192, -18, 112, 42, -60, 42, -110, 90, -274, -156, -200, 28, 140, 12, -226, -206, 140, -122, 144, 84, -100, -80, 104, 94, -200, -156, 82, 66, -100, 170, 172, -4, -62, -54, 132, -274, 164, 138, 4, -114, -74, -2, 142, -16, -40, 42, 148, -210, -74, 188, -56, -34, 6, -170, 108, 22, -4, 134, -10, -62, -38, 14, 84, 76, -190, -18, 126, -78, -216, 202, -74, 52, -58, -82, -40, -210, 6, 174, 236, -56, 0, 44, 120, 58, -94, 208, -52, -170, 152, -48, -2, 8, 12, 106, -336, -152, 324, 28, -106, 20, 30, 258, 66, -60, 196, -130, -8, 76, -96, -70, 248, 152, -40, 144, 28, 60, 72, 108, -186, -212, -114, -132, -10, 30, -74, 94, 40, 166, -146, -310, -42, 164, 28, 136, 2, 50, -134, 78, -130, 34, 120, -100, 56, 68, 202, 72, -140, -20, -162, 78, -50, -78, 32, 168, -86, 16, -12, 20, -34, 302, 54, -82, -96, 122, 38, -48, -24, -166, -24, -152, 60, 166, -244, 228, 210, 120, 90, 128, -196, 86, 240, -6, 108, 32, 16, 134, -78, -100, 34, 250, -94, -54, 44, -146, 188, 110, 28, 126, 78, -54, 246, 180, -94, -18, 188, 142, 88, -48, 10, -44, -282, -14, 166, 78, 4, 90, -66, -102, -30, -198, -82, 82, -68, 130, 62, 22, 184, 28, -6, -140, 2, -146, -164, -152, -4, 44, -6, -116, 168, 2, -184, 186, 154, 64, 110, -154, 182, -148, 118, 70, -196, 152, -66, 44, 244, 30, 202, -18, 60, -60, -218, -278, 162, 38, -92, 224, -32, 72, 110, 204, -124, 278, -62, 14, 76, 40, -28, -160, 32, 44, 124, 142, -180, -16, -224, 140, 16, -116, 86, 62, -70, 208, -102, 236, -2, -8, -252, -18, 80, -28, -62, 78, -88, -46, 38, 48, 114, -154, -194, -208, 158, -30, -94, 58, -232, 32, -98, 12, -216, -76, -16, 174, 192, 154, 58, -90, 214, 24, 168, 160, 26, 174, 126, 182, -76, -18, 74, -44, -270, -18, -200, 172, -6, -32, 48, 70, -12, 310, -180, -24, 72, -118, 26, -142, 216, -16, -314, 12, -24, -158, -112, 122, 62, 12, -24, -108, 38, -66, -134, 152, -162, -10, 58, -80, 60, 198, -100, -96, -6, -180, 10, 8, -226, -16, -60, -82, -58, 102, -36, -60, 16, -6, -270, 278, 478, 38, 16, -78, -22, 38, -90, 98, 50, -32, -116, -56, -152, 168, 86, -64, 178, 132, 2, -112, -66, 84, 0, -118, -38, -48, 120, 40, -34, -254, 132, 66, 12, 58, -22, 16, 108, 68, -68, -10, -172, 198, 152, -46, 100, -4, 2, -26, 66, 56, 42, -36, 30, 122, 16, -68, -90, 78, -190, 82, 170, 140, 214, -54, 158, 6, 72, 20, -122, -120, 
270, -12, -70, 228, 24, -118, -64, 196, 154, 306, 20, 14, -70, -106, 248, -140, 70, 94, 40, -78, 206, 168, 114, -12, -32, -72, -72, 130, 86, 46, 146, -66, 60, 62, 2, 32, 242, 116, 60, -94, 22, -204, 220, -24, 358, 128, 258, 120, -10, 168, 282, 170, -26, 194, -18, 14, 176, 44, -146, 18, -46, 146, 92, -136, 116, -38, -150, -42, 194, 12, 12, 334, 52, -318, 48, 146, 178, -6, 98, 56, -14, 152, 24, 198, 42, -68, 16, 54, 12, 96, -2, 54, -38, 24, 74, 252, -38, 212, 34, -28, 166, 192, -78, 72, 216, 16, 34, -128, 132, 172, 176, 140, 20, 76, 70, 96, 104, -14, -188, -90, -2, -234, 54, 272, -98, -134, 100, 12, 184, -88, 230, 92, -124, 94, 40, 138, -48, -94, -22, -18, 74, 30, 22, 8, 306, 126, -122, -76, 40, -24, 14, 170, 26, 126, -12, 54, 10, 152, 6, -2, 362, 10, 24, -90, 52, 110, 146, 74, 22, -112, 0, -130, -24, -126, -4, -44, 20, 92, -124, 64, -4, 26, 94, 26, -62, -34, -74, 66, -86, 0, -94, 24, 190, -8, -64, -164, -100, 226, -2, -80, 112, 116, 144, 98, 152, 118, -22, -26, 222, -114, -194, 10, -52, -130, 18, -84, -72, -76, 72, 28, -10, 48, 112, -28, -120, -116, 84, 12, -52, 30, -80, 194, -46, -152, -136, 142, -180, -144, 50, 36, -102, -112, -26, 52, -4, 78, 232, 138, -62, -30, 208, -16, 230, 68, -22, -14, 178, -24, -116, 2, 18, -40, -86, 78, 4, 136, 240, 134, 78, 150, 34, -44, 82, -8, -130, 66, 74, -88, 0, -144, -38, 6, -150, 74, -98, 4, 280, 18, -4, -62, -66, -38, 18, -88, -122, 130, 374, 252, -54, 152, 60, 94, 88, 28, 104, 20, 128, -130, 26, 116, 16, -14, -96, 26, -184, -16, -134, 22, 224, 64, 116, -4, 56, 164, -44, 24, 250, -100, -10, -168, -78, 72, 88, 2, -112, 366, 138, -84, -116, 44, -20, -248, -114, 96, 76, 30, -116, 122, 2, 58, 222, 66, 152, 154, 176, 12, 92, -88, -122, -42, -62, 144, -134, 182, 84, -30, -42, -82, -4, -128, 70, -64, -40, 70, 204, 148, 82, 12, 86, -62, 72, -18, 22, -90, 404, 40, -38, 210, -40, 96, -180, 362, 24, 210, -28, 186, 190, -50, 48, 146, 106, 164, -86, -26, 28, 4, -34, -28, -180, 164, -224, -128, -6, -50, -50, 122, 204, -12, -2, 24, 100, 98, 174, -62, 26, 176, 32, 18, 160, -74, -334, -84, -38, -66, 252, -118, -24, -104, 36, 168, 114, 178, 248, -84, 58, 26, -76, 44, 108, 48, -54, 70, 10, 194, -10, 148, -112, -42, -22, 202, 38, 10, 120, 2, 72, 70, 24, 176, 102, 90, 112, -158, -110, 152, 20, 86, 2, 158, -94, -28, 222, -8, 4, -32, 134, 244, -28, -202, 156, -248, -192, 40, -20, 52, -218, -20, -66, -64, 148, 360, 
-84, 132, -134, -210, 86, 152, -80, -132, -274, -136, 56, -122, -44, 50, -150, 148, -122, -36, -114, 10, -138, -190, -120, -8, -30, -16, 144, 16, -72, 42, -204, 18, 0, -60, 106, -112, -90, -246, -18, 52, 138, 130, -126, 88, -460, -64, -170, -18, 14, -110, -48, -202, 86, -130, 88, -152, -266, -52, 94, 30, 16, 8, -106, 58, -208, 90, 42, 220, 98, 62, 160, -78, 126, 180, -128, -86, 120, -108, 20, 52, 22, -78, 88, -132, -38, -24, -48, -110, 40, -294, -60, -26, 134, -46, -120, -132, -54, -176, -132, -240, -158, -38, 72, -34, -62, -14, -58, 20, 54, 108, -34, -32, 52, -40, -6, 2, -4, 92, 132, -16, 42, 124, -12, -258, 74, -30, -236, 64, -50, 32, -152, 102, -10, -108, 174, 16, -98, 134, 18, 24, -28, 130, 214, 0, -112, -36, 98, -60, 40, 160, 72, -202, -22, -84, -26, -4, 170, -108, 74, 52, -112, 88, 2, 314, 80, 232, -294, -78, -172, 244, -94, 112, -66, -20, 102, 112, -104, 24, 116, 74, -54, -44, 8, -78, 212, -72, -86, -58, -6, 324, 190, 92, -176, 12, 80, 280, 16, 32, -8, 140, -166, -180, 30, -72, -132, -124, -78, 188, -142, 106, 72, -86, 66, 274, 64, -24, 46, 4, -122, 46, 120, 14, -186, -64, 174, 78, 176, 56, 90, -108, -64, -246, 50, -24, 44, -42, 170, 138, -74, 154, 318, 90, -14, -32, 212, 202, -126, 116, 54, -70, -24, -6, -132, -18, 140, -202, 116, 164, 28, 24, -68, 152, 76, -56, 80, 94, -114, -46, -16, 12, 2, -4, 56, 112, 308, 92, 268, 102, 22, 106, 0, -68, 36, 68, -244, 16, -84, -4, -64, 62, 106, -22, 68, 284, 200, -100, -82, -264, 32, -80, -94, 140, -156, 164, -50, -32, 10, 160, -22, -24, -92, 156, 84, 90, 146, -130, 160, -46, -276, 192, -114, 8, -26, -304, 56, 14, -62, -66, 154, 220, 4, 132, -44, 66, 110, -260, -98, -36, -32, -78, 62, 226, 36, 112, -122, 14, 262, 84, 16, 66, -126, -78, -46, -4, -16, -86, -126, 188, 170, -82, 118, 44, 280, 56, -62, 10, 66, 20, 144, 174, -162, -154, 66, -88, -154, -98, -52, -90, -190, 176, 48, 176, -134, -128, -138, -78, 276, -268, -100, 6, 296, -324, 36, -144, 52, 94, -54, 10, 46, -38, -126, -170, 88, 4, 112, 56, 36, 92, 128, -82, 216, 258, 262, -108, 102, -180, 34, -16, 18, 158, 56, -80, -92, 210, -14, -54, 30, -76, -208, -40, 120, 176, 56, -14, -20, 170, 72, 28, -66, -222, 90, 0, -22, -2, 74, -92, 50, -110, 8, -64, 76, -116, -4, -114, 106, -112, 114, 136, -16, -144, -182, 30, -372, 44, -54, 28, 6, -230, 20, 170, -52, 316, -106, -148, -32, 20, -16, -62, 104, 96, -120, 124, 60, 216, -46, -126, -148, 250, -78, 220, 128, 4, -64, 42, 198, -82, -70, 52, -76, -146, 
64, 14, 98, 214, -82, -112, 68, 112, 134, 124, -108, -54, 100, -64, 104, -296, -136, 130, 42, 72, 142, 146, -152, 48, -10, 154, 76, -110, 132, -4, 160, 30, 140, 148, 76, 230, 128, 330, -80, 144, -48, -138, -44, -42, 394, 38, 146, -18, -24, 44, 8, 66, -6, 246, -22, 34, 256, -20, -146, 2, -50, -10, 96, 50, 54, -144, -74, -184, 190, 30, -164, 92, -154, -44, 26, 48, -90, 144, -22, -136, -150, 58, -134, 166, 126, -102, 0, 0, -134, 300, 60, 118, 80, -120, 214, -16, 132, 94, -114, 172, 186, 36, 34, -48, 12, -4, -38, -30, 94, -64, -52, 30, 16, 24, 150, -4, -62, 60, -220, 150, 10, 36, -98, 138, -200, -134, 194, 54, 46, -48, 230, -68, -116, 140, -90, 26, 116, -244, -70, -106, -26, -38, 4, -52, 108, 24, -114, -6, -78, 74, 148, 10, -168, 34, 164, 246, -16, -2, -28, 10, 32, 120, -14, -150, -50, -160, 230, 106, 162, -128, 244, -114, 70, 148, -100, -42, 54, 44, 76, -188, -46, -104, 36, 128, 60, 92, 34, 232, -12, -272, -32, 162, 26, 22, 166, -184, 40, -64, -62, -118, 144, 184, 252, 268, 62, 264, 54, 136, 102, -146, 118, 42, -80, -74, -22, -70, -122, 96, 120, -32, -72, 88, 90, 144, -78, -162, -72, 112, -116, 40, 34, -54, 28, 152, 20, -132, -8, 92, 198, 44, -234, 70, 82, 16, -82, -70, 8, -28, 64, 134, 152, 132, 108, 18, -198, 144, 98, -70, -44, 16, -6, 0, 60, 52, -76, -30, 60, 258, -116, -66, 34, -28, -38, 134, -318, -272, 52, -182, 18, -262, -18, 106, 68, -64, 252, 200, 24, -142, 12, -106, -100, 184, -148, -102, -188, 78, -42, 36, -84, -82, 160, -188, -92, -164, 166, -58, 92, 138, 36, 200, 38, -58, -88, -96, 60, 10, -62, 136, 286, -128, 104, 72, 72, 232, -42, -40, 18, 144, -60, -146, -42, -106, 112, -114, -98, 202, 212, 58, 74, -34, -88, -142, -88, 178, 74, 10, -280, -68, -64, 18, 132, 214, -100, 18, -206, 130, 36, 18, -134, 30, 6, 24, -120, 68, 150, -64, -6, -108, 168, -210, 234, 90, -182, 52, 2, 104, 138, 224, 204, -148, -122, -110, -48, -38, 40, 178, -210, 182, 186, 38, -260, 78, -60, 210, -32, -166, 154, -66, -34, 22, 222, 56, 30, 246, -102, 94, 54, -100, -44, -36, -18, -294, -134, -74, 130, 82, 6, 170, -12, -4, 124, -56, 96, -150, 122, 46, -32, 40, 82, 134, -8, 56, 58, 104, 6, 78, 38, 104, 98, 178, 122, -72, 114, -64, -58, 74, 12, 128, 62, 114, -26, 86, -60, -2, -24, 86, 2, 12, -52, -28, 210, 150, 314, 22, 38, -68, -188, 100, -96, -138, 154, -340, 34, 196, -26, 164, -24, 106, 44, 52, 36, -98, -90, 120, 10, -46, 216, -188, 172, -142, -156, 64, 44, 0, -244, 56, 24, -10, -52, 178, 
68, -6, -24, -394, 108, 118, -60, -124, 8, -90, 70, 64, -106, 20, -52, 84, 306, -8, -18, 2, -148, -140, 70, 4, 52, 14, 26, 26, 94, -62, 14, 168, -56, -74, -72, -22, -108, -262, 102, -200, 126, 222, 96, 22, -178, -2, -90, 24, -114, 192, 96, 76, 164, -72, 172, 290, -162, 42, 236, -12, -16, 58, -192, 150, -74, 112, 120, 186, -148, 72, 156, 8, 196, 48, 80, -64, 76, -188, -58, 124, -92, 22, 134, 38, 8, 16, -30, -64, 144, -228, -6, -206, 104, -76, -172, -28, -282, 6, 244, -280, -134, -134, 88, 232, -28, 6, 60, 144, -94, 144, 24, -98, -88, -22, -46, 134, 60, -130, 12, -122, -48, 60, 216, -102, 18, 122, -182, 28, 238, -26, -182, -8, 102, -12, 60, 204, 20, 190, 24, 264, 86, -40, 112, -92, 10, 18, -2, 36, 58, -138, 42, -64, 36, 12, -146, -122, -24, 90, -114, 10, -6, -102, 60, 8, 12, 216, -90, -230, -310, 22, -16, 156, 32, -40, -98, -56, -42, -72, 16, 10, 196, 30, -124, -2, -32, -172, 26, -274, -56, 210, 94, -170, 114, 70, -12, -54, 178, 204, 50, 30, -256, -38, -78, 14, 74, -74, -12, 38, -84, 34, 158, -22, -50, -196, 268, 0, 110, -142, 112, 8, 224, -94, -20, -148, 28, 42, 106, -4, 222, 18, 64, 2, 110, -162, 20, 268, 38, 112, -160, -176, -90, -84, -78, -42, 170, 42, -84, 24, -68, 2, -114, -64, -54, 4, 68, -24, -42, 70, -118, -30, 96, 26, 38, -82, 76, -84, -44, -20, 10, 162, -22, -146, 226, -152, 348, 20, 156, 136, 86, 292, 52, -134, -124, -22, -136, -86, 30, 60, 106, 156, 218, -310, 4, 204, 44, 62, 70, 120, 138, 194, -12, 82, 94, 224, -12, 90, -122, -128, -44, -152, 66, 82, 72, 40, -82, -50, -16, -64, -252, 56, 2, -68, 158, 76, 96, 4, 92, -114, 172, -52, 60, 6, -254, 234, 254, -286, -250, -96, 20, -30, 6, -4, 334, 152, 8, -86, 44, 42, -36, 128, 42, 42, 156, 16, 126, -154, -70, 50, 138, 70, -34, 58, 30, 80, 70, 98, 72, 42, 22, 108, -224, 108, 232, -60, -46, 6, -128, -22, -76, 172, 300, -14, 14, -94, -8, 44, 146, -84, -94, -22, 174, -6, -98, -240, -146, 44, -52, 10, 132, 26, -64, -64, 126, -310, 122, -66, -142, 70, -104, -64, 234, 144, 194, 8, -146, -242, 78, 20, -24, 96, -86, -70, -198, 32, -38, 82, 52, 152, 116, 2, 62, 42, -184, -166, -70, 30, 54, 112, -88, -62, -126, 130, 4, 66, -18, -48, -30, -172, -60, -104, 100, -68, -66, -56, -24, 12, 146, -16, 48, 128, -196, 166, -400, 14, 88, 172, 46, -10, 46, 38, -80, 120, -8, -242, 80, -4, 230, -98, -116, -126, 132, 154, -178, -98, 30, -30, -250, 54, -120, 98, 38, 78, 162, -188, 148, 72, 266, 284, 40, -130, 
10, -158, 62, 224, 94, 96, -54, 124, 8, 106, -82, 76, 22, 10, -128, 12, -68, 114, 102, 110, 36, 224, 18, -60, -34, -286, -44, 38, -166, 92, 6, -32, 306, 40, 104, -12, 54, 54, -96, 134, -102, -200, -8, 72, 328, -114, -208, -166, 122, -110, 92, -180, 12, 148, -30, -198, 150, 118, -162, 20, 24, 102, 90, -16, 128, -166, -106, -168, -16, -34, 50, -24, 84, 154, 38, 152, -38, 158, -48, 110, -52, 198, 282, 84, 56, -4, 98, 70, -62, 60, 74, 272, -198, -140, 264, 24, 152, -16, -144, 332, -20, 58, -134, -294, 94, -4, -82, -164, 52, -104, 50, -176, 134, 32, -160, 30, -58, 138, 128, -38, 116, -122, -150, 180, 18, -126, 208, -174, -132, -186, 96, -28, -128, 126, -46, -158, 0, -214, -108, -104, 84, -4, -52, 44, -110, -44, 62, -68, -82, 116, -116, -16, 42, -8, -2, -50, 30, -66, -84, -104, 58, -22, 30, 42, -166, -382, 132, 62, 344, -54, 242, -68, -140, 176, 40, -40, -20, 230, 20, -200, -372, -152, 58, 212, 8, 150, 6, 182, 56, -132, 80, 146, 88, -162, -112, -60, 30, -66, -62, 54, 138, 174, 36, -8, 184, 154, 162, -6, 132, -22, -290, 148, 66, 96, -336, 18, -24, 62, -36, 26, -134, 250, 298, 54, 72, -236, 10, -114, -158, 138, -36, 216, 2, 82, 120, 54, -12, -102, 86, 240, -84, 100, 64, -2, 42, 54, 92, 70, 74, 84, 110, 152, 116, 40, -130, -140, -108, -22, -30, 340, -178, 8, 66, 198, -52, -12, 76, 120, 114, -14, 8, 236, -140, 90, -160, 188, -136, -204, -64, -354, -92, 98, -4, -58, 326, -94, 50, 78, -156, -140, -232, 118, 130, -176, -64, -58, -96, 2, -34, -192, 150, -30, 80, -174, -124, -222, 262, 350, 132, 118, -114, 26, -134, -106, -54, -74, 18, -2, 224, -94, -134, 96, 8, 10, -32, 78, -118, 48, -32, 134, -226, 84, 246, -48, -106, 212, 168, -172, -118, -14, 98, -60, -66, 108, -78, 166, -84, 6, 80, 20, 6, 74, -200, 178, 54, 62, -30, 14, -56, 4, 6, -58, -264, -142, -74, -144, -96, -150, 84, -76, 216, -22, 94, 46, 118, -140, 202, 16, 76, 6, -54, 150, 56, 198, 124, 150, -48, 146, -130, 172, -10, -210, 34, -2, 166, 38, 130, 80, 20, 128, 162, 170, -114, 96, -86, -12, 54, 128, -6, -102, -18, -76, -106, -142, 150, 12, -44, 10, -170, -80, -20, 144, 92, -42, 72, -186, -124, -100, 116, -86, -92, -6, 168, 126, 96, 314, 8, 4, -64, 176, 104, -232, 66, 54, 26, 14, -218, 316, 76, -14, 96, 8, 74, -78, 122, 2, -124, -8, -56, -120, 382, -54, 224, 4, -120, 4, -74, 148, 186, 128, 48, -70, -50, 78, 32, -4, -254, 22, 74, 232, -114, -4, 228, 42, 156, -168, 428, 194, 68, -104, 84, -34, 182, 132, 64, 56, -42, -200, 36, 58, 
38, 96, -42, 52, 112, -78, 122, -12, 54, -164, 106, 102, 56, 66, 74, 70, 102, 34, 26, -82, -182, -82, -76, 46, 16, 202, -58, -136, 144, 16, -76, -110, -266, -174, -56, -104, 106, -146, 108, -104, 24, 238, -28, 22, -128, 14, 130, 108, -126, 44, -116, 86, 110, -68, -52, 112, -234, 106, 148, 2, 168, 82, -82, 34, 122, 38, 32, 144, -12, 144, -106, 92, -108, 74, 132, -70, -66, -172, -78, 138, 154, 14, -6, 10, -28, 28, 14, -72, 22, 70, -82, -162, -12, 292, -210, -108, 46, -70, 68, -256, 78, -80, 118, 170, -222, -134, 72, 306, -36, 134, -28, 134, -16, 104, 64, 92, -30, 78, -40, -60, 156, 116, 210, -284, 160, 80, -106, 338, 68, 158, 6, -50, 114, -136, -192, 66, -110, 58, 148, -4, -186, 264, -80, 46, 76, 60, -46, 362, 148, 100, -42, -20, -30, 6, 148, 126, 80, 60, 8, 174, -302, -56, 6, -72, 126, 364, -134, -44, -196, 160, -48, 152, -18, -220, -22, 84, 80, -244, -54, 320, 290, 230, 42, -38, 124, -80, 30, -96, 54, 208, 6, -154, -20, 36, 24, 70, 102, 50, 136, -2, 10, -78, 54, 160, -364, -18, -16, 26, -10, 102, 112, -106, 188, -46, 364, -128, 76, -30, -26, 104, 338, -166, -246, -88, -88, 298, 2, -48, 56, -110, -116, -136, 56, -12, -168, -56, 158, -124, 32, -152, -182, -4, -16, 168, -160, -150, -50, -104, 150, 78, 146, -154, 68, 170, -84, 166, 54, 56, 100, -34, 132, 28, 80, -24, 56, 40, -44, -132, -84, 34, 12, -124, 264, -200, 270, -96, 130, 162, 50, 202, 160, 64, -8, -38, -218, 90, 48, -6, 322, 62, 198, -2, 32, 78, 40, 316, 156, 14, 118, -14, -220, 8, -22, 262, 34, 342, -32, -138, -118, 14, 114, -26, 162, 264, 64, 178, 62, -72, -166, 154, 136, -106, -12, -26, 140, -16, 62, -110, 182, -60, 316, -116, -170, -144, 128, -110, -162, 4, 52, 234, -130, 40, -12, -124, 90, -62, 162, 192, 86, -14, -38, -114, 98, -64, 8, -12, 128, -78, 10, 100, -12, 174, 276, 188, -136, 156, 208, 138, -170, 78, -18, 104, -90, -38, -158, 120, -242, 88, -18, -94, 232, -264, 68, -124, -80, 28, 144, 14, 238, 16, 112, 38, 112, 54, -20, 142, -2, -100, 12, -96, -90, 92, -2, 70, 94, 100, 60, -196, 200, 58, 46, 278, 96, 186, -112, -4, 128, 22, 32, 66, -8, -56, 0, 58, -112, 262, 212, -6, -160, -44, 20, -50, -128, -100, -58, -200, -12, 92, 248, -122, -194, 214, -74, 176, -122, -6, 130, -162, -218, 98, -12, -174, 48, -16, 62, 204, 124, -34, 30, 168, -174, 30, -172, 96, 128, 18, 38, 116, -160, -24, -254, 244, 68, -88, -28, 96, 218, -22, -28, 30, 196, 142, -270, 128, -38, 56, -244, -224, 16, -2, -50, 44, -232, 36, -100, 98, 122, 96, 34, 206, 
68, 42, -74, -96, -238, 28, -12, 100, -54, 166, -126, -74, 58, -4, 152, 42, -44, 180, -56, 142, 172, 136, 50, 36, -38, -140, 128, 120, -152, -40, 26, 18, 54, 82, 146, -18, 32, 60, 114, 42, -16, -96, 90, -88, -22, 190, -106, 94, -26, 154, 106, 104, 46, 114, 284, -138, 332, -128, 120, -142, -188, -82, 276, 22, -140, -224, -74, -238, -90, 110, 22, 102, -14, 164, -68, 126, 120, 160, 168, 14, -186, 126, 82, -152, 96, 58, 274, -110, 82, -22, 180, 58, -124, -244, 256, -82, 108, 78, -166, 222, -180, 336, 102, -86, 166, 124, 14, -200, 34, 20, -84, -90, 108, -32, 58, 54, 52, -54, -92, 126, -122, -96, -134, 198, -132, 12, 24, -106, -40, -152, 34, 52, 198, 154, 166, 90, 24, -130, -14, 146, 180, -128, 56, -34, -20, -82, 140, -212, 72, 114, -58, 16, -54, -16, 76, 116, -50, -82, -80, -120, 136, 180, 86, 70, -114, -142, 260, -60, 120, 36, 112, -98, -62, 220, 12, 6, 58, 30, -100, -212, -212, -52, 96, 366, -132, 20, -82, 48, -16, 2, 8, 80, 228, -40, -100, 26, 52, 30, 76, 74, -146, 18, -254, -22, 306, 6, -34, -120, -18, -114, -62, -96, -218, 164, -306, 64, -170, 0, -44, -84, -122, 14, 140, -28, 64, -222, 0, 150, 86, 54, 62, 210, -6, 42, 18, 114, -122, 184, 44, 238, 84, -138, 40, -54, 166, 130, 58, 234, -126, 28, -26, 238, -114, -96, -128, -134, 82, -48, 36, -16, 68, 36, 40, -44, -114, 0, -128, -28, -134, -86, 94, 136, -144, 162, -142, 46, -4, 40, 10, -80, -154, -170, 230, 110, 180, -156, -114, -10, -100, -72, -136, -46, 192, -44, 44, -236, -66, -136, -158, -64, 186, 76, 100, -148, 146, -226, 18, 34, 26, 70, 24, -108, -122, -26, -40, -70, -58, 106, 114, -20, -36, 138, 150, -86, 56, 62, -164, 104, -206, 70, -170, 34, 140, 142, -76, 356, 186, -14, -18, -132, 6, 2, -70, -66, -58, -48, -214, -34, 160, -6, 110, 2, 146, 10, -102, 96, -62, 100, -156, -114, -6, -66, -64, -262, 154, -58, -260, -76, 360, -264, -10, -50, 58, 54, 232, 64, 176, 184, 80, 68, -118, 128, -134, 184, 24, 22, -94, -26, -230, 46, 46, 38, -46, 10, 104, -136, -20, 196, -16, -50, 230, -198, -12, -180, -58, -168, 84, 88, -202, -188, 10, -64, -100, -322, 48, 138, -56, 192, 4, -76, 156, 114, 110, -110, 162, -12, -142, -68, -82, -224, 168, 62, 60, 10, 126, 74, 38, 42, -216, 110, 100, -62, 44, -174, 118, -18, -78, 106, 134, 72, 138, 166, 200, -106, 62, 50, -50, 68, 88, -98, -104, -14, 196, 24, -180, -104, 142, -204, 26, -52, 130, -132, -156, 72, -190, 26, 4, 30, 80, -22, 70, -6, 306, -278, -4, 36, 172, 108, -28, -54, 28, -24, -50, 38, 124, 14, 120, -136, 36, -126, 
-8, -222, -126, 22, 132, -124, 254, 36, 68, -146, 54, -128, -72, 66, -96, 116, 106, -62, -14, -196, 46, -148, -114, -4, -36, 28, 68, 16, 128, 174, -132, -82, 98, -80, 54, 16, -140, -132, 244, 134, 16, -22, -144, 100, -110, -234, 128, 76, -82, 16, 94, 132, -54, -198, -130, 312, -186, -18, 72, 70, 260, 188, -22, 46, -22, -66, 142, 252, -2, 86, 12, -142, 62, -66, -96, -2, 46, -160, -42, 48, 54, 14, -88, 214, -138, 68, -252, 158, 26, -42, -44, -22, 28, 180, -94, 0, 38, -122, 330, -44, -28, -148, -160, 34, 36, 12, -10, -36, 130, 148, 46, 164, 40, 14, 6, 32, 104, -54, -6, 34, 94, -12, 68, 20, 80, 202, -82, 146, -172, 84, 90, 174, -24, -88, -232, 52, 104, 0, -102, -4, -70, 148, 56, 232, 6, -10, -142, 372, 70, 58, 326, 114, 68, -182, -152, 120, 58, 26, 78, 40, 0, 20, -22, 12, 376, 100, 38, 64, -272, -172, -28, -22, 196, -220, -64, 110, 86, 54, -180, 122, 246, 146, -112, -222, -2, -10, 90, 98, 10, -38, 82, 62, -26, 162, 232, -24, -42, 42, -110, -208, 140, 92, 194, 22, -248, 0, 44, -2, 88, 24, 108, -10, 312, -134, 374, 108, 240, 72, -26, -190, 28, -86, -110, 72, -48, 162, -24, -68, -164, -10, -6, -148, 26, -52, 76, 44, 162, -216, 4, -226, -182, 98, -46, -4, 18, -116, 122, -166, 66, 76, -64, -204, 142, -10, 98, 70, -8, -122, -190, 164, 2, -184, 122, -118, 14, 78, 88, 96, 260, 158, 20, -188, 144, -180, 174, -16, 62, 58, 14, 192, 210, 112, 22, -134, -208, 180, 124, -16, 16, 12, 94, 44, -90, 240, -22, 152, -136, 112, 226, -166, 52, 0, -68, -10, -210, 240, 158, 46, -12, -30, -62, 22, 44, 302, 16, 222, 94, 42, -66, 96, 92, -60, 10, 90, 80, 128, 132, 50, 100, 32, 34, 72, -42, -16, -32, -208, 86, -120, -124, -152, 36, 66, 138, -50, 102, 72, 84, 152, -18, 2, -132, 142, 8, 6, 140, -52, -10, -64, 150, 112, -112, 154, 52, 236, -148, 84, 116, 120, -154, 232, 20, 40, -204, 22, -230, -82, -208, 126, -50, -98, 266, 38, 108, -170, -8, -68, 254, 58, 104, 28, -96, -54, 10, 110, 62, 280, -82, -222, 110, -178, -108, 140, 10, 84, 140, 82, -10, 12, 96, 64, 34, 202, 134, 58, 172, -40, 100, -266, 26, 68, 22, -114, -186, 30, -158, 48, 128, 166, 90, 86, 22, -60, -152, 58, 36, -66, -22, 8, 278, -66, 78, 166, -44, 218, 186, -144, 106, 40, -26, 86, -132, -98, -90, 76, 128, 18, 16, -60, 2, 118, 102, -94, -16, 108, 162, -116, -70, 188, 50, 22, 12, 70, 164, -12, 40, 0, 204, -38, -6, 4, 2, 34, -114, 278, 52, -142, -92, -102, 18, 18, -208, -206, -78, 62, 22, 94, 60, 100, 32, 76, 
134, 110, 146, 78, -20, 158, -106, 22, 194, 28, 10, 374, -8, 0, 42, -58, -148, 130, 60, -60, -2, 96, 32, 134, 120, 74, -62, 8, -22, -184, 78, 152, -30, 112, 80, 30, -186, 240, -238, -104, 154, 226, 52, -110, 164, 312, -190, -20, 10, 102, 52, -138, -6, 176, 232, -162, 26, 90, 2, 172, -346, 90, 6, 32, 82, 62, -214, -280, 158, -92, -124, 84, 34, -72, 88, 30, 62, 38, 42, 24, 152, 10, 54, -12, 82, 106, 326, -50, 10, -134, 170, -30, 10, -118, 70, 40, 62, 144, -124, -58, 26, 292, -30, 154, 50, 80, 152, -46, 26, -102, -22, -306, 6, 144, 112, -102, -92, 76, -138, 168, -96, 2, 48, -122, -102, -308, 76, -56, 162, 98, -46, -70, -142, 178, -12, -46, -208, 148, 402, 160, 160, -64, 46, 2, 76, 84, 92, -418, -246, -26, -182, -80, 68, 70, 44, -24, -186, 196, -148, -4, 74, 2, 206, 8, -254, -76, 204, -62, 252, -96, 48, -120, -234, 186, 188, -68, 146, -114, -20, -170, -142, -74, 26, 378, -126, 20, -18, -30, -2, -74, -12, 106, -88, -104, -304, 140, 54, 76, 76, 218, -228, 136, 0, 106, -62, 24, 78, 152, -142, -76, -96, -66, -358, 96, -278, 8, -176, -128, 8, 90, -206, 200, 110, -60, 110, 122, -60, 172, -12, -78, 30, 58, 12, 138, -50, 86, -56, 58, 42, 206, 270, -34, 30, -36, 146, 80, -12, 236, -94, -100, -22, 134, -100, 66, -266, -140, -108, 192, -98, -82, 54, 224, -146, 0, 110, -130, 102, -200, 92, -8, -6, 86, 122, 204, -70, 204, -108, -134, -10, 22, -204, 78, -12, 132, 200, -178, -88, 40, -80, 212, 8, 36, 130, -72, 24, -196, 250, 34, -114, 40, -106, 66, 148, 106, 150, -198, -140, 6, 76, 60, -68, 160, -82, -320, -48, -144, -60, 38, 126, -308, -62, 76, -180, -140, -274, 192, -144, 142, -94, -172, 48, -120, 104, -104, 56, 120, 14, 250, 116, 42, -20, 26, -126, 88, -180, 120, 198, 64, 204, -84, 14, -66, 50, -32, -78, 290, -156, 266, 138, 80, -78, 44, -76, -150, -14, 210, -136, -2, -8, -276, 78, -6, 104, -118, 54, -4, 138, -150, 60, 96, -198, 68, -28, 118, 108, -40, -130, 126, -136, -68, 268, 242, 8, -28, -222, -100, 78, 184, 46, 230, 162, -8, 60, -32, -184, -34, 56, 6, 96, 116, -52, 22, 4, -114, 12, -14, 74, 182, 112, 162, 24, 122, 120, -8, 8, -14, -134, 50, 12, 168, -70, 136, 270, 94, -60, 210, 32, 128, -166, -12, 16, -194, -24, 54, -40, 192, -26, 8, 56, -152, -48, 2, 180, 60, -76, 104, 112, 92, 82, -32, -216, 70, 148, -126, 4, 108, 108, -200, -80, -88, -10, 14, -182, 32, 342, -28, 92, 200, 170, 124, 54, 200, 88, -250, 48, 28, 188, -32, 60, -28, -52, 50, 12, -12, 170, 30, -214, -36, 22, -46, 
-68, 2, 100, 114, -128, -240, 126, -70, -194, 72, -66, -14, 62, -86, -64, 4, 2, -32, 154, 58, 240, 42, 88, -100, 20, -144, 164, 2, 32, 252, 22, -158, -22, -138, -50, -16, 68, -78, 132, 12, 24, -76, 36, 158, 66, -334, 70, -20, -76, -56, 8, 114, -136, -22, -238, 210, 30, -38, 132, -102, 190, -146, -40, 106, -142, -100, 170, 106, -70, 60, 148, -38, -118, 130, 26, 152, -142, 98, 78, 76, -56, -232, -102, 4, -140, -120, -154, 128, 22, 150, -188, 64, 142, 224, -14, 128, 200, 126, 218, -88, -138, -164, 188, 16, 76, -112, -174, 0, 48, 116, 84, 148, 176, -94, -114, 20, 208, -136, 180, -40, 114, -14, -74, 30, 106, 318, 164, 144, 58, 42, 102, 30, 156, -256, -48, 138, 24, -48, -232, -144, 134, -54, 54, -70, 114, -92, -62, 122, 276, 72, 124, -16, -42, -78, 0, 82, 102, -18, 120, 6, -38, 118, -190, 286, 166, 22, -62, 146, -198, 164, 108, 50, 222, 18, -170, 104, 74, 218, 114, 368, -10, 96, -162, -212, 132, 28, 76, -58, 14, -44, -36, -24, -4, 102, 272, 2, -44, -28, -56, -52, 70, -204, -148, -76, 108, -86, 148, 60, -30, -62, 80, -110, 298, 102, 408, 66, 164, 106, 184, 14, 378, -186, -98, -14, 46, -298, 72, -202, -82, 220, -36, -100, 30, 112, 104, -48, -132, -186, -152, -194, -36, -92, 44, 50, -116, -86, -136, -148, 62, 98, 176, -96, 224, -136, 102, 182, 164, -44, -194, 216, -56, -414, 166, 126, -64, 208, -68, 52, 16, -52, 114, 4, 48, -88, 140, -96, 140, 64, -46, 82, 188, 12, 28, -280, -102, 114, 200, -150, 82, 56, -54, 14, -100, 18, -28, 290, -54, -86, 72, 38, 170, -124, -186, -52, -350, 176, 164, -102, 96, -64, 8, -162, 322, 248, 102, -56, 140, 60, -50, 64, 156, -140, 150, -12, 2, -102, 132, -212, 170, -30, 264, 128, 34, 0, -64, -66, -4, -180, -78, 90, -172, -172, -80, 88, 104, -24, -182, 6, -48, -8, 106, -16, 18, -36, -40, -208, 230, -192, 84, -40, -96, 96, 274, 172, 22, -44, 56, -104, 144, 76, 64, -98, -10, 130, -50, 2, -44, 124, -252, 176, -16, -160, 98, -74, 40, 36, 86, -130, 124, 142, -84, -186, 108, 90, 100, 46, -84, -164, -116, -200, -106, 56, -32, 76, 80, -76, -68, -152, 112, 6, 30, 40, -18, 90, -146, 196, -164, -82, 0, -134, 100, -104, -54, 140, 50, 64, 70, -38, 4, 4, 104, 146, -60, 10, 106, -46, -154, -64, -166, 146, 164, 170, 10, -102, 100, -26, -48, 6, 242, 262, 12, 8, -164, 34, 140, -96, -132, -126, -162, 24, 354, 4, -104, 172, 124, -226, 134, 306, 112, -44, -182, 62, -28, 6, -204, -34, -102, -154, -108, -24, -40, -200, -58, 184, -208, 66, -76, -122, -10, 66, 36, -34, 144, 156, -100, -100, 184, 166, 206, 60, 
216, -38, 106, -166, 44, 224, -30, 78, 360, -28, 160, 254, 68, 24, 106, 16, -30, -64, -24, -76, -278, -4, -4, 70, 4, -106, -186, -60, -170, -14, -58, 124, 40, -48, 56, 146, -82, 136, 128, 138, 26, 6, 40, -84, -106, 48, -62, 122, 50, 70, -60, -28, 222, 44, 282, 12, 34, 88, -168, 50, -28, 80, -126, 20, 188, 42, -198, -140, 90, 112, 64, 4, 24, -286, 24, -24, -146, -34, 38, -10, 156, 140, 22, -26, 14, 174, 198, -150, 16, -70, 100, -74, -158, -194, -6, -50, 58, 102, -62, 20, 84, 236, -108, -94, -152, 110, 234, -144, -158, -94, 200, 58, -106, 232, 302, -146, 20, 182, -148, 66, 126, 102, 54, 46, -90, -94, -34, -22, 204, -254, -16, 168, -242, 300, 126, -32, 50, -90, 236, 178, -58, 134, -90, 4, 28, 220, 66, 6, -142, -40, -74, 148, 106, -12, -134, -26, 100, 76, -144, 130, 158, -224, 134, -30, -282, -48, 104, -90, 348, -14, -154, -6, 26, -124, 144, 54, -60, -262, -2, -422, -70, -180, 166, 172, -204, 50, -46, 64, 104, 86, 46, -60, 58, 42, -122, 130, 28, 146, 34, 66, -58, 184, 256, 16, -56, 180, 8, -114, 38, -80, -218, -22, -180, 26, -342, 68, 4, -230, -48, 166, -106, 262, 40, 144, -56, 302, 40, 184, 22, -204, -10, 172, -24, 142, -14, 20, -206, 134, 72, 32, 50, -2, 26, 36, 122, -106, 150, 186, 52, -100, 20, -84, -32, -10, 192, -18, -92, 132, 198, -62, 120, 312, 62, 98, -44, -180, 124, -222, 2, -20, 48, 62, 20, 54, -20, 176, -190, -220, 78, -222, -138, -64, -16, 296, -20, -62, -44, 100, -54, 154, 190, 116, 54, 66, -4, -100, -56, 130, -58, 210, -36, 52, 150, 186, 108, -56, -156, 42, -150, 152, 146, 52, -132, -134, -116, 14, -86, -78, 186, 0, -152, -106, -100, 32, 160, 34, -188, 166, -156, 134, -160, -132, 12, 14, 44, 182, 76, 162, 90, 30, 60, 286, 192, 80, 8, 118, 164, -130, -36, -36, -114, 96, 90, -88, 74, 114, -50, 148, -46, 32, 332, 80, -226, -164, -8, -38, 104, 114, -48, -80, 74, 130, 120, -82, 160, -140, 294, 108, 134, -50, -248, 46, -152, 60, 26, -82, 70, 110, -52, -256, 108, 230, -64, 44, -102, -62, 108, 44, 150, -54, 104, 26, -68, -98, -184, -190, 164, 68, -72, 164, 108, -188, -44, 160, 120, -164, 96, 32, 80, 132, 72, -14, 144, -110, -8, 36, -122, 250, 136, 44, -140, -40, -34, 74, 34, 110, 20, 0, 32, -18, -190, 54, -42, 36, 78, 10, 136, -142, -66, -2, 102, 32, 76, 10, 26, 118, 62, 222, 276, 0, -240, 96, 224, -388, -32, 104, 30, -306, -84, 24, 8, -58, 82, -250, -2, 20, 248, -28, -10, 42, 54, 82, -100, -88, 254, 6, -8, -190, 60, 54, 218, 30, -146, 92, 90, 88, -82, 32, -180, -66, 
-222, 160, 58, -20, 118, -70, 120, -30, -232, 78, -298, -130, -120, 136, -52, 84, 46, 30, 36, -60, 256, -16, 106, -64, 162, 222, 188, -180, -38, 224, 116, 112, 58, -106, -8, -120, 288, -216, 160, -88, 112, 80, 86, 232, 112, -178, -30, -260, -120, -110, -4, -10, -18, 186, -88, -8, -76, -74, 158, -138, -156, 10, 290, 38, -24, 44, 136, 22, -62, -116, 32, 246, 0, 370, 136, 16, 200, 36, -118, 178, -68, -22, -52, 138, 110, 6, 66, 138, 100, 24, 22, -92, 146, 0, 180, -66, 34, -96, -38, -22, -64, -166, 210, -18, 156, -110, -158, 110, 0, 70, -120, -14, 92, -150, -174, 70, 48, -150, -18, 68, 50, 162, 12, 42, 110, 76, 28, 202, -20, 366, 126, -224, 10, -240, -38, 106, -278, 86, -146, -130, 160, -104, 88, 186, 124, -44, 188, 86, 40, 118, 180, -72, -66, 110, -20, 212, -202, -162, 122, -106, -56, 74, -68, 50, 168, 114, 112, 94, -364, 168, 248, 40, -218, 20, 36, -70, -94, 210, 110, 248, 42, 86, -108, -110, 18, -106, -48, -22, 0, -106, 136, 140, 46, 18, 50, -230, 22, -28, 4, 48, 40, -114, -230, 74, -124, 18, -40, 0, -86, -78, 142, -4, 302, 86, 242, -124, 82, 180, 60, -260, 34, -138, -22, 14, 72, -172, 120, -150, 152, 16, -48, 26, -28, -6, -24, 94, 56, -86, -20, 50, 68, 120, 152, 24, -36, 290, -38, -252, 204, 220, -88, -144, 406, 200, -54, 30, 106, 50, -166, 70, -58, -184, -50, 46, 72, 108, -118, 18, 0, 140, 62, 122, 210, 20, -96, 10, 220, 134, 18, 280, 66, 122, 184, -134, 40, 34, 198, -166, -58, -68, -136, 30, 56, -28, 52, 170, 4, -82, 26, -94, 216, 90, 54, -38, -126, 38, 210, -208, 268, -150, -200, 54, 276, 90, -146, -54, -62, 140, -192, 74, 38, 136, 72, 154, -144, -174, 224, 52, 138, -156, 226, -14, 68, 114, -60, -104, 182, -4, -196, -180, -40, -232, -86, 8, -128, -172, -118, 54, 68, 124, 128, 46, -20, 128, -152, -84, 124, -44, 96, -94, -116, -142, 188, 76, 28, -4, 22, -50, 42, 28, 54, 78, -252, -60, -208, 124, -270, 2, 30, 84, 290, -246, 164, -118, 66, 104, 194, 130, 64, -22, -190, 74, -108, -60, -32, 102, 86, -4, -36, 288, -92, -116, 244, 110, -52, -34, -138, 34, 180, -144, -2, 202, -4, -110, -140, 156, -20, -10, -62, -28, -118, -120, 90, 92, 18, 50, 190, -128, -154, 100, 64, 0, -66, -2, 142, 76, -6, 6, -22, 94, 176, -108, 84, -78, 68, 6, -16, 122, 44, 50, -108, 34, -90, 132, 138, -112, 58, -100, -122, -22, 318, -8, -158, 278, 14, 56, 56, 346, -10, 114, 12, -4, -58, 90, 112, -154, -114, 2, 220, 18, 96, -52, -172, -16, -90, 76, -88, 228, -134, -30, -274, -68, 118, 32, -108, -172, 138, 206, 194, 70, 
160, -52, 52, -62, 92, -74, -146, -40, 248, 36, 162, 38, -24, 64, -4, 2, -6, 46, -30, 48, -92, 8, -220, -32, 56, -52, -182, 172, 210, -144, 54, -78, -88, 200, 240, 106, -156, 228, -150, 168, 42, -126, 4, -224, -108, 386, -22, 134, 294, -6, -90, -34, -108, -330, -84, -86, 102, 16, -74, 178, 160, -144, -90, -48, 76, 88, 14, 32, 98, -8, -2, -90, 76, -172, -94, 34, -120, 12, 160, -134, 56, -82, 64, 100, -154, -34, -96, -144, 0, -8, 8, 160, -100, -14, -104, 18, -178, 186, 24, 218, 162, 94, -62, 72, -26, 222, 54, -80, 108, 34, -56, -28, 68, 158, 162, -104, 10, 186, 212, 136, -78, -8, 116, 74, 26, 24, -154, -76, 64, -264, 40, 72, -2, 324, 238, -202, 202, -100, 152, -110, 2, 226, -152, 2, -312, 100, -80, -126, -154, -6, -264, 6, 20, -20, -188, -236, 224, 132, 52, 30, 88, -206, 212, -148, -62, -8, -240, -116, 260, -36, 38, 70, 92, 192, 94, -46, -48, -136, -92, -162, -54, -30, 56, -44, -158, 232, -6, 66, 106, 100, -62, -158, 58, -68, -18, 176, 134, 100, -134, -8, -8, 114, 262, 182, 176, 72, 106, -8, -58, -108, -130, 52, -248, -78, -186, -18, 14, -104, 116, 8, 108, -50, -8, 200, -94, 154, -102, 0, 24, -32, 220, 158, -108, 22, 2, 34, 102, -36, 116, 42, 220, -112, 10, 10, 154, -220, 104, 208, -74, -26, 4, 26, -106, -38, 224, 232, -112, -24, 62, 56, -128, -10, 50, 56, -44, -96, 330, -110, -32, -56, -280, -282, -166, 96, 96, 102, 90, -32, -2, -70, 54, -178, -126, 94, -26, -78, 90, 136, 46, 26, -42, -104, -72, -92, -38, -238, -26, 130, 24, 244, -238, 36, 28, 80, -36, 38, -172, 240, -262, 142, -64, -48, 82, -140, 168, 66, 46, -4, 120, 108, 174, -34, 58, -88, 46, 158, -418, 74, -86, 140, -128, 254, -82, -290, -72, 234, -148, 82, 16, 112, 32, 164, -10, -12, 258, 234, 72, 36, -126, -184, 138, -106, 102, -78, 270, 20, -186, -148, -54, 188, 66, 126, -54, -122, -138, -8, -22, 28, -100, -70, -40, -154, 120, -66, 332, 16, 310, 114, -24, -186, -356, 118, -90, 84, -96, -4, -192, -30, 70, -76, -94, 38, 44, 98, -60, 38, -84, -6, 180, -20, -186, 82, 24, 78, -76, -206, 42, -20, 24, 192, 86, -116, 262, -12, 176, -118, 74, 164, 164, -106, -48, -48, -8, 204, 18, 84, -108, 242, 190, -302, 184, -146, 162, 70, -114, -80, 32, 16, 36, 26, 8, -102, 12, 88, 184, 250, -42, -114, -40, 14, 152, -20, 36, -118, -338, 132, 112, 280, 156, 138, -68, 92, -76, -178, -26, -54, 54, -84, 16, 22, -92, -118, 300, -2, -200, 290, -48, -150, -50, -14, 36, 28, 46, 76, 172, -90, 76, 12, 130, 160, 90, -52, 12, 40, 140, -4, 98, -208, -154, 48, 
54, 338, -8, 18, 88, 50, 330, -48, -42, 114, 20, -118, 62, -62, 20, 98, 120, 2, 98, -22, 94, -124, 66, 40, -52, -130, 134, 10, -104, 30, -110, 118, -86, -216, -152, -52, 96, -148, -90, -78, 0, 156, 124, 66, 30, -270, 110, -204, -122, 136, 64, 86, 126, 276, 92, 154, 28, 44, 38, -74, -60, 30, 58, 14, -80, -60, -40, 208, -174, 14, 76, 160, -26, 104, -20, 104, 140, 66, -100, 108, -142, 176, 36, 40, 230, 24, -8, 146, 196, 14, 122, 92, 64, 78, 64, -128, 42, -192, -20, -52, -158, 24, -32, 26, 232, -130, -186, 282, -28, 14, 166, -12, 26, -204, -96, 70, -10, -82, -60, -20, 68, 256, -66, -40, -48, 30, 178, 240, -14, 250, 106, 40, 34, -286, -118, 238, -252, 328, -150, 106, -88, -154, 132, -18, 202, -36, -54, 184, 42, 132, 184, -12, -82, 78, 238, 96, -120, -8, 184, 172, -44, 288, -22, -20, 280, -24, -8, 176, -80, 128, 12, 156, -18, -222, -102, 120, -28, 244, 88, 124, 72, 142, 208, 116, 208, -194, -24, 48, -180, -50, 116, 358, -130, -24, 46, 114, -166, -164, -2, 172, -12, -40, -254, -110, 12, 54, 120, 88, 90, 68, 140, -136, 102, 200, 150, 70, -50, -52, -44, -38, -226, -24, 240, -90, 10, -86, 244, -82, 26, -98, -136, -300, 224, 160, -166, -62, -94, -2, 68, 106, -74, 158, 46, 46, 26, 22, -136, -158, 168, 140, 36, 68, 118, 28, -128, -22, 40, 26, 88, -76, 106, 32, -20, 122, 140, -22, -134, 30, -98, 34, -46, 244, -70, 68, -134, -140, 142, 136, 34, 36, 36, 80, 118, -66, 116, 182, 88, -126, -76, 64, 10, -40, 36, 94, 148, 280, 62, -32, 52, -286, 110, 20, 72, -206, -64, -150, 14, -184, 158, -100, 126, 118, 32, 144, -54, 140, -8, 24, -84, -186, 26, 50, -76, -8, -130, 118, 240, -114, 194, -130, 114, 8, 40, 170, -10, -112, 176, -170, 26, -20, 12, -138, 190, 134, -150, -104, 124, 112, 172, 176, 44, -138, -148, 66, -248, -54, 308, 50, 156, -326, 112, -72, -6, 68, 8, -28, -110, 190, 150, 154, -78, 158, -136, 82, -94, 190, -92, 158, 36, 170, 158, -36, 80, 10, 172, 32, 278, 126, 32, 158, 126, 34, -60, 108, 22, -68, 40, -2, -168, 158, 186, 12, -66, -132, 102, 44, -34, 90, 94, -96, -74, 204, -202, -84, -190, 46, -232, -100, -58, 146, 14, 42, 66, 24, -92, -36, 16, -196, 4, 148, 64, -28, -72, -34, -30, -38, 154, -74, 174, 32, -100, 50, 54, 170, -178, -8, 50, 12, 0, 72, -130, 80, 22, 118, 104, -40, -8, -56, 16, -108, 34, -62, 122, 252, 6, -10, 14, -54, -16, -88, 32, 100, -154, -180, 172, -180, 40, 118, 64, -284, -206, -142, 150, -174, -106, 54, -90, -18, -46, -80, -28, 178, 146, -108, -76, -16, 34, 338, 104, -42, 
66, -18, -222, 102, 4, -32, -98, 70, -22, -78, 46, 310, 208, 58, -56, -152, -90, -16, -46, 26, -68, 68, -198, 138, 74, -72, -24, 2, 128, 112, 18, -112, 80, 66, 146, 156, -178, 72, 30, 146, 82, -160, -64, -254, 50, 346, -44, 238, 382, -70, 4, -74, 64, -86, -110, -58, 30, 86, 12, 230, -90, -126, -70, 94, 168, 182, 126, -176, 26, -52, -122, -52, 106, -190, 290, -14, -118, -48, -38, -124, 94, -166, 92, 114, 24, 22, 94, 28, 46, 12, 72, -148, 80, -282, -136, 164, 98, 158, 26, 30, -4, 236, -42, 60, -88, 258, 238, -168, 276, 38, -212, -42, 32, 110, 104, -82, 144, 136, 228, 96, 86, -80, -40, 80, 100, 36, -200, -120, 180, -152, -50, -18, 30, 226, -48, -272, 204, -184, 110, -138, 2, 288, -48, -14, -12, 66, 214, -58, 258, -14, 36, 158, -172, 84, -158, 22, 216, -58, -16, -18, -38, -212, -4, -102, -196, 120, 102, -126, 24, 168, 90, -152, 60, 338, 150, -174, 116, -196, 90, 14, 66, -50, -220, -60, -56, 120, -28, -14, 76, 264, -94, -134, 60, 110, -100, 184, 154, 140, 94, -110, -56, 138, 42, 154, 16, -24, 4, -96, 46, -2, -196, 94, 6, -138, -100, -144, 130, 98, -14, 74, 192, -210, -118, 142, 74, 72, -150, -30, -90, 48, 28, 348, -158, -258, 136, -84, 244, 38, -76, -20, 42, -124, 172, 122, 22, 92, 154, 40, -144, -2, -64, -136, 32, -192, 130, 84, -84, -42, -76, 130, 90, 2, -60, -140, -198, 246, 134, 104, 52, -176, 72, -102, 28, 110, 32, 188, -102, -24, -64, -152, 140, -34, 8, 134, -120, -56, 42, 124, 114, -104, -144, 78, 200, 94, -38, -182, -196, 12, -20, 30, 78, -74, -68, 68, 82, 146, -18, 292, -16, 132, 50, -120, 94, -92, -108, -138, 270, -50, 34, 18, -16, -44, 352, -118, 218, -44, -94, 110, 12, -42, -70, 24, -100, -76, -166, 204, -218, 286, 176, 58, 40, -158, -208, 0, 156, 140, -100, 60, 18, -30, 18, 144, 114, -144, 290, 172, -106, 0, -68, 128, 24, 180, 254, -216, -18, 52, 40, -122, -8, -54, 106, -164, 176, -126, 98, -210, 122, 12, -122, -138, -138, 98, 268, 18, 88, -26, -274, -38, -126, -62, -96, 46, 198, 82, 40, 112, -108, 164, 236, -122, -94, 92, -138, 190, 20, 26, -64, -240, 270, 84, 6, 24, 416, 138, 322, 178, 88, 214, 96, -42, 68, 76, -120, -20, -62, 282, -62, 280, 16, 118, -196, -60, 166, 56, 152, 92, 70, 132, 70, -8, 128, -16, -184, 132, 202, 194, 144, -8, -76, -134, 268, 22, 212, -34, -44, 26, 94, 198, 2, -38, -70, 266, 114, -150, 108, 234, 130, 206, -52, 46, -32, -128, 70, 80, 62, 324, 62, -170, -140, 152, 114, 252, -58, 112, 98, 70, 122, -46, -26, -2, -24, -148, -72, -68, 134, -140, 124, -182, -20, 144, 
-202, 6, 280, -104, -80, -70, 160, -16, 0, -156, 220, -322, -120, -172, -54, 26, 202, -62, -76, -18, 150, 156, 120, -228, 50, 232, -96, 66, -132, 58, -48, 16, 130, -60, -180, -222, 132, -96, 134, 8, -122, 42, 102, 198, 62, -152, 92, -224, -362, 154, 122, 48, 92, 30, 94, 276, 170, 54, 120, -34, -16, 128, -66, 42, 32, -60, -104, 254, -8, -52, 170, -2, -130, 276, -152, 82, 110, 78, 42, 54, -114, 172, 52, 76, -60, 134, 56, -60, -30, 38, -92, 56, 72, 208, 128, -164, 36, -116, 106, 96, -66, -154, 220, -170, 86, -176, -248, 180, -168, -96, 270, -2, 32, -24, -248, 28, 162, -132, 28, -56, -90, 62, 6, -162, 222, -160, 108, -16, -4, 262, 22, 48, -120, -74, -110, 178, -144, -74, -62, 192, -58, -274, 20, 50, 22, -204, -138, 232, -150, 228, 220, -88, 210, -54, 36, 132, -110, 12, -318, 18, -78, 168, 62, 18, -2, -24, 118, 80, -6, -88, 14, 62, 64, -146, -238, 184, -136, 162, 134, -44, -32, 268, 62, 172, 174, -104, 150, -42, -100, -98, -2, -4, -140, -98, 82, -114, -290, -84, 156, 38, 148, -220, -68, 62, 36, 6, 20, -230, 52, -16, 154, 34, 258, 162, 178, 40, 24, 20, -162, 270, -40, 348, 42, -30, 14, 32, 76, -152, -48, -80, 58, -290, 302, 110, -136, 122, -90, -42, 64, 202, -44, 142, -118, -2, -116, -64, -80, -112, 104, 154, -234, 92, -22, 22, -180, -52, 10, 90, 32, -66, -244, -34, 110, 142, -18, 38, 22, -192, 136, 4, 104, 136, 84, 22, -22, -24, 46, -88, 208, 268, -82, 186, 16, -14, 80, 230, -40, -84, 2, 38, -4, -46, -164, 46, -156, 74, 72, -124, -32, -162, 2, 102, 142, -40, -12, -166, -64, -308, -218, -136, 18, 214, 42, 102, -86, 396, -172, 230, 22, 22, 88, 40, -346, 220, -124, -32, 70, 10, 42, 214, 80, 40, 206, 112, 128, -26, 118, -112, -46, -166, 0, 120, 388, 26, -14, -78, 212, -20, -44, 164, -242, -202, -156, 60, -40, 54, 66, -102, 14, -6, 4, -68, -188, 204, 110, -106, 98, 232, -54, 116, -42, 78, -260, 134, -30, 150, 96, 76, 86, 168, 96, -46, -48, 134, 120, 108, 236, -32, 146, -8, -36, -62, 60, -152, 138, -42, 232, 2, -156, 332, 130, -32, 232, 12, 90, 40, 180, 356, -164, -70, 32, -8, -148, -14, -158, -88, -60, 12, -44, 266, 6, 52, 134, 96, 36, 2, 196, -42, 34, -102, 196, 110, -40, -4, -30, 36, -46, -204, -130, -66, 92, 52, 96, 154, -14, -92, -146, 58, 74, 100, -246, 16, 50, -66, 230, -174, 178, 38, -58, -156, 32, -234, -106, 132, 12, -86, -60, -152, -60, -28, -38, -44, 140, 14, 0, -146, 4, 118, 142, -160, 108, 78, -156, -32, -56, -76, 94, 54, -100, 24, 74, 178, 100, 30, -184, 76, -18, 116, 122, -22, 
302, 68, -170, 78, 104, 28, -28, -108, 78, 72, -176, 374, -4, 34, -92, 232, -144, -134, 74, 316, -190, -30, -74, 88, -292, -504, 210, 58, 32, -10, 120, 74, 34, 18, 142, 90, -40, -54, 70, 76, 36, 22, -74, -146, 146, 100, -56, 216, 336, -34, -214, 24, -84, -90, 76, -116, 148, -4, -296, 30, 20, 18, 228, -74, -16, 8, 214, -152, 80, -30, -108, 32, 270, -176, 208, 44, 86, 40, 38, -154, 234, -66, 44, -88, 14, 68, -112, 150, 18, -14, 76, -122, 58, -60, -72, 74, 68, 116, -50, 126, 104, 318, -186, 170, -30, 108, 248, -226, 64, -20, -18, -34, -34, -12, 276, 54, -68, 40, 26, -106, -58, 18, 66, 196, -132, 24, 146, 48, -36, -216, 196, -100, 44, 266, 0, -130, 200, 46, -24, -168, -2, 194, -168, -2, 26, -38, 320, -58, 68, -242, 54, 68, -288, 6, -48, -182, -6, 42, 318, -28, 230, -36, -26, -24, -126, -50, -92, -24, 156, 234, -28, 78, 98, 106, 202, -186, 76, -12, -242, 80, 96, -160, -118, -78, 72, 40, -60, -46, 32, 56, -184, 114, 62, 114, -154, 10, 218, 70, -64, -46, -150, 80, 282, -70, 154, -58, -12, 300, -100, -26, 44, -42, -122, -44, 24, -18, 56, 58, 10, -288, -70, -286, -90, 50, -4, -94, 6, 168, 74, 152, -68, 238, -212, -96, 218, 6, -4, 258, 30, -122, 64, 132, 8, -30, 120, 114, 138, -114, -42, -236, 106, -118, -92, 60, 360, 24, -22, 16, -10, 90, 48, 22, 90, -54, 118, 118, -104, 188, 56, 36, 92, -8, 24, 102, 12, -20, 32, -58, -204, -120, 152, -46, 32, -18, -154, 0, 172, 28, 2, -96, -36, 152, 316, -8, 56, -138, -12, 162, 94, 158, 208, 168, -220, -24, 78, 194, 6, 456, -46, 106, -86, -14, 128, -252, -60, -174, 116, -188, 150, 52, -72, 202, 332, -98, 6, 92, 36, 56, 42, -30, 128, -84, 44, -192, -182, 150, 40, 164, 236, 212, -146, -18, -180, 48, -74, 94, -208, 148, 178, -8, -24, 86, 128, -140, 184, 10, -206, 150, -36, 90, -18, 168, 294, -412, -136, 96, 168, -142, 100, 54, -30, 118, 298, 66, 170, -46, -158, -54, 152, -148, 78, 274, 50, -160, -122, -218, -230, 22, 42, -72, 104, 276, -30, 164, 42, -110, -188, 186, 14, -184, -108, 66, -112, 190, 138, -20, -298, -22, 138, 76, 160, -48, 52, 36, 136, 72, 240, -62, -134, -46, 150, -18, -218, -106, -66, -70, -180, 46, -100, 170, -82, -26, -42, 54, 54, -252, -94, 288, 40, 116, -28, 64, -42, -152, -34, 46, 82, -70, 72, 118, 118, 46, 40, 248, -138, 170, -2, -30, 140, 278, 136, 298, 158, -120, 94, 158, 8, 292, 80, -42, -92, -2, -164, 106, 92, -24, 148, -8, -52, 26, -52, -96, 180, 128, -158, 112, 78, 76, 38, -104, -54, -184, 40, 32, 158, -36, 28, 44, 18, 8, 
-206, 130, -40, 12, 14, -24, -50, 22, 180, 0, 256, -368, -2, 90, 70, -126, 84, 42, -98, -200, 164, -62, 54, -48, 116, 340, -58, 32, -38, -72, -214, -42, 0, 8, -20, -2, 164, 92, -150, -106, -56, 26, 52, -92, 38, -204, -32, -28, -224, 12, 50, 54, 162, 114, -82, 60, -120, -62, 178, -26, 144, 92, 60, 22, -64, 122, -84, 48, -18, 184, 84, -14, -30, 66, -158, -36, -54, 124, 336, 76, -62, -46, 70, -92, 0, -26, 284, 36, -12, -74, -198, 144, 172, 160, 98, -112, -70, -306, -64, -142, -214, -236, 24, -352, 4, -12, -248, 28, 14, -38, 132, -24, -54, -20, -54, 248, 216, -32, -44, 46, 124, 76, 36, -168, -4, -88, 6, 140, 162, 190, -36, 138, 58, -314, 58, 8, -34, -16, 14, 190, -114, -184, 180, 182, 40, 44, -350, -116, 78, 94, 8, -38, 208, -70, 80, 248, -18, -74, -190, 46, -134, -64, 34, 120, 34, -10, 72, 8, -110, -10, 86, -14, -108, -20, -248, 186, 22, 96, 262, -36, -154, 134, 146, 164, -36, -62, -14, 94, -80, -136, 108, 14, -86, 10, 120, 28, -176, 112, 20, -2, 22, 18, -112, 6, 44, 58, 34, -116, 110, -64, -84, -14, 442, 2, -158, -106, -2, -16, 58, 74, 272, 284, 122, 86, -62, 78, 18, -186, -70, -180, -22, -276, 130, 118, -62, 32, 142, -326, -116, 232, -4, -174, 6, -28, -32, -148, 112, 200, -24, 140, 56, 10, 28, -162, -198, -100, 138, 148, 92, 106, -58, 42, 36, 160, -120, 18, -2, -44, 14, 122, -144, -6, 210, -132, -14, -136, 52, 208, 180, -130, -94, 140, 80, 20, 218, -116, -98, 230, -66, 110, -130, 24, -114, -12, 122, 228, -40, 230, -136, -84, -182, -258, 258, -68, -98, -84, 46, -406, 24, -158, 94, 252, 12, 246, 210, 262, -64, 74, -22, 40, 146, -82, -244, -40, -58, 26, -226, 72, 10, 56, 80, -18, -12, 140, 144, 26, -46, -18, -22, -64, 258, 56, -156, 86, 98, -88, 182, -136, -40, -106, 16, 6, -98, 96, -74, 84, 10, -230, 182, -42, -126, -144, -156, 164, 76, 148, -214, 184, 86, 72, -36, -156, -454, 100, -2, 2, 250, 56, 74, 106, -186, -252, 82, -34, 146, 74, 302, 58, 44, -118, -74, -234, -12, -258, 22, 66, 150, -108, -50, 112, 96, 40, 96, 24, 14, 68, 152, 40, 78, -182, -240, 152, 68, 30, 16, 6, 38, -40, 64, -64, -30, -12, 134, 204, -10, 178, 282, -46, 156, -106, 76, 138, 32, -96, -4, 40, 140, -94, -212, 218, 10, -68, 180, 168, -10, 112, -56, 90, 192, 68, -112, 108, -136, -194, 162, -68, 56, -38, -64, -174, 124, 6, -260, -58, -72, 4, -76, -306, 28, 80, 148, 76, 188, -12, -112, 220, -44, -54, -122, 162, -38, 196, 172, -18, 238, -64, 78, -68, -74, 198, 106, 126, -118, -144, 148, 146, -12, 94, -186, -204, 
58, -42, 102, 50, -100, 4, -68, 14, -184, 22, -174, 192, -20, -128, 6, 94, -4, 22, 64, 184, -72, 30, 22, 0, -142, -100, -144, 34, 142, 158, 188, -68, -14, 38, -152, -34, 96, -70, 94, -42, -48, -38, -138, 2, -86, 166, -12, 22, 104, -94, 24, 114, -118, -32, 6, 94, 90, 0, -142, -88, -108, 22, 48, 136, 58, -68, 112, -280, 42, -44, -230, 20, 152, 104, 150, 12, 70, -40, -108, 56, 222, 130, -158, 82, -40, 90, -144, 150, 32, 304, 80, 10, -32, -178, -82, 98, 148, 254, 12, 48, 182, 84, -14, 148, -28, 122, 292, -42, 0, -28, 82, 42, 126, 26, 40, -20, 104, 26, -176, 70, -172, -152, 88, 194, 52, 38, -34, -84, -162, -64, 110, -18, 26, 200, 86, 26, -40, 76, 204, -20, 278, 40, -236, -382, 160, -4, 386, 30, 70, 2, 40, 86, -46, 36, 52, -64, 72, 22, -32, 164, 42, -26, -130, 22, -58, 26, -8, -18, 170, 160, -16, 22, 140, -18, 354, 64, -78, 110, -200, 12, 368, -78, -90, -32, 122, 60, 188, -164, -86, 56, -200, -42, 16, 12, 74, -80, -38, 0, -230, 16, -70, -4, 146, -40, -150, -74, -138, 4, -292, -82, 136, 20, -332, -72, -66, 78, 136, 278, -46, 74, -12, -134, -184, -4, 6, -214, 76, 176, 316, -4, -188, 196, 0, -34, 98, 4, -86, 144, 128, -74, -16, 282, 12, 72, -82, -12, 134, -182, -12, -154, 196, -106, 40, 164, -130, 164, -160, -154, 18, 46, 142, 20, -32, -160, 170, -4, 108, -112, 16, -66, 160, -20, -56, 84, 212, 6, -166, -168, -92, 2, -10, -38, -10, -100, 8, 14, 120, -30, 88, -120, 32, 70, -258, 54, 166, -146, 50, -70, 288, 4, 86, 58, -126, 8, -26, 64, -256, 62, -20, -14, -48, -98, 22, -250, 26, -94, 38, -112, 190, -66, -98, 352, 166, 144, 50, -2, 222, -96, 174, -78, -152, 90, -14, -122, -222, 188, 204, 202, 14, 14, -380, -244, 202, -52, -146, 166, -132, 144, 226, 122, -46, 76, 20, -6, 68, -168, -104, 134, -142, 206, 128, 218, 244, -238, -328, -54, 68, -26, 16, -96, -22, 168, 318, -152, 86, -46, -132, 58, -2, 214, 76, 82, -8, -34, 132, -70, -152, -38, 150, 36, 70, 248, 256, 334, 156, -60, -140, 78, 38, 140, 140, 52, -100, -86, 110, -62, -70, 196, -12, 6, 338, -166, -32, 12, -80, 156, 260, 30, 60, -72, 116, -52, 192, -240, 42, -44, -56, -18, -122, 158, 10, 82, 72, 10, 22, -50, -92, 232, 82, -102, -118, 4, -144, -46, -150, 124, -10, -92, 148, 16, 116, -312, 78, 172, -156, -18, 48, 26, 194, 258, -76, 64, 162, 134, 116, 80, -82, 188, -42, -58, 70, 68, -48, 100, 124, -118, -148, 26, 204, 26, 42, -234, -254, 44, -276, 312, 2, -18, 6, 32, 64, -68, 144, 254, -30, -20, 30, 36, 266, 78, 
-94, 2, 32, -136, -56, -10, 202, -26, 80, 12, 264, -138, -44, 74, 72, -38, -184, 112, 72, -178, 100, -42, 94, -22, 222, 204, 220, 114, -56, -182, -34, -134, -8, 38, 188, 130, -68, -94, -134, 168, -138, 230, 60, -68, 44, 40, 208, 30, 10, 62, -82, 48, 90, -90, -14, 56, -24, 42, 24, 86, -48, 198, -36, -46, 72, -134, -10, 290, 12, -20, 126, 90, -132, 38, -104, 154, 72, 104, 326, 66, -172, 34, -88, -34, 72, -108, 28, -152, -10, -72, 36, 72, -80, 72, 188, -190, -16, -220, 56, -40, 14, -4, -204, 144, 58, -162, -116, 62, 112, -4, 140, -80, -32, 116, -118, -44, -82, 266, -22, -148, 74, 16, -82, 66, -82, -24, 82, 34, 164, -4, 24, 116, 156, 6, -54, -78, -16, 78, -70, -42, -112, 130, 128, 196, -90, -158, -144, 106, 8, 120, -28, 108, 70, -122, -50, -66, -100, 100, -50, -42, -112, 18, 116, -36, 48, 66, 4, 152, -186, 80, -76, -58, -138, -14, -268, 12, 116, -24, 10, 110, -350, -40, 108, 64, 12, 40, -106, 116, 242, -72, 100, -112, 62, 2, 0, 4, -40, -70, 360, 150, 180, -46, -156, -116, 228, -12, 216, -148, 58, 252, -16, 124, 340, -112, 380, -72, -122, -266, 168, -104, 138, 136, 92, 20, -200, 324, 0, -94, -208, 42, 172, -140, 152, 56, -12, -44, 66, -110, 18, 112, 134, -50, 28, 160, 72, -118, -80, 248, 196, 170, -214, 118, -138, -276, 118, 30, 124, -56, 40, -24, -126, 168, 80, 124, -36, -72, -178, -2, 136, -80, -74, -90, -28, 88, -10, 142, -30, 150, 238, 76, 74, 92, -108, 44, 52, 224, -110, 152, 72, 246, -18, -200, 108, 4, -82, 292, 124, -4, -212, 54, -94, -46, 92, 106, 128, -88, 152, 22, 58, 4, 72, 234, 108, 40, 30, 36, 158, -80, -124, -2, 218, -46, -192, -220, 42, 76, 6, 326, 74, 136, 174, -20, -104, 120, 138, 94, -164, 16, 98, -66, 356, 422, -48, -30, 234, 100, -98, -130, -20, -134, 116, 56, -156, 168, -38, 134, 120, 2, 48, -100, 50, -18, -180, 386, 108, -22, -14, 120, -6, -74, 8, -138, -56, 226, -26, 8, 150, 80, 2, -110, 38, 26, 14, -10, 56, 94, 168, -38, -48, 30, -16, -158, 50, -250, -118, 112, 104, 10, 12, -204, -66, 20, 94, -118, 72, -26, -48, -86, -68, 16, -248, -8, -56, 4, -144, -198, -6, -52, -58, 186, -16, -38, -204, 250, -248, 20, 92, 56, 214, -58, -24, 0, -66, -64, -88, 14, 12, -248, -28, 194, 80, -58, 12, 184, 102, 78, 66, 200, -46, 38, -48, 192, -20, -180, 84, -64, 52, -112, -244, -246, 22, 52, -202, -38, 26, 36, -68, -328, 60, -26, -136, -4, -106, -8, -60, 78, 64, 174, -124, 26, -74, 348, 140, 102, 96, 4, 144, -10, -66, 20, -192, 180, 218, 68, -42, -30, 90, -4, -238, -66, 
32, -102, 142, 48, -2, -154, 22, -12, 72, 84, -174, 138, -36, -92, 74, -104, 94, -110, -10, 250, -110, -154, -92, 68, -38, -188, -62, -202, 110, 284, -238, 142, 50, -64, -230, 114, 16, 54, -70, -114, 134, -166, -162, 110, -70, 84, -184, 166, 94, -42, -44, 82, -36, 42, 158, 90, 52, 54, 24, -130, 192, -52, 166, 98, -120, 116, 176, -156, 22, -78, -158, 88, 102, 80, 6, -106, -24, -42, -136, 94, 188, 166, -16, 76, 14, 36, 108, 112, -110, 104, -82, 40, 50, 172, -188, -14, -16, 150, -4, -84, 116, -24, 122, -56, 2, 136, 176, 46, -4, -94, -36, 86, 146, -90, -70, 38, 114, -182, 30, 102, 96, -10, -6, 26, 172, 168, 98, -50, -132, 130, -52, -88, -170, -140, 84, 40, -92, 80, 122, 186, 160, 4, -234, -112, 104, 108, 236, -60, 70, -38, -44, -190, 88, 132, 186, 110, 132, -128, 30, 56, 174, 54, -112, 142, -24, 20, -36, 100, 18, 18, 60, 86, 214, 80, 402, -82, -116, 178, 72, -150, 190, -62, -200, 62, 62, -8, 62, 142, -344, 118, -226, 190, 86, 0, 158, -4, 52, 66, -284, -66, -68, -52, 124, 98, -4, -50, -68, -58, 28, -190, 172, -80, -214, 36, -290, 200, 122, 242, -32, 294, -224, -16, -224, -6, 174, -214, -34, 180, 170, -58, -2, -136, -270, -18, 8, 236, -2, -70, 64, -94, -198, -4, -98, -8, -148, 170, 154, -162, -124, 46, 50, -272, -64, 136, 90, 108, -14, -44, -100, 112, 66, -114, -70, -74, -6, 152, 276, -94, -136, -56, 180, 72, -64, -126, 124, 6, -64, -84, -38, 16, -6, -62, -18, -34, -136, -176, 284, -34, -170, -88, 194, -108, -114, -24, 154, -162, 20, 38, 208, 18, 238, -8, -20, -88, -8, 90, -174, 182, 40, -134, -78, -156, -28, -198, 58, -116, 96, 168, 180, 50, -228, -18, 268, 78, 28, 30, -42, 62, -58, 60, 26, -58, 172, -114, -80, -34, 96, -156, -54, 82, -26, -304, 204, 94, -78, 82, -108, 148, 40, -38, -180, -8, 118, -44, 80, 16, -154, -98, -220, 160, -124, 146, 56, -256, -74, 118, -74, -160, 22, -102, -24, -100, 208, -82, 16, 104, -142, 184, -48, -104, -78, -66, -10, 106, -32, -182, -116, -70, 132, -112, 180, 256, 6, 244, 32, -70, 44, 226, -74, 142, 54, -98, -74, 206, 102, 86, 34, -36, 76, 26, 148, 120, 100, 154, 266, 110, 38, 32, 52, -144, -54, -14, 24, -242, 316, 70, 34, -70, -134, 4, 58, 48, 192, 148, 160, 212, 100, 172, -92, -56, 32, 114, 16, -22, -174, -42, 150, -200, 28, -22, 56, -158, 170, 236, 160, 110, -104, 206, 132, 64, 176, 166, 232, -50, -2, -62, 46, 328, 74, 132, 186, 116, 94, 18, 284, -36, -134, 12, 156, -58, -44, -158, -20, 62, -66, -20, -4, -100, 32, -100, 44, -102, -64, 166, -102, 10, 32, 44, -4, -80, 
60, 182, 130, 310, -38, 178, 198, 88, 74, 6, 108, -4, 114, -72, -86, 290, 64, -44, 104, -202, 168, 74, 24, -64, 40, -100, 166, 126, -30, 8, 146, -232, -22, 174, 210, -80, 16, -68, 82, 66, 68, 190, 166, -22, -142, -168, 392, 34, -86, -68, -122, 24, 146, -6, 18, 214, -56, 236, -6, -34, -140, 60, -72, -122, 86, -180, -28, -54, -42, 174, 76, -128, 36, -18, -66, 112, -178, -54, 34, -44, 8, -16, 52, -58, -58, -18, -92, 124, 140, -64, -10, -18, -86, -110, 186, 52, 10, -246, 84, 110, 12, -50, 62, -216, -16, -58, -18, -36, 50, 114, -164, -30, -12, 82, 134, 30, -146, 110, 138, -150, 42, -82, 106, 238, -40, -186, 26, 164, 160, 258, 62, 54, 132, 202, 40, 14, 50, -82, -84, 58, -124, 12, 66, 100, 52, 114, -244, -92, 100, -16, 78, 336, 68, -24, -28, 86, -192, 248, -48, 42, 16, -84, 82, -54, 70, 38, 156, 30, 292, 274, -176, 2, -182, 46, -270, 30, 122, 66, 50, 116, -80, 178, -78, -88, -82, 104, 154, 64, 288, -60, 150, -136, 216, 68, 84, 16, -160, 20, 116, 96, 130, 92, -42, -28, -58, -68, -70, 40, -18, -52, -64, 132, 262, -52, 240, 10, -62, -122, 66, -156, 212, 66, 246, 100, -90, 160, -104, -52, 26, 80, -118, 230, 30, -76, 58, -116, 74, 80, 0, 132, 228, -106, 234, 64, 26, -108, 40, -26, 198, 66, -76, 226, 82, -266, -58, -166, 22, 62, 138, -58, -80, 54, -28, -42, 290, -122, -158, -14, 66, -10, -158, 8, -102, 232, 4, 14, 12, -116, 150, 230, 118, 172, 92, -130, 138, 194, -236, 146, 100, 98, -98, 108, -6, 58, -14, 172, -112, -4, -232, -12, 46, -30, -40, 84, -96, -76, 228, -152, 52, 112, 76, 196, 12, 174, -126, 220, 48, 54, -120, -78, 216, 60, -290, -114, -30, 64, 20, 54, 4, -78, 222, 40, -96, 160, 74, 54, -116, 100, 118, 140, 56, 142, -142, 78, 90, -74, 56, -66, 24, -106, 224, 140, 80, 108, 164, 118, 168, 236, 260, 98, 156, -102, 150, 218, 96, -10, -122, 264, -260, 158, -60, -28, -104, 192, -82, -2, 148, -206, 58, 192, 118, 380, -124, 106, 148, 220, 196, 194, -8, -50, 92, -146, 12, -272, 62, 54, -130, -44, -34, 76, -68, -24, -60, -148, 80, 34, 48, 4, -60, 114, -192, 60, -58, 80, -142, -166, 48, 174, -16, 170, 124, 10, 64, 128, -210, -170, 34, -110, -16, -118, 68, -54, -150, -182, -206, -192, 14, -90, 196, 0, 94, -22, 142, 32, 56, 324, -78, 112, -154, -24, -92, 64, -70, -46, -202, -96, -92, -178, -2, 82, -128, -118, 80, 100, 236, 100, 68, -126, 0, -22, -94, -42, -132, -48, -6, 72, 92, 68, -176, 102, 52, 298, 176, -90, -28, -36, 40, 82, 42, 136, -56, -60, 110, 66, 150, -210, 118, 64, -156, 94, 
-92, -114, 108, -120, 98, -52, -234, 112, -62, -144, 10, 48, -158, -72, -94, -200, -14, 102, 96, -22, 102, -20, -82, 50, -204, -20, -4, 50, 20, -50, -48, 40, -124, -102, -88, 34, 104, 38, -154, -128, -6, -44, 6, 232, 20, 20, -406, -118, 74, -196, 140, 150, 50, -8, 78, -84, 230, 52, 26, -46, 100, -144, 70, 60, -174, 264, 160, 18, 138, -80, 116, 122, -142, 12, 246, 26, 72, 204, -58, 176, -22, -2, 74, 206, 194, 10, 108, 88, 146, 42, 2, 146, 200, 8, -256, -2, 104, 62, -12, 102, -92, -30, -38, 158, -24, -64, -28, 110, -26, 100, 308, 66, -80, 16, -36, 76, 24, -210, -172, 160, 10, -108, -42, -54, 292, 88, -108, 60, -142, 2, 26, -178, -60, -232, -128, 104, 92, 140, -10, 90, 138, 102, 24, -24, -14, 28, 222, 176, -270, 108, -12, -360, 116, -178, -100, -82, 202, -14, 126, -26, -22, -128, -196, 32, 56, 50, -80, 14, -230, -52, 216, 134, 130, -88, 180, -20, -4, -82, 112, 66, 136, -70, 120, 216, -132, -92, -46, -106, -248, 144, -44, 280, -150, -34, 132, -104, 138, 146, -114, -8, 48, -14, 86, 66, 68, 164, 98, 102, 62, 122, 72, -58, -322, 88, 62, 76, 96, 20, 14, 300, -120, 24, -164, -110, 0, -76, 78, 10, 94, 6, 66, -288, -86, 166, 162, 40, -76, -202, 136, -88, -22, 136, -64, -72, -60, 238, 68, 208, 122, 22, 190, -116, -32, 206, 8, 378, -150, -24, -156, 152, -40, -134, 14, -16, -122, -74, 32, 204, -116, 188, 60, 272, 46, -200, 386, 38, 66, -70, 136, -4, -66, -76, -126, 102, -112, -396, 146, -48, -124, -30, 52, 132, -6, -24, 126, -150, 154, 46, 188, 174, -14, -74, 52, -34, -108, -100, -136, 176, -90, -270, 80, 14, 102, -80, 184, 90, -160, -18, 110, 110, -64, -72, 308, 62, 82, -138, -22, -38, 76, 106, -74, 96, 138, -32, 92, 154, 292, 4, -166, -216, -16, -10, 140, 154, -206, 156, -34, 92, 0, 80, -130, -76, 20, 38, -42, -86, -196, -302, -130, 20, -102, 176, -80, 10, 24, -98, 108, -162, 250, -82, -8, 112, 140, 32, 22, -30, 10, 188, -24, 4, -70, 48, 110, -92, -122, -22, -94, 74, -34, -16, -52, 96, 50, 182, -292, -122, 152, 132, -14, -10, 156, -2, -2, -126, 42, 0, 10, 34, 160, 24, 94, 62, -144, -62, 52, 176, -112, -188, 134, -88, 10, 124, -280, -138, 68, -36, 36, 56, 22, 84, 94, 28, 78, 180, 212, 220, 58, 248, -74, -22, -196, 74, -66, 40, -50, -382, 120, -120, 178, 28, -62, 44, 78, -8, -82, -14, 146, 200, 142, 0, 114, 84, 44, -178, 66, 108, 78, 300, 24, 0, 44, 52, 64, 108, 68, 22, -10, -4, 134, 12, 170, -194, 30, -134, -74, -90, -154, -32, -4, -158, 166, 10, -62, 44, -126, 198, -70, 84, 232, -96, 
36, -38, 72, 16, -36, -78, 174, 52, 198, 0, -16, 28, 236, -12, 14, 112, 106, -14, -50, 98, 92, -36, 106, -70, 136, 20, -22, -94, 106, 2, -62, 44, 278, 152, 178, 288, -4, -16, 124, 150, 50, 110, -18, -86, 62, 90, 362, 110, 140, 96, 14, -118, 224, 188, 98, -76, -88, -34, 8, -138, 66, 234, 188, -98, -6, -152, -266, 132, -132, 90, -92, 6, -36, 0, -192, 36, -176, -142, -44, -82, 82, 170, 36, -258, -10, -76, 114, 24, 102, -70, 44, -40, -84, 74, 140, -88, -28, -210, -100, -40, 228, -64, 172, 134, 2, -160, 10, -22, -60, -100, -144, -246, 88, -10, 20, 48, 54, 186, 20, -132, -164, -42, 18, -6, -104, -118, 52, -122, 180, 44, 60, 184, 206, 330, 90, -332, -10, -78, -132, -42, -44, -218, 112, 170, 232, 4, -236, -226, 122, 4, -38, 192, -66, 294, -78, 174, -90, 30, 2, -2, -74, -2, -6, -38, 0, 24, 130, 94, 160, 184, -116, -44, 122, 126, -210, 244, -106, 206, -110, -98, -100, -62, 48, -150, 196, 112, 40, 266, 236, -156, 54, -146, 80, 158, -150, 60, -138, -90, 8, -46, -168, 106, -10, -4, -60, -162, -42, 34, -270, -230, 20, 110, 174, -364, -112, -12, -148, 38, -40, -264, 212, -90, 256, -70, 86, -34, -168, -72, 32, -184, -114, 294, 20, -136, -66, 46, 14, 140, -78, 34, 154, 80, 10, 90, -42, -34, 82, -28, -182, -24, -76, 52, 78, -2, 10, -142, -30, -66, 8, -94, 2, -60, 58, 198, 86, 290, -28, -110, 110, -10, -126, -52, 14, 140, -394, -134, -26, 46, -122, -10, 28, -72, -44, -32, 70, -2, -20, 62, 62, -92, -44, -6, 240, 98, -84, 122, -18, -88, -98, -100, 62, 106, -150, 178, 136, 42, 22, -72, 96, 72, 102, -2, 42, 60, -56, -230, -14, 68, -184, -180, -20, 188, -256, 20, 4, 160, 166, -56, 50, -92, 26, -14, 12, 58, 28, -76, -364, -56, 110, -18, 20, 144, -96, -174, 268, 20, 118, -90, -198, -128, 150, 170, -58, 42, -46, -14, 212, 206, 98, -58, -10, -64, 192, 32, -98, -6, -116, 114, -98, 142, 54, -8, -86, -72, 8, 40, 12, -62, 104, -6, 136, 2, -138, 128, 84, -34, 198, -86, 18, -28, -52, 140, 28, -148, 238, 88, -122, -14, 112, 16, -150, 164, 4, 54, -28, -46, 132, -194, -136, 14, -86, -170, 14, 68, 212, -14, 144, 106, -156, 298, -66, -36, 300, 116, -126, -172, -18, 36, -86, 32, 64, 102, -248, -144, -96, -26, 110, -150, 64, -42, -32, -16, 68, -166, 98, 168, -160, 184, -82, -20, 88, 140, -96, 68, -62, -18, -32, -78, 52, -20, -56, 2, -6, 64, -146, 24, 34, -118, 20, 142, -90, -22, -96, -42, 60, -56, -32, 36, -160, 14, 52, 344, 26, 196, 90, 66, 26, 152, 94, 224, -154, 200, -2, -42, 246, -236, 46, -118, -36, 154, 
-68, 38, -208, -34, 108, 116, -60, 52, 2, -30, -82, 8, -74, 40, 12, -62, -8, -136, 124, -100, -78, 32, 150, 180, -38, 102, -66, 36, -50, 184, 156, -64, -16, -52, -150, -174, 154, 30, -60, -80, 48, 14, 20, 90, -80, -34, -112, 24, 286, -122, 32, 16, -240, -276, -72, 92, 50, 112, -118, 196, 58, -62, -206, -132, 52, 16, -26, -290, 202, -72, 272, 2, 88, 100, 182, -108, 122, 46, 146, 40, 60, -210, -18, 240, 118, -48, -12, -144, -72, -6, 70, -146, 182, -98, -98, -14, 222, 266, 12, -226, -198, -200, -68, -276, -16, 72, -26, 32, -94, 136, 76, 144, 4, -44, -56, -42, -126, -66, -6, 34, 268, 128, 44, 340, 16, 164, 124, 236, 0, -6, -28, -56, -94, -216, -292, 198, -6, 72, 166, 130, 54, 192, 136, -194, -218, -22, 206, 294, -2, 42, -94, 2, 38, -178, 140, -42, -82, 18, 160, -132, -6, 202, -92, 186, 184, 92, -210, 0, -218, -142, 258, 130, -70, -62, 118, -118, 152, -186, 134, 210, 142, -64, -128, 162, -114, -46, 32, -148, -36, 16, -88, 104, -236, 42, 92, -138, 122, 132, 4, 128, 248, 20, -50, -14, 144, 110, -82, 44, 186, 80, -16, 38, -136, 296, -68, -136, 98, 10, -96, 310, -218, 82, -194, 242, 120, 84, 50, 76, -24, 148, -136, -208, -20, -34, 52, 40, 182, 76, -16, -232, 154, -28, 48, -102, -50, -60, -64, 18, 192, 74, 140, -182, -102, 70, -2, -30, 56, 76, -18, 12, -4, -24, 130, -42, -176, -96, -20, 330, -64, 196, -74, 38, 246, -12, 64, 266, 16, -160, 146, 230, 72, 82, 78, -164, -12, -130, -50, 124, -72, 52, 24, 86, 26, -52, 60, -132, -84, -28, 30, -46, -180, -80, 96, -164, 110, 84, 32, 200, -88, -236, -12, 82, -2, 2, -92, 88, 84, -188, 200, 252, 250, -110, 146, 96, 190, -120, -210, 14, -12, -30, -170, 14, -48, 0, 64, 90, 160, 200, 34, -68, -22, -16, 84, 28, -210, -130, -96, -52, 118, 58, -126, 4, 12, -70, 158, 44, -24, -254, -40, 38, 38, -16, 210, 100, 128, 30, 178, -54, 188, -106, -106, 40, 168, 18, -44, -24, -24, 106, -242, 182, 2, -78, 30, -110, 56, -36, -102, 230, -68, 196, 0, 24, 82, 118, -130, 102, -130, 64, -98, -38, 298, -210, -78, -282, -140, 186, -4, 190, 126, -12, -104, 178, 162, -136, -138, -54, -130, 86, 146, -282, -160, 72, -144, -110, 60, 148, -84, -16, 102, -70, -80, -142, 34, 266, 152, -8, 114, 96, -172, 250, 66, -2, -50, 160, -64, -2, 88, 76, 238, -100, -36, -30, 6, 60, 38, -90, -4, 10, 6, 14, 138, 24, -58, -74, 234, -88, 124, -50, 52, 40, 164, 152, -12, 96, -216, 108, -52, -86, 10, -74, 40, -266, 116, -216, -78, -2, 72, -92, 96, -66, -164, -80, -2, -52, 2, -46, -90, 158, 94, 22, 
160, 110, 226, -64, -42, 10, 54, 100, 34, 70, 110, -140, 2, -46, 38, 250, -38, 220, -226, 168, 10, -14, 148, -44, -16, -34, -8, 148, -2, -90, 154, -10, 36, 136, 128, -10, 10, 74, 132, 154, 74, 148, -62, -162, 232, -14, -94, 100, -150, 130, -26, -74, 32, 194, 42, 108, 240, 66, -78, -96, 24, 150, 112, 234, -204, -6, -134, 106, -126, -80, -196, -40, 92, -108, -306, 196, 2, -98, -122, 228, 36, 120, -60, -266, 86, 106, 128, -40, 72, 162, 132, 2, -86, 134, 142, 202, 82, -20, 240, 16, 156, 370, -4, 98, 52, -82, 292, -42, 46, 22, 12, -6, -244, -54, 6, 160, 156, 22, -180, 22, -284, -38, -10, -162, -114, -114, -152, -230, 18, -90, -54, -22, 266, 286, 56, -6, 64, -56, -136, -284, -42, -210, -162, 284, -38, 98, -144, -100, 98, -110, 192, 78, 2, 170, -164, 28, 140, -8, -12, 146, -20, -78, 18, -94, -110, 234, 158, 70, 218, -86, -38, -112, 82, -28, -256, 70, 74, 144, -162, -298, 88, 206, -34, -170, 128, 6, 22, 192, -24, 60, 8, -94, 192, 112, -142, 132, -210, -246, -154, -72, -42, -80, 170, -12, 14, -24, 148, -24, -150, -78, -14, -130, 312, -128, -70, -136, -52, -58, -26, -92, 144, 4, 36, -42, 36, 60, 218, -100, -6, -164, -120, 116, 130, -54, 38, 116, -24, -256, 26, 110, -106, 62, -84, 150, 258, 244, 32, 48, -68, -64, 20, 282, 294, 104, 124, 18, -4, 10, -248, 66, 84, 74, -68, 80, 194, 160, -110, -236, 30, 212, 70, 22, -102, 254, -124, -160, -8, 226, 88, -288, 30, 112, 72, -38, 48, -24, 90, -72, 278, 12, -72, -54, 34, 68, -76, 350, -56, 114, 64, -6, -60, 78, 6, 82, 124, -110, 20, -70, 22, 96, -30, 46, -92, -16, 68, 0, -64, 212, -112, -120, -218, 112, -86, -40, -112, 152, 198, 26, -18, -56, -8, -14, 76, 146, -110, 116, -68, 80, -22, 188, 168, -10, 26, 132, -54, 198, 54, 184, 54, -174, 102, 54, 52, 28, 72, -2, -12, 80, -144, 54, 60, 104, -166, -6, -60, 46, -286, 48, 18, 182, 150, 76, -188, 78, 120, -44, 12, -46, 92, -148, 86, 90, 34, -32, 16, 8, -54, -70, 166, 8, 112, -184, -62, -10, 48, 18, 10, -108, 88, 338, -100, 230, 272, -46, 92, -62, 58, 114, -62, 78, 60, -86, -276, -82, 100, 56, 72, 20, -48, 68, 88, -16, 46, 46, -4, 58, 4, 72, -96, 216, 120, 156, 166, -234, -138, 32, 50, -56, 134, -242, -72, -72, 60, -82, 36, 32, -222, -36, -204, -38, -4, 68, 154, 152, -24, -2, 18, -4, -198, 198, -24, -104, -24, 212, -144, 134, -178, 50, 68, -72, -138, 36, 160, 110, 246, -18, -42, 142, -162, 68, -94, 228, 46, 44, 194, -10, -4, 98, 56, 132, 68, 22, -12, 42, -88, 110, 54, 12, 114, 132, 
-224, 142, -40, 134, 170, -14, 4, -32, -2, -36, 194, 134, 46, 164, 152, -156, 86, -168, 142, -102, -64, 128, -322, 156, -152, 122, 10, 42, -90, 156, -70, -92, 44, 74, -186, 136, 8, 68, -150, 102, -24, -78, 66, -2, -120, 170, 120, -84, 180, -194, 40, -132, 52, -70, 4, -70, -54, 36, 24, 64, 18, 18, -24, -144, 216, -66, -150, -72, -62, -102, 68, -86, 56, -10, 148, -146, 28, 58, -60, -92, -84, 16, -50, 200, -126, 48, -214, -36, -56, 40, -42, -4, -68, -108, -158, -34, -36, 130, 0, -86, -96, -222, -70, 84, 100, 20, -66, -18, -104, 18, -16, -8, 72, -90, 60, -126, -192, 184, -26, 146, 110, 138, 128, 176, 204, 214, 190, 232, 124, 56, 168, -170, 20, -170, 160, 72, 46, 80, 96, 332, 30, 200, 70, -94, 54, -76, 126, 20, -124, -50, -60, 152, -94, -74, -6, 112, -164, 2, 122, -102, 112, 28, 54, 98, 62, -264, -38, -34, -144, -26, 114, 44, -204, 26, 184, 10, 26, 118, 202, 164, 54, -106, 0, 118, -132, 60, -192, -162, -18, -38, 44, 76, -114, 60, 226, 6, 248, 176, 72, -84, -42, 206, -40, 220, -38, -176, -42, 26, 94, 36, 142, 242, -258, 34, 90, 202, -14, 28, 62, 236, -64, 148, 64, 66, 68, 38, -146, -38, 226, 162, 136, -8, 80, 30, 2, 96, 190, 160, -106, -114, 112, 92, 14, -134, -238, 40, 56, -72, -58, 160, -42, -202, -146, -178, -172, -2, -72, 56, 246, 16, -158, 72, -174, -194, -168, -172, 136, 288, 112, -28, -86, 148, 56, -352, 0, 110, -64, -212, -66, 288, -64, 84, -34, 34, -132, 72, -20, 10, -32, 160, -46, 8, 8, -90, -134, -172, 94, -80, 38, -6, -204, -96, 80, 116, -162, 98, -4, 92, -36, -238, 116, 100, 214, 128, 74, 2, -154, 30, 278, 180, 310, -92, 340, 68, 204, -200, -102, -92, 184, 0, 140, 30, -100, -122, 344, -120, 150, 20, 142, 40, -28, -30, -70, 124, 52, -88, -60, -150, -28, 24, -126, 18, -114, -14, -50, 148, 98, -60, 16, 140, -28, 76, 108, -24, 42, -290, 50, 54, 26, -166, -224, -140, 290, 18, -220, 94, 44, 202, 92, -18, -134, 48, 54, 6, 40, 0, 104, 164, -60, -48, -118, 44, 78, 72, -20, 74, -56, 84, 66, -304, 172, -16, -116, 64, -28, -108, -88, -14, 104, 20, -140, -76, -38, -100, 94, 8, -154, -44, 240, -4, 104, 44, -46, 140, 104, 28, -96, -66, 158, -282, -100, -108, -106, -8, 116, 46, 44, 88, -88, 190, 84, 94, -306, 2, -88, 188, 68, -2, 136, -12, 36, -98, 112, 104, 56, 16, 8, -14, 204, 56, 142, 146, 92, -116, 108, -208, 144, -28, -36, 170, 114, 44, -48, -16, -242, -10, 16, -42, 148, 30, 138, -126, 144, 50, 2, -44, 32, 104, -82, -2, -114, -58, 2, -82, 154, -104, 20, -120, -188, -52, 
58, 2, 54, -54, -104, -18, 82, 18, 30, -90, -124, 100, 28, -150, -104, 156, -182, 48, -178, 310, 114, 80, 310, -86, 96, -56, 0, 128, 86, 28, 146, 118, -34, 212, 224, -46, -82, -40, 48, -38, -108, -46, 40, 152, 218, -200, -78, 64, -350, 110, 46, 246, 56, 90, 76, 128, 60, -136, -56, -168, -28, 146, 114, 146, 90, 184, 28, -30, 126, 176, 20, 210, -312, 36, -120, 184, -8, -86, -44, 192, -40, -18, 48, -94, 216, 64, 62, 38, 88, 4, 70, 28, 2, 118, -20, -52, 222, -94, 134, 10, 12, 190, 24, -122, -8, -78, 32, -150, 336, 62, 36, 48, -40, 96, 14, 168, 174, -62, -92, 4, -54, -146, -114, 10, -188, -182, -84, -204, -152, -74, -98, -36, 44, 248, -118, 24, -56, -144, -48, 58, 128, -124, -92, -8, -122, 322, 62, -6, 126, 158, -38, -164, 242, -4, 140, -122, 150, 82, -28, 108, -36, -22, 8, -150, -82, 176, 202, 150, 154, -70, -62, 30, 168, 32, -108, -98, 104, 22, -164, -22, -162, 82, 88, -194, 224, 52, 126, 146, 128, 142, 40, 58, 10, -10, -204, -4, -194, -14, 28, -8, -110, -72, -6, -190, -144, 86, -108, 276, -34, -120, 26, -362, 224, -26, -138, -288, 38, 122, 120, -36, 52, 94, 50, 20, 26, 74, 128, 8, -166, -126, -64, 50, -296, -58, 24, -104, -180, -242, 168, 152, -164, -110, 24, 82, 250, 20, -86, 8, 10, -132, 176, 120, 202, -70, 140, 38, 144, -24, 32, -10, 234, 56, 138, 422, -68, 108, -132, -96, 6, -10, -94, 8, -118, 200, -62, 148, 56, 144, 44, -234, 24, -144, -2, 26, 132, -74, -60, 118, 128, -12, 10, 94, -64, 50, 86, 140, -168, 204, 50, 238, 128, 84, -116, -98, 168, -124, -76, 184, 84, 178, -72, -238, -32, -56, 24, 112, 150, 44, -172, -94, -236, -72, -282, -92, -240, 348, 246, 194, -110, 128, -138, 18, 12, -4, 42, 16, -36, -174, -34, 0, 220, 152, -78, 80, -170, 100, -86, 126, 28, -8, 100, 108, 458, 54, -50, -288, 50, 132, 76, -118, -64, 20, -170, 24, -140, 150, -8, 6, -10, 98, 116, 68, -292, -34, 264, -180, 52, -238, -152, 158, 118, -100, -152, 236, -196, 2, 36, -114, 126, 88, -46, 34, -86, -154, 4, -120, 56, -112, 32, 136, -2, 90, 246, -12, 224, -60, 44, 20, 58, 0, 38, 104, -62, 94, -194, 76, 102, 54, -82, 242, -164, 28, 66, 38, 178, -74, 290, 72, -234, 164, 80, 206, 34, -172, -146, -110, -24, -134, 124, 28, -12, -102, 182, 106, -20, -236, -176, 154, 16, 152, -84, 120, 64, -112, 8, 52, -144, 142, -262, -58, -190, -128, 22, 46, -156, 156, 70, 162, -18, 88, -78, 152, 216, -90, 136, 66, 24, 24, -22, -32, -136, 104, -158, 110, 94, 46, 80, -4, 164, 32, 290, -50, 34, 130, -178, 70, -88, 72, 174, -106, 
-166, 120, 22, 86, 58, 108, -166, 24, 32, 118, 6, -86, -82, 278, 40, -192, 284, -220, 8, -388, 6, 28, -346, 132, -26, 244, 214, -68, 112, 22, -144, -40, 32, 36, 36, 92, 128, -78, 16, 132, -30, 168, -64, -246, -88, 178, 50, -56, 182, 138, 136, -250, 64, -20, -82, 48, -190, -56, 12, 126, -138, -262, 72, -30, -48, -130, 244, 56, 96, -182, -4, 136, 306, 32, 270, 0, 72, 98, 126, -196, 92, 84, -158, 130, -30, -136, 20, -188, -26, -24, 112, -40, 102, 152, -118, 60, -114, 24, -240, -112, 2, -152, -16, 156, 38, 132, -96, 172, -158, -28, -52, 162, 46, -64, 26, -62, -168, 82, 98, -112, 126, 210, 122, -264, 186, 252, 324, 104, 88, 98, -16, 80, 18, -76, 74, 94, -26, 144, -50, 152, -258, 48, 104, 86, 198, -204, -176, -152, 136, -16, -66, 58, -54, -82, -230, 162, -2, 68, 64, 16, -10, 52, 134, 176, 98, -36, -94, -68, -106, 2, 10, -140, 32, -28, 100, -16, -40, 214, 264, 76, 64, -238, -72, 210, -260, 34, 86, 8, 58, 18, -50, -88, -18, -48, 278, 28, 60, 130, -62, 158, -30, 16, -42, 178, 8, -46, 156, -236, 92, 174, -26, 246, -92, 364, 92, 206, -22, -70, -32, -44, 26, 24, 28, 92, 262, -28, -34, 300, 124, 268, -52, 86, 304, 150, 64, 2, 68, 268, -142, 162, -6, 208, 152, -34, -158, 138, 26, 138, 64, 104, -14, -70, -204, 12, -164, -136, -286, 28, 92, 6, -122, 2, -54, -124, 96, -306, 26, 194, 166, -28, 20, 18, -20, -162, -6, -64, 188, -70, -96, 40, -62, 66, 50, 18, -52, -30, 108, -14, -158, -12, -58, 102, 212, -156, 84, 28, 268, -62, 58, -134, -110, -188, 96, 132, -106, -22, 130, -34, 70, 42, -86, 80, -6, -30, -22, 58, -182, 60, 90, 36, 200, -18, 124, 114, 222, -84, -168, 10, 180, -158, 52, 42, -112, 68, -82, -16, -78, 2, 22, 12, -288, 198, 28, 136, 156, 16, -28, -52, -136, 48, 136, -114, -348, -24, 174, -26, -14, 22, -46, 122, 120, -34, 38, -44, -2, -66, 184, -40, -24, 20, 186, 32, 130, 128, -158, 78, -58, 138, 76, -42, -66, 160, 62, -148, 356, -84, 70, 120, 40, -110, 46, -98, 158, 204, 132, 150, -156, 144, -202, -274, 118, 120, -188, 14, -54, -34, -106, -74, 32, 102, 118, -12, 46, -52, 168, -54, -126, 24, 148, -4, 234, -102, 64, 166, -236, 210, -136, -4, 194, -156, 20, -48, -4, 44, 24, 38, 36, 152, 16, 110, -52, 74, 176, -184, 34, 202, 108, 64, -62, 16, -84, -84, -44, 122, -28, -30, 188, 4, 188, 198, 236, 58, 64, 222, 196, 152, -98, 108, 92, 108, 120, 0, 0, 102, -122, -82, -16, -6, 42, 124, 200, 58, 190, -94, -80, 22, -124, 86, -278, 8, -274, -60, 38, -152, 100, -56, -38, -74, -154, -266, 
292, 14, 178, -168, 62, 8, 104, 196, 152, -180, 118, -34, 160, -24, 60, 286, -206, 78, -226, 454, -68, -100, 186, -32, 14, -122, -110, -24, 52, 198, 22, -34, 88, -12, 6, 156, -178, 256, 48, -258, 82, -122, 78, 180, 32, -90, 86, -6, -268, 90, 148, 64, 92, -150, 106, 2, 124, 100, -152, 64, -36, 236, -142, 80, -16, 88, -202, -64, -40, 280, 42, 2, -208, 26, 34, 194, -120, -70, -18, 302, 38, -162, 242, -336, 32, 106, 84, 210, 78, 58, -4, 224, -48, -80, 208, 2, 258, -24, 214, 50, 14, 74, 8, -180, -4, -22, 210, -240, 44, 70, 200, 46, -124, 60, 70, 40, 150, 150, -94, 254, 118, -138, -36, 276, -12, -52, -180, -102, -100, -248, 84, -62, 46, 24, -78, 28, 136, -296, 132, -128, 224, 16, -46, 126, -204, 344, 212, 32, -176, 122, 94, -24, 10, 50, 200, 2, 42, 116, -80, 48, 6, -62, -104, -96, -36, -120, 32, 24, 178, -86, 32, 166, 196, 80, -54, 152, -44, -288, -214, 104, 72, 210, 174, -68, -36, 4, -104, 124, -90, 40, -180, 196, 180, -72, -308, 42, -12, -30, 308, -228, 22, 32, 94, -144, -42, -76, -20, 234, 18, -200, 58, -282, 62, -324, -118, 8, -140, -4, 12, -4, 204, 178, 6, 246, -232, 84, -144, -136, 180, -278, -4, 82, -46, -34, -152, 164, 10, -38, -2, -136, 98, -212, 38, 36, 204, -96, 28, 194, 122, 42, -120, 164, 144, -18, 134, 266, 152, 176, -80, -142, 214, 132, 78, 222, -30, 222, 116, -150, -94, 34, 8, 10, 68, 98, 108, 86, -52, 106, 164, -24, -122, 100, -42, 20, 232, -18, -80, 98, 54, 42, 164, 16, 4, 206, 100, 118, -200, -40, -48, 170, 176, 248, -40, 90, 324, 112, -16, -58, -146, 118, -28, 194, 102, 104, -4, -82, 294, 18, -36, 28, -34, 98, -146, -28, -150, 84, 134, -134, 34, 174, -106, 22, 128, -20, -30, -182, -78, 136, 36, 94, -18, -46, 98, 20, -12, 122, -2, 64, 86, 102, -66, 142, 274, -112, -38, -88, -42, 4, -2, 26, -202, 172, -178, 74, 150, -42, -30, 152, 178, 66, 48, -6, 78, 154, 176, -96, 46, -50, 50, 70, 46, -98, 18, 244, -92, 56, -56, 108, 10, 114, 0, 24, -194, -168, -106, -36, 14, 26, 184, 64, -128, 92, 390, 32, 210, -36, -14, -16, 122, -4, -34, -10, 10, -120, 114, 8, 68, -68, -24, -18, -212, -46, -62, -134, 184, -92, 56, 28, -140, 172, -134, 60, 166, 36, 186, -84, -12, -172, -136, 106, -90, 170, -10, 106, -22, 52, -384, -62, 62, 54, 36, 140, -24, -28, -116, 168, -116, 100, -300, -76, 4, 96, -94, -274, -108, -90, 162, -16, 110, -96, -70, 86, -22, 64, 274, -16, 82, -68, -56, -84, -90, 96, -100, 70, -48, -4, 210, -164, 154, -120, 258, 12, 238, 146, -80, 18, 8, -100, 90, 336, 
-152, -146, -148, 102, 4, 76, 152, -178, 112, 186, 90, -98, -136, 172, -316, -16, 172, 70, 76, -138, 8, 246, -164, 94, -28, 158, 64, 76, -18, -76, 42, 186, 40, 4, 84, -94, 190, -188, -16, 56, -4, 98, -142, -64, -102, 102, 146, 70, 210, -28, -52, 2, -10, 160, -112, 100, -222, 62, 146, 96, 20, -214, -124, -54, 116, 168, 278, 118, 46, -290, 34, 36, 142, -20, 34, -68, 228, -38, 40, -138, 62, 176, -208, 218, 182, 62, -176, -68, -144, 332, -84, -270, 94, 148, -222, 74, -42, 10, -264, -94, -104, -66, -128, 218, -30, 56, -154, 202, 92, -58, -90, 48, 180, 92, 122, -18, -166, -78, 68, -34, 50, 156, 42, -214, 210, 136, 270, 208, 52, 180, 76, 44, -40, 142, 206, -78, 18, 96, 132, 138, -64, 0, -66, -64, 140, -232, 118, 114, 102, 4, 8, -220, -66, -66, -86, 20, 52, 18, 116, 30, -164, 82, 214, 52, 80, 104, 98, 252, -62, 62, 40, -76, -224, 24, 130, 76, -182, 214, 188, 28, 20, -54, -28, 18, -68, -124, 92, -76, 20, 198, 278, -80, -6, 252, 236, 66, -42, 0, -148, 188, 92, 92, -14, 168, 38, 70, 118, 34, -14, 298, 194, 262, -134, 356, 16, 36, 114, 100, 72, 124, 76, -126, -74, -326, 248, 46, -56, 100, -132, 274, 38, 24, 138, 52, 102, -158, 90, -66, -384, 12, 72, 56, -6, -182, -44, 86, 116, -190, 40, -66, -12, -128, -136, 50, 48, -182, -36, -294, 6, 112, -80, -98, 126, 176, 104, -206, -40, 16, 66, -20, -36, -18, 72, 6, -132, -76, 30, -62, -42, 94, 48, -246, -60, 42, -118, -74, 42, -58, 10, -206, -12, -230, 92, -154, 128, -130, 44, 118, 42, -212, -162, -268, -106, 50, -190, 8, -24, 210, -124, -40, 114, -50, 64, 18, -62, 216, 96, 64, 162, -118, 78, 28, 180, 90, 166, -66, -26, 52, 66, 8, 166, 72, 16, -30, 108, 116, 86, -136, 92, -24, 72, 66, -106, 138, -80, 22, -132, -120, -158, -224, 32, -140, -164, 140, 190, 96, -166, -192, 48, 60, -8, -178, 180, -56, -32, 194, 304, -202, 130, -58, -64, 166, -26, 54, 18, 104, -16, -8, 152, 16, 8, -14, 78, -132, 22, -56, -166, 84, 90, -164, 122, 36, 190, 160, 68, 94, -178, -58, -246, -162, 34, -152, -180, 4, 26, 76, 164, 90, -36, -104, 134, 24, 30, 34, 30, 64, 104, 162, 32, -38, 244, -2, 270, 120, -66, 284, -70, 34, 246, 66, 308, -112, -72, -100, -236, 234, 212, 330, 192, -272, -64, -172, 24, -94, 94, -90, 66, 26, 196, 166, -68, 150, -20, 22, 122, -182, 58, 72, 170, 296, -42, -12, 134, 322, 18, -54, -60, 214, 24, 136, 56, -152, 200, 10, -72, 158, -98, -46, 40, 150, -48, 28, -32, 42, 94, 30, -102, 164, -86, -48, -208, 120, -184, -46, 36, -192, -118, -80, -98, 12, 
-26, -20, 132, -140, -4, -46, -16, 154, -10, -44, 140, 14, 164, -58, 126, -60, -44, 10, -156, 140, -60, -118, 306, 32, 150, 46, 18, 218, -104, 166, 2, -102, 18, 10, -20, -164, -210, 162, -32, -44, 176, 86, 60, 218, 60, -114, -76, -74, -30, 28, -22, 28, 186, -120, 32, 46, 300, 56, -154, 120, -62, 156, -38, 84, 30, -222, -106, -74, 36, 234, 72, 32, -6, -96, 138, 48, -232, 132, -48, 130, -14, 118, 14, -116, -76, 76, 202, -156, 172, -236, 36, 262, -152, -84, 162, 0, 192, 84, 118, 188, 6, 156, 58, 64, 34, 152, 86, -156, -100, 184, 8, -160, -232, 196, 50, 140, 58, 246, -92, -142, -90, 36, -220, 46, 44, -74, -136, -96, 54, -70, 42, -70, 80, -176, -138, 46, 90, -22, 92, -38, 246, 106, 98, 178, -62, 118, 62, -4, -40, 200, 42, 190, 56, -22, -106, -34, -24, 126, 52, 28, -14, -16, -334, -138, -40, 52, -60, -270, -2, -100, -64, 88, 244, 54, -238, 90, 90, -98, 50, 74, 62, 74, 200, -24, 254, 148, 160, 232, -48, -94, -16, 8, -122, -146, -198, 106, 2, 32, -24, -138, -134, -180, 8, -100, 16, 52, -4, -118, -68, -284, -50, -250, 138, -96, 242, 36, -120, -14, -16, 8, 16, 246, 208, 212, -232, -8, -28, -188, 214, -50, -30, -58, -10, -40, 220, 254, 26, -8, 266, -114, -200, -16, 66, 56, 70, -168, -78, 98, 66, -88, 72, -44, 314, 78, -128, 142, 72, 264, -132, 78, 12, -16, -48, -170, 48, -16, 152, -192, 4, 188, -132, 250, -220, 110, 210, 40, -50, 54, 234, 82, 12, 232, -112, -62, 100, 116, 92, 40, 28, 182, -10, 132, -86, 4, -340, 28, -260, -114, 2, 76, 202, 262, -26, 30, 202, 76, -18, -122, 72, -6, -86, 160, 38, 106, -28, -154, -166, -46, 114, 182, -112, -122, -152, 24, -56, 284, 116, -102, 92, -8, 126, -42, -108, 96, -12, -88, -4, 200, -72, 148, -214, -224, 88, -38, 320, 54, 64, 54, -28, 426, -198, 10, 296, -88, 14, -34, 134, 184, -12, 224, 84, 342, -84, 0, 66, -118, 30, 122, -14, 174, 16, 66, -30, 8, 158, -56, 214, 230, -198, 54, -14, 32, 84, 154, -58, 106, 124, -134, -128, 48, -98, 54, 54, 22, -96, 122, 158, 150, 238, 212, 120, 16, 188, 8, -88, 100, -140, 62, 24, 188, -128, 38, -10, 10, 130, -188, -18, -28, -28, 22, -104, 62, -128, -104, 32, -148, 126, -266, -342, -40, -118, -60, 48, 222, 196, -100, -234, -262, 132, 186, 172, 208, -70, 188, -12, 194, 68, 110, -124, 22, 168, -38, 110, 16, -122, 100, -138, -72, -62, -294, 168, -44, -224, -254, 24, 74, -6, -106, 112, -222, 36, 76, -152, 116, -86, -50, 42, -116, -126, -20, -6, 154, 182, 14, -42, -110, 68, -48, 26, 74, 164, 252, -16, -16, 96, 224, 310, 108, 130, -250, 
2, 66, -146, 36, -4, 82, 98, -72, -78, -12, -12, 120, -48, 188, -268, 84, -148, 66, 100, -192, 204, 64, -76, 56, 70, 116, -26, 84, -8, -138, 90, 78, 40, -96, -154, 168, 312, -68, 8, 62, -150, -96, 54, -98, -128, 184, 222, 126, 156, 38, 116, -226, 18, 46, -28, -98, -48, -70, 286, -8, 48, -24, 48, 120, 36, 150, 144, 88, 0, -120, 74, 4, 4, -56, 6, -74, 42, 60, 186, -82, 124, 22, -258, -16, 80, 42, -82, 52, 28, 178, 20, -64, 86, 94, -30, 8, -14, -74, -48, -260, 64, -112, 80, -54, 4, 112, -30, 294, 18, -46, 2, 288, 192, 196, 82, -92, -252, -208, 124, 166, 104, 80, 196, -96, 166, -44, 242, 176, -162, 126, -220, 228, 74, 200, 152, -146, -172, 48, -100, 172, -18, -204, -42, -90, 78, -104, 138, 66, 28, -160, 30, -118, -98, -106, -100, 84, 68, -108, -12, 22, 194, 30, 94, 54, -44, 112, 100, 252, 32, 118, 70, -172, -8, -92, 328, -214, -18, 42, 86, -48, -58, 28, 76, 26, -170, -86, -230, -188, -76, 90, 46, 100, 152, 274, 126, -78, 142, -124, -2, 68, -68, 238, -110, 54, 52, 50, 110, -34, 78, 218, 54, 140, -98, 6, -98, 28, 274, -48, 18, -52, -128, -192, -74, -82, 134, 18, 8, 232, -162, 100, 228, -20, 2, 108, 12, 98, -316, -10, -176, 150, 204, 186, -148, -40, -14, 260, 56, -70, -6, 46, -166, 14, -64, -88, 108, -130, 34, -232, 272, -96, 40, -26, 8, 50, 6, 152, -230, 330, 170, -122, -80, -112, 130, -98, -72, -204, 90, -22, -258, -76, 110, -300, -188, -36, -232, -68, -26, 20, -96, -60, 200, -130, 114, 62, 354, 110, 112, 322, -96, -184, -176, -32, 190, 64, -196, -26, 12, 348, -134, 272, -50, -40, 36, -46, -56, 282, 264, -10, -240, -104, -110, 164, 8, -72, 104, 136, -122, 174, -212, -44, -4, -2, -56, -126, 62, 144, 18, 30, 154, 92, 218, 50, -32, 194, -42, 204, 20, -226, -198, -178, 194, -50, -104, 60, -34, 136, 8, -152, 88, 16, 26, -8, 126, 28, 60, 94, -48, -104, -16, -14, -120, 20, -8, 38, -64, 16, -76, -70, 268, 120, -34, -38, -112, -124, -58, 22, -194, 110, 58, -126, 42, -30, 18, 12, 96, -70, -60, -92, -112, -34, -140, 46, -178, -20, -34, -104, 38, -84, 110, -204, 210, 140, 38, -190, -36, 278, 140, 36, -90, 28, 208, 34, 164, 142, 74, -12, -62, 312, 218, -120, 182, 30, 108, -186, -60, -6, 210, 92, -54, -296, -28, 16, 48, -160, -34, -224, 46, 74, 262, 88, 76, 128, 26, 20, 166, 54, 154, 110, 8, 184, -26, -38, 246, 178, -14, -40, 16, 118, -96, 18, -128, 22, 88, -82, 10, 36, -36, 38, 170, 28, -92, -152, -126, -48, 222, 22, -12, -38, -58, 50, -236, -328, 192, -12, 120, -34, -66, -26, -172, 236, 
-22, -56, 100, -14, 92, -156, -40, 240, 178, 170, 118, -106, 16, 108, 104, -32, 6, 124, -94, 138, -176, 130, -46, 28, 2, -122, 32, -84, -54, 142, -60, -56, -42, 148, 64, 46, -134, 96, 74, 94, 42, 204, -104, 58, 100, 12, -186, -12, -64, -22, -252, 0, -74, 46, 106, -2, 52, -62, 44, 12, 132, 144, 116, 14, 84, -8, -100, -20, -56, 190, -8, 32, 2, 242, -120, -104, 30, 120, -128, 70, -126, 12, 94, -230, -242, 12, 144, -14, 46, -226, 2, 46, -38, -128, 58, 88, 112, -28, 50, 132, -30, 230, -4, 50, 162, -6, 74, -114, 20, 58, 2, 4, -240, -86, -84, 82, 284, 430, 104, 16, -210, -110, -184, -62, 58, 352, -58, -26, 110, 28, 98, -276, -124, -30, -80, 116, 78, -94, 184, -18, 198, 38, 12, 30, -4, 44, -104, -64, 138, 170, -168, -74, -10, 100, 182, -70, 76, 140, 84, -142, -212, 14, -166, -16, 32, -44, -164, 8, -56, -118, -60, 156, 88, 38, -18, 234, 36, 204, 4, -24, 302, -34, 52, 28, 168, 112, 270, 78, 88, -150, -34, 66, -86, -40, 46, 56, -92, 66, 318, -32, 136, -238, 222, -44, -140, 44, 276, 22, 84, -78, 212, -72, 212, -70, 190, -44, -4, 180, 162, 96, 38, 56, 124, 92, -52, 4, 40, -34, 248, -54, -114, 68, 60, -222, -86, -38, 288, 94, 204, -128, -110, -156, 66, 112, 160, -172, -36, 198, 8, -110, 12, 150, 50, -126, 36, 10, 6, 156, -92, 118, 84, 26, -60, -42, -74, -78, 254, -334, -20, 108, 102, 72, -94, 142, 54, 108, 24, 158, 24, 158, -98, 178, 0, -64, 166, 62, 26, -248, 52, 314, -32, 118, -72, 16, -360, -104, 130, -204, 90, -18, 96, 322, -152, -106, 22, 62, -44, -356, 80, 42, 86, -50, 128, -70, 294, -226, -34, -34, 266, 106, 42, -236, -84, 102, -30, -170, 124, -70, 14, -66, 128, 76, -24, 258, -108, -140, -158, -266, -28, -46, -248, -28, 48, -42, 96, 26, 136, 100, 122, 184, -292, 10, 84, -58, 252, -52, -152, 190, -6, -58, 74, -2, -200, 100, -144, -224, 170, 94, 56, 48, 10, 40, 140, -24, 122, 64, 24, 90, -80, 58, 264, 108, 188, 130, -84, -98, -74, -170, -208, 84, -64, 12, -228, -154, 124, 60, 142, 58, 166, 58, 146, 24, -56, -134, -54, -8, -186, 180, -70, 172, -44, -196, 36, 114, -58, -184, -90, 94, 94, 200, -184, 30, -226, -206, 60, 44, 106, -90, -196, 210, -222, 72, -28, 124, 14, -56, -34, 28, -52, 118, -76, 40, -212, 42, -8, -70, 84, -2, -18, -102, 144, -82, 170, 218, -306, 192, -94, 4, -28, -74, 174, 90, -68, 50, 14, 36, 242, -60, 12, 60, -10, -92, -198, 122, -18, 82, 86, -92, 36, -18, 78, 220, 14, -118, -44, -26, 110, -76, 46, 60, 100, 192, -24, -20, -44, 94, 104, 50, 374, -132, 
-76, 48, -6, -14, -54, 74, -36, -212, -128, 54, -128, 58, 40, -124, 48, 6, 28, -82, 174, -110, 240, -30, 68, 70, 22, 46, 140, -26, 82, -34, 28, -30, 16, 94, -58, -20, -16, 90, 0, -6, -122, 46, 82, -220, -24, 14, 66, 212, 108, 44, 280, 112, 16, -16, -2, -48, 32, -12, -24, 146, -34, 24, -150, -4, 12, 50, 118, -146, 240, -102, 36, 108, 40, -84, 108, 266, 14, 64, 72, -70, 10, 254, 18, 268, 72, 42, -204, 86, 34, 126, 62, 110, 82, 264, 84, 24, -112, -178, -2, -86, 74, -144, 18, -118, -206, 74, -62, 176, 78, 102, 90, -158, 88, 226, 140, -98, -18, -250, -16, 106, 30, 284, 26, 190, -176, -266, 24, 186, -152, -126, 2, 246, -38, 74, 124, -10, 20, 310, -154, 2, -52, -56, 70, 70, 48, 64, -26, -22, -90, -428, 148, 100, 112, -94, -98, 270, -54, 42, -144, 106, 180, -60, 210, 22, -122, 168, 168, 42, 12, 140, 8, -64, 282, 76, 124, 22, 160, -210, 18, 186, -102, -32, -16, -60, -230, -14, 12, -6, -36, 38, 56, 10, 70, 20, -32, -64, 28, 8, -318, 54, 62, 280, -152, -24, 74, -166, 44, 34, -284, 28, 34, -34, 70, 128, -70, -72, -34, -8, -22, 28, 182, 110, -146, 108, 14, -190, 14, 110, 46, 16, -28, -18, 50, 100, 72, -36, -168, -4, 4, 254, -38, 148, 108, 72, -30, 172, 190, -82, -68, 220, 140, -102, -282, 2, 44, -152, 156, -24, -64, -76, 96, -20, 120, -40, 190, 104, -226, 286, -12, 40, 74, -230, -94, -284, -66, -188, -102, -74, -60, -52, 174, -224, 26, -40, -104, 92, -208, 138, -86, -14, 38, 108, 12, -94, 346, -88, -4, 138, 4, 122, -74, -100, 194, 48, 76, -178, 6, 222, -110, 42, 220, 16, 34, -2, 228, 180, -78, 86, -290, 112, -126, 60, -34, -52, 18, 206, 26, -66, -64, 236, 30, 58, 68, -116, 72, 82, 106, 146, 38, -64, 554, 22, 64, 162, -100, -40, 16, 32, -256, -156, 402, -76, 42, -2, -164, -60, 50, 18, 206, 124, -114, -32, 152, 14, -34, 156, -208, 72, -14, 70, 38, 110, 52, -24, -150, -146, -92, -64, 168, -56, -200, -102, -136, 142, -4, 74, 12, 172, 76, -184, -134, -58, 108, 164, 54, 118, -80, -60, -20, -220, -192, 6, 92, 146, 182, 34, 128, 40, 196, 84, 0, 92, -52, -148, 366, 38, 232, -76, 96, -54, 284, -8, 200, -24, 0, -234, -46, -80, 218, -66, 188, -24, 166, -240, -84, -70, 238, -94, 152, -78, 28, -38, 222, 146, 44, 126, -216, -120, 234, 50, -104, -22, 18, -72, 62, -156, 78, -70, -74, 248, -44, 194, 214, 34, -36, 34, -262, 202, -42, 120, -56, -48, 198, 68, 120, -112, -116, 194, 96, -50, -14, -220, 34, -284, 116, 98, -6, 78, 42, 136, -16, -142, 14, 218, -92, 36, 96, -112, -106, 84, 
108, 76, 106, 146, 106, 18, 88, 234, 120, 122, 260, 72, 58, 90, -48, -40, -80, 360, -140, 90, -138, 110, -46, -34, -82, 46, -222, 44, 70, 86, -22, 84, 2, 136, 18, 160, 260, -72, 162, 120, 24, 130, 70, 142, 166, -42, 84, -104, -20, -80, -232, 64, -22, -10, -36, -4, -18, -56, -96, -84, -30, 10, 258, -48, -128, 58, -190, -40, -90, 138, 176, -18, -28, -36, -48, -116, 150, -92, 84, 28, -24, -140, 142, 36, 76, -142, 192, 26, 254, 18, -108, -124, -78, -220, 114, -46, 192, 180, 22, -88, -36, 142, -50, 16, 120, 42, -30, -60, 24, -104, 194, 6, -38, -158, 62, 160, -94, 144, 128, -76, 34, -216, 28, 46, 148, 190, 118, -50, 108, -140, 172, -66, -2, -58, -92, -60, 80, -48, 16, -234, -8, -80, -154, 106, -26, 82, 246, -64, 170, 462, 20, -76, -124, 110, 158, -14, 16, 142, -10, -224, 92, -142, -188, 102, 50, -140, -40, -6, 176, -142, 18, 16, 64, -48, -52, -132, 18, 192, -42, -62, 90, 46, 0, -12, 50, 124, -146, 244, 8, -136, 6, -170, -172, 142, 72, 138, -76, 94, 46, 92, 194, -162, 258, -92, -50, 52, 64, 230, 168, 36, 82, -162, 80, -168, 26, -134, -58, -200, 150, -70, -174, -8, 74, -44, 114, 84, -40, 66, -32, 150, -90, 98, 128, -110, -96, 28, 264, -106, -94, -116, 96, 2, -74, 70, -2, -80, -72, 148, 94, -78, -34, 114, 378, -86, -152, 130, -42, -18, 100, 222, 4, 136, -246, 108, 12, 64, 80, -82, 274, 0, 84, 12, 54, 148, 294, 46, 188, 118, 34, -84, 50, 156, -96, 44, 194, -130, 2, 142, 196, 152, -80, -84, 178, 14, -146, 60, -14, 18, -50, 60, 60, 72, -80, -140, 10, 160, 132, -72, 144, -32, -214, 56, -42, -140, 4, -164, -90, 98, 168, 20, 46, 52, -60, 286, -34, -116, 82, 60, 174, -58, 48, -62, -94, 126, 122, -80, -60, -128, 6, -68, -360, 70, 164, -92, 150, 108, -12, -44, 158, 62, -230, 168, 28, 82, 170, 42, 46, 104, 38, -88, 54, -6, 24, -112, -74, -132, 212, -78, 168, 0, -150, -108, -26, -70, -20, 66, -10, -24, -142, 232, 90, 160, 170, -106, 24, -212, 134, -42, -38, 58, 138, 232, -30, -12, 168, -218, 224, 66, 36, 12, -64, 4, 142, -172, -226, -114, 58, 170, -96, 74, 106, -140, 56, 226, -150, 62, 52, 84, 44, 124, -74, -54, -160, 92, -34, 128, 214, 40, -214, -8, -188, 64, -144, 140, 42, 58, -302, 14, 38, 132, 262, -70, -64, -70, 50, -192, 216, 172, -242, -74, 174, 0, 84, 94, 48, 4, 10, 196, 200, -64, 170, -158, 6, -218, 196, 72, 170, 54, -156, 72, 56, 62, -46, -152, -72, 2, 240, -156, 50, 26, -44, 174, -40, 132, 12, -70, 90, -42, 24, -154, 106, 252, -38, -88, -54, -126, 76, 244, 60, -34, 
-26, -84, 4, -162, -72, -160, -124, -122, -88, 52, -46, 54, -134, -8, 206, -88, 10, -214, -120, 120, 264, -340, 172, 106, 170, 128, 218, -74, 24, -30, 4, -202, -76, -50, 18, -112, -106, 228, 36, -52, 42, 118, 142, -42, 132, -58, -12, 34, -18, 14, 300, -66, -4, -46, -14, -46, 28, 6, 230, -8, 0, -14, -214, 144, 106, -6, -16, -4, 104, 208, -182, -238, 198, 162, 158, 120, 34, -6, 136, 132, 48, -34, -72, 44, -32, 62, -22, 80, -166, -64, 82, 138, 232, 204, -122, 2, 6, -154, 202, 20, 94, 26, 118, 280, -26, 200, 70, -64, 138, 78, 124, 108, -184, -22, 88, 160, 108, 52, -110, 0, 166, 172, -24, -126, 54, -308, -38, 154, -180, 172, -354, 190, 176, 64, -68, -58, -50, 86, -46, 108, -28, 28, 86, -42, -184, 42, -204, 144, -240, -134, 92, 156, 144, 236, -224, 58, 6, 28, 14, 8, -52, 68, 112, 68, -30, 158, 6, -74, -34, 148, 26, -228, 40, 28, -64, -36, 144, 50, 52, 72, -18, -32, 130, 74, -206, 44, 116, -90, -52, 236, 106, 140, 222, -88, -54, 114, 96, 4, -68, -330, -64, 36, -192, -98, 86, -72, -114, -146, 16, -92, 72, 154, -52, 20, -4, 274, 208, 152, -18, 60, 266, 124, 64, -2, -56, -8, 48, 94, -136, 220, 94, 66, -94, 12, -30, 16, -204, 52, 42, -14, -52, -92, 144, 54, 66, -46, 24, 174, 18, 94, -2, 30, -310, 118, 194, -4, 148, 44, 46, -30, -104, -230, 234, -102, -16, 96, -66, 140, -140, 150, -16, -82, -8, 78, -194, 8, -160, -158, -248, -38, -186, -140, 116, -18, -126, 122, 88, -198, -126, 170, -16, 24, 84, -16, 224, 60, 182, -52, 40, -54, 8, 96, -12, 172, 92, -40, -82, 10, -6, -18, 274, 236, -114, 66, 100, -48, 100, -228, -30, 20, -22, 16, 106, -194, 78, 60, -32, 204, 80, 192, 102, 48, 46, 4, -170, -38, -30, 232, 30, 100, 390, -120, -24, -66, -14, 62, -12, 6, -38, 98, 342, -30, -58, 4, -170, 54, -58, -30, -212, 56, 8, 144, -150, 136, 82, 88, 6, 88, -42, 24, 86, 52, 36, 220, 58, -168, 70, -102, 74, -226, -98, -316, -34, 86, -20, 202, -232, -98, -102, -2, -98, -42, -54, -80, 24, -74, -110, -18, 44, 40, -58, -160, 6, 76, 178, 86, -96, -8, 214, 76, -74, 94, -36, -48, 176, 128, -118, -178, -174, 112, 158, 280, 20, -190, 178, 6, -114, -24, 100, 160, 68, -74, 162, 28, -106, 186, 288, -102, 84, -146, -92, 168, 206, 68, 88, 110, -30, -156, 210, 144, -148, 48, -138, -124, -146, 32, -46, -122, 148, 118, -2, 50, 76, 22, -34, 16, -128, -126, 36, -18, 76, -98, 74, 242, -6, 122, -172, 174, -82, 30, 122, -234, 76, -18, -72, 300, 116, -36, 132, -36, -78, -100, 36, 38, -124, 286, 6, -84, 142, -22, 
84, 50, 88, 142, 170, 50, 106, 68, 158, -118, -10, 130, 242, 140, -18, 82, -258, 122, 40, -90, -48, 10, -28, 14, -80, -186, -152, 124, -48, -148, 84, -18, 152, -170, 160, -100, 200, -94, -32, 20, -6, -244, -62, 20, 114, 170, 80, -58, -30, 94, -66, -144, 82, 38, -38, 12, 154, 12, -36, 0, -38, 72, 220, 16, 16, 20, -80, 30, 84, 30, 276, 298, -234, -136, 74, -120, -16, 70, -76, -104, -98, 148, 154, 228, -74, -144, 110, -60, 164, 16, 44, -142, 224, -78, 46, 6, 48, 252, -208, -258, 140, 230, -50, -174, -14, -224, -32, 182, -60, -68, -50, -10, 122, -124, 26, 96, -2, -64, 158, 24, -132, -102, 32, 52, -56, 394, 260, -126, 196, -78, 42, -86, -162, 6, -62, 142, 144, -120, 66, -126, 2, 170, -234, -4, 110, -74, 210, -174, 122, 218, 268, -54, 42, -78, 164, 10, 22, -18, 30, 20, 160, -82, -156, 18, -72, -52, 100, 150, 146, -238, 36, 210, 186, -32, 62, 10, 60, 22, -180, 170, 46, 248, 60, 34, -50, 70, -60, -104, 168, -76, -224, -156, -6, 124, -54, -64, -70, 192, 132, 24, 74, 0, 146, -204, -38, -28, 38, 182, 46, 124, 274, -226, 180, -54, 36, -236, -48, -154, 102, 38, -188, -38, 0, 254, 132, 120, 8, 64, 168, -52, -14, -44, 90, -174, 172, -80, -72, 10, -150, 22, 184, 30, -18, -22, 100, -102, -134, -150, 50, -46, 140, 150, 160, 28, -106, -12, -112, 104, -68, -192, 184, -6, -164, 68, 176, 0, -92, -38, 82, -2, 170, 82, 86, 214, 52, 0, 292, 130, 208, 144, 126, 66, -172, 42, -60, 22, -230, 190, 90, 100, 88, 44, 86, 154, 24, -54, 26, -70, 60, 24, 80, -214, -146, -154, 24, 40, 90, -44, -90, -78, -82, -224, 122, 30, 20, -2, -34, 94, 150, -36, -48, 42, 30, 118, -12, 40, -14, -36, -32, 12, -14, -98, -60, 126, 262, -54, 0, -178, 8, 82, -278, -92, -98, 32, -98, -146, 210, 30, 94, -118, -160, -128, 2, 62, 218, -38, -30, 0, 258, 64, 106, -118, 288, -2, -100, 40, -30, -26, 14, 166, 106, 48, 202, -100, 88, 226, -20, 56, -40, 236, -38, 260, 60, -108, -52, -106, 244, 52, -28, 70, 166, 72, 138, 18, 32, 32, -12, 362, 44, -74, 10, 90, 110, -96, 28, -106, 70, -30, -8, -120, 76, -140, 162, 82, -136, 20, 48, 30, 250, -112, -132, -122, -150, 212, -176, 206, 96, -20, -128, -178, -202, 110, 96, 112, 96, -52, -18, 240, -60, -48, 74, -182, -70, -118, 14, -250, 110, 24, -8, -24, 128, -34, 32, -30, 232, 90, 8, -64, -132, -68, 256, 28, -142, 46, 102, 262, 146, 140, -206, 88, 54, 200, -24, -72, -32, 58, 164, -198, 16, 30, -62, 234, -76, -202, -8, -24, -34, 2, -208, 78, -68, 322, -56, 174, 124, -208, 18, 172, -78, -64, 
-24, -72, 56, -72, 0, 50, -16, -92, -64, 118, 16, -48, 38, -228, 216, -110, 292, -50, 116, 44, 4, -6, -8, -50, 156, 180, 90, 66, 62, 112, 6, 8, -64, 102, -102, 38, -104, 214, -88, -34, 2, 22, -52, 44, -182, 78, 22, 14, 156, 70, 94, 76, 68, 62, 20, 184, 44, 56, 214, 170, 204, 84, -268, 34, 78, 62, 2, -188, 40, 198, 12, -184, 246, 168, 78, 168, 150, 146, 6, 180, 238, -68, 102, -160, 66, 110, 22, 328, 70, 66, 54, -36, 58, 130, 126, -118, -8, 46, 102, 178, -158, -164, 214, 310, 12, 302, 120, -136, -42, 68, -44, 138, 92, 144, 44, 108, -8, 176, 56, 146, 192, -30, 120, -124, 62, -60, -52, 152, -90, -50, -12, -4, 300, -46, -16, -122, -76, 54, -158, 218, 10, -150, 152, 174, -26, 188, -150, 246, -40, -146, -176, 186, -146, -24, -136, -112, -74, 190, -96, -52, 44, -96, 120, 108, 118, 38, 140, 40, -6, 464, -18, -316, 140, -38, 20, -4, 80, 100, 152, -98, 28, -116, -178, -88, 144, -110, 54, -4, 8, -88, 190, -132, -56, 82, -24, 70, 22, -218, -260, -162, -264, -28, -22, 180, -120, 138, -82, -288, -142, -54, -28, 312, -156, 4, 202, 302, -44, 172, -236, -48, 168, 78, -88, -122, -140, -86, 138, -146, -120, 172, -24, 24, -118, 206, -6, 42, 134, -34, 202, 122, -126, 10, 210, -44, -12, 102, 80, 216, -82, -86, -52, -136, -198, 48, -28, -30, 38, -130, 72, 116, -184, 120, 114, 160, -146, -114, -2, 108, -26, 146, 90, 112, 62, -166, 128, 32, -114, 44, -216, -158, -92, 94, 128, -134, 208, 28, 22, 52, 42, -54, 10, 18, -92, -94, -28, 0, 144, 100, 128, 192, -74, 310, -38, 16, -20, 46, -64, 12, 88, 76, 90, 94, -76, 10, 218, 200, -14, -74, -10, -40, -298, 58, 290, -86, 102, -62, 48, 30, 6, 62, -50, -14, 118, -86, -248, 52, -8, 158, 120, 12, 14, 66, 118, 150, 154, 192, -160, 146, -54, 140, 174, 88, 34, 44, -126, 116, 102, 208, -146, 56, -4, 304, -154, 94, 24, 176, -130, 44, 2, -8, -30, -84, -184, 62, 40, -260, 22, -48, 38, -14, 34, -172, -62, 130, 220, 164, -322, -114, 64, 38, -144, -50, -28, 10, -130, 68, -44, -166, 90, 120, 124, -164, 16, -34, 100, 284, -68, 50, -134, 86, 92, 40, -118, -52, 78, 38, 40, 72, -150, 26, 54, 80, -36, -302, 208, -36, -84, 56, -2, 274, 116, -164, -72, -202, 86, 150, 96, -244, 176, -28, 50, 114, 90, 148, -150, 274, -166, -18, 118, 70, -90, 48, 132, 52, -130, 98, -84, 214, -2, -24, -166, 50, 30, 94, -56, -52, -50, -112, 214, 58, 16, 24, -50, 134, -106, -132, -322, -18, -116, 12, 148, -70, 8, 184, 250, 8, 166, -122, 144, -20, 0, -226, 118, -164, 0, 116, 8, -106, 190, 132, 
238, 186, -86, 74, -152, 64, -12, 58, 106, -4, 22, -76, 86, 32, 18, 126, -12, -64, -188, 40, -136, 54, 50, 86, -170, -72, 194, -28, 166, -102, 134, -40, 134, 2, 64, -96, 78, -150, 170, 146, -58, -92, -2, 122, 138, -180, 92, -130, -112, -148, -338, 76, 178, 70, 98, -76, 66, 76, -24, -224, 10, 24, 88, 30, 10, 92, 10, 30, 64, 12, -80, 212, -168, 28, 68, -186, -102, 18, 66, -214, -142, -52, 14, 96, -74, -46, 182, -300, 16, 98, 146, -62, -56, 34, 8, 50, 54, 4, -112, 58, 112, 256, -88, -60, -282, -238, -154, 178, 84, -100, -16, -112, -58, 128, -4, -202, 194, -206, 298, -56, 12, 188, -156, -86, 2, 80, 110, -66, -4, -128, 92, -190, -194, 4, 152, -60, 20, -34, 4, -16, 136, 14, -162, -76, 66, -214, 354, -158, 20, 292, 228, -96, 28, -20, 42, 182, 30, -196, 10, -78, -76, -80, 0, 80, -104, -34, -166, 46, 72, -332, -30, 152, -14, 148, -28, -214, -44, -28, -118, 238, -88, -68, 122, -122, -122, 78, 76, 28, -50, 126, 188, 88, 50, -214, -194, 138, 188, 38, 186, 274, 334, 82, 30, -226, 282, -24, 78, 252, 76, 222, -4, -378, 84, 88, -182, -194, 24, -144, 128, 100, -196, -134, 66, 34, 110, 298, -10, 198, 140, 56, 4, 148, 90, -206, 248, 46, -92, -80, 32, -154, 230, 0, -134, -54, 86, 40, 192, -198, -34, -96, 74, 72, 140, 50, -54, 284, -18, 116, -12, -106, 190, 38, -92, -52, 6, 150, -94, 102, 324, 78, -200, 50, -100, 92, -178, 38, 88, 88, -122, 98, 234, 24, -48, 30, -138, -218, 24, -34, 130, 144, 66, 70, 134, 40, -58, 76, 96, -74, -136, -122, -100, -248, 6, 88, 144, -16, 188, -38, 96, 66, -36, 54, 106, 26, -152, -196, 62, 144, 16, 174, 160, 124, -228, 38, -228, 242, -6, 38, -56, -150, 182, 38, 38, 132, 258, -88, -22, 28, -112, -12, -10, 56, -172, -176, 38, -102, 80, 6, -46, -70, -92, 60, -42, 44, -14, -22, -146, -118, 6, -56, -26, -304, 2, 128, 52, 24, 74, 12, 24, 108, 92, 228, 84, -46, -76, 46, 54, -22, -68, 202, -96, 68, 104, -120, 34, -72, 206, 118, 6, 96, 318, 34, 46, -142, -152, 60, -188, -52, 36, 2, -26, 200, 58, 144, -40, 60, 280, -88, 104, -72, 122, -136, 132, -66, -76, 16, 12, -58, 212, -12, -88, -12, -2, 364, -26, 132, 84, -8, 18, -130, -102, 224, 162, 282, -192, -66, 58, 210, -12, 64, -12, -82, -54, -214, 288, -32, 344, 118, -70, -128, 50, -78, 154, -6, 164, -68, 300, -30, -22, 144, 46, -82, 78, 86, 232, 238, 148, 78, -160, 22, -122, 324, -66, 40, 74, -40, 228, 64, 40, 118, -32, 268, 148, -90, -70, -14, -32, 228, -126, 16, 28, 270, -114, 142, 98, -94, -36, 104, 94, -92, 
-66, 40, 168, -12, 120, 168, -48, -132, -50, 126, -60, 38, -110, 170, -204, -88, -52, 240, 164, -204, 166, 46, -46, 44, 290, 104, -156, 136, -184, 48, -22, 42, -142, 32, -40, -134, -150, 210, -134, 6, 54, -70, 54, -4, -66, 134, -4, 128, 268, 146, 226, 50, -248, -80, -66, 76, -66, -40, 130, 272, -156, -56, -166, 186, -56, 74, -32, 106, -120, 78, 162, -24, -62, 14, 70, 48, 144, 126, -30, 188, 112, -36, -8, -104, 62, 166, -90, 280, 34, -230, 92, 32, 102, -152, -20, 74, -62, -104, 88, 52, 80, -224, 66, 54, 194, 62, 222, -200, -140, 220, -72, 44, -30, 6, -10, 20, 66, 118, -236, 110, 26, -98, 48, 90, -46, 40, 8, 74, 22, 52, 86, 88, 18, -40, -20, -66, -102, 94, 96, 68, -160, 68, 12, -44, 174, 58, -310, 120, 194, -176, -282, 188, -160, 40, -98, -278, -90, 52, 70, 148, -4, 164, 76, 80, -68, 50, 104, -118, -58, 210, -14, -210, 18, -118, -76, 288, 134, -178, 152, -146, 48, -32, 70, 96, 76, -16, -146, 114, 104, 106, -100, -4, -10, 254, 82, 86, -30, -276, -62, -278, -312, -38, 16, 398, -142, 86, -96, -182, 70, -104, 92, 174, -102, -6, 196, 232, 102, -76, -82, -74, 122, 146, 34, -74, -10, -270, 240, -208, 24, -92, 152, 32, -132, 58, -140, 52, 20, 82, 82, 136, -144, 8, 124, -128, -122, -80, -158, 78, -44, 134, 2, -2, -98, 100, 30, -314, 14, 46, -156, 34, -252, -4, 144, 38, 116, -106, 162, 178, -312, 24, 214, -30, 268, -24, 232, -42, 50, -44, 0, -24, 122, 78, -18, 48, -70, 52, -22, -16, -2, -134, 8, 100, -52, 26, 86, 14, -18, 228, 172, 48, 20, 264, 8, 66, -66, -146, 50, 38, 112, 54, 66, 8, 16, 0, -54, 0, -58, 64, -84, 24, -98, 96, 314, -4, 146, -306, 26, 196, 350, 132, -140, 22, -80, -82, -252, 74, -234, 82, 16, -114, 114, -32, 142, 204, 74, 166, -32, 194, 24, 144, 182, 106, 46, -72, -78, 50, 184, 84, 102, 30, -66, 130, -252, -46, 96, 6, 28, 42, 82, -178, 74, 74, 10, -188, 192, -132, 138, 82, -80, -90, 256, -44, 46, 402, -44, 136, -48, -36, -28, 28, -216, 110, -16, 108, 14, -102, 94, 126, -48, 86, 52, -208, -92, -140, 38, -32, -180, 52, 16, -84, -104, 104, -176, 26, 334, 4, 58, -26, -70, -36, -12, 228, 60, -170, -56, -154, 14, -2, 194, -10, 84, -178, -70, -82, 146, 40, -136, -144, 32, 112, 172, 222, -86, 178, -38, -60, -42, 118, 138, -26, -148, 70, -72, 74, -128, -40, -100, 164, -52, 54, -10, 138, -122, -10, -170, 28, -46, -34, -4, 28, 108, 54, -8, 30, -32, -8, -154, 58, 4, -150, -108, -146, 30, 64, 16, 74, 180, 60, 48, 202, 34, -152, 112, -152, -60, 82, 130, -54, 44, 68, 
178, 250, -96, 16, -38, -212, 128, 262, 184, -122, 104, -46, 102, 60, -88, 132, 10, -192, -28, 116, 64, 60, 96, 26, -104, 108, 134, -204, -130, 80, 94, -78, 80, 42, -88, 122, -134, 80, 116, 94, -62, 194, -48, -102, 152, 0, 38, 8, -152, -128, -10, 8, 234, 80, -34, 4, 26, -34, -222, -140, 68, 60, 96, 100, 74, 54, 62, -86, 84, 94, -156, 192, 146, 2, -36, -138, -236, -176, 74, 48, -158, 62, 74, -22, -20, -84, -64, -176, 130, 124, 174, 40, -128, 128, 224, 28, 0, 228, 36, -34, -36, 392, -304, -58, 110, 98, -264, 214, 98, -196, 178, -16, -32, 56, 226, -80, -40, -80, 16, -40, 146, 128, 114, -78, 26, -66, 10, -112, -16, -110, -26, -196, 98, 158, 326, -158, 76, 22, -290, -96, 180, -132, 132, 200, 136, -140, 92, -82, -28, 100, 0, -60, 278, -28, 58, 102, 34, 66, -128, -158, -84, 50, -124, 16, 78, -2, -120, 122, 190, -184, 106, 2, 20, 348, 132, -78, -104, 100, -108, 66, 22, -134, 32, 20, -46, 128, 140, 76, -96, 0, -32, 40, 132, -148, -88, 100, 112, 250, 208, 304, 310, 228, 92, -162, 148, 118, 6, 230, -128, 32, -30, 164, 108, 106, -24, -154, 78, 86, -140, 138, -192, -58, 152, 40, 50, 450, -88, 40, -36, 186, -56, 88, 40, -20, 244, -4, -4, -28, -214, 148, 40, 192, -4, 198, 72, 100, 220, -22, 28, -44, -120, 98, -16, 84, -98, 130, 52, -46, -104, -82, 244, 30, -70, 104, -142, 174, -76, -28, 318, 56, -108, 92, -90, -14, -130, 98, 168, 6, -124, -20, 10, 118, 20, -14, 138, 46, 2, -100, 166, 202, -98, -104, 242, -90, -8, -86, 74, -8, -238, -132, -118, -358, -64, -62, 86, 8, 96, 86, -38, -66, -120, -20, 40, -14, 56, 118, 188, 92, -76, 16, 86, 200, 0, 170, -132, 314, 50, -56, -156, -206, 40, 156, 32, 244, 228, -202, 252, -224, -78, -116, -24, 90, -84, -2, -44, -116, 66, -146, -58, 60, -112, 80, -150, 52, 102, -16, -48, -138, -124, 62, 64, 114, 272, -6, 48, -22, 8, 56, -32, 192, -56, -214, 76, 152, -94, 230, 132, -30, 256, -72, -260, 68, 102, -192, 110, -30, 94, 136, 86, -90, 108, -194, -20, 18, 22, 102, -40, -52, 28, -118, 6, 144, -26, 144, 34, -136, 152, -14, 0, -6, 172, 74, 262, -124, -22, 84, 100, 134, 68, 10, 72, -10, 50, 30, -94, 124, -92, 164, -158, 152, 120, 394, 138, 76, 118, -106, 30, 134, 158, -116, 78, -244, 380, -6, 52, -28, 60, 20, -24, -42, 6, -162, 22, 58, 48, 6, -34, 14, 144, 268, -28, -98, -120, 64, 12, -8, 52, -56, -30, -124, -52, -106, 118, -248, 2, 120, 178, -82, 196, 110, 164, 54, -50, -24, 84, -4, -46, -56, 32, -152, -74, 274, -226, 70, 92, -62, -2, 148, -110, -28, 
-136, -234, 30, -40, 4, 72, -86, -50, -140, 312, -20, -80, -144, 16, 98, -128, 46, 90, 34, -34, -110, -162, -124, -164, -108, -60, -136, 60, 40, -124, -78, 164, -8, -94, 52, 28, 126, -132, -78, -80, 104, 128, 30, 108, 8, -50, -50, -36, 154, 74, -56, 6, -214, 68, 100, 6, -6, 90, 18, 0, -108, 92, 82, -80, -50, 260, 122, 32, 34, 68, 92, 10, 126, 148, 100, -44, 76, 170, -38, 18, 280, 102, -20, 28, 236, 108, 84, 174, 34, 120, -306, -40, 64, 52, -16, 0, 12, -96, 0, 42, 20, -254, 208, 84, -14, -46, 144, -182, -22, 116, -148, 0, 388, -94, -102, 230, -90, 180, -62, -122, -272, 38, 160, 86, -64, 12, 22, 6, 174, -42, -24, 174, -52, -56, -196, 134, 116, -148, 158, 138, -110, 62, -102, -6, -62, 110, -38, 20, 108, 40, 160, 148, -72, 74, 42, 8, 132, 4, 64, 142, -54, -42, 276, 20, 160, 44, 136, -214, -144, 68, -100, 26, 218, -136, -34, -42, 32, 50, 130, 40, -8, -92, 50, 76, 112, -132, 80, 70, -22, 80, 58, -102, 42, 176, 104, 44, 12, -232, -146, -188, -146, -32, -56, -102, -126, -100, 160, -8, 212, -302, -62, -90, -30, -182, 164, 138, 84, 16, 260, -112, 106, 154, -194, -34, 18, -322, 6, -150, 242, -132, 74, -106, -48, 298, 22, -8, -24, 134, 82, -98, -114, 18, 54, -60, 6, -44, -172, 94, -130, 44, 28, -250, 90, -224, 20, -142, 0, -18, -76, 302, -206, 140, 58, -208, 64, -206, 172, 162, -172, 52, 86, -146, 130, -2, 142, 162, -10, -86, 252, 56, 112, -48, 6, 54, -182, -30, 50, 178, 94, -202, -54, 86, -250, 62, 18, 232, 40, 38, 204, 180, 186, 254, 144, 114, 134, 36, -98, -2, -16, -78, -14, -26, 28, -80, -114, -172, -196, 88, -80, 66, -2, -182, 4, -102, 172, -110, 110, 10, 272, 134, 178, -2, -14, -72, -280, 78, -166, 258, 130, 34, 60, -72, 128, -160, 88, -52, -64, 134, -32, 54, 98, -16, 180, 6, -18, -30, 120, 100, 6, -106, 136, -42, -154, 26, -96, -36, 16, -136, 174, -76, 16, 156, 34, 34, 126, -42, -60, -60, -110, 62, 276, 44, 88, 140, -48, 90, -36, 70, -276, 8, 12, 154, -4, -44, -72, -112, 78, 12, -180, 84, -36, -248, 44, -78, 168, 72, 28, -174, -6, -20, -54, 86, -102, 24, 102, 2, 144, -102, -82, 120, 100, 122, -22, -152, 102, -90, 152, -256, 52, 38, 8, -116, -220, 70, -22, 118, 184, 2, -158, 158, -124, 286, -200, -26, 152, -164, 92, 134, 20, 120, 116, 270, -98, 166, -22, 48, 26, 34, -162, -210, 30, 12, 40, -12, 6, -70, -14, 76, 30, 146, 78, -38, -26, 122, 110, 58, -8, -24, -130, -170, 20, 0, 120, -30, 40, -198, 148, 0, -74, 70, 178, -98, 162, -34, 102, -30, 76, -92, 226, 48, 
70, 32, -116, -110, -118, -54, 40, 210, 114, -8, 158, 156, -56, 28, 16, 196, 50, -6, -104, 56, 10, -100, 208, 206, 128, -44, 332, -46, 30, 316, -42, -16, 132, 94, 122, 14, -12, 148, 84, -64, -72, -38, -200, -76, -4, 114, -112, 98, -92, -8, 72, -98, 196, -150, -188, 12, -156, -50, -48, 110, 14, -12, -104, 198, 46, -26, -114, 32, 40, 16, -146, -16, 64, 12, -258, 166, -114, 92, 130, -26, -170, -36, -118, -78, -66, -120, -60, 12, -138, -308, 164, 130, 8, 2, -94, 58, -242, 90, 52, -66, -96, 242, -36, -126, 164, 4, 4, 170, 72, -4, 248, 150, -280, 34, 214, -70, 20, -22, 18, 232, 200, 102, -30, -16, 320, -148, 64, 42, -130, 54, 58, -18, -126, 26, 158, -48, -94, 62, -42, 2, 50, 2, 70, 94, 138, -8, 72, 20, -134, -76, -164, -108, 26, 52, -82, 64, 10, 136, -84, -278, 92, 150, -230, 80, -142, -90, -124, 4, -128, 96, 260, 172, -80, 190, 116, 134, -28, -22, -6, -62, 10, 108, 188, 0, -100, 54, 28, 60, -20, -42, -46, 32, -40, 28, -24, 132, -100, 414, 32, 86, 8, 40, 194, -8, 140, 82, -52, -78, -50, 112, 14, -124, 18, 122, 38, -16, 16, 4, -152, 76, 38, -42, 208, 158, 120, 268, 84, -140, -334, 148, -80, 168, 22, -168, 36, -66, 198, 34, -116, 76, 52, 84, -28, 40, 12, 130, -102, -102, 164, -80, -30, 112, -8, 26, -92, 156, -84, -18, -110, -146, -26, -114, 160, 208, -184, 114, -16, 32, 84, 48, -100, 136, 106, 96, 62, -138, 20, 128, -320, -16, -94, 48, -234, -62, 180, 130, 32, -212, -84, 246, 20, -104, 214, 56, 16, -160, -36, -62, -34, -78, 74, -136, 48, -104, 18, 8, 128, 110, 6, -88, 86, -58, -176, 208, 184, 248, 90, -16, 28, 14, 66, 118, 142, 174, 64, 210, -122, 118, -146, -174, -196, -62, 118, 124, 198, 122, 218, -74, -28, 20, -26, 170, -214, 86, 6, -84, 148, -72, -72, -84, -120, -110, -140, -52, -60, 168, -78, 2, -152, 204, -40, 4, -54, -2, 148, 104, -20, 0, -24, 230, 126, -130, 90, 22, 16, 116, 26, 76, 208, -132, -122, 88, -110, -38, 124, -54, 42, 68, 106, 206, 70, -244, 92, 30, 26, -20, -114, 16, 56, -136, 180, 168, -108, 4, -134, -178, -20, 158, -52, 58, -26, -70, 162, -150, -126, -194, -26, -24, 42, -74, 26, -50, -136, -80, -18, -84, -66, 194, -14, -124, 8, 0, 28, 74, 144, -196, -260, -30, 152, 58, 22, -78, 324, 16, 56, 100, -18, -4, 112, -160, 128, -192, 188, -24, 18, 18, 20, -80, 28, 244, -176, 82, -22, -48, 122, 12, -2, 124, 46, -62, -68, 132, -78, 122, 124, 30, 10, 70, 152, 212, 198, -102, -118, 154, -52, 18, 76, 50, 66, 58, -34, 158, -94, 4, 68, -68, -4, 176, -100, 86, 
-82, 6, 44, 130, -18, 82, 12, -120, 2, -104, -70, 66, 116, 2, 92, -64, 76, 12, 26, 166, -26, -18, -128, 82, -62, 52, -244, -104, -62, -120, -6, 0, 94, -134, 68, 92, 20, -4, -76, 50, 124, 198, 42, 48, 154, -18, 254, -98, 88, -40, 196, 172, -126, 184, 56, -228, 96, 266, 36, -76, -82, 58, 114, -140, 104, 22, 32, -90, -16, -106, 34, 162, -92, 2, 212, -250, -40, 96, 24, -98, 164, 166, -58, -34, 94, -40, 58, -182, 168, 242, -86, -362, 20, 46, 78, -8, 214, 88, 108, 168, 130, -422, 64, 64, -12, -28, 28, -236, -122, 38, -80, -152, 90, 22, 206, 26, -88, 58, -8, -46, -166, -18, -110, 224, -200, -88, -78, 86, 120, -98, 160, 160, 142, -88, -100, 68, 276, -22, 94, -18, 82, -84, 72, -178, -136, -42, 38, 80, 70, -4, 120, 86, -2, -214, 54, 52, 14, -168, 26, 126, 60, -60, 404, 110, 118, 138, 178, 72, 98, 134, -146, 38, 182, -14, -12, 66, 32, 20, 154, 44, -58, -76, 62, -102, -56, 16, 4, -88, -108, -52, -112, 20, 16, -68, 42, 134, 242, -366, 36, -128, -112, 30, 114, -178, -88, -50, 6, 96, 62, -130, 8, 66, -120, 66, 98, -142, -36, 54, 80, -24, 34, 82, -48, -64, -114, -216, 78, 238, 200, -156, -6, -32, -34, 278, -88, 96, -174, 228, 254, 70, -30, -16, -12, 40, 18, -114, 158, 200, -254, -20, 98, -118, -122, -120, 56, 16, 248, 176, 162, 62, 166, 390, 88, -18, 42, -156, 106, -10, 46, 168, 126, -212, 72, -46, -14, 42, 72, -148, 50, 12, 6, -252, 250, 244, -224, -80, -52, 198, 108, -172, -48, -16, -208, -104, 62, 90, -48, -20, 14, 96, -56, 38, 50, 98, 64, 172, 4, -96, 72, 132, 50, 0, 164, 122, -168, -98, 26, 50, -22, -6, -8, -18, -74, -72, 248, 52, 234, -134, 216, 106, -20, 18, 74, -156, -164, -34, -96, 260, 280, 114, 24, 6, 316, -12, -148, 194, -114, 52, 66, -80, 196, -36, 206, 154, 96, -32, 84, -178, 46, -100, 164, 134, 60, 36, -54, -166, 62, 136, 2, -76, -20, -34, -168, -16, -82, 42, 78, -26, -170, 194, 14, -164, 20, 138, -174, 98, 102, 194, -22, 96, -32, 94, -150, -190, 50, -128, 134, -6, -60, 102, -114, -176, 78, 100, 220, 44, 8, -64, 110, 14, -54, 98, -54, 68, 136, 32, 22, 200, 22, 104, -22, 200, 112, -192, -84, 192, 284, -38, -52, 160, 164, 134, 110, -194, -200, 210, 240, 150, 4, 38, 48, 156, -142, 44, 46, 40, 162, -16, -158, 68, -42, 50, -198, -152, 70, 28, -40, 98, -4, -242, 150, -180, 68, -126, 6, 44, -180, -150, 0, -12, 206, 18, 78, 66, -174, -72, -14, 14, -174, -64, -148, -74, 64, -10, 214, -200, -90, -44, -134, -8, 138, -30, 74, -50, 30, -98, -150, -46, 56, -166, 
-34, 144, -100, -44, 16, -12, -82, -38, -42, 100, -24, -30, 34, -60, 102, 32, -16, 108, -16, -174, 170, 10, 118, 74, 26, 106, 560, -16, 76, 146, 38, 122, 116, 142, 34, 38, 332, 232, 68, -48, -152, 94, -48, 84, -8, 72, -220, 94, 60, 148, 106, -2, 102, -46, -64, 22, -52, -68, -88, 192, 84, -276, -12, 88, 138, 104, 82, 142, 72, 178, -346, 150, -58, -12, -112, 84, 22, -28, -56, 186, -190, -38, -48, 44, -70, -50, 12, 252, -156, -216, 22, 202, 36, 38, 8, -134, -230, 50, 26, -64, -96, 402, -40, -106, 18, -142, 48, 66, -48, 176, 130, 116, -14, 36, -118, 0, 190, -24, -142, 74, 140, 182, 224, -62, 156, 44, 116, -16, 48, 174, 156, -84, -252, 194, 152, 54, -94, -82, -150, 16, -104, 186, 78, 6, 162, -14, 58, 150, 260, -94, -110, -38, 82, 130, 36, 92, 194, 74, 90, -100, 76, 40, -184, -116, -60, 14, -112, -192, -4, -70, 92, -46, 132, 108, 114, -26, -34, 34, 160, 242, 82, -16, 64, 128, 92, -120, 82, 94, -6, 248, 78, -122, 74, -20, -76, -202, -22, 384, 0, 96, 220, 52, 38, 192, 118, 100, -58, 52, 70, -120, 70, 58, 56, -68, 48, 238, 28, 78, 68, -102, -10, -78, 174, 180, 100, 58, 144, -172, -68, 90, -110, 232, 36, -220, -14, -14, 274, -70, -48, -84, -52, 26, -82, -140, -48, 38, 182, -16, 214, -142, 4, -62, 224, 12, -10, -36, -112, 42, -232, -14, -196, -154, 152, 122, 72, 36, -226, -84, -88, -144, 16, 72, -182, -28, 28, -8, 28, 26, -52, 190, -60, 180, -140, -46, 216, 78, -4, -32, 32, 232, 114, 30, 128, 76, -108, 6, 36, 196, 140, -270, -128, 66, -22, -28, -20, -170, 66, 68, 84, 42, 116, -162, 124, 190, 328, 238, -46, 240, -230, -132, 122, 50, 172, 14, 124, 24, -388, 32, -86, -74, -98, -24, 8, 134, 182, 44, 114, -140, -356, 252, -280, -210, -242, 124, 14, -36, -10, -14, -90, 78, -180, 4, 14, -148, -122, 52, -116, 228, -258, 10, -66, 10, 114, -68, 204, 110, 30, -88, 14, 262, 156, 102, 70, -72, 224, -4, 76, 46, 90, 4, -90, -24, 88, -52, 122, -118, -88, -324, -74, -100, 64, -48, 286, 36, 34, 54, -128, 14, 172, -54, 64, 152, 34, -92, -26, -64, 112, 78, -138, 204, 110, -210, 252, -100, -48, -20, -262, 26, -36, -24, 80, -184, -104, 112, 10, -18, -72, -52, 138, -54, 130, -12, -158, 114, 64, -20, -60, -10, -30, -46, 180, -110, 176, -20, 2, 94, -148, 178, 258, -196, 174, -8, 340, -16, 44, 250, 88, 2, -104, 418, -32, 184, -202, -34, -22, -68, 324, 158, -46, -52, -24, 62, -82, 62, 154, 20, 140, -10, 46, 30, 150, -108, -36, -208, -244, 192, 102, -98, 154, 20, -156, 32, 24, 80, -80, 44, 20, 16, -200, 100, 
286, -72, 142, 78, -44, -122, -26, -34, 184, -124, -70, 52, 142, 260, 96, -262, -42, 4, -24, 84, -76, 62, -180, -94, 144, -134, -382, 208, -86, -54, 160, 36, -144, 48, 94, 116, -100, -310, -10, 106, 94, -104, 156, -218, -22, -182, -20, -198, -44, -18, 14, 14, -14, -182, 112, -122, -22, 118, -58, -224, 6, 182, -52, -224, -224, 126, 148, -36, 6, 180, 196, 104, 138, 96, 160, -108, 68, 192, 52, -42, 214, 160, 234, -72, 60, -66, 34, 20, 310, 48, 58, -238, -18, -52, -112, 264, 24, 18, 150, 72, 92, -402, -64, 12, -50, 206, -20, -160, 38, -52, -90, -100, -14, 142, 72, 24, -74, 62, 136, -48, 2, -40, 42, 92, -62, 44, 118, 52, 58, -90, -66, 56, 282, 18, 24, -88, -60, -126, 210, -24, 120, 56, 90, -30, 36, 164, 166, -12, -142, 4, 114, -12, -110, -140, -132, -40, -28, -144, 124, 88, 112, -24, 120, 96, 44, -208, 104, 116, 80, 180, -110, -12, -216, -114, -36, 286, 140, 10, -24, -24, 20, 28, -72, -46, -166, 416, 142, -66, 44, -160, -150, 158, -124, 78, 150, 174, 108, -368, -76, -188, -198, 74, -170, -248, -134, 10, 216, 52, 2, 84, 42, -24, -140, 110, -14, -134, 120, -14, -94, 244, 94, 116, -250, 120, -86, 88, -48, 98, 120, 46, 152, -74, -86, -10, 94, -10, -124, 160, 38, 224, 38, 134, -54, 176, -6, -70, -108, 164, -112, 84, 164, 182, -50, 116, -30, 44, -52, 70, 242, -24, 206, -88, 32, -416, -66, 132, 100, 142, 80, 132, -16, -40, 24, 46, -62, -34, -132, -106, 78, -170, -48, -250, 140, 134, -122, -104, 174, -56, 64, -224, -100, 8, -126, -32, 60, -18, 202, -38, -42, 366, 114, -22, 112, 130, 106, 296, -160, -60, -72, -180, 126, -38, -16, -228, -240, -106, 6, -174, 46, -18, -254, -76, -204, 36, -286, -68, 176, 84, 140, 64, 140, -32, 28, -76, 30, 64, 52, 160, 408, -144, 208, 188, 132, -98, -2, 110, -114, -6, 26, -62, 296, 142, -8, 4, 40, -8, 38, 108, 68, 66, 42, 108, 62, 322, -82, -76, 46, 158, -96, -188, -176, -60, 114, 30, -2, 160, -88, 6, -26, 4, -96, 86, -80, -66, -66, 90, -28, 80, 188, 104, -114, -18, -86, 60, -268, -18, 14, 148, -36, 34, -2, -194, 116, 152, 32, 52, -84, -18, -36, 40, 48, 158, -148, 134, 136, -10, 140, 22, 102, 0, -32, 368, 256, -16, -16, -116, 4, 90, -268, -54, -72, 126, 106, 48, -92, 52, 94, 14, -6, 256, -58, 22, -74, -92, 82, -52, 134, -106, -136, 276, -50, -136, -126, -2, -122, -150, 76, 132, 42, -180, 224, -194, 216, 126, 44, -90, -210, 16, 36, 148, 150, -58, 34, 112, 52, 52, -176, -58, -76, -54, -208, 180, -166, 198, 26, 0, -88, 86, -110, -174, -120, 32, -72, 32, 260, -62, 134, -8, 240, -168, 
-198, -48, 124, -106, -12, -24, 32, -118, 110, 176, 164, 2, 14, -122, -132, 118, -104, -54, 52, -338, 76, -14, 390, -182, -52, 170, 410, 24, 40, -30, -92, -28, 304, 154, 100, -70, 304, 246, 50, -30, -128, 50, -102, 188, 156, 192, -92, 220, 202, 88, -52, 114, 22, 104, -168, 106, 2, -20, 78, 170, 86, -130, 142, 132, 234, -208, -86, -114, -72, -276, -224, -50, -56, -36, -228, 128, -172, -22, 76, -116, -144, 46, -210, 136, 54, 198, -118, 164, -206, 70, -148, 140, 34, 0, 56, -152, -60, 178, -172, -54, -72, 218, 50, -56, 34, -42, 84, 62, -162, -86, 186, 252, 174, -188, -62, -242, 244, -26, 8, 96, 128, -18, -174, -106, 120, 128, 84, 60, -152, 58, 124, -42, -44, 90, 50, -10, -94, 102, -26, 34, -140, 96, 70, 40, 108, 18, -160, 310, 208, -68, 10, 32, 60, -74, 38, 106, 136, 328, -12, 100, -76, -18, -14, 32, 0, 0, 74, -60, 54, -82, -76, 110, 216, -58, 126, -110, 32, 82, 34, 360, -80, -200, 190, 130, 76, -194, -154, 54, 62, 66, 22, 6, 84, -296, 32, -32, -94, 372, 96, 148, -56, -44, 104, 92, 206, 32, -70, 44, 94, 14, -42, -16, -56, -124, 36, 130, -114, -136, 98, -110, 16, -74, 168, -60, 230, -100, 20, -74, -82, 138, -68, 52, -4, 96, 84, -28, 54, -10, 12, -2, -116, -72, -4, -14, -42, 0, 48, -16, 48, 22, -142, -118, 188, -116, 120, 172, 40, 24, -262, 16, -58, 8, 132, 340, 136, 14, -42, -142, -48, 178, 58, 100, -26, 96, 102, 80, 214, 90, -146, 102, -26, 220, -188, -56, 282, 132, -56, -66, 76, 164, 176, -94, 286, 32, -54, 86, -254, 74, -12, -20, -86, 54, -118, -112, -84, -42, 212, 172, 310, 110, 34, -40, 314, 278, 240, 84, 166, 170, -214, 164, 86, -90, 206, -28, 160, -36, -124, -162, -102, 58, 60, -66, 66, -86, 28, -176, 8, -38, -126, 330, 10, -264, -84, 218, 28, -200, -10, 94, -66, 54, -82, -102, -20, 64, 54, 60, 84, -218, -152, 74, 172, -126, 56, -158, 46, 42, 200, 106, 36, -20, 116, 92, -134, -76, -32, 34, 214, 228, -16, -116, -54, 102, -18, -62, 30, -172, -42, -218, -178, -36, 216, 2, 110, -276, 120, -62, 82, -234, 154, -184, 2, 70, -64, -212, -118, 48, 200, 20, 106, 10, -60, -158, 130, -22, -242, -100, -78, -18, 30, -164, 80, -294, -118, 118, -88, 174, 144, 54, 264, -66, -106, 178, -242, 4, 10, 28, 54, 54, 58, -194, 140, -22, 108, 120, 208, 80, 160, -148, 224, -120, 130, 118, 156, 294, 86, 86, -80, -202, 116, 204, -218, 274, -32, -178, 88, 76, 230, 26, -108, -4, 12, 188, 88, -102, 24, 84, 174, 48, 100, -84, 22, -180, 168, -206, -70, 128, 216, 56, 44, 100, -64, -68, 42, 92, -24, -86, 50, -24, -80, 106, 
42, 56, 32, 142, 38, 64, 88, 120, -58, -180, -128, -68, 76, 130, 150, -150, 100, -96, -72, 154, 108, -76, -240, 42, 16, -164, -238, 280, 24, 46, 40, -14, -194, -106, -2, -10, -192, -102, -32, 20, 58, -54, 12, -42, 10, -136, 92, -144, -66, -44, 32, -70, 12, -144, 138, -178, 22, 62, -84, -58, 0, 194, -176, -98, -162, 194, 74, -58, 162, 238, 168, -92, -100, 226, -26, -36, 158, -94, -16, 146, 84, -52, 272, 20, -82, -280, 4, -136, 244, -4, 200, -90, 118, 16, -178, 78, -110, 26, 250, -158, 164, 138, -194, 190, -134, -6, -36, -14, 134, 118, -48, -186, -188, 212, -134, 448, -154, -124, 66, -42, -194, 116, 194, -34, -136, 84, -116, 86, 66, -46, -206, 58, -100, -176, -80, -30, 36, 90, -2, 54, 2, -48, -68, -72, -120, -16, 8, -194, -292, -50, -14, -20, 182, 62, 32, -36, -68, -66, 16, -210, -60, 72, 68, 40, 24, -50, -124, 104, -140, 312, 32, -24, -222, 108, -242, 120, -36, 96, -98, -222, -62, 188, -60, -200, 158, 56, 134, 92, 198, -50, 40, 134, 8, 170, -88, 58, -26, -230, 76, 86, -22, 96, -32, -12, -178, 100, 192, -42, -58, 80, 98, 56, 218, 342, -80, -98, 68, 64, -52, 122, -26, 130, -278, -26, -78, -22, -106, -12, 146, -96, -122, -26, 38, -4, -78, 72, 118, -36, 104, 20, 298, 94, 42, -102, -76, -22, -72, 196, -42, 100, 110, 22, -120, 86, -90, -190, -62, 162, 30, 70, 58, 120, 32, 58, -130, 32, 96, 186, 0, -80, 32, -302, -36, -112, -64, -12, -128, 142, 40, -100, 100, -76, 52, 212, -88, 26, 44, 258, -122, -32, -72, 72, -322, 66, 168, -94, 160, -104, 132, 168, 72, 72, 18, 104, 198, 40, 102, 28, -162, -8, 32, 54, -74, -46, -74, 96, -74, -222, 98, -38, -72, 24, -16, 34, -198, 62, 108, 42, 12, -76, -116, -36, 8, -28, 156, 134, -142, 94, 86, -208, -98, 22, 62, -160, -70, 186, 196, -188, 88, -22, 268, 28, 32, -2, 74, 12, 92, 256, 184, -38, -24, 12, 42, -48, 202, 108, 46, -10, -80, 126, -158, 28, 84, 296, 22, -74, 18, -96, 16, 142, -52, 106, -88, 124, -10, 182, -58, 200, 194, 188, -206, 36, 116, 274, 4, 4, -138, 248, 64, 232, 128, 186, 80, 246, 222, -66, -276, -6, -50, -16, 86, 194, -82, 38, 180, -48, 96, -52, -22, 216, -64, 354, -10, -2, 60, 34, -80, -42, -336, -8, 198, -16, 142, -144, 120, 28, 90, 36, -192, 46, -220, -30, -114, -14, -84, -254, 30, 88, -208, 66, -98, -16, -92, -272, -238, -38, 130, 96, -176, -114, 126, -158, 4, -24, -6, -94, 104, 144, -80, -128, 42, -156, -90, 84, -48, 36, -140, -42, -186, 0, 250, 30, -72, 168, 80, -104, -66, -170, -44, -10, 78, 40, -20, -18, -54, 20, 56, -64, 20, -250, 
28, -80, -20, -10, 198, -84, 2, -70, 24, 204, 168, 96, -20, 58, -96, 78, -38, 130, 122, -82, 48, -132, 290, -46, 82, 86, 240, -30, -40, -124, 18, 124, 64, 190, 134, 238, 18, 6, 114, -34, 174, 144, 124, 222, -56, 236, 116, 90, 180, 50, 72, 38, -2, 82, -64, 92, 4, -86, 116, 126, 20, -70, 326, 84, 98, -286, 76, -56, -202, -52, -44, 4, 200, -4, -30, 338, -6, 356, -90, -226, 26, 150, -276, 188, 2, 98, 54, 50, -120, -120, -96, -140, -92, 98, 32, 40, -18, 104, -198, 106, -10, -152, -74, -66, -40, 84, -36, 90, 0, -72, -94, 130, 256, -176, 316, -398, 240, 36, -108, -42, -2, 166, 4, 152, 50, -62, 194, 182, 104, 2, 388, -116, 196, 276, 90, -86, -22, 34, 66, -140, 112, 100, 82, 66, -26, 28, 174, 112, 212, -42, -92, 4, -56, 166, 0, 122, 10, 340, 108, 208, 12, -22, 16, 98, 48, -100, 68, -14, 222, -208, -50, -92, 80, -130, 152, -14, 148, 16, 76, 316, 4, -140, 24, 348, 72, -70, -72, 42, 112, 60, -64, -40, 116, 4, 108, 66, 168, 276, -34, -38, 78, 68, 148, -78, 154, -210, 26, 286, -138, 114, -90, -48, -70, -292, -26, 90, 32, -130, 160, -64, 86, 54, 110, 252, 78, 2, 252, -4, -270, 10, 42, 132, 56, 156, 44, -56, -76, 112, -68, -30, -86, 54, -44, 104, 180, -18, 42, -138, 276, -84, -58, -156, 304, -124, 82, 132, 132, -86, -62, -76, 94, -140, 20, -138, 284, -8, -2, -116, 154, 154, 126, 200, 2, -10, -60, 26, 234, 142, 100, 120, 12, 48, 80, -278, 148, 30, -58, 18, 112, 6, 98, -90, 76, 46, -20, 244, -104, 102, -56, -132, 16, 64, -144, -22, -332, 176, 138, 46, 148, 28, 22, -308, 184, -12, -78, -70, 170, 294, -74, -38, 118, 96, 88, -72, 48, -56, -50, -162, -16, 230, 200, -26, 70, -120, 10, -162, 50, 8, -208, 78, 180, 94, 46, 76, 174, -190, -98, 42, 86, 212, -274, -152, -130, 22, 162, -10, -36, -42, -4, 162, -76, 34, 170, 40, 142, 38, -116, -80, 200, 18, 138, -110, -104, -216, -70, -138, 36, 208, -4, -20, 4, 124, 54, -292, 12, 14, 130, -262, -198, 136, 156, 64, -138, 136, 12, 92, 120, -98, 32, -164, -76, 116, -128, -52, -42, -70, 194, 136, 168, 126, 34, 52, 200, 8, -362, -82, -214, 278, 98, -114, 150, -220, 72, -170, 34, -2, -36, 56, 290, 108, -44, -30, -222, 140, 54, 96, 2, 76, -24, -4, 100, 164, -36, 6, 30, 88, -112, -216, 124, -36, -10, 46, 68, 14, 88, 16, -114, 26, 162, 174, 2, 378, 74, -74, 76, 160, -28, -8, 74, 136, 48, 26, 16, -22, 52, 190, 240, 82, 228, 20, -172, 30, 118, -14, -164, 106, -18, 42, 108, 136, 40, 14, -56, 34, 92, -30, -58, 2, -94, 98, 
100, -70, 76, 158, -48, 158, 98, 492, 68, -90, -192, -72, 66, -48, 102, -156, 42, -16, -128, 12, -90, 24, -156, -36, -40, -142, -220, 170, 36, 142, 34, -92, -30, -56, -92, -86, 132, -36, 8, -74, -138, 88, -152, -230, 264, -54, -70, -172, -244, -80, -144, 244, -46, 98, 94, 8, -52, 52, -366, -128, 168, 36, -308, 22, 18, 232, -188, 108, 212, 206, -86, -106, 8, -16, 94, -364, -104, -142, 212, 236, -48, -80, 358, 6, 30, 110, 66, 34, 312, 130, 28, 190, 126, 48, -160, 60, -8, -114, 58, -54, 64, 134, 168, 44, 106, 192, 74, -90, 10, -18, -222, -82, -98, -6, -102, 308, -296, -102, 224, -38, 10, -84, 64, -94, -88, 188, -136, -122, -58, 146, -388, 26, -168, -104, -124, -74, 6, 36, 102, 112, -240, -126, 44, 14, 42, -32, -36, -62, 0, 66, 120, 30, 30, -176, 90, -14, 106, -220, -120, 54, 20, -24, 52, -62, -44, 18, 168, 116, -146, 138, 120, 38, -134, 204, -24, 190, -152, 142, 64, -200, -38, 140, 84, -94, 150, 156, 190, 198, -134, -84, 0, 146, -82, 42, -72, 28, -36, -236, 210, 82, -12, -118, -68, -84, -78, 210, 158, -138, 140, -76, 58, 186, -76, 406, 144, 192, 254, 74, -196, -12, -94, -112, 94, -166, -134, -4, -46, 78, 184, -14, 134, 46, 190, 90, -134, 78, 162, -104, -118, -62, 24, -30, 212, -78, -182, 70, 60, 108, -96, 186, 32, 88, -436, 30, 346, -10, -110, 36, 66, 20, -32, 42, -28, 30, -88, -108, -80, 300, -14, -208, -80, -64, 60, -2, -80, -252, -96, -92, 226, -118, 46, -84, -74, 110, -92, 60, 112, -12, -136, 28, 136, 222, -46, -56, -44, -74, 348, -54, -50, 170, 114, 218, 112, 28, 248, -136, -126, 114, -18, -60, -18, 332, -184, -34, -36, 22, -2, -64, 158, 152, 0, 2, 142, 152, 74, 134, -70, 136, 22, -122, -242, 90, 8, 198, 6, 204, -22, -38, 124, 42, -74, 20, -66, -46, 6, 148, 218, -108, -178, 98, 346, 112, 196, -6, -222, 236, 24, 96, 40, -48, 166, -12, 102, 126, -136, -18, 48, 140, 104, -6, 136, 244, 164, 288, -98, 298, 82, 40, 122, -60, -76, -116, -44, 204, -118, 88, -44, 308, 84, -56, 0, -42, 88, -96, 176, -16, -30, 126, 174, 192, 78, -102, 204, 30, 96, 80, -34, -82, -142, -272, 70, 18, -136, 112, 106, -52, 184, -156, 112, 172, -50, 112, -50, 70, 186, -152, -34, -140, -232, -56, 104, 178, -26, -6, -74, 64, 78, -22, -76, -122, -94, -270, 94, -78, 22, 4, -10, 200, -268, -6, 32, -142, 48, 150, 144, -2, -60, -92, -134, -118, 202, -192, -70, -150, 96, 16, 132, 188, -270, 32, -68, 58, -210, -46, 24, -34, -214, 142, -22, 68, -70, -120, -198, 58, 10, 4, -26, -120, -112, 202, -54, 88, 318, -14, -136, -44, 140, -32, 56, -104, 
56, 20, 64, -108, -100, -70, -20, -376, -100, 124, 112, 146, -88, 34, -194, 132, 58, -6, 282, -96, 162, -192, 116, -40, -198, 226, 114, -124, 112, -280, -114, 72, 176, 28, 38, 26, -4, 146, -36, 98, 180, 80, -20, 140, -98, -98, 66, 64, 342, 90, 150, -98, 72, 28, -34, -72, -76, -6, 134, 88, -140, 88, 246, -106, 134, -170, 254, 76, 36, -166, 80, 94, -2, 8, 20, 182, -34, 192, -54, -174, -26, -26, -240, 92, 8, -100, -162, -54, -332, -52, 44, -32, -144, -32, 140, 56, 118, 88, -144, 264, 168, -68, -118, 6, 36, -68, 20, 10, -32, 52, -50, 54, 168, 100, 90, -50, 458, -104, -24, 36, -24, 42, 100, 198, -34, 52, 252, 118, 122, -158, 172, 30, 170, 88, 262, 86, 218, -26, 80, -104, 90, 8, 2, 128, 152, 32, 212, 118, 236, 16, -76, 96, 104, 76, -92, 114, -122, 180, -68, 64, 78, 22, -20, 64, -62, 60, -24, 108, -40, -152, 194, -10, -48, -156, 74, 38, 106, -128, -66, 40, 50, -4, 36, -12, -44, 104, -114, -314, 72, -24, -66, -184, -38, -24, -58, -230, 106, 196, -44, -102, 154, 252, 212, -200, 198, -180, -96, 108, -248, 132, -104, 68, -54, -218, -188, -82, -186, -238, 8, 76, -70, 108, -94, 16, 78, 30, 76, -86, -50, -30, -138, -98, 6, 34, 272, -98, -120, 36, 84, 4, 200, 66, -32, 60, 120, 30, -142, -58, 12, 50, 44, -98, 300, -78, -172, 200, 104, 22, -58, 62, 98, 158, 56, -4, 112, 104, 74, -58, 178, 162, -138, -20, -38, 98, -66, 202, -62, 128, -102, -94, -46, 140, 46, 4, 70, 144, 14, 156, 158, -32, -8, 18, 34, 14, 220, 196, -116, -40, -90, -168, -110, -88, -30, -2, 16, 146, 228, -172, -82, 126, 200, -438, -28, 44, 144, -6, 128, 234, -72, 36, -58, -212, 6, -176, 70, -34, 82, 2, 146, -96, 204, -74, 40, -84, -98, -6, 114, 12, -206, -8, 158, -80, 112, -210, 166, -2, -42, 52, 270, -90, -32, -34, 20, 122, 86, -68, 240, -90, 90, 50, 56, 90, 26, -8, 16, -6, -92, -36, -16, 114, 80, -172, -62, 38, -50, -332, -176, -178, -6, 56, -44, 226, 78, -56, -62, -106, -112, -118, 10, 134, 116, 44, -120, 192, -236, 180, -20, -124, -82, -32, -22, 184, -100, 128, 120, -150, 10, -62, 218, 58, -106, 210, 16, -122, -110, 72, -44, 76, 92, -156, -38, -96, 164, -72, -74, 96, 130, 304, 138, 24, -2, 10, 26, 218, -52, 4, -126, -128, -34, 4, 62, 154, 32, 0, 26, 62, 52, -186, 160, 168, 108, 156, 4, 20, -70, 72, 14, 10, 242, 124, -22, 166, -44, 146, 124, -26, 28, -90, 150, -120, -66, 20, 212, 176, -16, 88, 318, 12, -16, 34, 6, 170, 144, 114, -100, -10, 144, -76, 238, -20, 82, 250, -86, -146, 70, 136, -72, 6, -194, 130, 
58, -166, -68, 112, 104, 80, 26, 366, -88, 0, 8, 4, 114, -228, 58, 0, 34, -150, -214, 132, -48, -90, -206, 14, 220, -134, 44, 100, 30, 244, 28, 102, -44, -122, 120, 40, 74, -114, -2, -62, -130, -70, 50, 36, 70, 54, -192, 102, -270, 72, -130, 216, -26, 122, -14, 156, 34, 78, -4, -36, 144, -172, -38, 204, 228, 362, -134, -102, 14, -4, -34, 82, -76, -12, -126, -174, 168, -82, 88, 110, 120, 38, 76, -52, 26, -16, 176, 162, 292, 6, 50, -102, 52, -10, -182, -8, -108, -2, 88, -150, -22, 30, -180, 10, 92, 54, -14, 36, 14, -54, 114, 94, -72, -134, -98, 122, -278, 82, -30, 54, 62, 84, -98, 98, 22, -146, -82, 42, 32, 28, -40, -44, 108, -226, -266, -16, -234, 90, 132, 86, -274, -114, -126, -292, -104, 0, -82, 144, -158, 122, 174, 100, -58, 70, 38, -36, 116, 0, 102, 60, 70, -14, -60, -42, 64, 26, -138, -32, 112, 194, -124, 12, -158, 316, 104, -90, 112, 32, 88, -258, -36, 222, -150, 8, 66, -204, 70, 238, 54, 58, -62, 142, 134, 60, 214, 186, -92, -58, 110, 188, 12, -82, -122, 196, 32, 192, 264, -136, 190, 48, 174, -62, 104, 74, 170, 138, 190, 242, -138, 0, 42, -58, 32, 32, 40, -38, 98, 210, 32, 132, 38, 48, 108, 158, -236, 128, 222, -36, 118, -54, -24, 156, 22, 96, 140, 108, 306, 134, -188, -88, 64, -14, 106, -78, 110, 46, -70, 34, 168, 146, -188, -120, 12, 160, -46, 14, -86, 120, -174, -86, 226, -76, -138, -30, 142, -92, -16, 58, 128, 20, 106, -148, 44, 64, 34, -338, -130, -108, -154, 18, 178, 116, 62, -40, -252, -24, 306, -70, 108, 70, 148, 104, 174, -28, -20, 6, -208, 164, 82, -68, -250, 366, -16, 20, -114, 130, 16, -208, 102, -66, 24, 146, -148, 122, -66, 14, -134, 22, -36, 154, -16, 164, -32, 40, 210, 100, -142, 72, 146, -58, -66, 2, -46, 114, 18, 66, 4, -94, -120, 146, -142, 114, -112, -168, -24, 238, -44, 78, 38, 140, 52, 54, -46, -56, 0, -158, 34, 160, -176, -16, -8, 140, 68, 4, 66, 422, 234, 220, 76, 150, 76, 120, 32, -10, 312, 166, 52, -44, 34, -116, -50, -114, -64, 82, 246, -12, -104, -22, 8, 88, 34, 20, -34, -200, 4, 4, 114, -10, -170, -118, -78, -100, -160, -42, 26, 30, 248, -30, -134, 4, 12, -16, -64, 184, 246, 96, -152, -46, -224, 80, 94, 110, -4, -106, 298, 222, 200, 148, 18, -162, 32, 48, -24, -38, 96, -74, -16, 112, -148, 4, -126, -138, -98, -24, 80, 22, 284, 252, -166, -182, -20, -88, 168, -30, -98, 22, -94, 204, -120, 164, -62, 32, -68, -224, 62, -150, -144, -64, -140, 66, 124, -262, -168, 82, -2, 132, -34, -38, -36, -50, -124, -210, 50, 288, 98, -194, -48, 42, 178, 30, 
-42, 154, 70, 76, -120, 16, 146, 22, 20, 28, -90, -6, 162, 258, 80, 12, 24, 90, -34, -36, 176, -46, 72, -76, 106, 60, -32, -82, -218, 8, 28, 146, 124, 168, -282, 2, 28, 126, 24, 308, 350, 146, -16, -2, 92, -40, -92, -242, 418, 38, 124, 6, 212, -274, -114, 22, -114, -32, -198, 94, -130, 56, 68, -98, 134, -196, 160, 332, -110, 136, 196, -78, 98, 8, 74, 52, -182, 44, 16, -114, 120, -52, -86, 52, -20, 150, -2, -108, -122, 112, -40, 94, 88, 186, 136, 150, 44, -12, -110, 2, 108, 106, 144, -50, -82, -32, -82, 30, -118, -90, -114, -292, 46, -88, 36, -60, 110, 100, 86, 48, -94, 50, 118, -122, 42, 64, 170, 74, -42, -24, 182, 0, -74, 266, 294, 164, 68, -12, -84, 68, 182, 30, 100, 66, 172, -108, 84, 72, 60, 78, -122, -54, 64, 114, -88, 140, -76, 106, 22, 198, -44, 50, -64, 86, 138, -124, 100, 68, -68, -250, 118, 204, 142, -262, -4, 34, -132, -4, 102, 30, 68, 44, 94, -62, 62, 284, -100, -202, -6, -90, 222, 82, 112, -152, -266, -128, 54, -44, -64, -152, -4, 136, 140, -246, 32, -150, -182, 184, -30, 70, -170, -42, -122, -128, -82, -34, -124, -174, 156, -58, -122, 86, -10, 68, 184, 126, -14, -120, 174, -134, 82, -14, 72, -72, 90, -80, -60, 58, -200, 56, 118, -176, -110, 66, -22, -50, -202, 92, 100, -32, -118, 104, -256, 46, -218, -138, 82, -86, -2, -122, 318, 18, 32, -58, 78, 52, 58, 108, 236, 198, -234, 62, 88, -24, 6, 192, 84, -2, 66, -32, -58, 220, -40, 18, 38, 204, 266, 100, -56, -104, -204, 94, -110, 174, 126, 114, -190, -24, -150, 154, -54, -48, -8, -16, 116, 146, 178, -62, -78, 80, 190, -80, 54, -88, 374, -102, 156, 64, -160, 90, 62, -32, -8, 50, -6, 40, 154, -28, -30, -56, 152, 36, 48, 78, -108, 116, 62, 172, -130, -50, 50, -114, 236, 38, 84, -54, -22, 46, 134, -80, 88, -156, 104, 164, 202, -104, 182, 44, -180, 44, -26, 0, 144, 18, 250, 144, 302, -168, 138, -84, 32, -28, 10, 10, -228, -290, -36, -238, -106, 36, -56, -156, -132, -54, -302, -60, 34, 186, 42, 162, -40, -180, 116, -14, -180, 70, 80, 2, -42, 34, -50, 92, 122, 266, 54, -62, -98, 234, 276, 26, 12, 194, 148, 2, 66, -118, -212, -46, 132, -80, 122, -58, 34, -158, -126, -166, 12, 20, 112, 88, -4, 146, -100, -50, -196, -170, 54, -118, 112, 340, -204, 22, -32, -72, -44, 48, 46, -182, 86, -8, 54, 484, 138, 20, -88, -116, -282, -34, 100, 266, 108, 4, -12, 128, -94, -42, 172, 64, 12, -194, 98, 56, -160, 206, -100, 176, 96, 56, 204, 42, -18, 82, 26, 16, -88, -90, 256, 242, -10, 84, 256, 126, 136, -116, -58, 30, 190, -8, 36, 62, 
102, 16, 32, -46, -28, -26, 108, 86, -110, -34, 166, -38, -50, 84, -182, -2, 30, -58, 44, -30, -146, -58, -96, 40, -58, 140, -20, -2, 298, 66, 22, -82, -136, 42, 346, -36, -102, -16, 78, -66, -172, 64, 32, -40, -64, 114, 124, 92, -348, 164, -46, 62, -184, 260, 208, -90, 94, 90, 6, -256, 178, -62, 24, 86, -22, 340, -190, -284, 12, -98, -116, 264, -30, 112, -80, -130, 164, 46, 92, 104, -62, 16, 26, 12, -24, -56, 22, -8, 70, -44, 32, 98, 42, -250, -64, 16, -130, 166, 126, -146, -110, -112, 112, 4, 210, 114, -30, 152, 112, 170, 102, 158, -34, 64, -22, 194, -32, 26, -96, -68, -30, -6, 56, 86, 62, -6, 84, 94, 44, 208, -92, -16, -46, -58, -100, -140, 50, -12, 158, -144, 134, 66, -34, -110, -188, -92, 36, -82, -90, 42, 190, -174, 120, 104, 318, 82, 192, 32, 60, 42, 84, -132, -46, -86, -68, 90, -90, -8, 174, 246, -114, -122, -60, 254, 196, 62, 62, 124, 52, -30, -92, 98, 96, 174, -4, -210, 160, 292, 106, 144, 68, -48, -90, 26, 58, 166, 38, 40, 72, 122, -192, 2, 40, 356, 60, 134, 122, -42, 198, 40, 36, 184, 78, -48, 36, 116, 118, 236, -10, -120, -230, 132, -144, -178, 68, -130, -90, 166, -14, 318, -132, 90, -140, 262, 96, 30, 84, -80, 166, -110, 34, 158, 150, 66, -94, 184, 172, -76, -84, 80, 76, 24, 350, 24, 320, 134, -142, 44, 18, 176, -192, -36, -14, 54, 98, 248, -112, -104, -240, -154, 212, 36, 12, -30, -6, 120, 52, -76, -48, 14, -24, -350, 122, -16, -32, 18, 18, -70, -30, 74, 168, -136, 136, -30, 62, 170, 100, -148, 8, 96, 24, 48, -120, 52, -20, -136, -66, 162, 234, -104, -326, 174, 64, 32, -14, 222, -134, -82, 172, 142, 86, 64, -160, -12, -118, -60, -160, 58, -74, 244, -8, -98, -140, -138, -138, -64, -24, -72, 168, 68, 76, -160, -36, 146, 114, 148, -18, -4, -62, -10, -66, 94, -164, -150, -140, 188, -90, 40, 342, 106, 2, 20, -38, -52, -22, 26, -72, -116, 48, 70, 82, 128, 30, -166, 70, 280, 128, 202, -98, 86, 178, 50, 112, -110, 364, 110, 26, -78, -58, 56, 126, -56, -18, 76, 42, -212, -30, 26, -68, 154, 248, 116, 90, -126, 54, -22, 214, -194, -76, 72, 76, -152, -32, -20, -172, 124, 226, -76, -156, 28, -70, -18, 164, 124, -24, -10, 118, 36, 2, -150, 46, -102, 58, 102, 34, -90, -240, 146, 24, -336, 238, 142, -126, 90, -4, 34, -90, 102, 146, 166, -18, -136, 20, 76, 82, -116, 258, -130, 10, -82, -162, 132, 94, -112, 270, -52, -50, -102, -54, 222, 16, 74, 298, -306, 96, -56, -148, 32, -4, 90, 126, -128, -4, 88, 28, 34, -236, -78, 102, -170, -170, 110, -140, -16, 20, -8, -178, 84, 120, -10, 
-88, 18, 6, 344, 86, 12, -72, -4, 42, 66, -10, -36, 52, 16, 272, 130, 4, 44, 52, 8, 226, 176, 136, 120, -88, 142, 118, 96, -116, -80, 116, 218, 72, -82, -336, 94, 116, 166, -180, 106, 190, 70, 200, 46, 242, -2, 16, 102, 228, -86, 122, 204, 136, -76, -146, 102, -10, 34, -4, 164, -140, 174, 38, 160, 56, -178, 86, 172, 46, -138, 84, -180, 204, 70, 206, 318, 18, -74, 86, -38, 144, -178, -86, 78, 144, 50, -20, -48, -60, 336, 282, -98, 82, 248, 76, -92, 130, -292, -280, 154, 36, 64, 140, -28, 32, -128, 54, -236, 24, -6, -106, -106, 72, -20, -62, -64, -20, 64, 292, 86, -72, -202, 70, 48, -20, 68, 42, -12, 228, -144, 62, 86, 90, 194, 58, 168, 24, 34, -16, -58, -188, 168, -104, 106, 170, 86, -52, 36, 102, -60, -178, -18, 68, -154, -112, -14, -14, 174, -68, 58, -36, 318, 170, 54, -70, -148, -48, 12, -144, -64, 6, 144, -184, -12, -70, -20, 76, -36, -42, -40, 130, -68, -344, -66, -18, 94, -166, -212, 156, 68, 82, -140, 196, 88, 14, -142, -86, -26, -30, -96, 172, -20, 58, -228, 134, -32, 28, 14, 94, 172, -178, 76, -138, 132, -24, 36, -82, 78, 138, 168, 82, -88, 12, 180, -240, 180, -10, -306, -88, 50, -30, 12, 68, -68, -196, -6, 16, 96, -150, 98, 74, -204, 40, -72, 194, -140, -96, 92, 4, -70, 16, -2, -288, 2, -92, -78, 16, 30, 94, -168, 166, 72, 92, 46, -182, -204, -68, 90, 482, -64, -110, 126, 102, -24, 64, 50, 60, 18, -76, 6, 110, 304, 114, -46, 74, 136, 26, 292, 158, -50, 14, 102, -8, 134, -24, -90, -78, 248, 134, 38, 92, 18, 98, 82, 126, 90, 110, -128, -482, 260, 332, -38, 16, 80, -54, -252, 242, -12, 184, -200, -74, -46, 74, 124, 36, 0, -64, 54, 60, -252, 202, -18, 106, 22, 44, -86, 194, 60, -212, -148, -16, 8, 36, 86, -18, -6, 320, -46, 78, 16, 72, -158, 108, 196, 128, -118, 94, 2, -258, -192, 4, -34, 124, 102, 144, 26, 218, 20, 52, 34, -56, -116, 14, 52, 64, -118, -114, -330, 208, -38, -86, -60, 16, -76, -266, 8, -74, 106, 242, -100, -120, -28, 108, -40, 104, 70, 126, -92, -58, 2, -100, -82, 10, 94, 64, 72, -126, -50, 108, 46, 76, 130, 30, 284, 104, -188, -278, 132, 272, -136, 168, 36, 64, -102, 40, 86, -42, 46, -58, 180, -234, -10, -62, 146, 140, -178, 34, -78, 56, 326, -162, -76, 98, 46, -12, -120, 90, -142, -216, 4, 96, 204, -12, -82, -16, 76, -148, 72, -2, -14, 322, -66, 98, 168, -308, 72, -74, 62, 42, -284, -78, 24, -160, 208, 92, 202, 180, 6, 26, -216, -180, -120, 56, -26, -92, 50, 320, 184, 52, 6, 10, -174, 112, 52, 36, -120, 26, -48, -16, -116, 
16, 102, 136, -22, -64, 106, -122, 146, -32, 30, -138, 200, 128, 96, -146, 114, 22, -210, 162, -56, -72, -154, -84, -44, -120, -38, 78, -86, 214, 32, 72, -198, 86, -26, 282, -48, 34, 8, 178, 62, -230, 26, -250, 24, -80, 92, 222, 8, -124, 90, 8, -152, -68, 140, 118, 68, 112, -218, 52, -140, 230, -10, 14, 200, -74, 116, 14, -84, -26, 166, 38, 112, -62, -36, 12, -324, 78, 112, -84, 84, -176, 200, 136, -54, -24, 78, -56, 168, 116, -290, -188, 96, -150, -290, 156, 40, -138, 240, 88, -108, -146, -328, 16, 60, -78, -54, -58, 172, -14, 92, 174, 24, 170, 98, 196, 22, -4, -146, -230, -64, 168, 190, -4, 26, -146, 58, 118, 8, -56, 60, -92, -278, -40, -42, 110, -26, 0, 36, -6, 156, 236, 94, 62, 96, -154, -214, 14, 22, -150, 126, 88, 40, -76, 180, 252, -82, -6, -32, 126, 16, 78, -178, -208, 34, 150, 262, 18, -60, -50, 168, -118, -56, -38, 76, 62, 192, -114, 6, -138, -58, 164, 118, 210, 108, -108, -16, 80, 110, 24, 28, -72, 82, -120, -106, 152, -24, 102, 56, 34, -82, 4, 60, -10, 212, -66, 150, 50, -22, 24, -52, 92, -108, 88, -12, 58, -34, 94, 78, 8, 32, 176, -22, -134, 274, 258, -134, -18, 190, 226, 148, 38, -48, -188, 176, 40, 16, -138, -72, 34, 32, -124, 212, 72, 94, -132, 138, -82, 42, -24, 6, 172, -264, 86, -80, 284, 184, -24, 82, -18, 304, 24, -202, -6, -122, -28, 148, 218, 46, -248, 24, -94, -78, -30, 168, 158, 112, -116, -26, 230, 124, 4, -270, -204, 132, 24, -52, 142, -216, 154, 4, 54, -190, 50, -6, 114, 66, 150, -50, -14, 58, -52, -70, 10, 100, -24, -8, 26, 196, 440, -100, -314, 62, -60, -144, 114, 116, -204, -106, -60, 256, 36, -172, 0, -96, 10, 42, 48, -128, 58, -34, -154, 4, 122, -4, -88, -66, -122, -76, 320, 300, -60, -84, 96, -76, -26, 68, -324, -60, -44, 156, 180, 134, -90, -160, -104, -20, -56, 82, 238, 236, 60, 86, 104, -42, 176, -78, -154, 30, 6, -98, 172, 126, 160, -46, -218, -8, 230, 208, -160, 92, 20, -106, -48, 102, 198, 50, 174, -126, -226, 62, 136, -20, 14, 94, 12, -4, -36, 112, 176, 196, 40, -146, -124, -106, 80, -68, 196, 32, -154, 202, -82, -184, 68, -256, -28, 330, 136, -116, 118, 4, 60, 4, 68, -92, 0, -190, 34, 144, 280, -182, -38, 134, 94, -98, -58, 92, -20, 88, -38, -8, 196, 32, 38, -126, 216, 180, -106, 18, 68, -92, -48, 44, 122, -20, -64, 44, 10, 132, 18, -72, -194, 80, -30, -66, 194, -8, -24, -38, 162, 166, 94, -74, 170, -174, -92, -204, -176, 28, 8, 282, 186, 4, -152, -36, -38, 26, -288, -32, -68, 348, 132, 186, -42, 116, 208, -30, -22, -108, 70, 58, 
146, -270, -300, -108, 216, 64, 118, -96, 26, 152, 20, -24, 112, -162, 220, -44, -74, 82, -100, 34, -10, 170, 138, 186, -108, 46, -54, 52, -158, 146, 80, 46, -16, 18, -118, 20, -98, -74, -94, 66, 222, 76, 210, 8, 216, -34, -14, 92, 150, -88, -2, -14, 30, -36, -236, -52, -8, 222, 280, 168, -248, 100, -56, -2, -132, 164, -98, -34, -80, 6, 10, -58, 168, -6, 28, 46, -46, 12, -44, 0, 206, -44, -88, 56, 172, 38, 106, -136, -82, 142, 170, -146, 50, 96, -110, 20, -42, -122, -84, 154, 152, 356, 144, -108, 94, 132, -40, 2, 110, 52, -256, -86, 34, 20, -174, 146, 72, 76, 112, -86, 10, -26, 62, -40, -22, 76, -10, -82, 238, 88, -38, 208, 186, -142, -134, -14, 68, -14, 54, -82, -2, -112, -34, -164, 186, 152, 244, 122, 200, -58, 82, -152, 98, -104, -6, 122, -26, 106, -56, 50, -148, 46, 132, 2, 142, -174, 60, 200, 4, -96, 242, -158, 184, 116, -12, -166, 208, -66, 116, 46, -78, -148, -64, -56, -32, 90, 12, 46, 200, 120, -90, 12, -12, -130, -36, 100, -56, 16, -74, 200, 64, -280, 30, -162, -74, 56, 64, 340, -10, 84, 0, 26, 126, -72, -26, 36, -72, 6, 40, -250, -78, 34, 124, -146, -182, 192, 128, 108, -50, -286, -88, 74, -24, -104, -72, 98, 94, -128, 16, -28, 250, -154, -134, -134, 198, -116, 236, -14, -16, 44, -48, 254, 12, -10, -218, -16, 210, 52, 84, -232, -28, 22, 82, 258, -28, 32, -236, 56, 272, -76, 142, 122, -36, -192, -158, -116, 112, -18, -202, -12, 40, 202, 68, -118, 112, 106, 34, 168, -32, 228, -144, 172, -36, 142, -24, 190, -236, 76, 132, -10, -24, 30, -108, 24, 30, 186, 4, -74, -246, 146, 202, -172, -4, 128, -86, -60, 200, -44, 176, -220, 30, 90, 4, 176, -158, -196, -2, 164, -136, 22, 10, 0, 112, -78, 16, 106, 286, 72, 0, -100, -12, 6, -112, 100, 6, -116, 464, 38, 108, -16, -108, 74, 116, -54, 92, -154, 108, 104, -194, -88, -100, -20, 108, 102, -142, -34, 354, 54, 36, -92, 24, -192, -112, 236, 214, 24, -156, -96, 180, 6, -146, 94, -40, -136, -180, 108, -156, -58, 218, -18, -130, 86, 14, 82, 10, 0, -10, 20, -196, -266, 174, -94, 216, 208, -298, 222, 66, 164, 48, -286, 184, 144, -48, -30, 18, -208, -62, 130, 106, 102, -142, -162, 124, 250, 36, 188, -2, 2, -156, 100, -32, -14, 46, 156, 100, 20, 158, -68, 134, 258, -70, -40, -176, 160, -66, 94, 64, -24, -168, 182, 32, -28, -114, 26, -6, 28, 44, -146, -12, 76, 114, -40, 108, 2, -274, -26, -8, 234, 54, 2, -76, 44, -230, 264, 162, 158, 258, 64, -26, -190, -34, -102, 220, 6, -94, -48, 332, 236, -12, -182, -160, -20, 108, 72, 44, 78, 82, 142, 48, 36, 
64, 212, 218, 56, -310, 34, 10, 48, -62, -150, 186, -120, -84, 122, -46, 128, 0, 2, 174, 38, 38, 68, -186, -218, 78, -92, 56, 0, 148, -100, -68, -52, 72, -4, 66, 88, -108, 16, 44, -198, -116, 58, -86, 62, 20, 82, -12, -214, -16, 38, 158, -22, 224, 68, 202, 200, -10, -100, -210, 46, 110, -50, 4, 166, 26, -64, -8, 100, -50, -38, -38, 154, -62, -136, 32, -40, 80, 100, -12, 124, -48, 42, 98, -76, -136, 132, -24, -114, 326, 88, -72, 104, 8, -70, 220, 64, 72, -48, 206, -198, 64, -258, -260, 94, -172, 126, 144, 134, 92, -22, 236, -108, 20, 172, 98, 46, 32, 14, -94, -20, -52, 56, 82, 72, 16, 54, 146, 122, -44, -42, 216, -84, -64, 224, 228, 26, -106, 28, -198, 194, 108, 26, 60, 100, -188, -136, -22, -90, -72, 96, -94, 112, -48, -172, 42, -106, 174, -70, 90, -128, 228, 46, 98, 126, -38, 374, -28, -248, 86, 312, -104, 188, -216, -40, 62, 50, 58, 170, -136, -52, -36, 96, 66, -10, 84, -108, -24, 188, -110, 94, 56, -14, -94, -134, 86, -78, 30, -16, 194, -44, 178, 124, -226, 226, 126, 104, 66, -110, -50, 12, -8, 8, -40, -34, 100, -46, 42, -60, 208, 170, 138, -62, -22, 100, 136, -120, -18, -184, -54, 70, 156, -82, 102, 94, 58, -72, -102, 82, 62, -128, -124, 188, 172, 86, -144, 248, -148, -40, -132, -108, 78, -68, -28, 60, 314, 176, -12, -186, -38, 336, 64, 80, 16, -286, -96, -74, 136, 10, -290, 246, 16, 46, 80, 94, 40, 6, -78, -46, 176, 52, 16, 94, 24, 160, -162, 18, 78, 6, 72, -246, 106, 56, 102, -48, 14, -84, 196, 160, 6, 56, -6, 142, 278, -44, 8, 70, -190, -62, 118, -74, -226, 98, 208, -84, 94, 10, -122, 130, -78, 88, 90, -166, -38, -202, 206, 72, -80, -192, 132, -144, -112, 104, -70, 70, -10, 22, -144, 260, -146, 170, 2, 144, 274, 66, -66, 30, -150, 20, -78, 282, 14, -30, -74, 194, -94, 158, -130, -44, 112, 262, 238, 22, 68, -26, 190, 86, -84, -132, -176, 0, 170, 134, 194, -16, -222, 42, 166, -4, -190, -58, 112, -2, 46, -92, 224, -104, -22, 6, -38, -174, 232, 184, 50, -98, 122, -70, 208, 92, 94, 134, -134, 20, -146, -250, 274, -104, 36, -48, -18, 300, -116, -174, 84, 4, -238, 224, 58, 2, 52, 88, 32, 76, -8, -156, -42, -68, -16, 44, 70, -110, 90, 272, 20, -114, 26, 128, 60, -12, 84, -92, 112, -52, 116, -102, 194, -102, 24, 58, 362, -132, 164, -82, 86, 88, -44, -110, 176, 44, 98, -108, -198, 54, -182, 8, 216, 6, 140, 40, 68, -58, -20, -20, 144, -120, 50, -100, -152, -30, -118, 158, -26, -8, -12, 54, 294, 56, -76, -218, -2, 98, -48, 40, 22, 112, 2, 22, -92, 32, -2, 38, 
12, -136, 78, 14, 270, 18, 100, 94, 76, -84, 166, 208, 66, 128, -48, -48, 136, -70, -16, 154, -274, 174, 98, -48, 32, 144, 194, -48, -68, 220, 172, 72, 48, 104, -12, -104, 50, -50, -30, 110, 48, -186, 128, -96, 316, 114, 176, 276, 20, -30, -130, -104, 26, -96, 50, -66, 46, 290, 158, 86, -148, 6, -6, -242, 78, 2, 162, 86, 148, 32, 244, -78, -2, 266, 66, -2, 10, -122, -26, -154, -18, 12, 92, 76, 186, -154, -32, 14, -256, -98, 40, -64, 98, -32, -112, 174, 122, 4, -120, 240, -26, 298, 208, 16, 414, 64, -190, 120, -120, 14, 16, -2, 48, -48, 62, 68, -82, 96, 6, -126, 250, -26, 52, 66, 0, -176, 214, -100, 206, 18, 48, 70, 48, -18, -92, -98, 180, -66, 210, -156, 0, 144, 10, 216, 288, 74, 128, -46, -38, -80, 12, -304, 102, 160, -98, -82, 10, 74, -50, 16, -62, 130, -16, 74, -56, -142, 52, 208, -10, -88, -146, -214, 80, -96, 6, -100, -24, 40, -20, 20, 126, -36, -88, 134, 70, 132, 62, -74, 66, 84, -62, -138, 0, 26, -64, 126, 26, 116, 108, 38, -158, -86, 318, -122, -126, -42, -146, 66, 54, -20, 16, 18, 36, -154, -34, 318, -8, 26, -210, -220, 68, 32, -14, -42, -146, 148, 114, 110, 82, -82, -184, -2, -24, -22, 120, 188, 62, 50, -124, 40, 154, -132, -66, -6, 198, -60, 170, 72, 198, 72, 36, 144, 98, 98, -92, -72, 66, 100, 104, -94, 106, 162, -16, 126, 66, 134, -124, -64, 112, -36, 140, -56, -40, 28, 160, 86, 310, 38, 58, 52, -252, -76, 14, -190, -34, -58, 258, -198, 56, 242, 24, 32, 84, 94, 188, 104, -62, -136, -102, 160, -60, -34, -120, 110, 40, -56, 344, 88, -302, -2, 4, -76, -162, -50, -20, -118, -116, -234, 86, -48, -4, -18, 124, 96, -106, 176, 16, 368, -64, 214, 202, 28, 112, 0, -40, -128, 42, 70, 164, 8, 136, -16, -148, 8, 6, 40, -78, 132, 46, -276, 160, 180, -46, -176, 38, -62, 282, 50, 100, -246, -80, 34, 28, -158, -42, 58, 264, 156, 266, 112, -138, -38, -154, 4, 108, 58, -120, -98, -16, 108, -126, 292, 46, 32, -256, -22, -14, 68, -54, 198, -154, -204, -82, 0, -96, 96, -68, -10, -228, -98, 134, 10, 246, 96, -162, 150, -28, 60, -28, -68, 34, -114, 74, -192, 78, -50, 6, -12, 62, 140, 198, -86, -4, 112, 26, 130, 102, 70, 26, 44, 72, -62, 34, 274, -4, -138, 122, -16, -44, -46, -2, -60, -210, 14, -284, 102, -98, -146, -104, 184, -14, 40, -2, 8, 46, 36, 96, 104, -38, 160, 160, 140, 170, 68, -166, -88, -172, -8, 72, -68, -104, 10, -54, 10, 50, 110, 128, 34, 302, 168, 90, 86, 26, 212, -152, -70, 156, 142, -4, 126, -66, -26, -74, -254, -36, 88, 158, -160, 104, 40, 
-62, 112, 100, -60, -104, -110, -116, -76, -132, 52, 20, -56, 170, -56, -66, 104, -34, 78, 72, -168, 188, 114, -202, 16, 72, -56, -22, -22, 198, -2, -114, -26, -104, 54, -74, 58, -248, -32, 194, 120, 58, 170, -72, 56, -272, -196, -30, -134, 188, 26, 80, 60, 174, -22, -136, 80, -88, -304, -218, -138, 10, 34, 36, 234, 50, -36, -84, 66, -88, 34, -38, 92, -22, -42, 38, 20, 50, 124, 2, 248, 142, -204, 2, -302, -64, 76, 106, -2, 332, 266, -76, 94, -12, -4, -70, 28, 76, 72, 184, -52, 34, -86, 26, 94, -368, 148, 404, -216, 40, -90, 256, 38, -4, 176, 238, -80, 10, 154, -14, 150, -88, 50, -62, -44, -118, -126, 90, 80, 8, -22, 12, -22, 80, 54, 44, 190, -166, 164, -36, 136, 12, -20, 56, -144, -194, -74, -156, -144, 128, 56, -76, 360, -20, -242, -8, -30, 2, -102, 8, 74, -50, 10, 158, 126, 48, -18, 0, -134, -34, 56, 166, -12, 10, 206, 14, 154, 58, 78, -6, 12, -8, 82, -10, 6, 96, 80, -178, 22, 112, -140, 104, -38, 10, 98, 0, -144, -46, -114, 76, 66, 336, 58, -222, 48, 78, 116, 156, -4, -40, 144, 20, 36, -48, 8, 34, -166, -26, 118, 208, 278, 32, 22, -20, 94, 186, 82, -80, 22, -100, 60, 258, 196, 8, -134, -96, -228, 64, -236, 202, -14, -32, -34, 214, 14, -50, 40, 32, -2, -264, -24, 160, -280, 46, -164, -20, 16, -92, -110, -130, 38, -58, -22, 94, -86, -178, -176, 252, 248, -60, 46, -46, 60, 22, 2, -110, 170, -224, 36, -86, -192, 200, 298, 100, 164, 62, 56, -78, 198, 86, -146, 94, 144, 84, 90, -64, -174, 114, 280, 34, -46, 18, 6, 100, -130, 28, -98, -128, -82, 222, -36, 106, 50, 214, 38, 50, 226, 148, 96, -148, 104, -112, -104, -182, -196, 192, -28, 66, -146, 70, -204, -150, 52, -162, 18, 64, 198, -34, 70, -266, 14, 44, -176, -90, 44, -152, 44, -24, -94, -244, 38, -138, 44, -36, 38, -46, 190, -314, -40, -88, 126, -18, 30, 56, 116, 186, -80, -208, -214, -238, -170, 14, 106, 158, 264, -172, -258, 202, 42, 264, -118, 160, -32, -66, 66, 194, 104, -10, 42, 26, -66, 12, 16, 68, 178, 138, -28, 160, 106, 302, -2, -146, -50, -86, 48, 106, -232, -164, -212, 34, -46, -18, 26, -198, -12, -146, -52, -52, -172, 74, -94, -48, 198, 132, 148, 112, -176, -108, 232, 58, -70, -74, -52, -8, -4, 68, 272, -24, 22, 50, -146, -32, 20, 200, -76, 164, 94, 48, 156, -60, -88, -2, -40, -92, 24, 10, 60, 96, -134, 218, 92, -30, -66, -50, -12, -108, 36, -58, -138, 10, -32, 136, -36, 94, 196, 30, -84, 18, -26, -2, -186, 124, -2, -136, -162, 48, -36, 8, -254, -10, -2, 10, 236, 98, 204, 202, -30, 56, 88, -66, 68, 
24, -190, -110, -90, 122, 62, 44, -100, 82, 36, -38, 126, -6, -8, 184, 46, 116, 100, -258, 224, -120, -4, 56, -18, -102, 204, -142, -34, -230, 60, -108, 54, 124, -74, 6, 142, 372, -48, -188, -158, -50, -14, 206, 32, 222, 80, -104, 250, -24, -24, 34, -64, 34, -22, 290, 56, 70, 132, 228, 70, -20, -138, -12, 34, 50, 196, 88, -56, 358, 88, 154, -152, 260, 110, -30, -60, 126, -212, 168, 58, -206, 104, -10, 264, 150, 94, 128, 48, -152, -158, 16, 30, 16, 138, 194, -24, -26, -14, -58, -62, -8, -32, -8, -188, 166, -110, -188, 152, 166, 114, 44, 68, 8, -26, -148, 174, 38, -10, -2, -162, -192, 78, 56, 144, -2, 196, -262, -126, 24, 42, 68, 48, 30, 124, -28, -104, 272, -80, 30, -222, 104, 86, -90, 238, 24, 324, 142, 132, 24, 56, 26, -66, 126, 170, 52, 292, -80, 104, 236, 70, -6, 24, -226, -202, -28, -84, 42, 30, 36, -62, -122, -34, 168, -34, 204, -142, -14, 2, -22, 20, 176, -182, -22, -44, 42, 130, 158, -106, -30, 106, -18, -222, -200, -74, 140, 256, 2, 24, 36, -76, -264, -78, 188, -162, -130, -76, -12, 122, 186, 46, 128, 142, 28, -138, 92, 80, -176, 40, -204, -308, 36, -130, 12, 50, 34, -130, 178, -38, 142, 74, 46, 122, 24, 88, 144, 136, -132, 62, -70, -174, -42, 6, -22, -174, 18, 38, -54, -2, 208, 70, -8, 80, -104, 308, -34, 100, 118, 88, 202, 172, 260, -148, 90, 138, 142, 106, -286, -4, 64, 36, -24, 114, -14, 32, 70, 50, 262, -102, 226, 216, -162, -78, -92, -236, -166, 46, 102, -162, -8, -14, -132, -108, -26, 56, -72, 232, -140, -230, -104, 16, -120, 144, -74, 168, 160, 212, 250, 168, -170, 32, -110, 28, -8, 84, -30, -200, 98, 30, 174, -4, 18, -68, 186, 264, -144, 74, 24, 144, 132, 110, 106, 12, 96, 28, 6, -24, 106, 10, 268, 64, 172, 206, -12, -30, 162, -74, 38, 284, 194, -88, 166, -54, 86, -162, 52, 42, 282, 74, 318, -236, -54, 168, 54, -54, -208, -80, 212, 104, 274, 152, 28, 2, -90, -204, 160, 276, -134, -60, -194, -24, -46, 28, -34, 76, 10, -76, -114, 46, 70, -40, 28, 44, 172, -270, 38, 230, -36, -234, -142, 4, 226, 268, 144, 136, -110, 116, 118, 190, 88, 66, 136, 44, 248, -180, 92, 180, 146, 202, 188, 170, -162, -64, -54, -34, -130, 98, 92, -160, 26, 90, 162, 148, -52, 24, 34, 60, -104, -26, -172, 354, -16, -108, -122, -164, -236, -138, 158, 84, -110, 50, -16, 162, 184, 98, 52, 28, -46, 138, -44, -176, 140, 140, 66, 166, 164, -46, 170, 208, 168, 172, -228, 94, -52, -32, 14, 132, 20, -176, -38, 70, -58, 84, 124, 90, 12, 36, 40, 108, 276, 44, 256, -80, 90, -78, -82, 146, 50, -236, 170, 6, 
-44, 186, 232, -66, -146, 44, -30, 172, -16, 136, 262, 62, 22, -52, 128, -26, 0, 132, 54, -188, 48, -8, 72, -42, 202, -162, 194, 246, 338, -4, 90, -12, 80, 186, 162, -138, -252, 128, -114, 0, 2, 210, -162, -82, -74, -14, 74, -234, 72, 248, -98, 122, -12, -16, -42, 18, 28, -78, -138, -34, 80, 128, 170, -16, 84, -74, -50, 38, -104, 118, -8, 16, -238, -116, 64, 50, -104, 248, -128, -14, 388, -154, -34, -118, -134, -52, -48, -110, 18, 198, -12, -136, 70, 144, -122, 40, 198, -204, 146, 52, 40, -110, -120, 74, -250, 144, 110, -60, -108, 24, 114, -70, 34, 50, 168, -56, -58, 270, 100, 10, 252, 40, 202, 18, 200, -40, 236, 32, 204, 116, 68, -6, -168, -156, -30, 170, -58, -68, 56, 158, 138, 96, 150, 44, 100, 136, 200, -90, 130, 28, 72, 76, -184, -196, -134, -88, 196, -124, -178, 12, -68, -148, 194, 54, -38, -78, -178, 194, -142, 6, 152, 210, -14, 48, 186, 200, 76, 8, 34, 32, 72, 246, 84, 146, -164, 40, -74, 128, -16, 70, -62, 68, 80, 116, 114, -474, 40, -172, 50, -26, 136, 136, -258, -38, 70, -34, 108, 0, 6, -66, -168, -94, 8, 36, -40, 6, -76, -4, 156, 218, 134, -6, -130, -4, -98, 200, -114, -68, -228, -12, 96, -30, 74, -88, -148, 26, 12, -64, 98, 166, 136, 44, 112, -188, -18, 98, -128, 110, -76, 108, 60, -24, 136, -156, -94, -92, -134, 20, -168, 36, -50, 176, 10, 208, -94, -84, 136, -76, -34, -32, 130, -138, 162, 8, -88, -18, -214, 150, -30, -178, 156, 342, 148, 250, 18, -62, -96, 256, 22, -24, 46, 64, 136, 82, -142, -272, -32, 138, 128, -66, 30, -256, -44, -174, 50, -110, -224, 78, 82, 58, -140, -150, 76, 76, 8, 152, 88, 2, -24, 240, -92, 210, 38, -36, 62, -94, 58, -98, -236, -102, 88, 26, 94, -164, -110, 112, 166, -80, 2, -64, 6, -102, -50, 120, -260, -86, 12, -118, -58, 176, -30, -42, -234, 0, -20, -196, -80, -104, -138, 262, -10, -84, 18, 240, 182, 128, -52, 106, -198, -102, 142, 36, 170, 188, -264, 26, 116, 102, 364, 258, -6, -14, 2, 186, 52, 362, -36, -84, 84, 24, -14, 30, -54, 6, -182, -32, 48, 84, 146, 34, -254, -136, 102, 76, 106, -92, -30, 128, 180, -24, -74, 36, -108, 66, 194, -172, 14, -58, -60, -34, 58, -34, 104, 192, 66, -74, -88, 378, -112, 158, -48, 138, 38, 112, -12, -142, 76, -8, -44, -450, -6, 48, 160, 6, 260, 68, -138, -64, 214, 8, -26, -88, -416, -86, -182, -134, 184, -24, 14, 46, -160, -176, 50, -66, -218, -6, -52, -84, 76, -362, 226, -144, 26, -218, -264, -54, 106, 114, 82, 130, 18, 98, 10, 70, -88, 100, 116, -108, -70, 80, -258, 68, 80, 28, -68, -90, 2, 186, -158, 46, 
138, -110, -180, -8, 140, -92, -40, -106, -166, -88, -274, 182, -118, -24, -138, 20, -62, 4, -82, 460, -52, 190, -54, 232, -52, -4, 88, -124, -186, 170, -158, -6, -26, -144, -106, 206, 300, 16, 84, -18, 24, 44, 108, -4, 84, -62, -14, 120, -82, 4, -60, -40, 184, 158, 76, 14, 166, 230, 122, 30, -12, -88, -8, -68, -50, 160, -40, -34, 46, -100, -6, -88, 142, 220, -124, 32, 194, -146, 236, -6, -48, 94, 72, 114, 268, 0, -62, 166, 38, -52, 30, 92, 0, 76, 296, 288, 212, -68, -88, 56, 14, 190, 240, -22, 138, -128, -14, 150, 44, 158, -96, 22, -66, 70, 44, 164, 286, -150, -150, -88, -188, -34, -176, -72, -88, 152, -200, -38, -102, 4, -96, -26, 84, 184, 132, -16, 258, -38, -36, -112, -22, 236, -38, -238, -74, 0, -196, 152, 54, 194, -154, -138, 222, -12, 216, 94, -122, 172, 4, 34, 170, 162, 34, 76, 26, 14, -140, -94, 250, -64, -14, -128, 136, -108, -54, -40, -62, -96, -132, 24, 24, 8, -106, -138, 82, 14, 62, 44, 54, -2, 196, -8, -156, -148, -84, 306, 38, 166, -12, 6, 22, -38, 286, 106, -26, -76, -30, 140, 176, 92, 144, 102, -40, -56, -36, -86, 194, -4, -240, 44, -12, 6, 168, 50, 126, -82, 48, 130, 114, 18, -2, 46, -26, 152, 0, -178, -126, 258, -168, -140, -94, 20, -32, 20, -16, 24, -16, 4, 100, -16, 12, 94, -90, 26, 132, -138, 126, 54, 218, 18, 34, 18, 64, -46, 106, 218, -270, 214, 238, 30, 34, -100, -142, -38, -20, 50, 170, -122, -6, 208, 44, -214, -224, -128, -108, 206, -82, -142, 84, 160, -216, -52, -118, -174, -8, 190, 160, 4, -228, 100, 28, -72, 170, -98, 22, 0, 302, 66, -146, -154, 110, 82, 20, 140, 184, -178, -134, 56, 16, -24, 146, -142, 110, 50, 78, 116, -178, 254, 380, -20, 52, 28, 70, 200, 196, -10, -94, -20, 52, -68, -142, 248, 64, -78, 14, 14, 44, -52, 2, -238, 140, -18, 254, 38, -32, 132, 64, 86, -86, -254, 214, 80, -82, -246, -176, -36, -10, -18, 188, 26, -174, -156, -114, -60, 340, -146, 10, 82, -266, -196, 92, -44, -40, -152, -178, -80, -102, -78, -56, -58, 178, 28, 52, -16, 86, -72, 20, -86, -142, 54, 100, 38, 112, 10, -24, 76, -184, 180, -162, -6, 148, 130, 440, 144, 186, 124, 54, -150, -82, -28, -122, 124, -22, -110, -80, 80, 138, -288, 132, 100, -138, -134, 82, 46, -38, 184, 4, 70, 42, 204, -18, -230, -100, 154, -96, -166, -34, 72, -128, -54, 84, -6, 226, -42, 40, 136, -128, 12, -38, -106, 298, 180, -30, -88, -142, 98, 102, 158, 170, -24, -94, 172, 170, 122, 222, 104, -56, -108, -52, 12, 68, -136, -24, -124, 314, 42, -130, -42, 32, -150, 358, 82, 36, 30, 42, -140, 190, -84, 100, 2, 
-82, 300, 178, 80, -132, 2, 58, 186, 134, 0, 308, -208, 180, 144, 138, -48, 74, 66, -70, -128, 94, -104, 64, -136, 166, -126, 144, 102, 82, -80, 34, 98, -184, 216, -6, 114, -196, 78, 4, 20, 68, -20, -48, -14, -146, 4, 182, -352, 224, -106, 96, 220, -16, -30, 148, 286, -98, 10, -114, 22, -68, -132, -2, -66, 62, 80, 170, 42, 44, 278, 172, 162, 20, -94, 134, 128, -8, 112, -208, 38, 216, -206, -2, -4, -342, 156, 48, -180, 326, 250, 222, -190, 108, -12, -72, -188, -296, 34, 140, -116, 170, -48, -62, 38, -98, 82, -12, -6, -182, -148, 350, 78, 18, -88, -36, -30, -186, 174, 230, 34, 180, -2, 314, -18, 38, -80, 242, 54, 250, -28, 172, 84, -122, -64, -214, 156, -20, -142, 92, 76, -8, -66, -82, 122, 256, -22, 116, 84, 98, -218, 44, 40, -92, -124, -24, -110, 32, -66, -58, 70, 134, 126, 52, -56, -150, -36, 206, 180, -162, 60, 66, -58, -40, 138, -16, 72, 44, 104, -38, 46, -78, 106, -58, 8, -26, -34, -60, 6, -4, 108, 42, 144, 264, 96, 28, -202, -44, -58, 0, -10, 132, 94, -212, 48, 44, 26, 106, -12, 10, -142, 14, -138, -44, 84, 66, 194, -204, -32, 184, 64, -82, 104, -132, -14, -104, -2, -62, -24, 56, -18, 36, -26, 84, -212, -100, -26, 274, 28, 118, -32, 22, 74, -96, 140, -254, 68, 26, -108, 138, 210, 34, 150, 154, -74, 128, 16, -90, 4, -66, -72, 22, 16, -56, 176, -140, -110, 94, 6, -258, 32, -26, 40, 236, 38, -18, 180, 56, 60, 126, 62, -92, 182, 214, 186, 14, -124, -8, 20, -184, -44, 76, 218, 22, 252, 202, -206, -176, -38, 254, -162, 28, 238, -198, -80, -14, 254, -182, -14, 254, 160, 52, 42, -46, 128, -134, 34, 232, 8, 124, -40, 4, 68, -234, -106, 66, 96, 206, 8, -210, 144, 82, -96, -46, -62, -162, -222, 106, 74, 146, -38, 48, -206, -166, 86, -156, -64, -50, -116, -122, 258, -26, 2, -150, 26, 186, 12, 62, 36, 300, 320, 124, -196, 142, 424, 212, -94, 36, 182, -328, 218, 186, 62, 212, -94, -190, 66, 130, 110, 124, -64, 4, -24, 110, 22, 188, 0, 188, 166, 156, -46, -278, 114, -64, 52, -58, 38, 54, -114, 138, -14, -38, 208, -194, 174, 64, -286, 50, -108, 108, 150, -170, -78, -290, -134, -136, 74, 84, 90, 32, -16, 92, 122, -104, 146, -14, -6, 18, 152, 168, -52, 168, 122, 16, -116, -62, 0, 114, 112, -42, -18, 54, 322, 92, -8, 54, -134, -148, -60, 240, 278, 96, 62, -184, 4, 48, 142, 24, 108, -14, 84, -204, -40, 56, 126, 192, -104, -46, -56, -4, -96, 102, -204, -126, -82, -192, -130, 80, 72, 64, 42, 164, 230, 200, 300, -48, 322, 212, 12, -138, 100, -258, -24, -24, 54, -86, 106, -192, -2, -414, 212, 
-24, -404, -84, -370, 72, 118, -68, -30, -130, -154, -126, 204, -162, 98, -210, 98, -80, 44, 84, 162, -78, 132, -192, 16, -30, 42, 34, -14, -30, 2, 18, 28, 156, -144, 82, 2, 148, 16, -18, 74, -34, 88, 40, 138, 258, 66, -160, 176, -56, 78, 140, -364, 100, -6, -16, -236, 198, 90, 170, -22, 122, -92, 70, -70, -24, -146, -98, 44, 248, -330, -188, -78, 32, 52, -54, -54, -80, 70, 228, -24, 86, 64, 64, 300, 188, -22, -14, 116, -266, -162, -138, 164, -28, 28, 56, 48, 162, -8, -80, -28, -12, 68, 96, -156, 84, 98, 52, -80, 160, 200, -76, 100, -180, 146, 10, 72, 284, 10, -338, -6, 198, -80, -102, 118, -52, 118, -272, 46, -202, -104, -156, 6, 236, -76, -26, -194, -96, 46, 112, -26, -110, 152, -100, 64, -80, -130, -276, 34, -66, 42, -120, 54, 178, 152, 2, -34, -8, -52, 66, -146, -62, -88, 72, 62, 300, 46, -80, 114, 120, -90, -34, -52, -98, -96, -48, -28, 116, -236, -32, -40, 72, 72, 50, 52, -48, 170, 70, -38, -30, 162, -140, -156, -230, -60, 268, 214, 60, 80, 56, -114, -214, 2, 274, 120, 172, -32, -98, -36, -10, 250, 74, -50, -14, -124, 86, -68, 218, -26, 58, -126, 180, -112, 10, -12, 86, 42, 102, 174, 72, -12, -26, -42, -36, 100, 144, 160, -276, -36, -150, 98, -22, -134, -2, -144, 56, -34, 8, 194, -22, -168, 28, -30, -118, -12, -144, -32, 68, -54, 12, -18, -4, 72, 64, -20, -76, 30, -230, 152, 102, -84, -64, 120, -144, 10, 98, -140, 114, -88, 34, -70, 146, -174, -198, -68, 40, -86, -212, -4, 178, 8, -170, -28, 78, 36, -336, 152, 150, 170, -144, 14, -196, -40, 242, 150, -2, 58, 80, 122, -96, 8, 66, 98, -2, -276, 116, 28, -156, -56, -12, 68, -84, -68, 82, 68, 54, -40, -274, 30, 8, 68, 150, 214, -26, 226, 64, 208, -18, 160, -58, 148, -4, 216, 118, 56, 60, 22, 172, 204, -120, -304, -30, -166, 56, 76, 12, 158, -100, 132, -220, -114, 6, 154, -36, -254, -122, 220, -120, -152, 144, -156, 100, -48, -130, -90, 116, 76, -92, -54, 48, 228, 142, -38, -20, 54, -222, 42, 30, -18, 10, 46, 184, -182, 82, -80, 126, -130, 24, -94, -152, -46, -154, 6, 326, -140, -68, 98, 24, 230, 34, -62, 104, 14, 368, 240, 294, 128, -58, -156, -20, 18, 10, -152, 128, -116, 66, -22, 20, -16, -30, 106, -8, -236, -170, 192, -52, 82, 32, -110, -52, 34, 60, -150, -126, -232, -86, 114, 146, -128, -60, -322, -32, 38, 148, 2, 82, -152, -154, -136, -100, 24, 414, 110, 158, -224, -126, -36, 220, 6, 144, 102, 12, 316, 196, 84, 162, 30, -64, -64, 18, 48, -164, -114, -78, -206, 62, -190, -224, 32, 178, -140, 186, 40, 166, 58, 110, -22, 124, 96, 398, -192, 
344, 260, 152, 262, 154, -330, 48, -40, 110, 64, -24, -16, 60, -68, 142, -142, 290, -72, -160, -26, 158, -42, 124, 320, -18, -22, -82, -72, 78, 164, -164, -6, -60, 8, -16, 28, -50, -52, -34, 54, 268, 76, -18, -108, -132, 144, 74, -184, 164, -10, -176, 190, -20, -76, 172, 154, -138, -156, -44, -48, -184, -36, -64, 30, -20, 342, -64, 70, -274, 88, -94, 166, -118, -286, 100, -74, -136, 114, -168, -14, -80, 124, -86, -216, -36, 14, 96, -66, 58, 128, 196, -86, 92, 42, 18, -40, 8, -14, 184, 200, 298, -54, -122, 246, -192, 22, 182, 6, -260, -270, -72, -124, 4, 76, 62, -88, 74, 168, 222, 28, -186, 222, 18, 96, 88, -62, 76, -66, 222, 120, -56, 20, 10, 158, -46, 104, -64, 72, -126, 60, 88, -34, 168, 2, 166, 28, 120, 68, -114, -332, 90, -60, -66, -118, 70, 140, 86, 26, 78, 218, 62, 90, 0, -76, -128, 244, 56, -136, -90, 96, 276, -54, -30, 172, -50, 90, 108, 270, 90, -62, -16, -156, 164, -256, 162, -110, -280, -32, -138, 22, 262, 20, 170, 152, -142, -200, -122, 80, -4, 282, 12, 136, -290, -126, 50, -2, -170, 188, 80, -82, -14, 16, -208, 56, 120, 106, -32, -50, -168, 90, 86, 56, -12, 212, -132, 158, -150, -118, -42, 136, 12, 22, -28, 100, -72, -54, 158, 62, 80, -118, 130, 52, -32, 94, -88, 6, 60, 8, 80, 86, -124, -38, 56, -124, 74, 50, -10, -26, 140, -12, 14, -238, 38, 82, -112, 84, 218, -120, 188, 126, 8, -218, 242, -142, -50, -6, 100, 92, -94, -6, -142, -2, 186, 92, -2, 128, 210, 94, -98, 132, 272, -26, -26, -120, 332, 20, -128, -84, 40, -104, 66, 26, -62, -190, 56, 48, -22, -176, 150, 162, 16, 16, 112, 300, 72, -8, 164, 26, 18, -128, 206, 122, 30, -56, 44, 208, 168, 32, -158, 172, -144, -172, 116, -184, -62, -78, 154, -244, 88, -12, 162, -98, -264, -96, 6, -96, -48, -152, 90, 166, 198, 58, 78, -176, 186, -42, 156, 146, 166, 172, 96, -46, 120, 198, -10, -36, 110, 174, -38, 108, 128, 72, 244, 62, -18, -24, 252, 92, -114, -28, -274, -26, -150, -86, 194, -110, 78, -14, 74, -134, -14, 62, 136, -96, 156, -38, 158, 34, 164, 182, -12, -48, -140, 178, 32, -160, -28, -148, 50, 100, -26, 244, -230, -86, -78, 48, 62, 40, -14, -2, -196, -26, -190, 272, 34, 130, -120, 22, -68, -74, -12, 184, 52, -198, -38, -104, 104, 84, 62, 6, -124, 152, 54, -14, -6, -152, 142, 168, -146, 218, 182, 216, -138, -46, 4, 180, 88, 152, -36, -154, -102, -56, -64, 222, 44, -56, -174, 56, -90, 4, -104, -262, 14, -72, 38, -88, 210, 132, -52, -56, 296, 128, 82, 170, 38, 50, 72, 100, -254, 32, -108, 76, 10, 76, -174, 104, 100, 88, -94, 116, 
-62, -220, -32, -84, -96, 334, -104, 168, 156, 22, -4, 132, -140, 14, 128, 162, -342, 278, 90, -18, -236, 148, -110, -304, 6, -84, -26, 146, 78, -100, 80, -50, 238, 0, -28, -50, -84, -228, 144, -138, 32, -114, 14, 264, 210, -36, 86, 102, 26, 70, 130, 70, 70, 90, -54, -160, 154, -26, 146, -116, 50, 58, -174, 46, 234, -174, -70, 216, 98, 66, 124, -34, 90, 146, 130, -80, 30, 6, 228, -28, 242, 112, 110, 176, 46, 196, -44, -12, -162, 42, -28, -40, -74, -16, 40, 36, 94, 40, -2, -152, -344, -44, 256, -112, 74, 100, -44, 38, 100, 232, -48, 122, 32, 68, -132, -144, 50, -80, -190, 32, -8, -104, 184, -200, -90, 48, 102, 160, -296, -168, 14, 12, 242, -168, 66, -2, -16, -136, 252, -170, 12, 96, -148, -22, -50, -14, 132, -74, 122, 242, 2, 76, 176, -74, 168, -60, 74, 32, -98, -80, 48, 228, 86, 162, 290, -16, -168, 104, 132, 32, 42, 84, -208, 64, -66, -126, -24, -102, -64, -4, 216, 194, 2, 124, -128, 54, 310, 136, 106, -68, -66, 56, -98, 58, -14, 96, 0, -8, -120, -80, -86, -34, 224, 246, -32, 112, 54, -100, 8, 52, 104, -112, 136, -76, -126, -66, -58, 134, 206, -88, -48, 20, -90, -168, 148, -220, -22, 162, 38, 62, 54, -106, -56, -84, 112, 40, -168, -62, -68, 108, -264, -4, 46, -88, 154, 20, 32, 228, -52, 42, -64, 466, -6, 114, 38, 24, -30, -10, -88, 80, -94, 76, 100, -220, 84, -40, -184, -6, -348, -146, 32, 180, -94, 86, 50, 138, 4, -86, 258, -2, 28, -84, -114, -132, 120, 114, -208, -54, -66, -190, -236, 174, 110, 106, -352, -64, 108, 178, -110, 250, 106, -264, 118, 274, 66, -160, 152, 6, -10, -92, 20, 64, -12, -190, 20, 84, -222, -18, 146, 154, -124, -134, 98, 44, -30, -210, -14, -16, 188, -130, 300, 246, 132, -96, -48, 70, -92, 154, -86, 66, -24, 8, 146, -110, -114, 80, -58, 48, -38, -30, -244, 20, -148, -52, -100, -50, -140, -114, -4, -92, -114, 136, -76, -2, 124, -22, -152, -216, 156, -20, 66, -74, -194, 84, 16, 106, -40, 28, 32, 68, -20, -42, 214, -62, -98, 18, 32, 24, -48, 44, 20, -122, -112, 26, -60, 80, -102, 68, 42, 14, -14, -38, 34, -158, 104, 54, 64, 72, 126, -86, 82, -52, 182, 48, -74, 36, 136, 90, 68, -180, 104, 34, 174, -332, 4, -30, 156, -94, 34, -42, 18, -146, 0, 52, -132, 284, -68, -42, 14, 124, 10, -156, -62, -24, 78, 122, -80, -202, 120, -108, -80, -72, 276, 204, 44, -88, 108, 68, 56, 294, -130, 148, -18, -170, -184, 84, 442, -118, 76, -20, 84, 344, 90, -40, 94, -80, -36, -136, 76, 90, -216, 82, -20, -162, -128, 42, 18, 218, 158, -110, 160, 74, 16, -74, 86, -54, -130, 50, 68, 64, 
54, 262, 14, 162, 32, -442, 176, -116, 128, -78, -38, -120, 76, -4, -130, -86, 134, -96, -2, 68, 306, -18, 130, 328, -286, 242, 18, -34, -44, 92, 220, 0, -90, -98, 100, 60, 168, 44, -10, 136, 214, 134, 24, -86, -126, 70, 154, 4, -6, 2, -48, 22, 106, 44, 120, 112, -182, 88, -264, -96, -70, 60, 160, -62, -42, 146, 284, -106, 94, 10, 84, 56, 76, -220, 0, -170, -108, -12, 22, -66, -106, -8, -238, -232, 90, -172, 204, 130, -60, -18, 158, -86, 206, 116, -148, -114, -154, 22, -96, 146, 224, -220, -282, 50, 128, -126, -50, 16, -258, 90, 260, 12, 6, 118, -112, 162, 38, 82, 108, 16, -2, 86, -150, 142, 50, -190, -152, -124, 240, 270, 198, 76, -208, 56, 56, -38, 238, 72, -134, 162, -82, 182, 174, 66, 132, 54, 122, 54, -38, -220, 24, -104, -106, 12, 16, -24, -132, 12, 162, 94, 176, -96, 44, -42, -196, -108, 132, -122, 22, 28, -86, 42, 112, 90, -2, 88, 78, 86, 188, -130, -40, -50, 30, -138, 128, -26, -106, 6, 24, 36, 52, 162, 134, -90, -18, -308, -62, -146, 268, -90, 20, 156, -86, -74, 82, 98, -334, -34, -178, -46, -38, 18, -134, 92, 156, 130, 110, -18, -52, 94, 92, -120, 158, 112, 44, 6, 20, -56, 68, 130, -26, 100, 58, 76, -14, 26, 46, 198, -82, -166, 112, 82, -116, 106, 36, 226, 148, -140, 10, -188, -112, -556, 18, -148, 66, -38, -48, -36, 80, -78, 168, -134, -40, 188, -40, -102, 152, -126, 348, 56, -174, -32, 34, 72, -230, -42, 50, -20, -130, -64, 14, 88, 238, 182, -78, -240, 58, 120, 68, 148, 102, -26, -160, -150, 268, -170, -172, -32, 46, -182, 70, 176, 126, -282, -158, 76, 80, 190, 28, 166, -100, -228, 42, 192, 40, -50, 148, 94, 16, 74, 140, 214, -32, -70, 216, 234, -28, 132, -126, 102, -270, -138, -102, -48, -8, -130, -26, -232, 108, 220, 262, 94, -136, -38, 142, -22, -60, 36, 92, 50, 240, 78, 56, 152, 106, -38, 312, 204, 20, 184, -50, -138, 32, 148, 68, -32, 146, 124, 44, -160, -76, -42, 182, 154, -86, -184, -48, -56, 260, -126, 190, 44, -116, -124, -20, 40, 104, 86, 178, 12, -24, 68, 214, 68, 120, -86, 22, -150, -52, 162, -30, 130, 108, 58, 86, -42, 22, -14, -172, 6, -12, -76, -298, -166, -114, -14, 12, -80, 184, 170, -196, -20, 24, 116, 216, -148, -120, 168, -118, 78, 4, -24, -64, -108, 124, -330, -104, 60, 88, 86, 8, 178, 172, -248, -74, -82, -112, 96, -120, 130, 176, 158, 42, -48, 74, 64, -120, 112, -68, -296, 154, 124, 16, 22, 122, 140, -272, 10, -68, -156, -8, -170, -120, -104, -54, 14, 80, 32, 0, 28, 48, -128, -70, 86, 222, -8, -66, -14, -10, 160, 106, 24, 30, 4, -176, 60, 132, -156, 98, -114, 
56, -130, -46, -150, -106, 312, -90, -6, 68, 8, -16, 230, 60, -110, 78, 8, 54, 106, -82, 80, -90, -52, -234, -186, 182, -114, -34, 18, 66, -256, -28, 132, -10, 24, -104, 10, 82, -138, 112, -166, -14, 164, -8, 82, -36, 232, 116, -182, 64, -94, -176, -10, -250, -284, -36, -44, 94, 36, 314, 272, -84, -54, 12, -44, 88, -188, -252, -8, -4, 170, 140, -160, -10, 148, 124, 120, 268, -156, 8, 100, 62, -110, 274, -26, 68, 270, 58, -66, -118, 0, -192, 100, -188, 20, 224, -66, 388, 160, 36, -134, -46, 156, 66, -20, 90, 146, -146, 156, 108, 24, -164, -192, 44, -104, -10, 158, -32, 60, -86, 146, -32, -86, 182, -146, -78, 208, 324, 116, -84, -116, 124, 34, 92, 126, 84, -94, 30, 24, -52, -80, 224, -92, -180, -102, -76, -118, 6, 16, -52, 170, -88, -56, -150, -16, -36, 106, 170, -18, 130, -146, 6, 130, 56, 136, 12, 216, 102, 150, 146, 116, -62, 30, -74, -12, 130, -190, -8, 58, -300, -96, 42, -86, -66, 146, -80, 28, 60, 16, 124, -24, 78, -192, -174, 12, 120, 376, 100, 124, -204, 232, 46, 254, 130, 166, 36, 82, 312, 136, 162, 236, -10, 76, 124, -132, -142, -282, -160, 6, 32, 22, -196, 100, 36, -188, -102, 84, 16, 194, -4, 28, -70, 12, 194, -104, -140, -134, -134, -206, -8, 168, -164, -144, 122, -136, 108, -156, -136, 158, 106, 140, 298, 424, -54, 124, 0, 56, 58, -118, -10, -2, 80, 190, 146, -276, -24, 124, 100, -28, -400, -22, 164, 56, -152, 8, 438, 74, -152, -74, 238, -102, -96, -50, -108, 12, 32, 108, 104, -84, 76, -94, -78, 94, 62, 236, -140, 42, 148, -68, 148, 38, 122, -124, -46, 212, 180, -182, 52, -4, 156, -78, 118, 62, -80, 14, -40, 160, -66, -254, 32, -104, -18, -66, 84, -80, -242, -26, -134, 82, 188, -100, 200, 142, 156, -12, 78, 214, 40, 216, -110, -276, -202, -54, 284, 156, -74, 136, 156, 292, 16, 6, -134, 148, -138, 42, -4, 54, -162, -216, -32, -122, 46, 20, 76, -104, -80, -32, -262, -128, -12, 216, 4, 118, -22, -74, 216, 216, 84, 68, -134, 22, -36, 68, 148, 182, -30, 70, 22, 150, -144, -40, 106, 54, -60, -8, -126, 100, 26, 172, -66, -32, 18, 68, -6, 54, -6, 172, 74, -34, 30, 184, 222, -66, 272, 34, -2, 140, -10, 6, -214, -150, 168, -42, -42, -132, -72, 40, -6, -32, -116, -4, 16, -94, 48, 60, 16, 108, 202, 26, -176, -20, -106, -38, -60, 204, 12, 102, 48, 18, -36, -46, -52, -52, 104, 100, 30, 196, 154, 78, 44, 336, -96, -102, -100, -16, -88, -186, 40, -8, -90, 44, -76, 92, 14, 174, 110, -242, 108, 28, 148, -72, 80, 46, -130, -62, -182, 14, 0, -56, 232, -152, -6, -88, -6, -152, 206, -148, -182, 376, 12, -98, 
168, 202, -24, 108, 92, -102, 78, -66, 128, 64, 6, -132, 48, 284, -62, 56, -94, -28, -10, 180, 58, -52, 100, 92, 42, 170, -32, 64, 222, 112, 178, -38, 170, 122, 220, -8, 62, 302, -4, 242, 98, 6, 152, -54, 214, 16, -176, 236, 54, 144, 204, 150, 458, 372, 54, -32, -124, 64, -190, -420, 100, 128, 208, 2, -174, 258, 150, 6, 64, -130, 6, 48, 150, 4, 18, 126, -210, 162, -82, -28, -10, 96, -240, -90, 116, -228, 62, 98, 74, 68, 34, 22, 186, 12, -178, -66, -106, -16, 82, -72, 20, 106, -34, 176, 38, -122, -12, -92, -182, -104, 186, 200, 14, 30, -12, -260, -248, 68, 18, 90, -86, 122, -114, 108, 110, -136, -138, -88, 224, 268, 10, 58, -12, -102, -100, -38, -128, 90, -66, 80, -156, 50, 264, 32, 230, 4, -18, 78, 86, -84, 104, 44, 166, 248, -74, -164, -200, 2, -48, 138, -20, 2, -72, -108, 82, -164, 54, 172, 86, -42, -94, 116, 148, 94, -208, 104, 154, -188, 172, 86, -106, 140, 78, -66, 2, -42, -44, 280, -70, 98, -278, 50, 28, -8, 34, -244, -36, 72, 272, -230, -204, -246, -134, 6, 134, 58, -206, 96, -12, -156, 26, 26, -56, 198, 328, 276, 254, -30, 84, 24, -72, 2, -270, 172, 168, -26, 26, -82, 80, 54, 18, 50, -76, 112, 80, 54, 40, 184, 84, -124, 218, 60, -128, 156, -8, 274, 162, -156, -134, -318, -138, -228, -2, -94, 120, 146, -2, 76, -8, 38, 48, -208, -12, 192, 60, -32, 90, -100, 574, -88, -76, 0, 172, -34, -18, 56, 4, 112, -100, 126, 108, 114, 182, 26, -202, -26, -20, -40, 38, 188, 82, 98, 8, -324, 128, 66, -16, 22, -120, -280, 16, 120, 134, 0, -200, 36, -104, 58, -18, 64, -202, -20, 74, 28, 190, 50, -250, 222, 52, 210, 168, 200, -150, 142, 164, 76, -106, -276, -62, 120, -72, -156, -34, 124, 160, -162, 160, -110, 188, 64, 98, -16, 22, 8, 180, 52, -18, -24, 52, -4, 112, -200, 208, 222, -94, -134, -20, 240, 132, -90, -110, 10, -158, 106, 218, 74, 280, 44, 32, -100, 60, -114, 110, 102, -66, -156, -152, -32, 144, -144, 154, -10, 48, 38, 170, -20, -34, -42, 74, 18, -6, -40, 70, 202, 90, -176, -4, -52, 108, 26, -104, -2, -30, 64, 180, 20, -54, -26, -82, 196, -20, 108, -230, 52, 120, -220, -78, 48, 196, 84, -238, -52, 70, -2, 122, -96, 138, -154, 52, -58, -182, -4, -24, -166, 46, 146, 20, -50, 212, 20, 50, -62, 206, -110, 38, 14, 132, 28, 26, -56, -44, -4, 6, 32, -92, -114, -66, 70, 46, -310, -32, 38, 206, 196, 260, 126, 14, 84, 240, -150, -98, -112, -90, -214, -102, 280, -150, 54, -132, -80, -10, 110, -26, 66, 82, 18, -170, -20, -274, 142, 36, 198, 28, 182, 36, 8, 178, -258, 64, 162, 
-64, -4, -110, -180, -58, 66, 66, -46, -212, -12, 28, 212, -44, -238, 156, -180, -114, 104, 10, -184, -30, 102, -178, -62, -64, -108, 156, -56, 54, -62, -324, 32, -18, -64, -44, -52, 98, -94, -66, 84, -152, -14, 8, 50, -110, -78, 106, -10, 70, -148, -56, -92, -296, -248, -70, -78, 176, -86, 74, 376, -164, -80, -234, 30, 134, -190, -94, 2, 24, 270, -66, -128, -2, 184, 98, 156, 84, -88, 52, -76, 122, 4, 106, 122, 10, 168, -114, -108, 28, -156, -174, -72, -48, -66, 296, -88, 52, 4, -88, 224, -52, -152, 28, -76, 98, 160, 90, 138, 354, 44, -204, -12, 208, 206, 22, 356, 58, -46, 236, 176, 102, 52, 132, -204, 14, 206, 86, 86, -152, -232, 120, -24, -72, 92, 138, -16, 76, -68, 158, -4, 174, -26, -234, -6, -208, 110, 2, -164, -126, 28, -256, 46, -192, -154, 102, 132, 210, -42, -68, -100, 92, 48, 22, -76, 22, 18, -26, 182, -108, -12, 168, -104, -102, -140, 250, -94, -46, 110, -86, -48, -38, -172, 176, 262, -82, 20, -4, -14, -38, -60, 174, -64, -72, 60, -38, 156, 138, -74, -112, -4, 264, 222, 354, -54, 48, 44, 360, -80, 108, 212, 14, 90, 218, -82, -158, -90, -330, 74, 74, -20, 80, -12, 144, -196, -212, 74, -134, 120, -32, 126, 82, 74, -48, -92, 38, 6, -156, 4, 46, 224, -160, 158, 54, 70, -66, -80, -232, 142, 112, 250, 92, 86, 166, 204, -106, -196, -32, -174, 72, 48, 64, 112, -118, 76, -4, 66, 6, 210, -356, -62, 56, -10, -26, -8, -88, -26, 108, 116, 32, -100, -130, 72, -250, 74, 164, 280, -86, -98, -226, -262, -36, -134, 162, 342, -6, 166, 178, -62, -58, 170, 28, 30, -78, -116, 162, 110, -156, -136, -88, -52, 80, -88, -18, 162, -110, 118, 148, -104, 198, -194, -44, 92, -106, -216, 72, -104, 198, 132, 2, 50, 96, 124, 90, -146, -230, -32, -112, 182, -132, -154, -10, 52, -66, -28, -34, -14, 40, 120, 82, 62, -4, 146, -126, -160, 176, 162, 138, -126, -172, 24, -26, 166, 132, 52, -146, -34, -250, 8, -34, 38, -4, 10, -92, -108, -52, 118, 66, -72, -126, 168, 34, 80, -70, 12, -170, -228, -26, -20, -118, -22, 70, 56, 110, -108, -238, 32, 58, 42, -18, -60, 18, 184, 60, -116, -74, 20, 134, -102, 34, -108, -8, 20, 164, -20, -194, 230, 34, 36, -160, 44, 134, 154, -78, -30, 4, 88, -52, 102, 84, 32, 282, -56, -2, 6, 8, 120, -34, 146, -170, 120, 36, 172, -158, 108, 42, 180, -138, 60, -122, -76, 16, -178, 122, 32, 252, 78, 6, 48, -132, 342, -104, -148, -220, -80, -80, -62, 130, -26, 10, 48, 90, 118, -10, 210, 216, -194, 78, -84, 158, 148, 106, 86, -134, 98, -132, 96, 260, 30, 158, -76, -178, -130, -64, -130, -32, -18, -204, 114, -46, -112, 
62, 50, 40, 38, 74, -136, -124, -84, 312, 94, -22, -184, -64, 146, -144, 178, 40, -170, -34, 184, 62, -54, 46, -182, 126, 152, -186, -100, 52, 160, 258, -58, -50, 50, -104, 26, 98, 116, 54, 22, 116, -80, 30, 26, 124, 84, 72, -6, 104, -50, -112, -18, 300, 244, 4, -10, -80, 44, 28, -402, 152, 62, 364, 2, -124, 184, 158, 140, 186, -352, 140, -126, -236, -212, -16, -80, -42, -98, 120, 140, 44, -32, -90, 196, -10, -26, 190, 224, -22, 220, 238, 130, 28, -178, -108, 68, -110, -160, 24, -118, 106, 162, -56, -6, 86, 2, 126, -84, -328, 56, 266, 14, -152, -148, -212, -328, -56, -4, -78, -256, 134, 50, -42, 128, 72, 0, -66, -54, 314, 82, -56, 20, -20, -326, 188, -16, 46, 8, -202, 114, -100, 26, 130, 56, 128, 124, -50, 6, 16, 34, 60, -44, 208, 110, 36, -122, -100, -2, 24, 24, -152, -50, -180, 160, 162, 68, 138, 78, 244, -174, -134, 230, 130, 30, -152, 144, 134, -122, 90, 158, 16, 168, -76, -150, -16, 104, 0, 100, 96, 70, -132, 200, 8, 86, 176, -98, 54, 232, 32, -58, -326, -74, -266, 132, 72, 26, -258, 44, -208, -142, 152, 162, -70, 16, 228, 126, 254, -26, 112, 76, -54, 42, -222, 228, 214, -20, 224, -34, -118, -194, 124, 60, 86, -88, 0, 196, 94, 66, 84, -286, 62, -98, 20, 44, 106, -34, 90, -106, -38, -58, 22, -6, -6, -30, -10, -8, 8, 74, -50, 170, 62, 54, 218, -186, 288, 110, 108, 60, 156, -120, 90, -180, -60, -8, 102, 82, -144, -88, -4, 104, 134, 50, 166, 136, -52, -306, 72, 108, -92, -40, 44, 152, 32, -244, 56, 50, -52, 34, -96, -180, -86, 42, 160, 218, 90, 90, -26, 180, 258, 198, -156, 190, 194, -134, -70, -68, -268, 20, -70, 236, 76, 18, 146, 178, -44, 36, -150, -146, 18, 60, 156, -36, -130, 346, 90, 62, 70, -60, 60, 224, 122, -6, 4, 34, 142, 142, -90, -110, -48, -120, 62, -12, 108, 98, 54, -58, 84, -2, 72, -40, 236, -32, -110, 6, 80, 196, 206, -108, 44, 90, 48, 114, 290, -26, 170, -152, 54, 170, 42, -32, -52, -168, -6, 22, 346, -56, 10, 156, 208, 94, -80, -16, 222, 190, 90, 16, 132, 54, 4, 58, -64, -106, 188, -28, 102, -134, -34, 176, 158, 8, -180, -78, -142, 36, 254, -166, 82, -78, 230, -148, 158, -2, 216, -60, 124, 24, -94, 76, -28, 4, -294, 106, -54, 42, 42, -248, -8, -116, 110, 58, 12, -52, 18, -54, 108, -62, 198, -4, 6, 36, -74, 94, -250, 22, -84, 126, -12, 146, 174, -242, 264, 188, 126, 164, 180, 70, -172, -90, -12, 74, 60, 2, 114, -238, -90, 12, -152, 122, -12, -190, -160, -68, 90, -148, 136, 14, -172, 40, -140, 18, 30, 120, -38, 256, 32, 170, 188, -108, 70, -20, 
-96, 172, 96, 54, -132, 272, 214, 70, -288, -158, 202, 336, 66, 108, -114, -294, 86, 304, -12, -172, -50, 176, -46, 196, -12, -66, 120, 268, 66, 30, -124, 86, 40, -6, 260, 22, 80, -40, 22, -78, -58, 36, 44, 66, -20, -114, -48, 110, -88, 4, -206, -164, -242, -178, -96, 136, 80, -76, -38, 302, -56, 38, -72, 126, 116, -52, -62, -230, -64, 294, -14, 122, 300, 36, -40, 164, 76, 134, 88, 64, -32, 122, 2, -194, 24, -30, -178, -230, 62, -96, 26, -24, 24, 184, 110, 32, 98, 208, 150, 150, -162, -140, 74, 58, -8, -28, -140, -74, 264, 42, -172, 88, 116, 210, 106, 298, 118, -46, 2, 182, -260, -12, 94, -2, -168, 114, 74, 126, -184, -132, -16, -72, -112, 260, -240, 78, 2, -48, 206, -20, 178, 32, -136, -78, 134, 122, 238, 66, 112, -14, -174, 16, -160, -52, -40, 140, 28, -86, -4, 208, 138, -42, 282, -70, 0, 172, -102, 166, -164, 202, 204, -284, 20, 120, 214, -66, 74, 38, 66, -128, 20, -2, 58, 96, 134, -34, 96, 84, -4, 14, 174, 2, 98, -86, -126, 182, -10, -78, 18, 0, 306, 172, 180, -180, 4, -28, 44, -30, 242, 242, -80, 56, 440, -54, -138, -42, -154, 46, -114, -200, 12, -48, 230, -120, -64, 90, -16, 112, 132, 26, -136, -200, -30, 134, -2, -156, -2, -10, -70, 234, 42, 176, 44, 162, -46, -144, 94, 28, 24, 72, 16, 14, 94, 40, -152, 124, -24, -22, 18, -42, -28, 18, -92, 68, -212, -46, -84, 8, -118, 144, -126, 142, 106, -146, 60, -148, 96, -86, -10, -154, -88, -62, -312, -96, 68, 40, -142, 4, 8, 82, -8, 52, -52, 226, 144, -102, -156, -14, 188, 124, 8, -226, -74, 38, 84, 4, 58, -224, -28, -198, 198, -188, -20, 26, -58, 58, 230, 24, 134, -54, -14, 64, -138, -62, 54, 20, 34, 210, -102, -56, -216, 30, 194, -212, -102, -52, 72, -56, 168, 106, -170, 26, 80, -68, 12, 6, 56, 156, 154, 40, -56, -108, -70, -152, 6, 178, -12, -60, 84, 228, -170, 14, -74, 14, -14, -328, -22, 290, -132, -116, 64, 16, -222, -70, 100, 114, 50, 22, 38, 80, 22, 158, 66, 164, -180, 100, -108, -108, -18, 6, 126, 92, -60, -46, -108, 4, -136, -98, -64, 44, 132, 78, -70, 42, 18, 320, 30, 56, -70, 62, 114, -2, 86, -4, -94, 102, -96, -34, -118, 80, -42, 94, 40, 32, -42, -16, 22, -24, -170, -42, 120, -72, -86, -56, 32, 186, 66, 238, 20, -20, 86, 80, -134, -78, -194, -132, -184, 8, 8, 8, 230, 36, 136, -112, -56, -24, 54, -16, -120, -54, -126, -18, 2, -60, -22, 16, 52, 42, 70, 84, 90, 166, 30, 320, 30, 210, 150, -178, 68, 180, 266, -4, -106, 150, 114, 84, 36, 76, 182, 22, -212, -74, 20, -168, 2, 54, -146, 172, 160, 74, 
180, -126, -58, 72, -68, -252, -186, 24, 112, 200, 26, -230, -240, -160, -100, 204, -128, -222, 32, 296, 56, -98, -68, -84, 122, 52, -60, -342, -56, -202, 154, 0, 44, 184, -102, 54, 10, -22, -188, -78, -34, -30, 144, 16, -56, 212, 164, -160, 48, -6, 148, 130, 196, 42, -18, -176, -104, -100, 122, -138, 98, 40, 66, 70, 136, 178, -38, 150, -32, -28, 224, -134, -290, 10, 14, -88, -236, 84, -58, -14, 60, -26, -44, -10, -134, -28, -14, 246, 156, 12, -36, 64, -44, -144, -98, -20, 54, 0, -94, -98, 108, 48, -80, 154, 134, -158, 114, -58, -236, 88, 274, -84, 56, -168, -148, -178, -170, 152, -40, -26, 234, -58, -56, 212, 254, 110, -58, 24, 0, 100, -26, 146, 236, -216, 220, -2, 62, 72, -88, 14, -84, 80, 30, 118, -180, -110, -246, -128, -44, -74, 242, 144, 228, -26, -46, 16, -62, 158, -36, 10, -104, 32, -134, 188, 24, -78, -8, 116, 96, -70, -64, 150, -270, 32, 16, 250, 32, -94, -52, -40, -88, 162, -50, 94, 312, 196, 86, -100, -64, -50, 50, 22, -32, -10, 52, 36, 118, 24, 160, -22, -366, -68, -14, 154, 76, -20, -64, -102, -238, -228, 122, 50, -158, -94, 76, 248, 198, -38, 258, 264, -92, 18, -72, 214, -76, -158, 104, 72, -134, 24, 150, 50, 54, -160, 104, 198, 82, 24, -102, -116, -36, -100, -6, -2, 8, -28, -18, -56, 174, -204, -18, 28, -156, 44, 282, -64, 28, 12, -156, 242, 176, -148, -76, 124, 20, 22, 44, 0, 178, -64, 98, -138, -48, -44, -184, -32, 66, 146, 178, 98, 50, 188, 156, 14, -30, 36, -60, 68, 64, -52, 22, -88, -50, -196, 90, 242, 98, -172, 60, -36, 76, 134, -62, -40, 14, 22, 78, 42, 116, 112, 12, 182, 58, 72, 86, 68, -238, 96, 0, 140, -168, 74, 64, 66, -86, 180, 52, -134, 92, 186, 138, -126, -66, 54, -102, -48, -102, 12, -142, -4, 154, 60, 92, -38, 160, 42, -60, -108, 194, 54, -52, -2, -158, -46, 34, -106, -104, 218, -78, -200, 272, -4, 148, 42, 28, 172, 46, -160, 66, 118, 56, -122, 224, 200, -194, -92, -180, -20, -78, -168, 214, -192, 58, 62, 226, 2, -16, 122, -122, -28, 80, 58, 140, 120, 50, -60, 328, 142, -30, -54, 40, -64, 78, 42, -72, -272, 128, -54, 130, 10, -98, 64, -4, -20, 70, 36, 116, 24, 90, -22, 162, -104, -64, -112, 180, 94, -242, -42, 234, 0, -178, 126, 124, 14, 58, -172, 82, -90, 48, 112, -110, -46, 134, 238, 142, 186, 244, 84, -74, 30, 8, -148, -194, -14, -118, 38, -50, 74, 152, 6, -30, -68, 176, -114, 190, 24, -90, 108, -300, -48, -342, -348, 82, -88, 218, -184, -172, 338, -34, -290, -202, -32, 176, -114, -92, -114, -152, -10, -22, -148, 170, 222, 4, 374, 94, 138, 156, -138, -76, 62, 
-108, 182, 2, 108, 156, 278, 84, 40, -14, -108, 44, 208, 162, 82, 88, -122, 194, 100, -64, -178, 146, 34, 102, 136, 54, 4, -28, 262, 140, 46, -168, 106, -18, -104, 82, 164, 172, -168, 206, -14, 0, 174, -16, -32, 54, -272, -64, 18, 78, 96, -86, -40, -130, 32, 28, 270, 202, -70, -28, 34, -96, -144, -202, -78, -250, -162, 142, -106, 118, 168, -208, 304, 348, -34, -50, 98, -28, -56, 4, 2, 168, 86, 16, -54, 156, -26, -130, -20, 26, 108, -86, -44, 70, 92, 88, -86, 16, -184, -84, 72, -62, 10, -16, -246, 158, 102, -12, -36, 28, -148, -190, 134, 24, 38, 36, 126, 84, -218, 62, 62, -298, 14, 148, -286, -286, -32, -86, 78, 16, 46, -54, -240, -98, 214, -56, 96, 112, -164, 74, -6, -80, -60, 196, -74, 124, 192, 100, 10, -2, 62, -288, -2, -134, 122, 86, 152, -18, -172, -16, 14, 22, 86, 126, -52, 46, 166, -22, -86, -56, 32, -128, -126, 232, -140, -6, -20, 54, 128, -32, -52, -82, -104, 126, 90, -14, -92, 50, 292, 216, 122, -108, 94, 34, -52, -28, 72, -238, 96, -310, -132, 372, -88, 132, -18, 66, 142, 166, 96, 168, 242, 28, 4, 50, -68, -56, -138, -238, 46, -216, -212, 176, -38, -74, -58, -14, 280, -224, -172, 122, 12, -40, 2, -56, 94, -166, -172, 8, 88, 264, 216, -156, 62, -28, -56, 0, -130, 92, 74, -96, 114, 22, -40, 60, 102, -30, 322, -18, -40, 162, -204, -138, 154, -32, 280, -26, -180, -138, 6, -194, 190, -156, 88, -62, 40, 80, 74, -194, -18, -208, -86, 72, 54, 4, 70, -18, 40, 186, 146, 120, 132, -52, -78, 54, 218, 66, -186, -20, 188, -132, -54, 108, 52, 94, 30, -40, -34, -2, -36, -12, -40, -2, -118, -14, -40, 0, -196, 222, 26, -20, -100, 378, -78, -106, -142, 78, -82, -48, 286, -86, -46, -42, 256, 52, 48, -110, -168, 134, 110, 324, -22, 150, 124, 10, 10, -128, -112, 4, -80, -68, -114, 102, -30, 290, 86, -26, 138, 40, -140, 232, -2, -110, -26, -90, -132, 24, -90, 42, 178, -138, -6, -56, 230, -94, -72, -36, 128, -10, -4, 4, 186, -158, 86, -52, 90, -160, -118, 28, -122, 142, 78, -108, -146, -66, -44, 20, 124, -150, -194, 74, 180, -242, 128, 28, -104, 304, 268, -110, 42, -218, -136, -42, -2, -12, 104, 116, 150, -102, 24, -192, 80, -130, 106, 20, 104, -232, 6, 154, 22, -64, 84, 248, -184, -40, -122, 110, 114, -100, 40, 16, -228, 106, -48, -24, -62, -118, -188, -154, -116, 112, 10, 212, 116, -52, 138, 210, 112, 86, 82, -116, -26, 134, -78, -146, 202, -74, 20, -140, -46, 164, 68, 106, 230, -170, 60, -50, 106, 68, -16, 110, 144, 170, 328, -56, 190, 70, 246, 42, 80, 110, -138, -120, -204, 158, -54, -208, -14, -194, 162, -10, 94, 
88, -138, -60, 52, -150, -160, 96, 212, 92, 90, -36, -130, -168, 218, -10, 156, -116, 22, -54, 178, -46, -54, -12, -108, -30, 130, 22, -300, -10, 82, -46, 34, 84, 144, -130, -82, -70, 138, -130, 22, 34, -28, -68, -248, 0, 256, 50, 80, 58, 58, 76, 68, 74, 58, 82, -236, 4, 80, -34, -60, 180, 74, 160, 78, 244, 292, -24, 96, 8, 72, 140, -62, -220, 268, -140, -174, 32, 160, -22, -56, -54, -2, 126, 152, -190, 116, 142, -28, -6, -60, 174, 14, 26, -80, -160, -70, -94, 68, 202, 92, 32, -4, -166, 202, 14, -62, -104, -24, -34, 160, 184, -24, 50, -76, -88, -70, 86, 216, -70, 22, 88, 134, -22, 216, 330, 166, 58, 116, -46, 0, 94, -6, -6, 10, 2, 14, 66, 210, 48, 142, 116, 2, -270, 36, -102, 88, -4, 54, 98, 0, 198, 322, 202, -26, -138, 108, 48, 156, -50, 62, 120, -24, -78, 92, -208, 4, 60, -32, -112, -32, 198, 218, -138, 204, 128, -22, -44, 8, -202, 172, 42, 208, -128, -40, 56, 130, -144, -138, -114, -64, 182, 34, -80, 132, 16, -150, 218, 50, 160, 72, -316, 36, 54, -152, -8, -98, -38, -16, 0, -98, 152, -64, 2, 54, 26, 152, -44, 300, 90, 100, -32, 116, 222, 10, -122, -160, 246, 112, -96, 114, 84, 126, 28, -132, 134, 122, 46, 14, -80, -16, 62, -142, 214, 48, 96, 198, 50, -122, 174, -182, -4, 116, 44, -20, 54, -132, -48, -76, -152, 42, 96, 6, 48, -108, 114, 162, 150, 38, 74, -180, 164, 88, 336, 8, 42, -122, -22, 78, 148, -26, 60, 48, -66, -44, 82, -136, 10, -12, -96, -136, 140, 36, 56, -112, -12, 104, 154, -26, 54, -6, -74, 244, 72, -146, 36, -28, -32, 174, 6, 78, 82, 192, 80, -110, 134, 314, -142, 76, 292, 152, -86, 8, 206, 38, -194, 8, 164, 14, -2, 56, 116, 30, -104, -112, 126, 100, 4, 66, -224, 116, -80, -144, -20, 44, 48, 132, 4, 226, 40, 10, -110, -180, -140, -106, 136, 14, 56, 76, 22, -140, 2, 188, 128, 174, -54, 192, 88, -132, 236, -84, 16, 84, 140, 2, 176, -194, 56, 52, 78, -14, 96, 234, -102, 32, 104, 76, 32, 206, 98, -148, 22, 62, 108, 74, 122, 70, 224, 316, -90, 6, 174, -160, 172, 74, -200, -118, 136, 128, 220, 68, 102, 54, 118, -50, 76, -44, 174, -112, 206, 44, 182, -32, -62, 88, 336, -76, -242, -104, 62, -110, -152, 340, 158, 36, -74, -242, 26, 60, 10, 4, -196, 144, 24, 34, 36, 162, 32, 42, -220, -18, -174, -82, 40, 24, -92, 56, 54, -114, 134, 142, -144, 42, 88, -98, 22, 76, 148, -52, -144, -108, 42, -96, 140, 104, 22, -96, -90, -80, -26, -148, -170, -168, 32, -86, 30, -138, 90, -88, -14, 40, 112, 292, -208, 144, 130, 92, 162, -166, 82, -80, 
-162, 54, -4, -18, 40, 330, -220, -84, -110, -22, 74, 212, 50, 58, -96, 40, 24, 244, -118, -118, 64, 152, 120, 62, 58, -88, 30, 414, 6, -70, 160, 92, -132, -290, 22, 162, -72, -46, 230, 72, -10, -148, 50, 252, 4, -120, -162, -106, 8, 118, 30, -86, 52, 58, -22, 136, -8, 8, 212, -90, -10, 170, -184, -12, -136, -26, 166, 20, -50, 84, -90, 144, 142, -142, 148, -36, 58, -86, -70, -66, 72, -34, 20, 6, 208, -128, -68, -12, -2, 120, -64, 178, -74, 48, -68, 148, 50, 20, -152, 54, -132, -10, 10, -94, -2, 150, 146, -98, 158, -10, -208, -14, -66, 120, 160, 4, -124, -118, 82, 30, 0, -22, 86, -112, -158, 18, -38, 14, 236, 10, 102, -80, 184, -70, -42, 82, 0, -102, 16, -32, -82, -80, 142, 22, 18, -130, 48, 14, -88, -148, -42, -222, -158, 6, 174, 0, 124, -136, 140, 28, -104, 292, 30, 82, 142, -14, -46, 80, 30, 48, -198, -186, 262, -80, 72, -86, 58, 144, 98, -62, 2, -66, 80, 122, -76, 76, 116, 210, 86, -18, -126, -102, 244, -116, -34, 182, -164, 82, -216, -294, 64, 10, 18, 298, 34, 162, 244, 132, 54, 172, -34, 168, 80, -18, 62, -136, 82, -178, -34, 18, 84, 12, -208, 124, 124, 54, -152, -134, 8, -114, -2, -120, 44, -6, -146, -68, 52, 10, -90, 82, -128, 150, -154, -88, 36, -156, 160, 166, -256, 158, -66, -26, -22, 174, 62, 250, -36, -84, 82, -100, -2, 72, -96, -8, 38, -114, -52, 44, 76, 234, -70, -26, -252, -194, -82, 166, 130, -86, -18, -144, -204, 88, 30, -2, 16, 198, -92, 96, -112, 24, -94, 80, 42, 66, 72, 6, -114, 30, -16, 46, -34, -174, 18, 118, 30, 98, -50, -100, -36, -108, 166, -208, 96, 360, -80, -184, 46, -48, -208, -10, 192, 22, -96, 130, 142, -66, -48, -116, -28, 72, -152, 110, 280, 20, -258, -6, 6, -284, 164, 134, 244, 164, 62, 82, 100, 52, 58, 14, 34, -108, 48, 272, 160, 130, -162, 100, 0, 10, 52, 10, 140, -274, -58, -24, 96, -8, -34, 2, -66, 204, -42, -12, -130, 60, -48, 162, -202, 136, -76, 64, 114, -186, 196, 26, 58, 78, -136, -160, 16, 80, -14, 40, -96, -102, -52, -6, -56, -120, 10, -86, 200, 132, -128, 2, 172, 98, -100, -122, -222, 102, 28, -52, 48, -92, 24, -36, -120, 18, -104, 184, -58, 66, 62, -50, -180, -34, 50, -16, -44, 60, 46, -278, -50, 38, 100, 216, -32, -10, 116, 244, -18, -52, -32, -58, 60, -270, -30, 16, 136, 36, 110, -68, 136, -174, -30, 0, 104, 292, -26, -154, 22, 90, 4, 146, -64, 60, -136, 88, 48, 160, 26, 208, 170, -108, 76, 48, -30, 224, 18, -6, 230, 52, -32, 128, -16, 46, -106, 18, -28, 20, -130, -124, 90, -70, -60, -70, -150, -6, 0, 142, 
298, 34, 218, -24, -132, -64, 36, -8, 72, 32, 68, -250, 12, 300, 170, 146, 40, -38, 254, 80, 138, -30, -110, 216, 44, -40, -70, -318, -110, 114, -26, -98, 78, 184, -58, 68, 74, -104, -112, 60, 60, 48, 118, 18, -2, 264, 54, 130, -66, 60, -12, 186, -8, 14, -36, 10, 10, 54, 56, 184, -42, -166, 268, -174, 16, -82, -300, 336, 40, -244, -34, -34, -188, 142, -290, -2, -40, -24, -54, 80, 72, -42, 66, 44, 6, 170, -84, 58, 20, -218, 26, -36, 108, 108, -280, -146, -122, 94, 124, -18, 302, 134, -54, -116, 60, 62, -148, 264, 174, -108, 24, -42, -4, -326, 190, 166, 152, 92, 70, 30, 144, 36, -180, 200, -8, 118, -10, -100, -28, 4, -150, 22, -142, -140, 28, -60, -68, 150, -44, 34, 80, -44, -20, 178, -148, 108, 76, 92, 18, 70, -60, 40, 136, 162, -118, 0, 116, 18, -144, -120, 164, -68, 56, -20, 112, -214, 16, 58, 24, 24, 162, 288, -286, 102, 110, 46, -194, -172, -140, 42, 96, -92, 74, 62, 206, 2, -94, -56, 84, 270, 132, -66, -22, 88, 42, -122, 128, -6, 174, 136, -146, 146, -30, -46, -64, 118, -18, -66, -16, 66, 210, 38, -168, -122, 26, 190, 2, 84, 114, -130, -120, -162, 256, -56, -158, -90, 98, 208, 68, 116, 60, 220, -54, 86, 154, 90, -66, 86, 76, -84, 134, -34, 242, 54, 74, -72, -144, 16, 292, -260, 68, 134, -2, -80, -32, -232, 120, -70, -230, 154, 158, -48, -10, 136, 140, 236, -40, -126, 106, -270, 8, -24, 188, 130, -98, -142, -66, -62, 178, 68, 94, -170, -230, 134, -16, -102, 122, -112, 50, 92, 252, 58, -218, -162, -62, 124, 174, -48, 100, 4, -98, 84, -84, -168, 60, -118, 56, 18, -34, 54, -6, 164, -108, -106, 56, 106, -60, 108, -16, 100, -202, 56, -64, 72, -44, 116, -70, 186, 110, 142, 122, -96, -106, 2, -40, -104, -166, 266, -252, -36, -256, 50, 72, -148, 86, 18, -10, -12, -146, 248, -214, -184, -136, 8, 78, -128, -36, 98, 54, 62, -28, 168, 102, 18, -28, -48, 158, 102, 228, -116, 86, -34, -6, -156, 34, -226, 134, 16, 64, -158, 56, 16, -142, 132, 112, 118, -22, 66, 202, -112, 82, 30, 344, 132, 64, -34, 178, 170, 0, 130, -92, 22, -72, -106, -152, -182, 284, 28, 312, 132, -146, 280, 140, -100, -116, -100, 98, 44, 178, -118, 126, -240, 44, 86, 70, -30, -44, 94, 132, 0, -94, 338, 40, -2, 54, -214, -38, 124, 114, -40, 102, -30, 82, 26, 70, 184, 192, 76, 62, -60, -82, 102, 86, 54, 126, -74, -196, -160, -14, 156, -126, -104, -60, -82, 108, -114, 200, 182, -274, 52, -50, -136, -174, 136, 42, 194, 86, -212, -32, -28, -72, -114, 130, 76, -18, 74, 194, -28, -14, -300, -70, -32, -78, 10, 208, 22, 80, -38, -26, -8, 
-80, -26, -254, 26, -24, 84, 20, 62, -38, -72, -116, 108, 4, -146, -296, -76, 12, -22, -118, 74, -18, 90, 188, -58, -10, 64, -10, 130, 198, 146, 88, 140, -6, 164, 76, 6, 102, 110, 164, -116, -18, -56, -42, -36, -40, 16, -198, -150, -132, 198, 154, -38, -4, -6, -122, 86, -2, -30, -132, 140, 100, 200, -64, 92, 222, 192, 246, -136, 54, 248, -46, 52, 112, -10, 450, 58, -36, -22, 154, -108, 106, 150, 24, 36, -58, -320, -100, -44, -134, -118, 64, 98, -16, 14, 186, 18, 42, -112, 18, -52, -244, 14, -26, 210, 80, -182, 112, -218, -188, 136, -154, -96, 74, 238, -74, 66, -152, -196, -4, 34, -96, 74, 82, -26, 20, -264, 54, 188, 158, -234, 368, 174, 36, 138, -24, -60, -68, -160, 142, -2, -86, -8, 86, -92, 196, -18, -6, -120, -44, -114, 212, 182, -12, -280, 226, -156, -112, 48, 0, 326, 68, 112, 6, 100, 192, -14, -116, -2, 68, -60, -44, -388, 136, -46, -8, -8, -36, 310, 264, -120, -186, -152, -184, -174, -86, 28, 262, 32, 16, -322, 50, 38, -44, -78, 12, 250, -38, -66, -28, 66, 202, -68, -12, 88, 108, -22, -58, -16, 108, 2, -72, 174, 236, 146, -122, 18, 94, 72, -36, 264, 34, 288, -38, 72, 298, 74, -264, -54, 12, 34, -112, -134, 38, -34, -94, -102, -100, 88, -168, 4, 32, 66, -58, -48, 78, 58, 130, -132, -268, 264, 38, 26, -124, -48, 134, 346, -6, 168, 120, 104, -64, 48, -72, 70, -140, -96, 104, 64, 8, 256, -4, 34, -42, -190, 70, 0, -2, 74, -48, 118, -82, 14, 88, -24, 188, 256, -92, 76, -58, -128, -220, 18, 134, 198, -36, -68, 40, 206, -70, -64, 86, -120, 60, 162, 2, 190, -24, 168, 6, -28, -24, -46, 48, 102, 22, -220, -32, -140, 122, -6, 336, 116, -16, -32, 66, -32, 136, -78, 30, -20, -80, 54, 134, -8, -10, 232, 60, -184, 38, -22, 152, 104, -18, 118, 74, 170, 60, 52, 132, -148, 182, 200, 152, 106, 144, 90, 222, 26, 38, -190, 22, -96, 70, 196, -22, 228, -112, 28, -160, 134, -14, 220, 32, 312, -124, 152, -174, 150, -70, 224, -112, -186, 38, -86, -86, -214, 34, -60, -32, -70, -74, 116, -86, -188, 28, 58, 44, -4, 170, -40, 88, -66, -42, 186, 196, 282, -120, -42, -234, 24, 102, -336, 110, 130, 192, 90, 36, -90, -180, -206, -78, 40, -8, -266, 140, -248, 80, 14, 24, 130, 80, -48, -34, 154, -86, 250, -14, -168, 82, 122, -144, -32, -144, -114, -66, -210, 4, -50, -2, 168, -126, 36, 12, 70, -154, 110, 104, -24, -2, -80, 48, 40, 86, 206, -192, 114, -32, -6, 254, -44, 88, 118, 100, -94, -108, -218, 80, 286, 46, 80, 82, -104, 0, 4, -44, -152, 12, -20, 96, 164, 14, -56, -84, -174, 56, -152, -12, -134, -28, 66, 
-76, 76, 166, -96, -48, 16, -8, 2, -288, 184, 74, -76, 108, -14, 74, 212, 66, 72, 152, -180, 100, 102, -174, -130, -108, 52, 46, -122, -26, 18, -14, -8, -158, -4, -14, 90, -232, -114, -134, 44, 170, -134, -84, 92, 46, 128, 124, 140, 44, 70, -98, -88, 362, -4, 36, -144, 132, 34, 286, 88, 190, -8, 100, -80, -198, 26, -126, 266, 108, -192, 112, -28, -54, -52, -284, 56, -150, 36, -88, -192, 256, -2, -90, 68, 248, 152, 118, -136, 118, -16, -38, -38, 30, -120, -120, 134, -40, -2, -170, 70, 132, -46, 84, -220, -10, 212, -110, 44, 124, -156, -116, 324, -22, -134, 96, 84, -124, 106, 30, 108, 80, 22, -160, -14, -30, 162, -106, -202, -102, -58, -128, 20, 52, -246, -48, 148, -62, 74, -196, 242, 158, 156, -56, 56, -116, 164, 52, 250, 256, 84, -194, 4, 234, 158, -72, 394, 54, 72, 134, -296, -124, 52, 306, 40, -26, 142, 254, 86, -100, 92, 100, 320, -158, -164, 52, 166, -80, -414, -176, 206, 78, 86, 198, -18, 228, 96, 32, 50, 44, 124, -144, -144, -36, 176, 104, -4, -64, 96, 126, -84, -44, 102, 58, -110, -158, 40, -58, 110, -178, 52, 178, -274, -164, -112, 54, 42, 0, -56, 16, -80, 204, -250, 62, -94, -290, -104, 2, 36, 152, 44, 168, -12, -34, 66, 118, 232, 14, -32, 96, -8, -2, -62, 116, 20, -46, 34, -160, 146, 226, -166, 150, 118, 42, 28, 78, -254, 158, 8, -104, -10, 66, 38, 56, -90, 156, -30, -30, 84, 50, -188, 68, 4, -54, 154, 210, 44, 22, 16, 14, -188, 26, -114, -148, -132, 74, -72, 6, 8, 46, 32, 362, 70, -56, -238, -48, 140, -40, -198, 124, 58, 94, 174, 22, -96, -22, -302, 130, -236, -22, 18, -38, 110, -182, 54, 150, 184, 4, 140, -96, 180, -256, -26, -20, -104, -42, 150, 208, -28, -116, -16, 30, 6, -10, -24, 142, -128, -82, 228, -8, -24, 136, -156, 36, -18, 34, -62, 118, -82, -40, -34, -146, -8, -96, -208, -82, 24, -152, -48, -62, 68, -134, 32, -68, -118, -58, -186, 132, 36, 58, -50, 28, 52, 88, -332, 152, -38, 204, 38, 64, -208, -62, 12, 108, 48, 52, 214, -24, 94, 244, -106, 104, 178, -94, 72, 184, 56, -42, -66, -90, 38, 132, -46, -20, -378, 44, -118, 258, 20, 206, 190, -72, 266, -104, -80, 76, -144, 120, 178, 234, 120, 140, -80, 134, 444, -18, 72, 36, -78, 66, 34, -66, -20, 152, -140, 268, -104, 168, 102, -34, -44, 62, -72, 42, 16, 34, 208, 16, -2, 28, -48, 48, 60, -22, -162, 418, -58, 60, 10, 256, 74, -2, 108, 196, -110, 30, -126, 202, 80, -66, -94, 30, -134, -50, 192, 170, 108, -72, -162, -52, -106, 4, -50, 42, -52, 82, 188, 66, -4, -202, -226, -10, -62, -52, 76, 94, 132, 188, -38, 118, 60, 
-94, -76, -70, -42, 212, -50, 84, 78, 278, -8, 54, 158, -124, 82, 190, -178, 20, 32, -170, 210, -88, -50, 168, 80, 106, -86, 132, 124, -66, 128, 52, 186, 204, -134, 122, 148, 80, 104, -140, 316, -98, 160, 152, -94, -38, 52, -26, -30, 104, 82, 106, 282, -180, 56, 134, 48, -52, -2, -66, -76, -102, 234, 44, -54, 226, 94, 154, -200, 192, 332, -16, 118, -128, 66, 228, 174, 282, -64, 44, 162, -280, 246, 68, -86, 18, -212, -124, 52, -162, 54, 188, 124, -30, 32, 36, -132, 138, 42, 54, 90, -178, -128, 30, 342, 82, -256, 122, 90, -100, 408, 230, -202, 52, 156, -12, -64, 122, -170, -90, 8, 20, 6, 18, 4, 222, 38, 234, 66, 36, 130, 142, 58, -30, 300, -10, -74, 224, -32, 110, -118, -110, -190, 78, 10, 204, 42, -54, -166, -200, -102, 234, -166, -46, -72, 18, -314, 44, -4, -94, 84, 144, -2, -34, -12, 164, -12, -4, 52, 26, 18, 148, -126, 138, 62, 120, -136, -166, 278, 290, -278, 22, -184, -88, 238, -110, -92, 94, -6, -64, 4, 178, 146, 222, 90, 78, -142, 62, -76, -116, 174, 46, 192, 0, 28, 52, 96, 154, -100, 386, -220, -198, 204, 102, -14, 20, 138, 78, 148, 74, -80, -132, 0, 2, 112, 240, 92, 68, -22, -204, -76, -30, 154, -128, -24, -102, -120, 206, -84, 78, 82, -52, -142, 10, 20, -56, 106, -50, 140, -126, 246, -66, -66, -156, 36, -90, 134, -128, 90, 34, -10, 124, -24, 84, 250, -106, 110, -30, 52, 68, 196, -180, 166, -20, -48, -104, -82, 42, -172, 102, 102, 68, 208, 10, -88, 26, 4, -22, -8, -192, -56, -356, -68, 136, 250, 60, -174, -50, 140, -32, 110, 204, -56, -44, -10, -66, 152, -220, 160, 116, -86, 84, -10, 146, 28, 76, 26, -72, -100, 12, 40, 90, 68, 24, 14, 198, -142, -62, 154, 308, 144, -12, 114, 118, -78, 168, 116, -80, -254, -2, -12, -112, 110, 80, 192, -40, -44, -78, -4, -76, 40, 90, 256, -12, 232, 128, 38, 220, -24, 66, 112, 264, 118, -52, -92, -162, 236, -18, -108, 22, -62, 14, 112, -42, 352, -174, 12, -186, -34, -46, 84, -28, -56, 198, 294, -126, -210, 138, 124, -122, 120, -56, -246, -10, -18, -302, 46, -24, 254, 98, -116, -90, 58, -30, 320, 94, 86, -148, 30, -182, -52, 170, -198, 92, 84, 6, 102, -84, 26, 18, -254, -46, -64, -34, -298, -210, 200, -36, 146, -124, 58, 234, 110, -26, 156, 4, 116, -32, -336, 104, 54, -24, 230, 166, 120, -90, -216, -58, -96, 84, -8, 280, -16, 64, -68, -392, 0, -76, 62, -78, -102, 76, -16, -14, 148, 10, 356, 66, 40, 86, 198, -50, 18, -146, 26, -126, 4, -68, 142, 102, 238, 64, -26, 0, 8, 78, -88, 78, 146, 28, 132, 76, 26, 58, -150, -126, 42, -10, 132, 12, 90, 
6, 102, 216, 144, -224, -10, 50, -118, -184, 22, -92, -158, 78, -26, -158, 330, -24, 140, 348, -342, 34, 110, 40, -120, -166, 322, -40, 96, -120, -254, 70, -166, 0, 94, -54, 136, -150, -154, -2, -292, 148, -134, 20, 128, 148, -190, 158, 138, 146, 110, -34, -254, 230, -4, 104, 172, 110, 126, -182, 126, 138, -180, 28, 22, -238, -90, -112, 238, -222, -106, 54, -182, 40, -86, 40, -50, -142, 88, 14, -100, 192, -176, 36, 22, -82, 48, 68, -98, 166, -14, -188, -50, 142, -46, 68, 106, -82, 76, 28, 78, 140, 38, -164, -108, -138, 224, 8, -252, 160, -390, -166, 238, -32, -80, 58, 228, -76, 248, 88, 66, 124, -88, -176, 36, 76, -74, -34, -40, 36, 46, 84, 70, -14, -66, 176, 126, -288, 44, 22, 304, 80, 188, 82, -78, -106, -20, 46, 200, 208, 16, -162, 30, 318, 232, -216, 270, 86, -252, 252, -94, -160, 62, 152, -72, 44, 204, -128, 194, -66, 2, -34, 210, -84, 16, 20, 182, 340, -40, -158, 86, -230, 206, 8, -194, -24, 76, 100, 78, 48, 222, -118, 8, -252, -40, -42, 14, -132, -24, 106, -246, 10, -46, 8, 264, 58, -104, -284, -24, -292, 82, 184, -96, 126, 148, -116, 6, 88, -34, -158, -40, 164, -74, 30, -192, -14, -82, -52, -32, 58, -4, 408, -160, 166, 126, 134, 4, -142, 122, -48, 18, 156, 122, -112, -26, 40, -214, 112, -156, 102, -200, 112, -32, 28, 42, 36, 16, -164, -96, -34, 144, 60, -92, 92, -164, 178, -12, 166, -126, 110, -22, 126, 40, 76, 116, 118, -28, -32, 170, -6, -8, -36, -158, 44, -18, -22, 58, -192, -34, 14, 302, 318, 114, -198, -122, -108, 326, 26, -114, 86, -36, -144, 222, 170, 8, -44, -72, 94, -82, -72, 226, 22, 56, -44, 90, -32, 108, 142, 210, 36, -202, -158, -116, -58, -44, -318, 36, 10, -130, -234, 46, 94, -42, -22, 186, -182, -48, -8, 18, 36, 24, 48, -134, 82, 136, 198, 32, 280, -12, -104, -90, -242, -48, 6, -2, 40, 2, -96, 88, -14, -22, -94, 2, 182, 122, 180, -176, 28, 244, -76, -110, -36, 90, 196, -262, 82, 32, 112, -48, 52, -60, 40, 126, -80, -142, 60, 280, -178, -72, 58, -36, 130, 138, 122, 14, 328, 18, -74, -260, -204, 76, 234, -134, 162, -240, -84, -32, 172, -10, 96, -12, -58, 178, -122, -116, -6, -124, -86, -248, 82, 330, 284, 60, -118, 282, 6, 108, 66, -108, -116, -218, -180, -140, 16, -68, -42, 28, -66, 278, 34, -48, -96, 98, -252, -32, 102, 90, 120, -22, -174, -126, -220, -16, -4, -14, 200, 28, 20, 150, 104, 2, -98, 90, 120, -214, -18, -42, 178, 16, 286, -230, 104, 102, 72, 32, -74, -42, -86, -94, 162, -238, -172, -142, 70, 2, 222, 64, 100, 38, 36, 4, 126, 0, -2, 222, 178, 50, 32, -116, 150, 92, 
-68, -6, 12, -84, 146, -88, -98, 194, -64, -86, 122, 170, 180, -56, 160, -176, 102, -200, -198, 260, 42, -4, -144, 30, 140, -142, -58, -34, 250, 164, 124, 42, 84, -2, 138, -2, 104, 88, -50, 288, -138, 136, -78, -168, -204, 382, -58, -90, -6, 26, 8, 226, -248, 188, 14, 54, -338, 46, 40, -98, -194, 124, 12, 272, 74, 96, 88, -16, 100, 146, 158, 74, 170, -52, -28, 144, 242, -102, 44, 170, -150, 34, 134, -14, 168, 98, -122, 54, -202, -42, 38, 66, -160, 152, 160, -2, 36, -144, -26, 10, -46, 38, 340, 28, 222, -268, -4, 144, -40, 358, 62, -262, 126, -18, -34, -162, 136, -150, -146, 196, -60, 100, 46, 48, -154, -150, -10, -94, -34, -62, 12, 76, -122, 54, -22, 24, 156, 56, -160, 38, 74, -102, -60, 236, -2, -104, -58, 118, -56, 214, 206, 76, -204, 36, 210, -190, 8, 178, -60, 160, 22, -52, -154, 64, -52, -230, 122, -4, 152, 138, 102, -170, 82, 92, 144, -100, -294, 74, 56, -178, 248, -184, -114, 248, 38, -84, -142, -80, -290, -110, -150, -88, 126, 84, 30, 88, 128, -32, -102, 188, -166, -112, 154, -90, -92, 278, 344, 140, 154, -40, -100, 32, -290, -108, -20, 80, -82, 194, 186, 4, 38, 96, -90, 238, 8, 90, 46, 136, -60, -18, -124, -130, -130, -66, -12, -30, 164, -80, 50, -66, 8, -194, -4, 26, 46, 270, -168, 44, -122, 188, 156, 58, 34, 82, -34, 140, 52, -54, -26, -132, -28, 96, -104, 52, -156, -50, -126, 198, -116, 52, -94, 14, 42, -170, -100, 154, 130, -110, -8, -204, 102, 156, -72, -68, 44, -100, 52, -126, 14, -88, -242, -30, -26, 230, 60, -222, -76, 136, -112, 114, -90, -198, -142, -54, -52, 186, -152, 134, 118, -76, 98, 186, 58, 176, 60, 24, 190, -232, 42, 248, 142, 116, 78, 114, 114, -144, -6, 122, 160, 114, -188, 48, 2, -66, 108, 130, 44, -80, -98, 138, -84, 124, 238, -110, -52, -110, 14, 48, 18, 174, 348, 114, 154, -94, 152, -44, 206, -20, -128, 2, 172, -48, -52, -98, -130, 290, 44, -148, 68, 190, -60, 12, 126, 38, 48, -142, -40, 66, 66, 156, 142, 6, 4, 142, -28, -118, 84, 42, -14, 32, -82, -56, -98, -84, -10, 102, 126, 248, 174, -46, -2, -78, -138, 108, -56, -2, 0, 112, 106, -14, -72, -314, 204, 184, 22, 6, 16, 208, -198, -212, -166, -66, 172, 30, -244, 32, 60, 128, 74, 220, 210, 204, 86, 52, -16, 78, 48, -126, 28, 30, -24, -6, 76, 182, 12, -46, -70, -262, 84, 244, 174, -84, -154, 58, -90, 50, 30, -108, 60, -22, 244, 8, -20, 226, 54, 52, -128, 88, -190, 284, 0, -12, -92, -156, 218, 86, 170, -74, -72, -10, 80, -14, 116, 140, -158, 14, -118, -114, 80, 22, -124, 120, 46, -68, -158, 8, 34, 170, -164, -26, 
-66, -108, 36, 120, -70, -90, -112, 32, 78, -40, 4, 82, -220, 250, -82, 232, -88, 202, 230, -144, 170, 136, 212, -6, 150, 106, 80, -90, -146, -200, -44, 78, 104, -106, -76, -44, 134, 2, 62, -336, 96, -114, 108, 264, 286, -224, 54, 44, 58, 14, -116, -120, -12, -212, 170, 2, 380, 380, 178, 116, 236, -46, -48, -246, -160, -226, 30, -80, 102, 16, -134, 154, -14, -2, -34, -110, -284, 20, -72, -162, 186, 10, 80, 56, -38, -6, -58, -150, 114, 140, -2, -30, 8, -176, 130, -50, 84, 126, -4, 108, 126, 2, -294, 44, -104, 262, 112, 50, 238, -244, 110, 234, 18, 170, 54, 124, 102, 218, 68, 48, 88, 66, -58, 156, 170, 100, 56, 118, 16, -60, -48, -148, -144, 2, -10, 116, 70, 68, 32, 68, -52, 190, 72, -108, -68, 200, -56, 102, 132, -114, -246, -22, 144, 162, -80, 102, 28, -124, 226, -44, 128, -150, 236, 42, 112, 206, 88, 70, 44, -98, -120, 148, -80, -104, -356, 92, 252, 182, -156, -96, -310, 56, 46, -276, 46, 82, 104, 36, 208, 154, 280, 168, 42, 88, -64, 16, -102, 30, 258, -212, 176, 230, -22, 36, 146, -150, -202, 8, -212, 122, 44, 78, 254, 150, 14, -148, 46, -46, 48, 90, -100, 72, 104, -10, 78, -38, -34, 24, 130, 54, 138, 140, 184, 36, -4, 62, -140, 132, 214, -30, 44, 106, -66, 18, 14, -222, 154, -226, 60, -198, -186, 2, 22, -30, 38, -8, 176, 200, 38, 34, -64, -92, 176, 30, 68, -78, 2, -16, 172, -30, 42, -30, -134, 76, 140, -192, -108, 272, 174, 266, -42, -112, -8, -86, 6, 206, -28, 28, -92, 210, 146, 52, 104, -112, -58, 182, 18, -206, 86, 62, 248, 290, 226, -146, 96, -104, 118, -154, -50, 134, -36, -144, -24, -78, -52, -70, -56, -30, -78, 72, -88, 100, -46, -10, -204, 340, -18, -70, -222, 236, 310, 78, 116, 98, -12, -94, -186, -76, 44, 42, 194, -100, -234, 40, 68, 34, 12, 92, -80, -92, -240, -110, -2, 156, -74, 152, -56, 80, 24, -132, -58, -92, 98, 182, 152, -182, -92, 232, -78, -44, -68, 34, -152, -114, 20, 46, 38, -22, 152, 20, 16, -16, 224, 54, 150, 140, -216, 34, 200, -56, 24, -14, 134, -64, 52, 4, -30, -344, 40, -18, -96, -66, -14, 0, -52, 144, -70, 24, -48, -54, 54, 222, -164, -164, -118, -4, -110, -20, 124, 128, 66, 174, -176, -66, 164, -76, -66, -148, 134, 0, -24, -24, 64, 130, 88, -24, 226, 138, 138, -80, 112, 202, 48, -222, 238, 82, 104, 320, 64, -92, 84, 160, 342, -24, 40, 36, -14, -66, -198, 72, -124, 2, 92, -18, 52, -158, 112, -28, 192, -278, 54, 40, 8, -2, -58, -28, -150, 108, -12, 76, -48, -84, -114, -62, 136, 4, 124, 64, -134, 158, -80, -236, 172, 128, 230, 38, -18, -76, 386, 20, 
-52, 130, 68, -14, 158, 82, -8, 2, -256, 18, 186, 28, 310, -32, 208, -64, 52, -82, -154, 162, -6, -86, -210, -50, -102, 62, 100, 230, 216, 0, 44, 182, -36, -42, -42, -30, -150, 78, -44, 186, 74, 148, -106, -304, -162, 68, 50, 36, 26, -46, 112, 66, -160, 136, 96, 74, -92, -152, -66, 2, -192, 180, 2, 66, 38, 230, 64, 116, -26, 90, 136, -160, -10, 266, -24, 152, 268, 228, 184, 32, -246, 12, 38, 132, 122, -50, -168, 260, -26, -104, -8, 96, -20, 74, 110, 132, -30, 18, 44, -82, -60, -62, 162, -148, -60, -148, 12, -40, -16, 188, -86, -138, -140, -28, 92, -208, -86, -94, -156, 54, 56, 80, 254, 68, -186, -32, 62, -136, 176, 56, 230, 16, 12, -46, -52, -88, -98, 38, 146, 48, 282, -172, -32, -50, 98, 24, 88, -122, -78, 188, 172, 62, -126, -166, 152, 82, 194, 208, -56, -74, -142, 192, 34, -22, 94, -118, 62, -120, -98, 96, 162, -132, 178, 360, 196, -68, 18, -98, 56, -128, 226, 98, -176, 200, -156, -84, 40, 56, -246, 76, -108, -26, -158, -26, 160, 84, 102, -60, 14, 62, -188, -96, -334, 78, -4, -84, 88, 34, -40, -120, -48, -242, -28, -94, -30, 78, -58, -94, 40, -226, -90, 78, -40, 124, -52, 196, 40, 198, -52, 12, 8, 6, -102, -4, 72, 98, 96, -200, -124, 164, 38, 38, 170, -38, 50, 146, -264, 16, -192, 52, 202, 40, 14, -16, 8, 66, 38, 56, -14, -160, 78, 86, -148, 40, -174, -130, 126, 62, -42, 28, 208, 14, 128, -38, -146, 352, -146, 102, 4, -104, 74, 146, 20, -10, 4, -150, 46, -40, 102, -120, 36, 14, 262, 108, -126, -84, -16, 94, 88, -252, -40, -226, -42, 8, 90, 176, -124, 148, 90, -156, 176, -54, -48, 420, 76, 276, -14, 36, 86, -18, -10, -56, -62, 70, 162, 74, 92, 280, 312, -318, -250, 94, -98, -138, 122, -10, 84, 136, 44, 40, -136, -40, 190, -78, -184, -28, -62, 14, 54, 148, 296, 384, 146, 2, -66, -82, 162, -100, -114, -50, -82, -24, -238, 38, -130, 206, 182, -190, -34, -6, 32, 0, 68, 174, -158, 80, -86, 178, -76, 86, -54, 154, 48, 154, -42, -30, 148, -56, -102, 292, 38, 50, 98, -100, 48, 106, 84, 200, -104, -60, 22, 116, 96, -26, 36, -8, -88, 66, 128, 204, -150, -174, 220, 178, 190, 148, -38, 176, 86, -154, -16, 20, 212, -58, -94, -98, 118, 72, -40, 102, -44, 184, -60, -112, -34, -34, -82, -4, -110, 146, -40, -54, -94, 120, 150, -46, 160, -134, 6, 158, 70, -78, -126, 130, -16, 8, 122, 200, -10, -16, 130, -228, 118, 22, -26, 136, -116, 94, -30, 82, 244, 20, 66, -26, 232, 78, 104, -116, 156, 172, 2, 94, 132, 106, -36, 152, -90, 30, 158, -144, 84, 242, -276, -220, -54, 94, -30, 134, -96, -168, 
8, 36, -30, 154, -14, 90, -66, 110, 62, -132, -92, 262, -222, 22, 110, 120, -110, -16, 22, -98, -42, 4, 262, 30, 336, -118, -52, -174, 16, 124, -8, -232, 26, 18, -56, -166, 102, 2, -4, -182, -16, 116, 34, 288, 210, -146, 44, 56, 26, 86, -26, -30, -98, -222, 44, -32, 20, 172, 122, -60, -34, -82, 134, -44, -2, -26, -30, -8, -60, -8, -6, 40, 240, -18, 8, -42, -428, -154, -158, 32, 258, -156, -110, -158, -58, 90, 104, -132, -46, 162, 128, -78, -62, 70, -94, 28, 24, 202, -130, -42, 48, 100, -6, 106, 66, 178, -74, 50, -30, -192, 196, 218, 68, 40, 64, 76, 42, 102, 286, -8, -118, -52, -282, -134, 292, 156, 66, 56, -250, -14, -104, -148, 64, 290, 92, 166, 156, -32, -50, -66, -100, 0, -52, -112, 172, -46, -62, 82, -94, -36, -168, -52, -6, 176, -88, 18, 56, -62, 76, 16, 130, -68, 6, -26, -44, 234, -150, 120, 62, 52, -286, 262, 16, -262, -198, 144, 40, -50, 20, 220, -250, 88, 224, -112, 298, 32, 108, -22, 138, -2, 56, -132, 224, 72, -118, -126, 70, 34, 114, 68, 132, 104, 40, 4, 100, 34, -86, 52, -70, 84, 26, 218, 98, 220, 74, -176, -56, 20, 98, 106, 264, -56, 270, 10, 146, -68, 82, -16, 44, -84, -52, 82, 190, 36, -224, -58, 26, -8, 16, -12, 90, -4, 18, 4, 0, -152, 182, -44, 40, 14, -8, -74, -26, 108, 72, 52, 146, -92, 72, 120, -148, -16, 170, 42, 118, 198, 16, 72, 50, -142, -132, 116, -138, -226, 62, -114, 48, 24, 138, 64, 8, -130, -64, -54, 104, 164, -158, -38, 6, -14, 188, -72, 42, -80, 82, 48, 134, 112, -92, 442, 172, 266, 182, -42, -26, -26, 138, -70, 10, 148, -56, 78, 90, -268, -92, -158, -18, 130, 28, 134, -12, -112, 134, 44, -78, -330, 50, -134, -330, 240, 204, -64, 168, 62, 80, 4, 66, 64, 82, 54, 18, 250, -142, -46, 94, 80, 156, 40, -232, -64, -114, -246, -56, 8, 284, 62, -162, 70, 102, 14, 72, 108, 304, -106, 66, -156, -6, 138, 68, 82, -86, 214, 46, -242, 62, -148, 148, -80, -36, 92, -104, 46, 2, -108, -32, -126, -40, 4, 134, -110, 42, -232, 170, 32, -100, -94, 298, -130, 78, 160, 162, -116, 112, 108, -36, 144, 224, -82, 94, -308, 196, 78, -14, -66, -154, 172, 208, -142, -38, 18, 106, 202, -254, 134, 300, 112, 32, -132, 16, -170, 290, -20, -176, -62, 178, 116, 96, 12, -50, -34, -44, -138, 186, -120, -292, -80, -114, 132, -12, -166, 80, 114, 116, 14, 6, 108, 10, -26, -80, 46, -94, 314, 8, 150, -82, -172, 138, -46, 220, -10, -106, -20, 26, 68, -220, -86, -120, -130, -16, -216, 50, -44, -36, 158, 158, 56, 54, 90, 72, 132, -66, -84, 312, 288, -4, -22, -32, -180, 78, 106, 
146, 90, 268, -218, 158, -194, 212, -32, -156, 224, 230, -112, 184, 130, 112, -86, -62, 220, 58, 72, 148, -20, -220, -56, -148, 56, 144, 132, -68, -14, -48, 112, 22, 48, -106, 228, -98, -108, 252, 202, 48, -18, -34, -152, -106, -6, -66, -12, -34, 80, -60, 22, 98, 262, 56, 96, -126, -112, -64, -12, 78, 194, -70, -78, 84, -136, 168, 62, -8, 32, -54, 132, -202, 66, 52, 180, 346, 32, 96, 170, -56, 2, -48, 318, 104, -68, 18, 90, 44, -104, 72, -178, -40, 74, 4, -2, 84, -204, 66, 102, 20, 2, -166, -88, 16, -32, -8, 92, 164, 114, -148, -130, 72, 50, 206, 0, -74, -26, -86, 34, 76, -50, 168, 190, -90, 32, 32, -130, 90, 32, 188, 258, -12, -10, 16, 2, -80, -90, 64, 144, 82, -70, 60, 82, -98, -8, 28, 0, 114, 176, 80, -128, 18, -16, -28, 88, -28, 22, -42, 278, 148, -118, -116, 120, 46, -96, 154, -110, 50, -40, 358, -238, 252, -24, 102, -108, -34, -118, -120, -108, 52, 18, 52, 62, -86, -14, -58, 68, -18, -44, -6, 136, 84, -62, 182, 50, -174, -4, 14, -30, -132, 70, 90, 80, 100, -24, 150, -118, 70, 36, 154, -238, 98, -376, -52, 172, 172, -148, 12, -46, -90, 110, -144, -136, -86, 56, -208, 90, 42, 32, -58, 92, -82, -30, 168, -22, -90, 52, 36, 36, 18, -210, 34, 76, 136, 102, -70, 12, -50, -206, -86, 200, 122, -76, 20, 90, -84, 70, 16, -200, -12, 154, -26, 426, -94, -210, -42, 26, -80, 24, 156, -132, 24, 124, -78, 160, -104, 124, 8, 118, 186, 182, 0, 44, 372, -112, 46, 18, -4, 190, -4, 146, 10, 120, -176, -24, -104, -74, -14, -188, -188, -88, 30, -14, -62, 4, 94, 222, 58, -182, 214, -6, -114, 162, 192, 136, 32, -114, -14, -20, 24, 110, -70, -26, 18, 54, 52, 82, 306, -64, -158, 192, -118, -54, -76, 90, -48, -30, -22, 104, 48, -360, 154, 68, 142, 70, 12, 76, 74, 112, 184, 320, -10, 108, -190, -62, 370, 210, 6, 50, 44, -66, -188, 108, -156, 36, 116, 22, -42, 68, 44, -118, 50, 230, 14, 138, -12, -16, 92, -90, 102, 90, -64, 36, -46, 84, 88, -42, 46, 162, 26, 250, 122, 172, 86, 10, 44, -8, -96, -64, -170, -50, -54, 92, 50, -146, -232, 142, -126, 316, 56, 22, 152, 2, 224, -140, -134, -36, -22, 20, -6, -58, 92, -44, -242, -26, 112, 140, 166, 112, -84, -54, -88, -48, -190, -40, -166, 222, 100, -32, 148, 14, -162, 110, 132, 12, 146, -84, -116, 154, -68, 68, 114, 8, 32, -164, 60, 140, 90, -94, 114, -218, -102, 4, 140, 34, 10, 56, -108, 30, -14, 42, 102, 218, 146, 62, 60, 138, -76, 58, 42, -20, -78, 54, 2, -70, 0, 16, 348, 6, 158, 60, -132, -176, 186, -142, 12, -66, 136, -22, 
-44, 194, -138, 150, -18, 104, -88, 90, 226, -28, -156, 100, -48, -54, -132, 106, 330, -174, -56, 36, -240, -88, 170, 30, -16, -158, 18, 16, 32, -36, 158, -68, 138, -16, 158, -376, 142, 202, -170, 48, 34, -104, 244, 118, 64, -112, 120, 0, -94, 40, 40, 56, -102, -96, -24, -32, -52, 38, 84, 18, -14, -38, 0, 108, 34, 198, -204, 108, 188, -8, 186, 44, 186, -66, -56, -84, -164, 24, 76, -58, 80, -280, 78, -228, -222, 142, 30, 34, -16, 74, -36, 66, 2, 40, -142, 64, 110, 90, -68, 14, -4, 88, 78, 184, 158, 36, -26, 18, -160, 12, 132, 170, 72, -102, 112, -150, 14, 116, -24, 34, 110, 72, 4, 42, 24, 12, 144, 46, 54, 40, -102, -250, -104, 14, 116, -16, 64, 24, -158, -120, 4, 36, -78, 60, 280, 192, 2, -60, 28, 8, -18, 158, -74, 78, -14, -184, 252, -78, -74, -210, -136, 190, 124, -104, -58, -12, -58, 206, -98, -26, -258, 262, -162, -62, -50, 80, 186, 296, 76, 16, -76, -136, -124, -108, 198, 54, 106, 96, 80, 2, -128, -8, -86, 8, -12, -96, -80, 54, 10, -76, 102, 2, -224, -72, -96, 22, 18, 182, 50, 108, -268, -14, -186, 360, 100, -112, -92, -8, 136, 32, 102, 28, 162, 166, -4, 62, 214, 124, -76, -36, 100, 0, 66, 150, -104, 66, 16, 4, 56, 100, -36, 54, 4, -108, -168, -252, 48, 30, -64, 24, 104, -184, 62, 26, 188, 84, 178, -32, 60, 262, 32, -256, 210, -168, 136, -12, 58, 86, 172, -86, 10, 248, 14, 46, 82, -86, 238, -128, 66, -154, -106, -160, 236, -62, -210, 112, -74, 144, 184, -112, 14, 48, -34, -136, 192, -74, 40, -20, -8, 46, 198, 162, 10, -56, 4, 52, 8, 110, -204, 212, -48, 66, 90, -136, -140, 194, -104, 52, 216, 22, 78, -148, -90, 52, -18, 102, 76, 98, -156, -150, 82, -34, 132, 104, -128, 140, 150, 74, -212, 72, 4, 166, -118, 56, -64, 156, 138, -16, -28, -20, -94, -242, 192, -12, 102, 28, -246, -74, -32, 82, 74, -4, 104, -12, 30, -54, -82, 130, 92, -14, -92, 152, -156, -286, 108, -116, -20, -12, 40, 170, 164, -106, -12, 70, 140, -106, -56, 196, 222, -126, 36, -102, 62, -38, -92, 102, -28, 44, 128, 36, 54, 48, 120, 130, -188, 132, 240, -156, 72, -208, 142, -20, -14, -96, -134, 22, 150, -6, 10, -28, 48, 76, -56, 0, 80, -10, -226, 84, -10, -160, 56, 10, -32, 108, 98, -64, 110, -102, -148, -86, -174, -56, -22, -108, -70, -148, -78, -116, 438, -6, 38, -190, -132, 54, -74, 128, 94, -76, -34, 20, -150, 232, 64, 100, -112, 98, -52, -128, 110, -66, 102, 36, 16, -134, -196, -214, 134, -64, 100, 110, 130, 104, 156, 88, 90, 226, -36, 86, -204, 306, -74, -76, 204, 160, -228, 8, 48, 148, -134, -32, 
46, -80, 66, -52, 60, 40, 144, -130, 0, -10, 222, -206, 162, 140, 206, 26, -226, 164, 154, 30, 76, 256, -174, 62, 60, 48, -2, 232, -170, -38, -238, 218, -170, 210, -90, 192, -12, -148, 300, -58, -264, 92, -142, -116, -14, 24, -72, -84, 148, 76, -14, 34, -30, 208, 82, 86, 20, -100, -52, -26, 18, 0, -136, 146, 190, -174, 370, -140, 10, 80, 6, -22, 16, 100, -10, 198, 56, -286, -310, 52, 136, 138, -60, 230, 26, 182, 114, 86, -88, 34, 102, 22, -16, 90, 74, -172, 0, -122, 74, -8, 10, -12, 108, -176, 38, 96, 220, -48, 174, -220, -150, 2, -22, 66, 42, 58, -42, -54, 248, 24, -118, 130, -166, 100, -90, -22, -182, 86, -66, 174, 204, 16, -20, 142, 68, 6, -80, 116, 228, 114, -52, -30, 154, 162, -338, -172, 42, 24, -10, 224, -30, -252, -172, -52, 26, 4, -28, 44, -54, -28, 64, -14, -156, 76, 212, 22, -94, -78, 54, -22, 384, -280, 228, 86, 30, 12, 8, -78, 24, 118, 102, 86, 60, 126, -318, -58, -110, 196, -58, 168, 262, -54, -166, 84, -96, -140, 40, 130, 28, 116, -42, 6, 38, 210, -6, -122, -60, -332, 230, 64, 352, -24, 154, -194, -28, 160, 30, -40, -100, -98, -138, -84, -150, -252, 18, 72, -256, 12, -28, 138, -12, 12, 30, -82, 46, 52, 62, -86, -74, -110, 78, 118, 30, 108, 192, 76, -146, 0, 132, -94, 80, 242, 2, 70, -84, -232, -4, -92, -24, -180, -190, 236, -212, 184, -30, 48, -12, -76, -64, 66, 52, -294, 38, -78, 16, 20, -234, 34, -52, 132, 68, 204, -98, 138, 282, -56, 212, -144, 36, 154, -10, -72, -72, 158, 6, 2, 70, -42, 68, 122, -46, -152, 160, -64, -40, 8, 142, -108, 152, -194, 40, -156, 52, 64, 280, -44, 322, -60, -126, -86, 70, 446, 74, -128, -100, -222, -80, -22, 212, 154, 42, 238, -322, -118, 0, -52, -100, -22, 94, -182, 156, -28, 74, -36, 210, -216, 30, -58, 112, 92, 188, -6, -86, 188, 4, -52, 232, 228, 90, -30, -218, 98, -126, -32, -28, -236, -44, 64, -40, 28, -186, 120, 202, 320, -150, 8, 96, -106, -190, -38, 40, 276, -52, -130, -206, 268, 186, -42, -30, 164, 44, 28, -56, -2, -10, -10, 178, 116, -2, -106, -82, -4, -96, 68, 36, -198, -52, 218, 50, 94, 34, 190, 22, 206, -2, 176, -202, 78, 104, 32, 88, -46, 38, 160, -76, 64, 134, -80, -46, -24, 48, -36, 118, -132, 6, 120, -140, 44, 180, -2, 260, 174, -32, -66, 184, 156, 182, 142, -350, -22, 12, 132, 70, 122, 64, -250, -6, 148, 72, -28, 108, -214, 86, 14, 58, 4, 6, 2, -122, -68, -74, 30, -68, 292, 58, 128, 94, -62, -84, -22, -50, 148, -228, -76, -104, 36, -164, -246, 308, -224, 46, 28, -4, -72, 226, -18, -124, -222, 66, 156, 
0, 146, 10, -86, -44, -246, -96, -28, -130, -146, -28, 284, -252, -212, -276, -14, 220, 56, -24, -112, -50, -192, 36, 94, -134, 84, 192, -272, 122, 76, 100, -280, 304, -270, -90, -98, 110, 98, -120, -22, 200, 224, 256, 140, 72, 60, 46, 168, 36, -2, -10, 46, 116, -112, 38, -132, 0, 14, -20, 54, -64, 70, 198, -184, -10, 210, -282, 84, -54, 16, -36, -62, 84, -142, -10, -138, 28, 192, 358, -56, -142, -132, -8, -108, 28, -60, -70, -58, -38, 190, 228, 80, -56, -164, -8, 28, 80, 158, -174, 112, 218, -206, 26, 176, -82, 48, -82, -86, -76, 112, -22, -114, -140, 94, -68, 48, 172, 52, 20, 54, 208, -114, -130, 56, -110, 66, 68, -126, 140, 16, -130, 170, 160, -186, 18, 80, 104, -156, -140, -28, 34, 4, -16, -182, 290, 266, -18, -102, 146, 40, 46, 232, 92, -80, 36, -30, 28, -110, -20, 92, -16, 32, 210, -80, -38, 60, 182, 218, -8, 24, -206, 174, -326, 6, -12, 104, 64, 126, -50, -44, 36, 66, 40, -82, 308, 66, 120, -150, 92, 6, -176, 76, 88, 22, 182, -18, -62, -40, 28, 18, -34, -88, -66, -150, 236, -128, 88, 264, -242, 20, -182, 60, -142, 168, 70, -172, 0, -50, 152, 150, 154, -36, 56, 188, -50, -140, 192, 142, 76, 2, 80, 76, 186, 98, -72, -32, -216, -36, 80, 170, 192, -46, -50, -72, -246, 88, -42, 62, -18, 198, -64, -238, 50, -64, -72, 278, 76, 108, 160, 242, 178, -60, 258, -56, -10, 228, -66, -100, -38, 0, 30, 190, -32, 68, -38, 38, 208, -40, 82, 74, 62, -340, 128, -148, -210, 82, 14, -40, -18, 48, -250, 136, -12, -182, 46, -96, -4, 2, 100, -78, 60, 256, -130, -38, 138, -82, -146, 34, 154, 346, 52, 222, 172, 38, -164, 56, 30, 140, 96, 14, -38, -260, -242, 70, 84, 76, 78, 18, -180, 38, 46, -304, 326, -32, 92, 64, 64, 140, -34, 56, 14, -54, -158, 34, -82, 186, 34, -48, -118, 2, -56, 44, 28, -302, 82, 18, -106, -188, -144, -20, 228, -142, 158, 44, 194, 66, 206, 48, 238, -46, 160, -40, -108, -106, 62, 34, 104, 94, 132, 206, -30, -8, 22, 126, 284, -56, 14, 78, 164, 0, 142, -34, 4, -2, -72, 256, -76, 52, 90, -6, 96, 58, 128, 26, -40, 188, 316, -152, -28, -88, -58, -262, -104, -266, -44, -82, 36, -136, -58, -94, 42, 188, -234, -120, 98, 32, -66, 12, -32, -192, -88, 44, 98, 94, 216, -190, 280, -88, -24, -38, -218, -102, 194, -96, -358, -28, 108, -72, 114, -30, 2, -190, 48, -4, -230, 80, -44, 30, 102, 30, -82, 198, -24, 100, 172, 110, 44, 54, 58, 104, -48, -176, -58, -182, 8, -94, 20, 194, 158, 170, -138, 12, 102, 86, 24, -16, 122, 60, -218, 258, 2, 194, 2, -4, -12, -58, 68, 146, -80, -82, 
42, -206, 180, 172, 92, 238, 70, 168, 106, 86, -130, -382, 114, 18, 238, -28, 0, 46, -18, 38, 52, 202, -58, 26, 148, -118, 104, 208, -84, -46, -42, 82, -174, 200, -66, 154, 62, -66, 22, 38, -146, 112, -272, -28, 2, -180, 54, -258, 40, -62, 108, -52, 90, 196, 84, 264, -110, 38, -136, -76, -80, -124, -254, 40, 8, -110, 332, -54, 72, -42, 130, 50, 46, 124, 66, -28, 52, -84, -414, -78, 164, 50, 0, 154, -114, 202, 88, 86, 4, -150, -238, -72, 186, 208, 58, 118, 60, -136, 56, -94, -304, 94, -26, -68, -58, -38, 24, 158, 272, -88, -146, -26, 70, -198, -142, -74, -132, -86, -20, -152, -94, 86, 82, 40, 12, -86, 144, 68, -192, 142, 32, 10, -50, -32, 48, -8, -144, 90, 252, 48, -102, 60, -52, 194, -150, -162, 38, -42, 152, -108, -104, -76, -134, 70, -168, 64, 152, 86, 138, 68, 214, 56, -352, -36, 236, -76, 4, -52, 42, -138, 142, 38, 258, 14, 4, -16, 60, -128, -46, 78, 106, 126, 54, 8, -194, 0, 56, 216, -26, -30, -82, -72, -26, 0, -220, 284, 30, 28, -98, -12, 146, 64, 138, -18, -164, 174, 46, -124, 200, 28, 314, 62, 158, -188, -134, 98, -52, 48, -14, -200, -50, 86, 28, -154, -124, 70, -164, -188, -82, -64, 6, -14, -96, -120, 14, -188, 128, 38, -158, -76, 90, 0, -60, 128, 200, -214, 154, 30, -50, -10, 18, 182, 40, 40, 186, -200, 76, -184, 200, 6, -28, 100, -96, 34, 72, 146, -10, -88, -30, 146, -52, -100, 70, 92, 236, -122, -60, 134, -36, 16, -4, 120, -50, 188, 62, 242, 192, -26, 168, 136, 126, 44, 118, 196, -42, 94, 136, 18, -114, 36, -118, -22, -22, 118, 14, 84, 176, 16, 4, -200, 110, -66, -170, 0, 96, -108, 100, 30, -20, -36, 158, 166, -6, -12, -178, 148, 22, 32, 108, -96, 56, 304, -216, 78, -90, 26, -64, -42, 12, -56, -28, 160, 216, -162, 162, 74, 78, 106, -20, 88, -148, 76, -124, 212, -166, 22, 240, 50, 244, 130, -100, 52, 52, 230, -134, 42, -92, -144, -342, -26, -132, 122, 38, 100, -198, 148, 62, -114, -50, -24, 144, 96, 90, -30, -86, 82, 18, 20, -154, 28, 102, 244, 16, -36, 66, -264, 134, -38, 98, 174, 10, 134, -106, -36, 126, 40, -300, 200, 36, 162, 132, 312, -150, 150, 192, 138, 0, 174, 170, 104, 116, 20, 306, -32, -40, 112, -118, 70, 250, 186, 128, -112, -128, 56, -210, -16, -236, 52, 152, 96, 160, 8, -22, -32, 154, 12, -198, -12, -266, 162, 84, 146, -34, 46, 192, -84, 98, 132, -70, 10, 228, -132, -96, -190, 38, -122, 128, -120, -114, 12, 54, 198, -86, 36, 28, 298, 190, -42, 14, -74, 58, 34, -80, 8, 54, -180, 108, -24, 200, -170, 16, -54, -88, 120, -20, 142, 114, -82, 22, 178, 
-40, 126, -16, -86, -38, -168, 52, 98, 30, 122, -158, 388, -132, 18, -306, 74, 12, 376, 172, -72, 84, -82, -64, 18, -12, -22, 112, 130, 280, 104, -6, -226, 276, -298, -124, -220, -40, 256, 32, 26, 40, 98, 262, 300, -16, 176, -104, 80, 20, 10, -110, -66, 56, -8, -122, -66, 58, 112, 144, -88, 60, 106, 218, 38, 102, 118, -228, 16, -142, 234, -272, 26, -8, -172, 30, -86, 390, 46, 222, 104, -44, 20, 82, -52, 40, -192, -38, -66, -26, -10, 88, 28, -60, -306, 14, -122, -98, 288, -88, -134, 162, -50, 4, 158, 180, -92, -132, 82, -168, -30, 44, 74, 176, 156, 36, -70, 130, 140, 232, -88, -72, -18, -44, -12, -66, 142, -184, 94, 270, -194, -168, -78, -30, -60, -80, -76, 160, -32, -166, -30, 42, 56, -32, 48, 198, 286, -122, 8, -114, -92, -136, -86, -30, -42, 32, 80, -168, -130, 44, 2, -292, 192, 146, -100, -132, 44, 52, -84, -196, 284, 24, 90, -130, -98, -250, -14, 54, 158, 112, -64, -28, -14, -42, 62, 212, 22, 90, -82, -94, 110, 136, 166, 78, -48, 14, -92, -68, -8, 132, -74, -106, 70, 10, 176, 274, -170, -132, 144, -212, -190, 50, -66, -32, 112, 214, -124, 26, -172, 30, 290, -190, 82, -64, 178, 230, -186, 24, 156, 12, 12, -24, 108, 70, 164, -200, 240, -4, 20, 68, -100, 192, -74, 78, 186, -216, 60, 0, 238, 110, -32, 72, -94, 86, 50, -238, 168, -10, 52, -160, -42, 92, 52, 210, -144, 42, 16, -78, 204, 124, -162, 80, 232, -180, -10, -158, 36, 42, -54, -42, -124, 18, 32, 8, -152, -170, -112, -110, -102, -256, -100, -126, -66, -24, -166, 42, -268, -214, 2, 76, -232, 94, 128, 28, 6, 82, 8, -96, 42, 32, 194, -34, 66, 34, 158, -90, 136, -16, -58, 102, -4, -120, -110, 16, 182, 86, -88, -24, -2, 20, -20, -38, -310, 356, 10, 38, 20, 148, 160, 144, 14, 6, -114, 66, 60, 6, 0, -92, -92, 40, -172, -32, 72, 98, -94, 52, -12, -214, -80, -162, -70, 118, -74, 122, -122, 92, 56, 158, 188, 180, 98, 10, -98, -180, -182, 164, 174, -92, 102, -46, 62, 28, 28, -18, 84, 120, -16, -82, 88, 92, 14, 126, -126, -74, 182, 120, 128, 38, 52, 34, -106, 32, -70, 178, 122, -54, 80, 184, -82, 16, -146, -44, -110, 374, -278, -62, 94, -32, -68, -190, -128, -82, 190, -198, -4, 60, -62, 128, -208, -150, -62, -14, 130, 332, -40, 134, 104, 68, 92, 94, 36, -170, 160, 12, 132, -42, 40, 214, 12, 252, 34, 42, -276, -22, -52, -14, 108, -126, 226, 44, 118, -48, 220, 238, 54, 0, 56, -154, 140, 10, 100, -158, -142, 122, -130, 4, -72, -98, 68, 8, 22, 18, 52, -172, 144, 14, 146, 58, 26, -174, 316, -20, -96, -198, 0, 96, -50, 2, -30, -40, -52, 
-106, -96, 90, 92, -128, 282, -84, -48, 60, -58, 72, -352, 184, -124, 36, 50, 82, -464, -58, 88, -34, 98, 100, 78, 96, 102, -136, -52, -140, 14, -70, 88, -96, 206, 88, 226, 14, -122, 20, 172, 130, 24, -108, -380, 74, -282, 130, -92, 30, 36, 192, -96, -42, 130, 134, 122, 6, 78, -116, 210, 60, -100, 78, 150, 8, -150, 188, -100, 256, -150, 280, -96, -118, 158, 140, 106, -110, -44, -66, 210, 106, -32, -26, -84, -40, 378, -130, 60, 184, -98, 24, -220, 122, 202, 74, -94, 124, -314, 108, 256, -198, 10, 10, -66, -44, 28, 164, -12, 240, 52, 22, -12, -34, 96, -42, 82, -100, -284, -86, 306, 228, 110, -38, 26, -46, -32, 126, 74, -82, 74, 62, 172, 72, 176, -98, -20, -136, 16, 228, 32, -88, -22, 174, -66, -18, -172, 88, 22, 220, -76, 236, 78, -104, 190, 58, -112, 132, 106, -72, -38, 248, -168, -138, 146, 134, -18, -78, 186, 220, -182, -110, -52, 316, 4, 216, 22, -100, -60, -132, -86, 38, -110, 110, -62, -66, -158, -58, 122, -62, 62, -196, 6, -72, 88, 136, 52, 64, -28, -214, -6, -114, -26, -4, 132, -218, 92, 30, -260, 126, 30, -36, -52, 44, -66, -172, 20, -40, 10, 48, -154, 164, -32, 20, -338, -10, 230, -196, -168, 22, -12, 108, -164, 126, -56, 168, 54, -60, 38, 48, 112, -190, 142, 56, 20, 92, -102, -66, 176, -110, 16, -90, -86, 166, 24, 286, -34, 30, 24, 62, 90, 120, 32, -20, 76, -72, 60, 196, -196, -8, 84, -74, -200, -26, 22, 30, 234, -54, 184, 30, 6, -82, 108, 164, 30, 78, 204, 22, 164, 8, 50, 102, 4, 24, 228, -172, 214, 32, 96, 144, 172, -246, -146, -80, 116, 18, 134, 176, 12, 6, -164, 34, -34, -34, -148, -38, -184, -12, -10, 18, 168, 86, -152, 100, -288, -30, 88, -22, -74, -66, 72, 170, 242, -378, -4, 172, -114, -10, -102, -162, 96, -42, 18, 22, -6, 64, 130, 188, 98, -72, 142, -38, -132, 160, 48, 6, 120, 26, 192, 324, 162, -142, -62, 12, 296, -92, -122, -172, 114, 36, 22, 214, 152, -16, -132, -140, 48, 78, 90, 112, -76, 160, -28, -58, -12, 36, 120, 154, 78, 150, 92, -94, 214, -68, -256, -94, -100, -6, -108, -14, 106, -4, 126, -104, 24, 10, -90, -124, 64, 142, -48, 136, 260, -212, 68, 130, 176, 8, 32, 258, 104, 226, -94, 150, 180, 222, 4, -170, 42, 122, 126, 66, 138, -46, 100, -110, -234, -102, 122, -30, -76, 160, 28, 24, -130, 42, 52, -138, -100, -118, 40, 80, 340, -72, 120, 220, 26, 166, -44, -84, -8, -36, -8, -44, 100, 8, -18, 40, -40, -110, 120, 130, 78, -16, 82, 162, -80, -18, 104, 258, 94, 100, -60, 210, -98, 82, 94, -270, 34, 64, -222, -206, 80, 124, 10, -160, -56, 102, 72, 44, 84, 
112, 60, 94, 96, 90, -146, -8, 158, 50, 14, -102, 152, -64, 74, 114, -2, 50, 312, 86, -110, -72, -30, -60, -156, 82, 12, 78, -40, 8, -100, 82, 192, 250, -144, -78, 0, 36, 128, 62, -84, -56, -18, 162, 314, -34, 198, -60, 184, 162, 48, 80, 12, -86, -104, -10, 14, 180, -70, 72, -110, -36, 116, -194, -76, -152, 200, -224, 86, 86, 188, -62, 68, 156, -114, -156, -118, -54, 152, 180, -184, -118, -10, 178, 118, 60, -364, 174, -200, 96, -8, -96, 318, -26, -88, -102, 0, 4, 292, -252, -84, 110, -80, 170, 146, 162, 138, -174, -22, -188, -8, 142, 116, 140, 84, 188, -118, -38, -14, 88, -4, -82, 56, 152, -84, -28, 184, -64, 8, 22, -66, 30, 50, -168, -46, -156, 100, 216, 126, -84, 64, -60, 178, -128, 34, -84, 126, -38, 166, -180, 200, -168, 0, 22, -132, -54, 190, 46, -106, 92, 102, -216, -120, 60, -98, -26, 280, -72, -4, -240, 146, 48, 146, -242, -132, -248, -104, 4, -134, 128, 142, 22, 32, -162, 156, 82, -2, 134, -80, 150, -72, 214, 76, -28, 54, 48, 40, -56, -172, 304, -58, 492, 48, 8, -56, 192, 90, -154, 310, -192, -144, 108, -8, -120, 154, -34, 176, 44, -186, 68, 162, -46, 172, -2, 242, -54, -290, 82, -78, -2, -76, -36, 174, 124, 154, -310, -60, -52, 14, 96, -130, 160, 72, 84, -106, -36, -42, -236, -136, 154, -2, 42, 236, 18, 116, -82, 108, -76, 62, -106, -176, 100, 70, -6, -66, 236, -72, -124, 322, -14, -8, 112, 174, 60, 24, -100, -282, 10, -150, -28, 0, 108, 28, -82, -38, -206, -158, 76, -108, -12, -76, -44, 74, -56, -86, 64, -130, 106, -144, -32, -88, 204, 214, 112, -12, -68, -20, -108, -52, 100, 136, -2, -84, 98, 80, 218, 120, 124, 112, 16, 2, -8, 278, -48, 60, 0, -74, 56, 108, 108, 72, -88, -28, 314, 16, 40, 284, 136, 40, -22, 64, 60, -36, 6, -4, -18, -66, -260, 108, 194, 0, 266, 222, -74, 2, 126, -82, 98, -4, -82, 90, 244, 80, -204, -324, 110, 20, 272, 104, 52, 230, -18, -86, -170, -28, 16, -74, 174, 150, -48, 124, -230, 20, 16, -38, 52, -116, -124, 178, -68, -72, 62, -24, 186, 192, 262, 262, -120, 96, -44, 46, -142, -54, 146, 144, -110, 56, 212, -68, -26, 130, -186, -186, 384, -14, 80, -40, 106, -32, -204, -326, -60, -4, -24, -28, -2, 34, 30, 2, 72, -188, 22, -292, 22, 96, 154, 328, -60, -204, 16, -56, -242, 2, -86, 62, 92, -38, -10, 86, 116, 44, -60, -266, -8, -10, 18, 230, -146, 84, 150, 20, 56, -54, 44, 104, -114, 106, -148, 156, 160, 22, 34, -162, -14, 32, -204, -206, -22, -160, -234, 148, -50, 34, -198, 54, 114, 82, 326, -12, -24, 240, 36, 82, -18, 46, -116, 312, -160, 54, -2, -156, 
16, 42, 120, 78, -44, 250, 44, -34, 12, 164, 110, -8, 46, 48, -14, 98, -48, -56, -34, 184, 50, 44, 22, 86, -112, 226, 134, -50, -10, 110, -156, -104, -186, 234, 160, -76, 38, 40, 286, 190, 100, 72, -84, -186, -36, -126, 228, 10, 14, 38, 24, 78, -98, 54, -102, -22, -174, 80, -58, 240, 46, 48, 108, 168, -102, -10, 252, -64, 134, -118, 134, 168, 16, -4, 4, 82, 146, -70, -88, 206, -18, 86, -136, -92, -92, 156, -134, 134, -156, 46, 24, -22, 206, 248, 230, -108, -60, -230, 160, 18, 62, 140, -270, -146, -80, 20, 176, 68, 110, 8, -70, -246, -36, 20, -76, 82, 42, -178, 86, 128, 218, 0, 14, 248, 210, -12, 54, 168, 342, 26, 30, -46, 208, 72, 212, -44, -164, -94, 178, -12, 114, -220, 88, 136, -58, -182, 120, -4, -6, -178, -14, -4, 6, 94, 112, 2, 98, 230, -110, -290, 260, 96, -20, 28, 114, -4, 38, 146, 178, -182, 8, -6, -90, 30, -18, 42, 180, 216, -216, 10, -44, 166, 240, -32, -84, 92, -206, 58, -64, 44, -166, 74, -6, -70, 2, -58, 32, 66, -108, -60, -166, -26, -4, 52, -128, 12, 92, -68, 244, 200, -204, 26, 78, -156, 188, -92, -106, 28, 98, -272, 22, -174, -38, -174, 182, 404, 142, 132, -54, 198, -108, -104, 66, 124, 76, 110, 172, 156, 44, 146, -260, 60, -116, 46, -78, -18, 82, 204, -58, 28, -88, 14, 76, -182, 90, -152, -10, 12, 276, 178, -112, -36, -106, 68, -222, -28, 98, -156, 54, -94, -158, -72, 98, 212, 190, 238, 66, 164, -28, 282, -20, 162, 46, 32, 258, 8, 50, -32, 154, 136, 116, -48, -124, 64, -68, 118, -72, -22, 82, 138, -160, -158, 0, 28, 226, -150, 170, 122, -86, 70, -60, 38, -40, -224, -146, -90, -54, 30, -94, -168, 30, -124, 60, 6, 154, 0, -22, 106, 22, 10, 256, -100, -112, -34, -36, -188, 38, -140, 86, 6, -252, 112, -60, 72, 240, -28, 154, 52, 26, -60, -114, -118, 164, 136, -190, 140, 178, 130, 60, 66, 12, 18, 202, 186, 70, -174, -256, -42, 58, -104, 106, -98, 46, -12, -32, 168, -138, -48, 212, -76, 386, -90, -134, 96, 100, -62, 278, -144, 216, 102, 64, -12, 24, -92, -134, -350, 66, -26, -44, 50, 166, 142, -48, -78, 132, -186, -20, 162, -68, 158, 168, -16, -204, 42, -76, 86, -22, 0, 230, 238, 196, 96, -26, -96, 16, 270, 56, -86, -92, 238, 144, 152, 128, -44, -46, -302, -12, -84, -2, -80, 204, 36, -16, 28, -40, -22, -22, -56, 46, -170, 62, 260, 78, 62, 132, -16, 88, 112, -54, -44, -50, -48, 94, -144, 124, 124, 60, -176, -164, -104, -10, -24, 18, 36, 140, 198, 8, 350, 48, 134, -194, 24, 206, 96, -50, -28, -184, 40, 4, -108, -112, -198, 178, -32, 176, -224, 158, -38, 62, 92, 
182, -52, 74, -52, -26, -72, 12, 50, -34, -78, -12, 34, -8, -110, -72, 208, -128, 144, 142, -66, 88, 70, 216, -278, -24, -366, -130, 56, -34, -222, 120, 268, 290, 20, 58, -10, 72, -210, -60, -62, -28, -8, 36, 234, 12, -18, 4, -70, -62, 24, 94, -16, 256, -74, 150, -26, 168, 224, 50, -30, -22, -194, -52, 26, 58, 120, -156, 10, -106, 0, -18, -114, 122, 118, 64, 200, -24, 58, -12, -110, 108, 102, 346, 168, 48, -28, 106, -48, 78, 46, -30, 28, -142, 10, -50, 156, 58, 24, -78, -18, 62, 116, 288, 24, 112, -106, -212, -10, -132, 84, -98, 218, 282, 242, 54, -58, -12, 126, -86, 192, -156, 262, 90, -106, -54, 122, 54, 14, -298, -132, -40, 142, -124, -90, -102, 26, 156, 104, -36, 66, 114, 202, 2, 12, 80, 56, -250, 66, 78, 176, -12, 84, 110, -24, -14, -134, 220, -6, -8, 338, -140, 172, 20, -2, 22, -16, -154, 2, -94, 168, 94, 30, 172, 56, -44, 138, -226, -72, 168, -88, 106, 46, -90, 12, 284, 84, 256, 90, 48, -120, 160, 26, 92, -124, 46, 134, -160, -132, 198, 22, 186, 60, 10, 34, 172, -154, -26, -106, -304, -68, -34, 60, -110, 170, -236, 0, 82, -138, 2, 178, -16, -68, 56, 78, 114, -278, -138, -8, 48, -206, 98, 160, -220, -20, -102, -36, -140, 62, -22, -24, 196, -84, -4, 62, 62, 10, -122, -106, 10, 114, 48, 118, 112, 74, -26, 252, -92, -106, -58, 116, 312, 164, 274, -68, 138, 138, 2, 158, -10, 154, 108, 34, -86, -64, 12, -262, 126, -126, 146, -6, 182, 56, 62, -80, 36, 0, -150, -86, 32, 242, -186, 16, 100, 40, 196, -92, 66, 28, -46, -54, 182, 224, 24, -242, -260, 248, 130, -24, 150, 38, 2, -96, 84, 194, 204, 36, 116, -48, 58, 64, 56, 106, -52, 68, -116, -16, 2, -82, -62, 70, -138, 126, 140, 174, -34, 182, -122, 164, 16, 86, 134, -54, 180, -40, -134, 94, -34, 48, -282, 180, 168, -76, -234, 66, 24, -36, -98, 18, 136, -54, 50, 182, -154, -26, -82, 126, 258, 46, -138, -98, -80, 258, 72, 206, -194, -18, 92, -76, -274, 54, -390, 152, 128, 112, 112, 126, -214, 62, 10, -124, 30, 42, 70, 28, 12, 144, -230, -62, -156, 20, -162, -230, -102, 4, 14, 274, 30, -118, 92, -118, -10, 20, 192, -90, -38, 0, -116, 146, -168, -38, -70, 112, 62, 150, -132, -252, -160, 158, -74, 14, -180, -230, -84, 42, -42, 310, 130, 256, -4, 30, -140, 94, -64, -126, 130, -190, 68, -284, -32, 262, -46, -364, -10, 40, -86, 96, -154, 16, -42, 132, -12, 78, -222, 146, -58, -152, -34, 218, 220, 60, 32, 58, 118, -86, -144, -210, -92, -218, -112, -174, 172, -28, 84, 102, -4, 94, 156, 160, -34, 108, 194, 112, -88, -56, -68, 274, 128, 114, 124, -116, 
-194, 230, -116, 14, -124, 108, -94, 80, -8, 386, -138, -32, -100, 62, -92, -240, 478, -44, -196, 76, -102, -30, -60, 154, 100, 258, 90, -84, -8, 196, -190, -174, -38, -14, -58, -14, -22, 168, 264, -56, 230, 56, -150, -72, -46, 110, 32, -22, 210, 110, -208, -46, -146, 166, -116, 90, -256, 30, 68, 68, -102, 158, 20, -90, -62, -86, 178, 210, 46, 84, 46, -40, -54, -152, 126, 22, 78, 20, -74, 230, -94, -4, -314, 188, 16, -82, -178, 66, -24, -12, 264, 84, 70, 82, 60, -162, 20, -36, 148, -84, -22, 108, -208, -62, -202, -36, 68, 238, 144, 122, 32, -48, -312, -136, -256, 42, 156, 110, 104, -12, 46, -84, 88, 48, 28, -62, -56, 24, 162, 84, 22, -216, 8, 154, 168, -74, -110, -130, -24, -122, -76, -12, 152, -72, -82, -26, 134, 134, 16, -76, 48, -46, 58, 36, -36, 218, 58, -148, 34, -130, 52, -2, 12, 14, -64, 44, 46, 46, 28, -96, 78, 48, 82, -44, -52, -110, 96, -10, -32, -52, 146, 130, 188, 18, -110, -18, -204, 80, -236, 90, -208, 28, 86, 234, -30, -62, 118, -28, -82, 4, -24, 136, 4, 50, -30, 106, 12, -14, 388, 2, 68, 114, 106, -166, 170, 90, -258, 200, 12, -18, 102, 102, 62, 28, 30, 270, 198, 90, -8, 94, 46, -222, 208, 84, 228, 22, 90, 110, 130, 132, -78, 68, 8, -16, 10, 122, 148, 62, 190, 40, 214, -198, 178, -26, -90, -60, 56, 274, -50, -54, -42, -82, -166, 216, -130, -26, -40, -174, 78, 98, 24, 78, 8, 156, 62, 328, -198, 2, -70, 74, -138, 26, -36, -42, 184, 32, 164, -90, 142, -26, 102, 200, -108, 36, -162, 170, 126, -124, 50, 144, -186, -86, -56, 316, 210, -26, -200, 0, -8, -160, -100, -42, -146, -84, -156, -268, -30, -80, -244, -44, -132, -120, 92, -74, 34, -70, -202, 78, 58, -118, 32, 12, -42, -48, 52, -174, 110, 48, -34, 114, -140, 316, -100, 6, 138, 34, 78, -206, 14, -58, -14, 106, 132, 118, 110, 60, 128, 238, -102, 242, -126, -100, 204, -24, 240, 8, -270, -66, 144, 172, 190, -92, 116, -180, 164, 26, -22, -30, 268, -80, 262, -44, -54, 78, -152, 50, 116, -166, -188, 88, 180, -90, 48, 8, -290, -130, 174, -52, 36, -30, -146, -32, -2, -144, 20, -164, -20, -54, -130, 246, -16, -128, -30, 82, -40, 64, 48, -60, -60, 46, 210, 72, 80, -44, 76, 292, 142, -196, 70, 168, 212, 162, 292, 20, 2, -192, 2, -232, -92, 110, 42, -80, 86, 20, -126, 306, -64, 264, 4, 38, 238, 234, 84, -118, -12, -144, 42, 250, 88, -102, 136, -120, -36, 40, 130, 222, -106, -108, -202, 142, 106, -38, -248, 30, 4, 62, 128, 376, -68, 70, -58, 94, 66, -198, 258, -216, -104, -74, 78, -38, -120, -2, 130, 196, 22, 102, -52, 94, -76, 98, 
130, 106, 328, 116, 80, 16, 260, 2, -96, -112, 72, 10, 52, 14, 38, 54, -286, 148, 2, 100, 106, 232, 54, -6, -100, -196, -66, 124, -24, -6, -52, 266, 44, 188, 82, -52, 260, -188, -82, -128, -150, -20, 52, 48, 74, 20, -16, 72, -60, -96, 186, 78, 38, 16, 212, -108, 38, 192, -52, -104, 28, -202, -122, 144, 102, -60, 32, -224, 128, 56, -50, 212, -30, 178, 48, -112, -198, 242, 92, -86, 78, 68, 218, -184, 140, 202, 202, 4, 108, 98, -98, -52, -86, -8, -20, 96, -150, 86, -240, -112, 56, 84, 206, 288, 194, 170, -214, 24, -94, 118, 152, -12, 506, 204, 142, -76, -80, -62, -42, 44, 74, 134, 18, 106, 144, 88, -14, 86, -198, -36, -62, 126, -8, -144, 10, -12, 274, 136, 54, -26, -62, 146, -250, 208, 164, 18, -52, -162, 134, 92, -24, 88, 102, -14, -88, -264, -116, 114, 40, 104, -144, 122, -22, 90, -30, -208, -78, -78, -166, -8, -46, 96, 92, -154, 56, 158, -22, 18, 114, 78, 94, -12, -68, -90, 190, 44, 52, -140, 182, -58, 126, -118, 10, -72, -44, -110, 68, -6, 24, 22, 140, -80, -206, -68, -104, 44, -64, 42, -262, -22, -90, -90, -118, 258, 20, -12, 94, -154, -10, -142, -108, -64, -140, -4, -176, -140, -108, -24, 108, -4, -100, 94, -96, -46, 36, -56, -64, 76, -110, -84, 60, -34, 46, 96, 122, 38, -78, 66, -106, -106, -64, 390, -86, 150, 94, -4, 54, 10, -12, -48, 246, 30, 52, -80, 144, 198, 130, 196, 48, 96, 44, 64, 348, -66, 210, -140, 32, -158, 102, -36, 114, -72, 242, 94, 6, 310, -116, 48, -136, -60, -130, -60, 308, 40, 22, -52, -76, 140, -42, 66, 154, 84, 64, -198, -254, -112, 388, 134, 76, 176, 98, 44, 152, 136, 290, 250, 56, 46, 212, 146, 40, 162, 0, -100, 158, 206, -46, -122, 146, 134, -52, 134, 102, -188, -254, 144, 34, 58, -46, -216, 16, -96, 112, 10, -76, 110, -110, 280, 264, 84, 28, -44, -162, 104, -120, 34, -60, -176, -66, -68, -26, 136, -34, 240, -94, -56, 254, -2, 14, -22, -158, 116, -194, 62, 62, -108, -6, 116, -198, 188, -334, -12, 92, -138, 166, 44, 174, 160, -36, -46, 6, 52, -46, -24, 198, 132, -176, 32, 54, -74, 170, -50, -32, 142, 4, 174, -50, 50, 54, -196, -46, -36, 38, -54, 22, 104, 100, 98, 8, 12, -160, -118, -6, 172, -140, -182, -52, 174, -28, -4, -78, -28, -142, 42, 92, 96, 102, 280, -34, -60, -6, 68, -110, 78, -38, -186, -18, -176, 48, -192, -146, -164, -24, 50, 104, 188, 48, -104, -80, 68, -38, -12, -6, 44, -94, -234, 140, 122, 112, 78, -150, 12, 288, -6, -102, 62, -70, -308, -70, -32, 286, 152, 42, 110, -176, 264, -18, -88, 42, -120, -40, 36, -202, -398, 34, 166, 90, 144, -92, -164, 
-232, 34, -220, -70, -108, 78, -218, 156, 114, 154, -46, 8, -34, 14, -64, -8, 210, 48, -34, -60, 158, -412, 36, 54, 90, 22, 240, -144, 102, 18, 56, -140, -48, -86, -132, 46, -232, 26, 100, -162, 232, -96, 106, 48, -80, 38, -150, 24, 12, 10, -150, -236, -24, -106, -72, 172, -126, -14, 68, 248, -38, -60, 228, -52, -216, 96, 110, 134, -38, -70, 200, -228, -12, -116, 62, 376, 154, -176, 60, 78, 0, 186, -58, 72, -50, 8, -318, -4, 2, 0, -32, 94, 180, 110, 56, -24, 172, 70, 174, 128, 28, 2, -108, -158, -52, -172, 106, 326, 276, 56, 34, -74, -184, -182, -292, 72, -48, -84, -22, 8, 142, -92, 12, 136, -76, -44, 78, -2, 208, -242, 170, 42, 84, -2, 126, 152, -184, -182, -178, 4, -46, -132, 202, 8, -74, 80, 66, -58, -2, -288, -74, 86, -66, -18, -116, 212, 20, -268, -52, -26, 104, 134, -6, -118, -24, 142, 88, 164, 146, 64, 36, -152, -18, 92, -26, -152, 188, 88, -32, -12, 48, -102, -52, 166, -170, -190, -112, 70, -112, 70, 18, -70, -30, 50, 2, 352, 28, 106, -82, -16, -84, 38, 108, 114, 86, -52, -38, 94, 412, -18, 154, 36, 42, -124, 58, 140, -132, 166, 56, 104, -16, 2, 34, -168, 102, 144, 142, 38, -138, 212, 90, -84, 70, 130, 188, 226, 42, 46, 144, 158, -128, 50, 46, -10, -16, -134, 92, -16, -48, 14, -74, -134, 346, -42, -16, 194, 72, -166, -156, 70, -4, -22, 76, 106, -98, -258, -170, -104, 106, -96, -74, 70, -334, -16, -176, 62, 116, 76, -62, 144, -108, 152, -122, -4, -142, -132, 200, 118, 110, -8, -16, 66, 4, -60, -80, 150, 18, -36, 82, 26, -56, 18, 132, 90, 258, -92, -26, -54, 12, -88, -118, 22, -84, -52, -148, -150, 106, 198, 42, -118, -20, 4, 76, 14, -242, -80, -18, 88, -144, -54, 74, -14, -42, 190, 110, -58, -36, 56, 76, 180, 96, 300, -124, 138, 110, 148, 72, -48, -98, -66, 32, 4, 152, -36, 78, 166, -76, 0, 350, 140, 98, 164, 156, -136, 76, 66, -90, 76, 2, -12, 76, -80, 4, 166, 134, 166, -116, -54, 258, -298, 368, -44, -174, 144, -38, -150, -334, -196, 48, 80, -60, 12, 84, -24, -76, 104, -106, 174, -8, 86, -244, 102, -64, -26, 20, -224, 136, -108, -34, 186, -208, 152, 114, 30, 240, -20, -32, -8, 10, -88, 210, 56, 98, -116, 142, 142, 26, -122, -144, 122, 138, 80, 92, -26, 16, 78, -88, -102, 18, -6, 136, 28, 42, 2, 146, 198, 40, 54, -56, -68, 104, -62, 154, -46, 30, -146, -38, 148, 194, -142, 12, 2, 56, -32, 186, 212, -96, 204, -24, -176, 32, -96, -200, 122, 98, 72, -32, -24, 50, 20, -166, -62, 130, -38, -8, -184, -56, -60, -138, 262, 38, 118, 36, 222, -162, -168, -86, -374, 198, 156, 
88, 10, 110, 80, 272, -194, 244, -4, 12, -10, 310, -116, 134, -42, -76, 178, -6, -56, -76, -68, -94, 306, 66, 84, -146, 52, -98, 208, 88, -112, -40, -16, 42, -32, -22, -202, 74, -116, -32, -36, -196, 104, -122, 16, 102, -104, 78, -34, 100, -28, 34, 250, 130, 46, 56, -10, 296, -182, -64, -48, 244, 136, -228, -132, 232, 60, -42, 12, 128, 62, -90, 124, 132, 16, -60, -230, 4, 168, 28, -12, 110, -228, -12, -78, 168, 34, 262, 88, 28, -6, 86, -44, -84, -52, 44, 24, -28, 28, -32, -70, 28, -124, 80, 180, 90, 240, -12, -318, -184, -62, 110, -52, 4, 198, 296, -32, 98, 118, 172, -10, -226, 68, -18, 22, 76, 44, -128, 56, -42, 134, 194, 172, -50, 6, -110, -26, 220, 276, 78, 210, 34, 290, -280, 200, 4, -2, 46, 148, 86, 100, -8, -94, -6, 34, -62, -54, 142, 132, 162, 140, -146, 76, 136, 16, 128, 72, -60, -178, 2, 100, -2, -88, 120, 282, 122, 100, 12, -16, -36, -108, 68, -76, 156, -122, 314, 52, 122, -24, 162, -92, -78, 128, 24, -220, 86, -188, 76, -98, -50, 28, -12, -188, -78, -6, -34, 68, -86, -52, -178, 18, -84, -26, -88, 92, 64, -38, 322, -148, 192, -128, 96, 174, 124, 36, -54, -104, 94, -102, -86, -174, 20, 152, -38, 36, -182, -220, -68, -132, 28, -2, -8, -62, 30, -50, -36, -138, 34, 32, 56, -140, 178, 158, -134, -50, -88, 4, -212, 118, 186, 224, -6, 178, -20, 20, 84, 228, 14, -34, 60, 154, 24, -66, 174, 4, 220, 38, -156, 60, -14, -60, 128, -124, 176, 196, 78, 60, -140, 56, 78, 238, -50, 36, 266, 200, 130, 104, 46, 130, 70, 86, -70, 92, -32, 30, -108, 170, 18, -50, 12, 312, -122, -68, -20, -114, 108, 62, -20, -204, 162, 22, 2, -80, -40, -8, 228, 170, -56, 80, 142, -16, 170, -44, 58, -110, -312, 14, -56, -72, -208, -202, 74, -106, 98, -174, -190, -136, 94, 238, 142, 44, -54, 86, -12, 78, -62, 2, -90, 56, -192, -186, -30, -44, 50, 198, -42, -8, -86, -120, 42, 16, 90, 36, -48, 2, -124, 4, 142, -26, -158, 242, -134, 148, 100, -226, -20, 136, 108, 404, -52, -230, 172, 148, 82, 82, 40, 94, 124, 128, 30, -134, 148, -24, 104, 84, -44, 330, -156, -32, -110, -66, 332, 44, -176, 18, -178, -132, -76, 152, 120, 206, -190, -134, 74, 56, -172, 36, 68, -14, -2, -18, -26, -160, 90, 60, 20, 154, 190, 122, 72, -98, -28, -70, 36, -72, -204, -192, 166, -12, 204, 136, -92, 56, 22, -98, 28, 98, 116, -18, -148, 242, -24, -10, -90, 36, -100, -16, 96, 30, 100, 182, -60, 82, 96, -116, -8, 72, 16, 54, 44, 176, 40, -116, -74, 22, 56, 8, 284, 104, 162, -156, -36, 22, 150, -392, 104, 88, 136, 212, -144, -60, 
20, -4, -116, -84, -184, 338, 24, 282, -76, 70, -218, 60, 18, 136, 124, -174, 104, 44, 76, 62, 36, -190, 12, 2, 60, 110, -6, -74, -206, 144, 4, 98, -166, 58, 202, 190, -38, 86, 70, -28, -68, 98, 166, 36, -152, 108, 20, 40, 46, 168, 0, -160, -140, -122, 152, 174, -8, 126, 76, 126, -128, 116, 142, 4, -82, 10, 10, -108, -36, -14, 108, -212, -262, 42, 6, 104, 128, 72, 36, -220, 30, 74, -18, 26, -66, -86, 110, 18, -22, 2, -36, 130, 60, -40, 72, 46, -82, -72, 174, -60, -38, 214, -26, -144, 164, 50, 12, 106, -12, 60, -74, 182, 114, -130, 20, 86, -24, 92, -150, -58, 292, 12, 68, -102, -24, -138, 166, -54, 122, 64, -86, 54, -98, 46, -10, 80, -50, -36, -140, -30, 214, -304, 142, -168, -22, 84, -32, -6, -154, 106, 44, 72, 250, 6, 34, 208, 110, -106, 76, -2, 200, 2, 126, 36, -64, 52, 304, 188, 156, -76, -28, 84, 36, -192, -116, -80, 134, 130, 66, 2, 88, -54, 180, 156, -104, -64, -182, 58, -136, 52, -4, -150, 16, 160, -232, 220, 66, 34, 22, -34, 90, 60, 56, 126, 192, -168, 14, 36, 274, -40, 70, -94, 56, -12, -26, -70, -174, 254, -234, 76, -46, -138, -34, 142, 32, 104, -6, 90, -8, 64, -22, -76, -102, -8, -18, 130, 168, 82, -166, 76, -36, -14, -26, 116, -2, 8, 218, 42, -4, 186, -188, -184, 134, 126, 34, 70, 150, 0, -202, -2, -24, -28, 54, -86, -28, -68, 36, 140, 36, -116, -12, 122, -292, -122, -120, -118, 178, 56, 140, -192, -152, 202, -82, -292, -144, -126, 274, 72, -210, -108, 112, 54, -114, -218, 2, 52, 22, 70, 64, 4, 12, 64, -10, 38, 30, 98, -2, -46, 178, -58, 118, 54, 144, 150, 188, -114, 76, 292, -2, -34, -56, -120, 208, -20, 112, 14, -144, 32, -66, -280, -124, -12, -270, 160, 220, 108, -52, -82, 158, 152, -4, 16, -108, 22, 34, 108, 26, -32, 2, 10, -52, -100, -2, -102, 78, 188, 70, 112, 38, 254, -106, 136, -8, -80, 162, 54, -16, 120, 186, 44, -66, -150, 196, -6, 126, 100, -112, -28, 84, 94, 186, -126, 216, 274, -96, -136, -12, -144, 144, 254, -18, 56, -88, -46, -66, -258, -36, 104, 62, 66, -156, 30, 206, 62, 184, -244, 236, -54, -8, -114, -134, 128, 206, 158, 208, -58, 208, -88, -8, -130, 284, 300, 38, 6, 106, -36, -62, 176, -68, 162, 182, 122, -130, 124, 58, -124, 14, 102, 26, 170, 42, 136, 118, -8, 236, 316, 56, 4, -112, -50, 72, 24, -266, 72, 250, -28, 24, 102, 142, -36, 38, -26, 104, -42, -28, -34, -76, 190, -88, -110, 216, -38, 100, 88, -52, -160, -6, 116, -116, -132, -2, 50, 182, -12, -120, -150, -176, 72, -2, 254, 274, 56, -192, 190, -180, 64, -74, -76, 202, -16, 
-58, -118, -58, 12, -42, -52, -68, -162, 76, -6, 280, -54, 16, -176, -134, 126, 56, -22, -142, -8, 20, 154, 134, 112, -56, 40, -32, -114, 110, -44, -10, -48, 156, 24, -46, -102, 2, 310, -162, 6, 116, 32, 78, 60, 88, -44, -20, 226, 110, 70, 108, 92, 256, 200, -74, -190, 42, -26, -64, -116, 118, -46, 102, 100, 60, -78, -92, 124, 92, 142, -156, 64, 126, 14, -46, 12, 120, -142, 116, 240, 64, 96, 30, 74, 164, 112, -34, 88, 196, 66, 60, 46, 32, 184, -156, -72, 38, -16, -166, 12, -110, -96, 4, 158, -58, 4, -4, 182, 122, 96, 118, -8, 50, 56, 112, -114, 64, -208, 208, -4, -300, 26, 40, -24, 28, 56, -382, -4, -136, -164, 70, -132, 12, -12, 126, -64, 144, 162, 166, 0, -54, 236, -110, 202, 116, -136, 112, -74, 322, -178, 102, -30, -178, -208, 78, 46, -56, 182, -54, -22, -16, 120, -62, -282, 138, -42, -26, -12, 120, -128, -24, -110, 64, 232, 130, 0, -58, -30, 36, 38, 116, 60, -192, -24, 158, 92, 276, -70, -26, -16, 106, 24, 32, -38, 146, -160, -78, -72, 60, -68, -202, 8, -74, -42, -20, 80, 88, 82, -106, -52, 178, 8, -140, 134, 132, 88, 158, -104, 106, -20, -42, -12, 4, -206, 30, -94, -106, 124, 158, -40, 62, 114, 132, -50, -12, -130, -160, -40, 116, -128, 52, -20, 20, 124, -116, 50, -134, -72, 50, -176, 172, 148, 92, -196, -60, 6, -200, 242, 304, -28, 80, -74, 10, 80, 90, 148, 122, 10, 2, 40, -52, -78, 206, 146, 106, 188, -122, 100, 34, 116, -2, -10, -38, 126, 228, 94, -22, -284, 324, 130, -4, -84, 184, 302, -60, -118, 32, 32, 28, -72, 112, -138, 138, 138, 60, -4, -2, 24, -32, 10, 8, 16, -142, -94, -146, -86, 16, -134, 46, 92, 100, 236, -228, 76, -66, 116, 238, -44, 44, 176, 20, 182, 126, -56, -256, 52, 28, 72, -118, -40, -2, 40, 16, -74, 28, 56, 264, -126, -134, 66, -108, 86, -64, 70, 46, -246, 28, -116, 106, -80, 344, -144, 166, 118, -50, -58, 74, -324, -18, -80, -48, 78, -388, 174, 78, -254, 112, -16, -66, 22, 80, -24, -70, -26, 192, 400, 152, 168, 90, -34, 120, -4, 110, -12, 112, 330, 96, -50, 40, 106, 130, -48, -48, 78, -90, 220, -88, 12, 26, 112, -10, -40, -136, 52, -140, -56, -218, 30, -10, -30, -160, -68, -156, 16, 36, 234, 190, -302, 18, 2, -264, -122, 176, -48, 32, 12, -34, 90, 12, 46, -116, -104, -48, 50, -158, -300, -82, 16, -8, 242, 120, 96, 246, 22, -198, 204, -10, -100, -140, 292, -82, 20, 90, -112, -28, 144, 310, -210, -68, 206, 60, 180, -28, -30, -32, 28, -80, -224, 12, 188, -40, -82, -152, 234, 264, 42, 194, 16, -188, -32, -84, -50, 88, -116, 4, -122, 72, -32, 24, -196, 
150, -60, 104, 104, -14, 52, 0, 60, -46, 230, -158, 46, 172, -68, 272, -94, 22, 124, 74, 6, 32, 64, 50, 44, 60, -70, 192, 108, -104, 96, 78, -16, -224, -40, 14, -158, 40, -48, -30, 112, 22, -8, 86, -62, -130, 144, 22, -116, 112, 64, -76, -66, -72, -54, 12, 140, 14, 86, 34, 214, 120, -42, -222, 98, -296, 116, 92, -2, -50, 28, 52, 8, -6, -164, 102, 142, -16, 58, -120, -306, 6, -24, 86, -144, -100, 126, 54, -56, -110, 4, -158, -8, -66, -16, 284, 274, -86, 142, 96, -164, 86, 76, 22, -104, 180, 74, 140, 22, -56, -58, -52, -22, -38, -28, 104, 102, -70, 96, -96, -52, 300, -98, 6, -46, -76, 76, 368, -8, 208, 2, -22, 192, 48, -56, -106, 134, -140, 4, 60, -60, 66, -144, 304, -216, -106, 328, -116, 134, -74, 184, -90, 58, 66, 204, -210, -114, 88, -50, 96, -40, 36, -92, 114, 210, -90, -34, -110, -34, -152, 258, 134, 132, 194, -52, -142, 178, 262, 128, -50, 44, -158, 42, 142, -88, -68, -6, -332, 58, -190, 48, -12, 72, -94, -12, -10, 230, 172, 254, 112, -16, 90, 316, 146, 60, 180, -40, -114, 108, 198, 14, 148, -236, -34, -30, -80, -12, -88, -82, -46, 22, -32, -178, -58, 206, 238, 310, 12, -132, -222, 86, 54, 24, -40, -44, -44, 262, 64, 116, -60, 26, 112, 138, -112, -14, -20, -138, 152, 262, 38, 240, -62, -190, -122, 80, 138, 52, 224, 86, -204, 56, 66, -6, 60, 10, 22, -68, 30, 242, 112, 72, 128, 160, -130, -8, 122, -308, 148, 32, 216, -114, -84, 58, 0, -236, -32, -18, -78, 224, -212, -180, 168, 54, -60, -148, 40, -78, -46, 2, 10, 4, -136, 196, -180, -14, 0, 96, 50, 14, 6, -74, -80, 12, 234, 86, 182, -68, 224, 202, 142, 62, 48, -64, 166, -46, 52, -12, -190, 104, -186, -230, -130, 56, -86, 24, 270, 18, -132, 18, 48, 16, 90, -186, -12, 164, 34, 42, -314, 72, 202, -286, 136, 68, 64, -148, 196, 242, 50, 78, 114, 212, -206, 318, 42, -178, 116, 96, -34, 160, 114, 350, 80, -186, 364, -84, 32, 304, 56, -64, -86, 162, -156, 134, -18, -34, -132, -186, -242, -104, -128, 212, -104, -20, 72, 84, -52, -216, -24, -74, -52, -208, -18, 46, 102, -56, 186, -8, 88, 38, -220, 96, 62, 180, 196, 96, -28, 76, 64, -118, 154, 250, 246, 106, 22, 86, 38, -22, 42, 274, 98, 56, 306, 28, -82, 72, -110, 42, 174, -90, 144, -18, 44, 46, 40, -78, -26, 346, 212, 0, -38, -86, -200, 2, -254, 152, 152, -8, -116, 76, 406, -216, 24, -98, 58, 132, -18, -80, -242, 106, 18, -74, -54, -170, 134, -64, -16, -146, 56, 202, 74, -190, -84, 96, 140, -98, -76, 176, -92, -32, 192, -166, -36, 38, -2, 90, 58, 226, -118, -184, -154, 100, 
-228, 36, -176, -80, -18, -16, -38, 96, 72, -136, 162, 56, -134, 42, -192, 166, -22, -150, 58, 114, -36, -14, -34, -228, -120, -42, -76, 60, 296, -30, -16, 274, 150, 84, 148, -138, -8, 180, 158, -34, -74, -142, 20, 68, 64, -82, 98, 288, -14, -32, 46, 34, 130, 128, 110, 22, 32, -100, 166, -148, 28, -32, 210, -24, 38, 134, -236, 24, 114, -154, -60, 20, -6, 34, -36, -16, 72, -94, 8, 170, 54, -28, -24, 60, 206, 14, -72, 202, -4, 234, 44, -126, 92, -140, -166, 160, 288, -94, -40, 10, -54, 84, 36, -48, -82, 6, 8, 130, 158, -104, -52, 8, 14, 38, 18, -54, 94, -46, 160, 80, -304, 22, 86, 50, -98, 86, -416, 170, -140, 90, -130, -254, 180, 142, 196, -38, 102, 388, -24, 156, -130, 234, -32, 282, 52, -146, 72, -74, -6, -104, 32, 28, -80, -232, 170, 12, 94, 96, 86, 94, 40, 54, -64, -210, 120, 230, 128, -26, 88, -116, -116, -102, 48, 108, -34, -62, -90, -194, 182, 112, 202, -12, 118, -44, 0, -2, 220, -112, 168, 4, -42, 48, 74, -142, -24, -30, -72, 66, -48, -82, 8, -130, -68, -86, 76, 72, 74, -44, 4, 208, -118, 198, 76, 318, 70, 54, -70, 22, -92, 24, 84, 100, 132, -164, -200, -260, 42, 156, 126, -46, -190, 6, 52, 192, -42, -120, 118, 66, 202, 106, 58, -30, 88, 162, -170, 4, -34, -236, -204, -74, 18, 172, 6, -128, 6, 116, -158, 16, 186, 0, -16, -30, 156, -144, -240, 132, 148, -234, -192, 42, -174, -142, 114, 28, 16, 314, 58, 54, -272, -28, 146, -72, -20, 202, -142, -26, 362, -208, 44, 164, -80, 166, 122, 180, -14, 14, 112, 12, 52, -114, -40, -64, 12, -56, 20, -44, 28, -26, 88, 102, 294, 18, -186, -4, -80, 88, -218, -50, -138, -50, 124, 108, -106, 416, 8, 170, 8, -12, 162, 12, 98, 170, 82, 134, 6, 198, 94, -18, 130, 52, 30, 30, -58, -218, 52, -94, 232, -72, 40, 228, 10, -2, 128, 30, -156, -210, 0, 66, -20, -232, 94, -96, -120, 114, -42, 8, 180, -92, -80, -126, -236, 180, -148, 112, 42, -264, 50, 96, 196, -78, -24, 76, -118, 2, 154, 84, 166, -32, 124, 76, 136, 162, -114, 74, 104, 24, -144, -64, -112, 240, 56, 46, 2, 42, -68, -56, -54, -6, 160, -14, 2, -184, -96, -20, 80, 12, -106, -28, -218, -202, -174, -38, 124, -82, 60, 12, 74, -138, -228, 136, -138, -150, 254, 6, -26, -148, -72, 208, -96, -10, -162, 62, 14, 110, 36, -428, -188, 24, 80, 50, 46, -84, 464, -8, -138, -58, 212, -216, -118, 184, 200, 92, 20, 50, -28, -18, 66, 60, 0, 60, 92, 150, 12, 138, 76, 204, -8, -268, -38, 76, 214, -90, -248, 80, 62, -54, 180, 198, -250, 106, -18, 4, 6, -92, -90, -166, 142, 260, 52, -154, 
216, 46, 302, 84, 48, 90, 58, -38, -130, 144, 8, -128, -106, 212, 110, -118, -48, 0, -96, 158, 32, 154, -14, 202, 10, -68, 100, -70, -92, -14, 108, -332, -58, -36, -132, 254, 8, -46, -74, 74, 126, 216, -24, -78, 76, -46, -112, -206, -98, 34, -56, -64, -12, -194, -62, 92, -54, 68, -146, 150, 56, 78, -238, 204, -16, 28, -2, 8, -282, 168, 244, -24, -20, 4, -18, -2, 116, -70, -130, -154, -28, 100, 146, -210, -14, 224, 252, 150, 108, -280, 134, 170, -88, 266, -54, -4, -186, 66, -10, 116, 166, -98, -8, 106, -18, -2, 126, -80, -44, -44, -94, 116, -76, 142, 80, 32, -44, 12, -78, 70, 232, 36, 70, 28, 166, -70, 156, -36, 222, 132, -92, 108, -158, -72, -206, 66, -50, -188, -70, 18, 32, -260, -64, -96, 24, 50, -94, 52, -40, 36, 286, -94, 112, 228, -176, 166, -230, -108, -84, -90, -164, 50, 70, 16, 98, -160, 98, 44, 96, 198, -56, 166, -22, 14, -160, 6, -190, 86, 22, -52, -266, 218, -88, -84, 24, 72, -80, 84, 100, 14, -40, -170, -146, 78, -82, 30, 114, -86, 60, -70, -30, 180, 264, 78, -52, -292, 58, 94, 52, 0, 196, -92, -190, -146, -18, -292, 240, -208, -114, -24, -30, -174, -172, 216, 64, 224, -94, -162, 20, 142, 168, 24, 64, 14, 62, 102, -236, 102, -184, -24, -4, 108, 4, -104, 170, 130, 72, 88, 176, 112, 78, -202, -38, 156, 36, 68, 78, 30, -98, -114, 70, -6, -84, 142, 264, -6, 2, 190, 158, 2, 44, 88, -184, 64, 74, -256, -8, 62, 220, -68, -166, -156, 238, -80, 56, -108, -304, 118, 104, 204, 230, -22, -6, -16, 52, 158, -124, -20, -16, 232, 88, 28, -40, 88, 50, 82, -94, 180, -176, -146, -182, -142, 174, 170, -78, -48, -66, -126, 162, -16, -32, -22, 118, -346, -70, -114, 38, 270, 54, -12, 66, -46, -14, 54, -48, -150, -46, 50, -44, 40, -70, 124, 90, 54, 82, 224, -18, 98, 4, 46, -94, 10, 44, -36, 146, 230, -92, -62, 6, 212, 134, 200, 112, 60, 60, -134, -220, 290, 346, -16, 320, 20, 228, -6, -26, 312, 90, 12, -58, -56, 64, 96, 100, -84, -16, -42, 8, 0, 54, 128, -12, 16, 204, -246, -196, -82, 300, 412, 118, -86, -126, -94, -66, 4, 60, 88, -28, 104, -68, -130, 186, 146, 138, 10, 20, -64, 192, 50, 246, 264, 136, -48, -24, 100, 54, 150, -56, 146, 210, -150, 56, 98, -158, 124, 72, 122, 6, -194, -102, 84, 26, -38, 184, -74, -34, 446, 120, 18, 18, 62, -52, 256, -350, 22, 56, 2, -60, 136, 192, -36, -84, 2, 104, 70, -34, 116, -28, 132, 46, -50, -100, -100, 92, -164, 18, -80, 74, 362, -52, -148, -152, 172, 224, 76, -224, 32, -22, -212, 148, -74, -48, -6, 188, 20, 2, -56, -98, -290, -256, 224, 
34, 6, -102, 64, 76, 8, 92, 132, 144, -22, 28, 146, 318, -62, -104, 26, 20, -148, -104, -36, -36, -24, 32, -118, 74, 32, -34, -54, -14, 138, -24, 212, 182, -8, 192, -154, 144, -58, 62, -104, -156, -160, -244, 338, -58, -12, 18, 306, 48, 100, 80, 90, -74, 180, 142, -136, 16, 58, 162, 50, 60, -92, 128, -202, 0, -150, -60, 20, -58, -160, -166, 160, -172, 168, -176, 86, -144, 144, 224, 128, -36, 54, 2, 100, -36, 50, -112, 246, -122, 150, -46, -106, -16, -194, -78, 174, 148, 66, -86, -6, -26, 148, 18, -96, 94, 120, -30, 72, 56, -66, -122, -196, 124, -174, -10, 34, -74, 156, 42, 68, -78, 148, -38, 44, -266, 24, -82, -148, -16, 100, 70, -54, 86, 36, 84, -74, -28, 40, 98, 32, 106, -40, -96, 156, 44, -68, 74, 190, 34, -168, -144, 60, -268, -162, 106, -78, 226, 176, 116, 58, 254, -84, -32, -12, -70, 56, -240, 156, 190, 88, 78, 88, 76, -12, 100, 12, 96, -42, 38, -118, 146, -120, -92, -104, -70, -62, 8, 54, 78, 36, 60, 56, 146, 116, 136, 64, 88, 130, 100, -34, 146, -308, -292, -8, -68, -88, -32, -58, -92, 12, -224, 66, 22, 6, -14, 6, -118, 110, -38, 126, 120, 144, 252, -58, -114, -224, 66, 270, 156, -6, -286, 58, 178, -26, -74, -130, 82, -78, 278, 182, 66, -202, -4, 66, -2, 6, 52, 10, -150, -90, -24, 128, -16, -146, -156, 110, 64, 122, 56, 36, -28, -42, 252, 0, -352, -72, 52, 30, -152, -164, 36, 48, 350, 2, 26, 76, 100, -36, -44, -56, 76, 130, -398, 8, 206, 140, 242, 16, 14, -20, -290, 158, 204, 24, -144, 56, 152, 12, 108, -118, 46, 130, -52, 96, -136, 52, 62, -186, 52, 230, 198, -60, 48, -242, 176, -18, -6, 212, -134, 112, 40, 120, -154, 204, -18, -168, -32, -242, 128, -28, 10, -68, -78, -132, 58, -80, -124, 54, 190, -224, 202, -148, -110, -32, -146, -230, 22, -94, -46, 58, 168, -72, 2, -172, -38, -110, -32, 76, 32, -172, -76, -122, -84, -98, -104, 44, 176, -186, -180, 46, -230, 110, -4, -28, 148, -194, -184, -2, -56, 134, -134, 16, -58, 90, 0, 246, 2, -38, -6, -84, 52, -48, -88, 366, 102, 64, -106, -334, -76, 42, 230, 76, 40, 80, -162, 92, 38, -130, 82, 174, -50, -160, 18, -10, -12, -158, -56, 62, -248, -164, 2, 22, -50, 110, -208, 52, 52, -58, -20, 160, 44, 62, 26, 118, 50, -134, -92, 24, 136, -10, -14, 164, -66, 54, -52, -182, -164, -78, -110, -114, -14, -56, 388, 72, -6, -104, 82, -94, -134, 48, 70, 308, -54, -60, 34, -198, 150, -122, -48, -92, 196, -86, -28, 136, -142, 136, 188, -78, 52, 126, 270, -34, -118, -46, 188, -38, 122, 328, -384, -80, 136, 66, -68, -106, -6, 32, -24, 176, 158, -208, 
-130, 224, 48, -118, 104, -48, 52, -80, -74, -104, 26, 72, -46, 0, -48, 106, 84, 50, 188, -48, 156, 26, -60, 314, -62, -26, 120, 20, -38, -150, -22, -128, -20, -88, -182, 36, -128, 88, 62, 32, 210, 134, 32, -128, 22, 224, 64, -330, 46, 114, 170, 22, 84, -48, 8, 60, 56, 22, -128, -130, -132, 196, -208, 280, -146, 94, 116, -72, 174, 82, 194, 120, 428, 0, -74, 60, 116, -38, -94, 88, 146, 48, -36, -36, -224, -118, 156, -114, 118, -236, 80, 118, 70, 96, 36, -84, -46, 84, 94, 102, -2, 114, -60, 312, -46, -66, 158, 132, -212, 244, -12, 208, -198, -162, -150, 244, -86, -136, -82, -86, -44, -74, 84, -18, 188, -12, -98, 160, 38, -300, -156, 58, 136, -128, -202, -46, 10, -78, -16, -262, -74, 84, 108, -90, -30, 144, -30, 24, 68, 416, 192, -20, 68, 88, -36, -66, -132, -114, -200, 174, -76, 180, 18, 200, 92, -94, 64, -82, -122, 132, -80, -198, -18, -14, -16, -70, -164, -60, 30, 20, 116, 312, 192, 46, 150, 174, -34, -98, -230, -194, 72, -32, -92, -36, 2, 88, 66, -14, -84, 44, 98, 300, 222, 60, 62, 142, -8, -112, 88, -60, 164, 58, -90, 94, 118, -8, 70, -210, 136, 148, 40, -22, -66, 8, 114, 156, -34, -202, -174, 40, 88, 80, 48, -30, 172, 8, 116, 108, -146, 78, -208, 232, -58, -118, 72, 238, 216, 74, 124, 126, 64, 24, 110, 188, 122, -26, -82, -72, 34, 72, 8, 142, -86, 8, 182, 208, -44, 86, 104, 136, -144, -28, -162, -204, -8, 102, -104, 172, 202, 128, 40, -226, 278, 24, -138, -104, -114, -86, -32, 16, 186, -110, -144, 170, 4, -198, -58, 50, 42, 184, -102, 18, 148, 4, 116, -22, 154, -8, -10, -128, -54, 56, -40, 200, -170, 44, 182, -58, 64, -58, -2, 114, 352, 10, 68, 14, 92, 182, -104, 118, 28, 82, 64, 306, 44, 98, 42, -196, -4, 236, 6, 206, 124, 38, -18, 84, -36, 102, 128, -72, -140, 154, 106, 206, 92, 24, -126, 20, 6, 212, 70, 178, 188, 30, 12, 88, -118, 296, 234, -20, 290, -192, -116, -184, 94, 172, 22, 152, -16, 2, 242, 124, 76, -10, 328, -182, 220, 66, -154, -18, 36, 82, 252, -314, -54, 214, 156, 378, -46, 130, -82, 66, 78, 28, 150, -8, 10, 82, 26, 24, 86, -44, -26, -32, 100, 90, 208, -10, -136, 202, 42, -96, 88, -4, 100, -74, -30, -30, 4, -214, 160, 158, 24, -74, 42, 88, 114, 86, 8, 54, -198, -124, -4, -126, 234, 190, 218, 104, 228, -4, 130, 82, -440, -22, -194, 68, -108, 372, 94, 14, 8, -338, 168, 46, 164, 28, 238, 122, 82, -52, -286, 142, 120, -88, 142, 12, -24, 54, -134, -142, -194, -12, 190, -50, -126, 172, -132, -328, 106, 22, -94, 192, 42, -4, 188, -18, 76, -8, -134, 12, 
94, -22, -20, 68, -104, 80, 108, 178, -42, 226, 22, 36, 108, -72, -34, 20, -60, 146, -14, 116, 24, 8, -22, -66, 12, 86, 4, -6, 30, 194, 110, 36, -118, 156, 46, -128, 120, 20, 114, -116, -206, 36, 106, 234, 36, -178, 152, 252, -92, -34, -120, -8, -34, 120, 144, -84, 18, 60, 268, 96, 70, -86, 270, -158, 204, 170, -50, 24, -76, 106, -128, -146, -400, -98, -76, -120, -38, 20, -50, 40, -12, -48, -8, 16, -32, 124, 0, 256, 82, 258, -82, -22, -58, -134, 60, 98, 216, 26, 88, -4, 322, 114, 18, -70, 34, 150, 16, -64, 262, 40, 60, -62, 294, 340, 168, -172, 38, 246, 90, 236, 134, 124, -72, -74, -106, 120, 124, -92, -6, 302, 152, -4, 22, -70, 120, 10, -84, -40, -116, 182, 138, -8, 60, 88, -46, -56, 86, 198, 148, -254, -28, -78, -94, 170, -8, -176, 254, 78, 126, -22, 44, -178, -96, -204, -24, 56, -84, 132, 94, -270, 102, 34, -198, 18, 194, 170, 42, 120, 56, 36, -174, -226, -56, -28, 8, -92, 184, -58, 100, 104, 60, -136, -26, 20, -78, -44, -78, 138, 46, -86, -38, -54, -74, -110, 88, -212, 164, -50, -62, 170, -182, -72, 110, -82, -34, 88, -92, 24, 92, 162, -46, 16, 146, -34, -76, -84, -20, 80, 88, -54, -44, -60, 236, 42, -174, -6, -268, 14, 184, 68, 18, -162, 82, 122, -146, -192, -10, -132, -232, 4, 54, 36, 110, -184, 88, 154, -92, 76, -50, -78, 24, -134, 180, -18, 66, -64, 54, 78, 38, -190, 38, 6, 210, 134, 104, -74, 142, -74, 18, -68, -44, 178, -164, 8, 204, 124, -42, 78, 232, -4, 0, 32, 146, -172, 14, 214, 130, -14, -172, 96, 40, -38, -116, 108, -202, 110, -298, -98, 86, 166, 98, 36, 104, -206, 12, 30, -58, 164, -286, -50, 106, 4, -192, 208, -70, -84, 24, -84, 64, 40, -64, -64, 22, -82, -74, -160, -4, 260, -42, -82, 34, -210, -152, 176, 68, 16, -26, -206, -38, -194, 154, 42, 34, -238, 96, 160, 160, 144, 190, -178, -286, -196, -124, 70, 90, -88, 162, -296, -70, 56, -196, 230, 60, 12, 18, -132, 72, -204, 72, 60, -18, -70, -104, -6, -168, 52, -126, -60, 60, 78, 82, -32, -106, 66, -214, -68, -128, -240, 184, 10, 170, 44, -76, -28, 24, 26, -22, 54, 98, -124, -56, 74, 30, 72, -24, 54, -62, 34, -30, -190, 94, 106, 66, 6, -64, 216, 50, -28, -18, 56, 60, -154, -98, -12, 144, -126, 56, -6, 46, -46, 72, 212, -26, 32, -190, -282, -144, 46, -204, 70, -122, 70, 286, 10, 96, -52, 126, -104, -36, -114, 156, 202, -222, 90, -40, -148, -106, 100, -30, 194, 44, -204, 6, 134, -96, -16, 68, 118, 130, 292, 204, -164, -76, 90, 238, -266, 134, 268, -28, -136, 226, -202, -26, -30, 40, 0, -80, -28, 248, -54, 
-68, 124, -50, 116, -10, -96, -152, 22, 52, -140, 20, -48, -80, 46, -26, 212, 0, 14, 76, 12, -112, 88, -6, -72, 194, -24, -68, -66, -98, -150, -32, -72, -122, -70, -58, 86, -178, -32, -66, -56, 140, -152, -74, -116, 216, 198, 12, -164, 176, 194, 72, 352, 82, -46, 6, 196, -92, -166, -186, -102, 58, 82, -244, 52, 34, -72, 138, -154, 210, 26, 26, 8, 264, 64, 218, 184, 46, 44, 36, 110, 48, 56, -46, 130, 10, -32, -10, -374, 34, -256, 192, -16, -94, 28, 52, -70, -238, -16, 20, -158, -210, -150, 74, -40, 28, -22, 24, 112, -26, 62, -84, 106, -212, -162, -120, 42, -62, -40, 16, -132, -136, -80, 218, 88, 50, -146, 106, 178, 152, -6, 32, 106, -70, 26, -202, 116, 142, 24, 94, -4, -226, 12, -122, -146, 24, -118, 4, -18, 162, 378, 180, 120, 82, 60, 40, 220, -80, -52, 16, 262, 178, 140, -68, 124, -18, 46, 98, -38, 60, 102, -96, 56, 86, 20, -218, -266, 46, -204, -134, -88, 128, 154, -112, 122, 42, 140, -166, 42, 80, 0, 76, 114, -80, 138, 244, -60, 96, -164, 88, 28, 166, 54, 248, -72, -42, 210, -32, 128, 76, 12, 94, 160, 80, -26, 288, -70, 154, -124, -46, 2, 140, -40, -8, 108, -70, 76, 54, 16, 36, 54, 120, -48, -74, -84, 160, 118, 318, 30, -170, 32, 100, -60, 4, 44, 146, 102, -64, 140, 214, 60, 8, -116, -106, 164, 36, 110, 108, -96, 194, 102, -50, 162, 126, 8, -36, 20, 56, -100, 16, 180, 2, 6, -92, -94, -34, 20, -140, 182, 76, 70, 42, -146, 42, -60, -114, -220, 40, -236, -152, 16, -68, -154, -208, 160, 222, 120, -40, -190, 128, -46, -14, 156, 236, -74, 300, -96, 254, 170, 34, 22, -216, 82, -14, 290, -120, 188, 22, -4, 206, -44, 102, -12, 186, -138, 186, 108, -56, 66, -24, 56, 194, 6, 12, 46, 90, 36, 64, -34, 118, 12, 138, 174, 158, -184, -66, -236, 32, 204, 116, 216, -12, 138, 80, 144, 30, -260, -238, -152, -56, 86, -48, 86, 194, -24, 26, -180, -60, 158, 118, -182, 50, -184, -270, 98, -32, 90, -120, 208, -2, -44, 26, 202, 198, 116, 402, 108, -46, 122, -142, -144, -92, 148, 22, -148, 124, -32, 296, 158, -232, 150, -96, 10, 166, 144, -114, 10, -42, 100, 130, -102, 150, 8, 22, 102, -88, 20, -134, -90, -34, 102, -166, -150, 34, 12, -10, -26, 128, -58, 54, -10, -62, 54, -30, -124, 36, 114, -54, -48, 50, -20, 242, 88, -102, -174, 86, 152, 118, 28, 190, -94, 294, 162, 0, 156, 28, -122, -56, 282, 170, 70, -154, 20, 44, 12, 172, -8, -18, 104, -20, 22, -182, 62, 106, -186, 170, 50, -22, -22, 34, -34, -46, 10, 42, -34, 26, 132, -24, -162, -76, 30, -224, 160, 30, 10, 14, 46, 192, -6, -232, 132, 
32, 48, 172, -74, -210, 156, 128, -160, -130, 154, -150, 26, 206, -166, 106, -250, -120, 74, -84, -80, 94, 114, -2, 30, -106, 186, -18, 104, 72, 126, 58, -60, 6, -2, 150, -66, 88, -28, 98, 112, -80, 142, 80, 58, -90, 78, 34, 194, -62, 2, -156, -220, 134, -122, -12, -202, 98, 152, 196, 166, -138, 172, 182, -56, 106, 48, -42, 194, 78, 2, 58, 140, -282, 4, -222, -140, -66, 100, -70, -126, 50, -138, 74, -164, 90, 128, -110, 322, -68, -32, -80, 8, -28, 92, 52, 210, 140, -20, 144, 180, 94, 82, -14, -22, -208, 172, -126, 212, 98, -20, -42, 84, 226, 202, -6, -22, 180, 168, 2, 144, 98, 54, -44, 52, -228, -58, -188, 112, 40, 52, -60, 0, 46, 150, 248, -196, 66, 96, -200, 196, 244, -70, 68, 82, 28, 70, 52, -116, -64, -86, -64, 70, -34, -4, 96, -54, 206, -6, 108, -90, -148, -42, 240, -28, 8, 188, -126, 146, -60, 38, 112, -42, -68, 84, 102, 162, -94, 4, -172, 84, 158, 64, -134, -6, -98, -124, 284, -6, -26, -104, -54, 70, 130, -6, -76, 26, 76, 100, 152, -250, 74, 140, -274, -18, 112, 20, -50, -50, -6, -186, -236, -2, 58, 2, -130, -10, -118, 110, -72, -70, -138, 234, -2, -4, 134, -244, -196, 238, -148, 60, 26, 80, 234, 284, -130, -2, -292, -74, 122, 164, 144, -138, 110, 84, -56, 64, -26, -22, -220, -86, 32, 56, -116, -72, 78, -36, -140, 182, -260, 142, 106, 6, 14, -164, -28, -134, 12, 282, 64, -36, 212, 80, 124, 134, 70, -238, 82, 42, -32, -234, -10, -90, 44, -38, 296, 92, 112, 264, 52, -28, 108, 262, 100, 68, -206, -114, -106, 148, -62, -160, -24, 88, 160, 112, -232, 260, -258, -30, -166, -54, 96, -70, 90, -52, 94, -208, -86, 154, -118, -140, -126, 170, 160, 66, -186, 42, 168, -76, -108, -82, 112, 58, 32, 134, -68, -4, -238, 30, 156, -124, 86, -118, -114, 100, 278, 160, -52, 8, -190, -36, 52, -72, -50, -162, 114, 214, 250, 246, -6, -206, -158, -82, -46, 102, 142, 296, -240, -106, -66, 128, 22, 50, 230, -58, 202, 18, -4, 56, 62, 16, 26, -118, -78, -154, -268, -140, 26, 48, 390, 348, 74, 104, 40, -98, 206, 10, -334, -102, 262, 38, 74, 40, -156, -60, 112, 110, 348, -80, 54, -66, -118, 68, 98, -292, 106, -58, 72, 4, 124, 34, 62, 98, 2, 54, 86, 196, -154, 54, -130, -180, 158, -22, 146, 144, 24, 84, -74, 54, 56, -152, -130, 122, 114, 34, -106, -162, -30, 170, -34, -6, -302, -184, 42, 18, 166, -34, 6, -74, -40, -16, 318, 90, -70, 98, -188, 120, -24, -108, 54, -148, 68, -132, -2, 168, -74, -52, 68, 182, 32, -110, -16, 54, 138, 42, -120, -110, -118, 26, 40, -218, 316, 18, -150, 24, -186, -54, -74, -92, 220, -14, 
128, -20, -144, 162, 44, -112, -96, -36, 172, 86, 214, 80, -312, 232, 100, 126, -46, -28, -18, -178, 104, -226, -110, -54, -116, -16, 76, -112, -108, -6, 104, -2, -20, -208, -38, -30, -56, 58, -38, -30, 12, 16, 68, 36, 28, -118, 110, -46, -124, -130, 208, 170, -38, 38, -2, 196, -88, -86, -258, 4, 148, -90, -70, -14, 18, -90, 150, -122, -170, 20, 86, 70, 262, 124, 242, 292, 22, 46, 72, -4, 52, 160, 54, 10, -60, 124, 42, -148, -52, -170, 146, 286, 120, 16, 140, 30, 48, -56, -30, -72, -4, -40, 226, -106, 190, -164, 116, -154, -34, 270, 242, 182, 16, -104, 132, 198, 130, -70, 24, -40, -148, 180, 206, 14, 110, -22, 208, 0, 162, -126, 152, 74, -34, -24, -168, 58, 8, -76, 312, 2, -100, 138, -158, -178, -38, -92, -114, -70, 62, 4, -64, 16, 106, -60, 54, -4, -2, 18, -220, 126, 182, 134, -8, 116, 44, -166, 210, -222, 18, 34, -170, 118, 154, 60, -60, -144, 142, 128, 244, 128, -38, 34, 98, 142, 8, 64, -34, -210, -44, 120, -28, -154, -130, -40, 72, -128, -122, 124, -162, 42, -112, -100, 250, 136, -196, -48, 8, 102, 16, 86, -8, -50, 22, 4, 228, 138, 74, 32, 34, 46, 118, -14, 146, 22, -142, 24, 248, 50, 124, 120, -4, -114, 10, 36, 72, 114, 234, 52, -44, -12, -48, 50, -58, 40, -224, 130, 126, 24, 162, 144, 42, 42, -38, 104, -10, 76, 162, 124, 250, -52, 180, 132, -16, 70, 32, 44, 12, -4, 24, 22, -126, -44, -22, -330, -66, 268, 148, 138, 14, 212, 108, -52, 14, -76, -30, 36, 4, -66, -90, 104, -256, -144, -136, 130, -18, 298, 12, -118, 264, -86, 78, 36, -90, -138, 238, 16, 202, 142, 72, 174, -14, 22, 48, 46, -94, 96, 4, 14, -92, 184, 232, -188, -122, 44, 150, -2, -60, 366, 112, 22, -6, -58, -8, -10, 40, -166, 62, 56, -196, 58, -126, 310, 206, -94, -312, -80, 214, 66, 100, -72, -188, 176, -26, 240, -168, -90, -78, 48, 42, 132, 148, 16, 42, -36, 38, 48, 102, 158, 54, -78, 72, -194, -180, -174, -124, 152, 4, 70, -76, -74, -68, -38, -36, 158, 198, 36, 74, 72, -244, -196, 92, 12, -56, 150, -292, -8, 230, 154, -68, -116, -58, -38, 312, 114, -2, 16, -418, 172, -54, 188, 86, 196, 96, 200, 86, 172, 2, -90, -178, 22, 190, 74, -54, 56, 64, -236, 120, 118, 136, 184, -112, -202, -42, -168, 158, 106, -42, -202, 60, 68, 268, -108, 56, -136, 64, 28, -38, -204, -36, 22, 182, 8, -22, 140, -236, -16, -44, 148, 148, -20, -348, 18, -40, 26, 312, -22, 32, 46, 56, 126, 42, 50, 176, -118, -8, -10, 72, -8, -36, 96, 102, -74, -76, 64, -2, 332, 178, 64, 72, 330, -416, 64, 136, 46, 52, 28, 8, 30, -196, 146, 
0, 58, 70, 54, -76, -18, 134, 42, -202, 106, 26, -12, 228, -78, -166, 10, -64, -26, -50, 46, -48, 178, 36, 96, -32, 138, 42, 16, 236, 58, -112, -44, 66, 136, 50, 72, -4, -70, 20, -90, 62, -184, 88, -162, 104, 268, -158, -14, 188, 96, -332, -120, 50, 84, -26, -192, 22, 40, 218, -64, -102, 116, 184, -80, 2, -134, -90, 240, 332, 48, -62, 16, -174, -14, 6, -174, -102, -74, -52, -54, 52, -130, -10, -56, 178, -166, -66, 96, -54, -18, -16, -92, 126, -172, -112, -150, 44, 42, 128, 46, 90, 194, -140, 58, -96, 64, 14, 170, -58, -232, -174, -272, -118, 246, -192, 48, -94, -70, -8, 40, -120, -4, -54, -80, -182, 50, 70, -16, -24, 202, -38, -22, 34, 46, 32, -282, 82, 38, -72, 66, 24, -74, 104, 136, -64, -72, 140, -2, -284, -102, -6, 136, -174, 100, -52, 144, 56, -132, 346, -48, 50, -136, 72, -8, 170, 276, -110, 18, 64, -46, 162, 24, 148, 0, -34, -12, -176, -46, -300, -86, -22, 20, -18, -18, 24, -96, 68, 164, 6, 190, -44, 402, 136, -32, -50, 62, 62, -144, 138, -18, 200, 104, -158, -104, 220, 180, -92, 34, 104, 8, 54, 120, -50, -30, -58, -126, -22, -128, 68, 112, -34, -92, -212, 0, -46, -36, -278, 14, -186, 60, 198, 8, 24, 42, -68, -82, -194, -130, 202, -62, 142, -68, 112, -194, 78, -46, -32, -20, -78, 28, 40, -108, -214, -138, -82, -52, 162, -108, -248, 36, -266, -66, 8, 24, 132, 56, -34, 50, 4, 44, 314, 56, 2, 26, 66, -24, -4, -50, 46, -74, -86, 88, 50, -8, -26, 42, -32, 44, -12, -42, 274, 292, 14, -162, -22, -322, -46, 156, -28, -16, -38, 0, -40, 178, -234, 70, -238, -156, -84, -40, 76, 30, 118, 64, 20, -86, -74, -240, 106, -64, 40, 110, 64, -140, -48, -16, -66, -194, -62, -100, 72, 66, 14, 142, 186, 176, 80, 10, 84, 134, 374, -182, -62, 42, 248, 0, -124, -12, -172, 116, 92, -50, -54, 120, 212, 176, 30, 140, 72, -110, -140, 32, -188, -72, -24, 44, -106, -46, 114, -24, -30, 312, 78, 62, 56, -8, -62, 32, 60, 108, 80, 100, 36, -130, -226, -64, 40, 12, 356, 170, -148, 8, -40, -104, 94, -138, -114, -18, 146, 104, 144, -82, -44, 0, -38, -62, 314, -96, 54, 88, -270, -212, 20, -234, 28, -76, 50, -8, 122, -118, 82, 8, 62, 92, 6, 106, 50, -16, 8, -222, 272, 136, 238, 254, 60, 86, 148, 316, -18, -74, -118, 66, 30, 280, -122, -20, 76, 100, 88, 44, -146, -142, -38, -122, 428, 222, -72, -120, 146, -14, 250, -30, 154, 84, -198, -10, 102, -56, -102, -104, -52, 82, 128, 22, 256, 2, -54, 18, 148, -92, 22, 120, -214, 98, -130, -134, 100, 138, 204, -156, 266, 74, -158, -32, 16, 144, 134, -2, 174, -62, 
100, 94, 58, 100, -30, -100, -16, -28, 210, 68, -128, 90, -100, 24, 190, 2, 88, 34, 148, 24, 192, 138, -114, -84, 98, -24, 12, -10, -144, -88, -30, 120, -14, -32, 132, 122, -134, 0, -94, 6, 66, 56, -118, 178, -78, -100, 118, 312, -260, 118, 378, 142, -152, 22, 120, 142, -22, -88, -136, -32, 172, -64, -48, 90, 194, 172, 78, -56, -78, 26, 42, 76, -34, -118, 92, 6, 196, 18, -22, 4, 40, 182, 10, 190, -236, 120, 132, 104, 68, -14, 84, 76, -90, 62, -162, 226, 180, -284, 34, 80, -28, -166, 94, 166, 258, -40, 88, -160, -74, 266, 162, 376, 84, -172, 68, -132, 0, 172, -72, 120, 216, 40, -2, -16, 138, -38, -40, 50, 110, -22, 110, -16, 122, 20, 4, 334, 312, 56, 206, -120, -30, 10, -88, -14, 40, -10, -158, -74, 186, 240, -42, -58, 162, -216, -118, -102, 10, 118, -212, 68, 164, 156, -76, 92, 16, -168, 144, 68, -40, 166, 16, -36, -86, 176, 28, -52, 42, -54, 156, 100, 136, 14, -156, 12, 54, 14, -68, -88, 72, -52, 58, -48, -82, -24, -54, -108, -52, 202, -162, 114, -50, -82, 84, -28, 28, 44, -64, -16, -120, 2, -128, -72, 10, 98, 158, 138, -104, 200, -174, 8, 226, -30, 110, 196, 240, 86, 166, 146, 280, 134, -182, -110, -170, 108, 24, 100, 206, 64, -144, 94, -30, 252, -86, -80, -46, -88, 132, 114, 24, -84, 62, 80, 138, 38, 22, -80, -32, 142, 278, 134, 316, -110, -180, -20, -44, -8, -30, -52, 102, 98, -232, -142, 70, 78, -40, 0, -108, 12, 112, -10, -166, -14, -128, 2, 136, -96, 158, 2, -196, 36, -298, -144, -168, 116, 90, 420, 90, -68, 20, 104, -294, 28, -48, -256, 70, 78, 284, 78, 94, 24, 72, 36, 140, -160, -20, -36, 210, 104, -54, 118, -32, 44, 40, 112, 314, 0, 212, -18, -82, -24, -102, -74, 158, -112, -208, -288, -8, -78, 32, 72, 74, 360, 56, 78, -152, -58, 198, 106, 50, -138, -46, 276, 178, 158, -68, -206, -82, -42, -228, -10, 152, 38, 210, 206, 12, 22, 74, -72, 10, 24, 84, -108, -68, -250, 28, -46, 94, 2, 74, -44, -36, 32, 86, -84, 276, 48, 90, 46, -252, -230, -134, -50, 44, 164, -56, 28, -46, 68, -252, -102, -112, 150, 102, 42, 20, -84, -72, 272, -94, -54, 240, 120, -104, 240, -62, 168, 108, 50, -22, 160, -70, 2, -48, -172, 198, -194, 42, 36, 44, 206, -96, -98, -378, -176, 114, 30, -16, -34, -72, 68, 62, -170, 14, -102, 304, 72, 134, -40, -38, -290, 350, 200, -20, 210, -110, -204, 92, 204, 68, -164, -124, -94, -294, 28, 250, 10, -142, 128, 296, 198, 114, -32, -14, 16, -178, 122, 72, 96, -6, 10, 246, 6, 208, 66, 52, 206, -2, -132, -90, 234, -174, 20, 162, -48, 126, 38, 46, 258, -174, 178, 
-122, -108, -86, 110, -128, 172, 74, 16, -168, 28, 16, -30, -42, -124, -48, 106, 24, 194, -150, 62, -164, -40, 212, -66, -188, 136, -42, 24, 164, 142, -312, -206, 214, 60, -164, -96, 58, -20, -16, 204, -76, 0, 8, 70, 0, 114, 58, -102, 300, -96, -222, -212, 118, -66, 4, -50, 86, 214, -54, 26, -92, 110, 16, 42, -132, -156, -42, 128, 156, -14, -8, 32, 298, 70, -84, 102, -128, 102, 74, 216, 70, -200, 190, -22, 238, -110, -40, 38, 2, -138, -132, 16, 46, 46, 128, 12, -230, 296, 58, -90, 152, 206, -60, -162, -38, 126, 54, 294, 124, -88, -90, -8, -110, 242, 38, 150, 194, -284, 48, -242, 22, -182, 90, 56, -112, -70, -154, -58, -40, 28, 126, 144, -36, -84, 44, -238, -290, 14, 34, 88, 192, 14, 146, -144, -34, -88, 108, 12, -114, -88, 108, 74, -100, 94, 206, 192, -10, -72, 134, 28, -192, -4, 84, -60, -118, 206, 10, -148, 170, -52, -128, 116, -28, 48, 140, 4, -38, 128, -54, -110, -118, 46, 200, 48, -68, -150, 66, 194, 18, 192, 40, 48, 112, 132, -148, 192, 202, -50, 12, -30, -112, 94, -46, 152, -164, 92, 104, 160, 94, 102, 104, 176, 28, -104, -100, 6, 124, -210, 320, 74, -40, 294, 54, -116, -280, -22, -150, -74, -124, -162, 116, 46, 254, -184, 230, -56, -82, -96, 280, -6, 4, -124, 116, 164, 62, 86, -162, -28, -2, 10, -98, -166, -28, 68, -12, 6, 124, 92, -104, -100, -144, 120, 200, 262, -24, 90, 28, -10, -6, -86, 426, 82, -72, 180, 14, -24, 198, 72, -158, 146, -4, -52, -222, 250, 0, 374, 72, 146, 126, -62, 330, 92, 158, -88, -170, -228, 92, 186, -78, -158, 286, 74, -38, 40, -132, 90, -260, -100, -220, -50, -24, -120, -78, 136, 40, -6, -226, -110, 174, 22, 108, -40, 40, 28, -102, 4, -112, 72, 80, -98, 112, 48, -36, 144, 142, 164, 108, -4, -60, 204, -40, -122, -18, -64, 68, 40, -140, 30, 64, 100, 88, -130, -198, -270, 108, 12, 96, 128, 262, -86, -64, -92, -84, -200, 62, 94, 204, -72, -162, -92, -92, 38, 196, 110, -138, -78, -86, -58, 14, -20, -56, 118, 30, 104, -164, -124, 90, -216, 160, 230, 342, 150, -116, -66, 6, 62, -56, -188, 330, -26, 176, -34, -28, 28, 38, 98, 20, -154, -102, 230, -152, -10, 148, -186, -56, -92, -84, 40, -46, -70, 166, 32, 138, 412, -32, 260, -88, -30, 76, -188, 40, 16, 164, -6, -30, -2, 88, -78, -8, 84, -158, -96, 30, 140, -90, -44, -114, 144, 166, 204, -264, 88, 146, -78, 176, 52, 40, -22, 44, 350, 28, 4, 188, -4, -200, 190, 38, -82, -208, -152, -4, 26, -32, 24, 186, 82, -114, 82, 152, 30, -178, -30, -126, -4, 114, -8, -68, 98, 208, 32, 238, -138, -66, 202, 174, -114, 84, -112, 96, -6, 
170, 48, 84, 46, 54, -28, 108, 66, 74, 12, -130, -168, 168, 234, 28, -334, -106, -82, 158, 38, 206, 230, -46, -14, 0, 0, -150, 2, -10, -16, 242, 160, -178, 132, 168, 28, 36, -2, 96, -268, 18, 154, -56, 54, -86, 20, -112, 52, -154, -56, 146, 128, 54, 150, 86, 204, 80, -162, -18, -32, 10, -318, 220, 20, 338, 92, -54, -82, -32, -156, 62, 112, -92, 134, 114, 0, 124, -120, 88, -200, -72, 322, -178, 160, -236, 38, 102, 82, -88, 24, 78, -60, -50, -20, -58, 266, 180, -118, -70, 126, 136, 18, -50, -40, -86, -126, 112, -254, -152, 50, 178, -60, 74, -102, 108, 64, 16, 84, -154, 278, 170, 180, -28, -6, 160, 50, 130, 20, -38, -48, -128, 46, 138, 224, 42, 88, 108, 64, 152, -22, -8, -148, 50, 132, 106, 12, -32, -88, 38, 232, -34, -2, 180, -88, -12, -118, 94, 190, -62, 90, 82, -168, -34, 176, 2, 24, -34, 66, -134, -34, 66, 82, -22, 168, -28, 52, -46, 206, 170, 122, 134, 10, -214, 92, -40, 184, 20, -158, 122, -128, 64, 32, -170, -30, -106, -120, -56, 108, 70, 114, 108, -46, 102, -130, 56, 10, 176, -124, 0, -178, -76, 102, 136, 36, 4, 4, -66, 250, -90, -50, -24, -82, -28, 230, -182, -160, 120, 146, 168, 136, 26, -64, -148, 156, -156, 204, 106, 150, -360, 24, -60, 56, 58, -56, -96, -8, 92, 38, -66, -34, 128, 108, -118, -28, -6, 10, -154, -78, 112, -72, 160, -138, 56, 10, 104, 36, -44, 226, 74, 308, -510, 84, 24, -188, -120, 20, -94, -56, 166, -118, 88, 116, 112, -128, 98, -58, -30, -52, 248, -52, 10, -92, 44, -26, 150, 330, -76, 6, -10, 366, -226, -36, 174, -166, 128, -110, 60, 88, 98, 74, -130, 104, 202, -6, -6, 258, 116, 156, -246, -22, -108, 146, -90, 34, 84, -28, 228, -20, -16, 52, -26, -160, 102, 30, -28, -306, -98, 34, -58, -290, 208, 134, -126, 114, 68, 12, 94, 116, -168, -22, -100, -50, 220, 18, -2, -20, -100, -204, -166, -34, 46, -66, 94, 188, -116, 58, -70, 12, 66, 162, 56, -68, -136, -6, 168, -50, 136, -86, 26, -34, 150, 6, 14, -60, 2, 102, -44, 66, 40, 72, -94, -84, 120, 248, 144, -170, 0, 146, -406, -10, -290, 8, 32, -46, -18, -94, -30, 14, 80, -192, 178, -182, 6, 120, -70, 192, 290, 60, 106, -44, -230, -150, -94, -152, 280, -364, 62, -2, -130, -10, -102, 44, -2, 78, -52, 54, -20, -122, -4, 50, 132, 134, 8, -72, -106, 42, 38, 24, 16, -92, 206, 86, -200, 176, -52, -156, 70, 80, 70, -84, 212, 58, -108, 12, 240, -80, -150, 132, 84, 32, 42, 46, 92, 32, -76, -6, 210, 40, -60, -60, 172, -32, 232, -214, -152, 72, -12, -14, -178, 50, -52, -56, 116, -194, -190, -68, 104, 58, 20, -40, 
-106, 226, 28, -36, -54, -108, -28, -100, -84, 18, -10, 152, -106, -176, 50, 322, -114, -22, -50, -22, 12, -46, -40, 198, 90, 50, 554, -26, -16, 242, -8, -220, 76, -142, 60, -2, 14, -36, -84, 106, 62, -82, 62, 198, 262, 76, 0, -112, 30, 36, -104, 118, -262, -44, -78, -290, -76, 184, 2, 148, -34, 220, -138, -16, -166, 28, 104, 42, -138, 166, -158, -234, -70, 10, 44, -14, 132, 32, -166, 116, 78, -406, 136, 40, 76, 8, -22, -86, -118, -74, -148, 176, 46, 86, 208, -68, -220, 72, 164, -76, -140, -26, -78, 12, 94, -178, 52, 164, 202, 30, -8, -78, 106, 68, 18, 62, 106, -162, 218, -164, 86, -204, 80, 82, -72, -6, -60, 66, 32, 114, 64, -32, 26, -56, -2, 6, 104, -82, 76, 116, 8, 20, -104, -224, -28, 138, 14, 182, -158, -58, 122, -4, 96, 184, -86, 234, 32, -92, 180, -74, -90, -44, 4, -180, -148, 110, -128, -18, 34, -86, 216, -16, 94, -98, 150, 92, -80, 64, 22, -182, -36, 158, 116, -114, -60, -206, 158, 180, 40, 82, -292, 76, 14, -40, 192, 34, 42, -46, -8, 110, 52, 50, -192, 196, -156, -86, -210, 138, 170, 176, 158, -64, 112, -32, -56, 28, 162, -206, 52, -56, 228, 118, 14, -258, -80, 146, -90, 28, -140, -128, -4, 142, 8, -142, -18, 46, -16, -14, 184, 42, 262, -230, -94, 188, 48, -134, -54, 162, 40, -40, -130, -16, 130, -8, -12, -20, 270, 100, 28, 152, -72, 166, 86, 58, 0, 78, 40, -168, -178, -238, 288, 40, -40, 378, 154, -110, 226, 154, -150, 158, 24, -60, -128, 80, -186, 24, 70, 74, -116, 12, 56, -12, 50, 76, -272, -366, 82, 70, -98, -236, 262, -54, -226, 166, -208, -32, 16, -168, -12, -140, 22, 90, -26, 0, 72, 52, -200, -44, 310, -72, 278, 18, 72, 30, -76, -118, -226, -16, 8, -188, 82, 74, -142, 142, 146, 30, 322, -16, 88, 50, 50, 32, 72, 58, -12, 192, -82, -40, 300, 0, 70, -72, -146, 6, 150, 40, 208, 186, 16, 72, -58, 26, -88, 10, 282, 34, -4, 76, -66, 16, 38, 72, 136, 142, 56, 142, -188, 210, -84, 22, -124, 120, -96, 76, -24, 30, 160, -12, 28, -132, 32, 128, -138, -162, -8, 196, 12, -264, 314, 44, 132, 58, 30, 2, -142, -90, 112, 6, 34, 126, -36, 318, -46, -326, 214, 4, -194, -186, 40, -46, 194, 216, 34, -96, -220, 336, 4, 20, 146, -298, -32, -36, -12, 0, 210, 76, 56, 32, 234, -22, 36, -34, 28, 58, 58, 26, -4, 12, -14, 78, -56, -104, 146, -154, 180, -4, 156, -94, -180, -126, -172, 270, -56, 244, -76, -96, 126, -68, 40, -2, -72, 40, 44, 84, -186, 44, -20, -36, 6, 220, 20, 0, -302, 160, 206, -186, -4, 38, 300, -134, 16, 226, -164, 164, 136, 58, 18, -152, -64, 122, 
80, -226, -22, -40, 4, 156, 222, 250, -198, -68, -118, -94, 130, 174, -14, -230, 72, -122, 102, 124, 6, 20, 32, -172, 44, 160, -412, -10, -96, -250, 272, 254, -28, 36, 154, 84, 40, -92, 120, -164, -18, -70, 40, -74, -236, -46, -170, 152, -212, -152, 258, -58, 278, 158, 220, 216, -56, 4, -64, -68, -84, -32, 86, 10, 218, 26, -106, 120, 34, 40, 190, 172, -22, -44, 94, -56, -186, 18, 212, -14, 6, 346, -94, -124, -10, 56, 84, 140, -22, 118, 154, -66, -68, -156, -22, 76, 140, -98, -84, 72, 110, -68, 212, 100, -18, 172, 60, -146, -138, -30, -50, 210, -196, -22, 122, 50, -182, 56, 30, -4, 6, 198, -34, 64, -120, 236, 96, 6, -148, 56, 98, -108, -10, 54, 26, 30, 46, 88, 94, -90, 274, 58, 12, 78, 42, -186, 74, -150, 138, 260, -56, -40, -84, -186, 160, -136, -134, 48, -158, -30, -10, 92, 64, 116, 28, -134, 478, 30, -158, 298, -216, -84, 2, 106, -26, 2, 204, 44, 70, 222, 34, 34, -48, -108, -144, 220, 0, 66, -22, 92, 204, -12, 48, 72, -94, 40, -62, -98, 108, -148, -102, -48, 174, -94, 280, 14, 110, -52, -30, -124, -122, -88, -176, 198, 238, -130, -138, 234, -28, -80, -56, 46, 22, 90, 98, -162, -124, -50, 138, 200, 270, -152, 142, 70, 66, -100, 94, 24, -162, -162, -136, 166, 78, -206, 74, 58, 58, 24, -12, -56, -100, 106, -206, -76, 58, 104, -154, -96, 40, -198, 76, 112, -172, 32, -122, -16, -14, 138, 158, 302, -52, 124, 214, -328, -84, 6, -206, -94, 34, -156, 54, 120, -20, 20, 80, 36, -136, -52, 72, -22, 128, 46, 162, -48, 364, 590, 6, 32, 136, 234, -312, 124, 292, 102, 150, 184, -222, 90, 56, 186, -68, 40, 144, 116, -8, -142, 204, -120, -150, 28, -80, -108, -174, -62, 34, 150, 174, -36, 18, 172, 68, 138, 184, -64, 26, -44, -176, 82, -46, 20, -68, 100, -220, 24, 10, 80, 222, 164, -248, -120, 96, 112, 246, 140, -22, 64, -82, -268, -2, 106, 188, 66, 70, -158, -228, -90, -76, -110, 132, 228, -38, 42, -4, -76, -18, -200, 170, -162, 78, 62, 280, -90, 14, 34, -36, -32, 24, -120, -80, 88, -156, -136, 130, 38, 108, 102, 324, 42, -84, -202, -118, 86, -94, 14, 192, -46, -218, 84, -36, 74, 244, -68, 36, 282, 50, 74, 22, 174, 134, 168, -200, 34, -10, 226, 38, -92, 110, -46, -230, 386, 44, 54, 122, 62, -184, -28, 76, 14, -26, -104, 100, 18, -82, -68, -80, -142, 190, 72, -58, -172, -16, -108, 30, 138, -222, 116, -184, -36, 114, 144, -10, 22, 140, -144, 132, 28, -136, 176, -210, 64, 16, -134, 40, 116, 198, 108, 60, 194, 60, -204, -296, -6, 228, 10, -100, 220, -140, -8, -260, 226, -70, 98, 174, 130, -128, -214, -40, 214, 174, -130, 
146, 180, 8, 74, 104, -80, 46, -286, 410, 26, 4, 198, 18, -28, -46, 238, -102, 120, -146, -218, 22, -74, -56, -144, 126, -60, 238, 152, -28, 84, -46, -112, -30, -56, 144, -120, 44, -94, 14, 198, -148, 56, 28, 18, 138, 122, 52, -106, 96, 218, -2, 38, 8, -92, 0, -146, 86, -10, 30, 126, 82, 14, -34, -162, -20, 62, 56, -52, -40, 22, -226, -36, -180, 204, -28, -60, 30, 86, -22, 116, 92, -6, 226, -20, 118, 16, -40, -130, 40, -128, -20, -116, 176, 238, 164, -140, -134, 128, 176, 30, -134, -8, -60, -80, 132, 54, 48, 100, 24, 224, 48, 100, -54, -20, -98, -4, 212, -112, 186, 226, -4, -98, 128, -2, 88, -54, 2, 84, 44, 38, -24, -2, 18, -180, -34, -74, -170, 42, 24, 130, -116, -14, -2, -6, -92, 186, -112, 44, -30, -114, 126, 60, -4, 88, -58, 328, 6, -30, -12, 112, 70, -12, -46, 32, -56, 164, -344, -46, 162, -240, 262, 216, 44, -224, 122, 170, -116, 200, -32, -146, -120, 34, 174, 28, 164, -146, 116, -106, 36, -60, -122, -108, -52, -96, 86, 6, 108, 94, -256, 154, 32, 22, -70, 8, -180, 46, -98, 82, -134, 60, 108, -120, 62, 10, 12, -48, 188, -238, 104, 120, 4, -92, 28, -74, -108, 64, 70, 90, -92, -134, -102, 182, -66, -52, 18, 198, -194, -8, 154, 36, -54, -150, -208, 114, -76, 24, -12, -28, 158, 4, 192, 66, 44, -8, 110, 52, 246, 130, 132, 198, 72, 96, 288, 16, -32, -134, 122, -156, -178, -58, 120, -66, -186, 248, 214, -40, 236, -100, 52, 16, -8, 90, 168, 222, -202, 230, 294, 38, -220, -30, -96, -42, -8, 132, -96, -364, -16, 96, -316, -150, 150, -60, -256, 148, -202, -98, 120, 54, 70, -274, 66, -72, -278, 88, -80, 86, -258, 54, 34, 38, 170, 94, 150, 170, -130, -136, -238, 30, 146, 2, 24, -56, -212, 16, 118, -82, 242, 42, 80, -20, -38, -106, 88, -26, 16, 230, -238, -38, 0, 166, -78, -30, -208, -58, -92, 166, 176, 124, 44, -134, -252, -154, -122, 68, 136, 14, 126, -16, -132, 28, 62, -142, 198, 134, 114, 150, 84, -12, -264, -158, -336, 110, 122, 84, 12, 46, 36, 156, 6, 132, 182, 62, -20, 26, 20, -238, 4, -70, 200, 194, -96, -38, 22, 100, -56, 60, 174, -48, 246, -168, -168, 200, -20, 10, 170, -8, 70, -6, -86, -28, 268, -8, 110, -178, -6, 84, -198, 50, 132, -326, 48, -20, -234, 22, 294, 102, -44, 62, 128, 130, 26, -42, 22, 82, 178, -12, -16, 58, 82, -30, 96, -36, 24, -92, 312, -12, 262, -40, -26, -82, 140, 24, -170, 10, -76, 252, 152, -190, 130, -96, -80, 72, 148, 68, -108, 162, -56, -36, -28, 146, 276, 182, -90, 6, -42, -172, 154, 88, 240, 118, 238, -38, -184, 24, 0, 188, -96, -158, 8, 30, 
-126, -104, 192, -38, 28, 26, -64, 184, -182, -110, -40, -280, 34, 114, 78, -30, 82, -66, 144, 80, 14, -50, -2, -18, -4, -70, -94, -236, 80, -120, 0, -30, 144, 36, -212, 140, -196, 182, -54, -138, -40, -74, -128, -64, -78, -94, 172, 260, 32, -64, -92, -40, 136, 90, -102, 230, 82, -118, 8, -28, -174, 86, 78, 134, -92, 72, -52, -128, 12, 140, 144, 126, 232, -272, -120, -184, 134, -50, 70, 128, 18, 180, -54, -94, -146, -132, 90, 128, 48, 166, -4, 124, 152, -56, -114, 88, 118, -44, -52, 148, 328, -170, 140, 46, -32, -36, -12, 94, 38, 6, -2, 98, 144, 4, 84, 150, -286, 38, -94, -218, -92, -100, -84, 32, 126, -116, 58, 64, 34, -48, 44, -150, 24, 148, -102, 178, 28, -50, -98, 42, 8, -46, -36, 184, 56, 56, -108, 4, 52, 30, -186, -126, -2, -64, -20, -80, -24, 148, -14, 0, -32, -54, 148, -144, 60, -62, 476, 74, -124, 150, -80, -42, -92, 176, 134, -214, 20, -138, -30, 160, 42, -228, -152, 120, -58, 38, -178, 92, 36, 90, 186, 8, 102, 84, -64, 70, -76, -174, 378, -114, 4, -100, -16, -88, 24, 26, 38, 58, 104, 40, 108, 56, -56, 172, 72, -20, -34, 26, -178, -240, -98, -48, 60, 184, 66, 36, -24, 42, 38, 108, 70, -18, -16, -10, 14, -64, 336, 64, 6, 86, 50, 144, -76, -68, 208, -136, 132, 152, 40, 6, -108, -28, 52, 34, 0, 80, -440, 136, -34, -54, -94, -178, -226, -6, 24, 42, -94, 112, 322, 198, -110, 170, 78, -334, -38, 64, -172, 204, 102, 88, 150, 4, -82, 112, 64, -92, -144, 32, 126, -60, 158, -4, -100, -192, 96, 266, 140, 58, 208, 124, -106, 248, 208, -332, 236, 148, -154, -18, -66, 262, 154, -38, 248, 166, -134, -90, 208, 152, 26, -6, 76, -38, -134, -78, 76, 82, 140, 172, 20, -42, 76, 192, 154, -24, 84, 114, -130, -60, -94, 194, 94, 48, 184, 228, 94, -176, -18, 138, 24, -204, 136, 24, 136, -42, 14, -264, -70, -2, -168, 160, 100, 144, 188, -118, -182, 12, -30, 34, 202, -52, 68, 290, -94, -54, -164, 0, -36, 232, 300, 24, 118, -148, -116, -32, 78, 52, -124, 90, 66, -92, 126, -18, 66, -190, 164, 168, 30, 132, -54, -62, 88, 124, -56, -70, 94, 44, -110, -26, 16, 16, 166, -158, 18, 176, -64, -16, 190, 126, -74, 192, -238, 112, -92, 222, 56, -102, 194, 10, 58, 332, -60, 36, 200, -10, -52, -34, 34, -116, -160, -52, -102, 218, -200, -56, 20, 68, 6, -96, 106, 34, 20, -76, 84, 52, -104, 76, -154, -68, 40, -12, -144, -4, 158, 90, 128, -42, -160, 100, 40, 178, 82, 64, -20, -182, 204, -110, -116, 72, 58, -66, 26, -158, 14, -12, 38, 4, -14, 40, -50, -130, 18, -56, 154, -6, -26, 24, 188, 154, -10, -110, 
146, 28, -54, 44, -84, -22, 108, -74, 284, 16, 166, 200, -54, -68, -110, 244, 14, 56, -178, -60, 48, -48, -72, 70, -64, -12, 46, 296, -94, -18, 154, 156, -32, -44, -8, -88, 214, 4, 300, 206, 68, -32, 120, 6, 28, 208, -56, -122, -18, -50, 52, 18, -230, 56, 98, -80, 10, 188, -24, 94, -22, -108, 84, 32, 72, 4, 228, 16, -134, -64, -46, -58, -108, 222, 170, 116, -76, -138, -48, 18, 32, -12, -116, 146, 6, -110, 70, -54, 114, -210, 116, -146, 152, 172, -56, 14, -38, -188, 214, -96, -148, 334, -174, -40, 26, 86, 90, 30, 88, -18, -8, -52, -24, -40, 46, -78, 198, 52, 48, 182, 60, -12, 140, 74, -70, 334, 88, 84, -70, -54, -18, 120, -164, -120, 74, -126, 30, 124, 80, -12, 22, 132, 210, -268, -66, -250, 220, -110, 16, -204, 176, 74, -82, 24, -18, 308, 94, -62, 136, 74, 40, 82, 18, -56, 200, -72, -352, -82, 260, -32, -50, -76, 68, -180, -184, -76, 48, 48, -108, 0, -62, 186, 134, -14, 210, -100, 150, -92, 54, -80, 22, 76, -70, 18, 104, -144, 34, 356, -146, 98, 64, 100, 84, 110, -166, 30, 46, -54, -50, 76, 8, 80, -52, -32, 160, 10, 0, 0, 26, 208, 90, -66, 202, -144, 14, 76, 104, -128, 166, 14, 30, 136, 16, -74, 150, 74, -264, 32, 46, -8, -18, -284, -44, 84, -112, 60, 46, -122, -26, -90, 138, 72, 58, -112, -18, 114, 236, -88, 114, 94, 118, -32, 50, 78, 110, 80, 12, -88, -308, 10, 98, 56, 20, 28, 182, 84, 18, -130, 62, -18, -72, -76, 96, -144, -116, 212, 236, -4, -86, 54, 48, 4, -4, 374, -14, -136, -128, 148, -200, 2, 120, -104, -64, 252, -312, 56, 116, 102, 176, 104, -112, 86, -262, -116, -74, 146, -164, -98, 292, 128, 36, 68, 170, 50, 120, 16, -140, -2, -6, 44, -66, -302, -206, 196, -160, -156, 44, 144, 40, -84, -28, -84, -194, -156, 12, 112, 172, -182, 10, 106, -10, -150, -186, 26, 238, 244, 126, 2, 214, 30, 150, -34, -212, -48, 24, 56, 126, 44, -60, 90, -16, 64, 56, 46, 84, 88, 110, -118, -38, -94, -94, 180, 114, 6, 114, -12, 130, -106, -86, -56, -244, -30, 60, 44, -74, -128, -68, -144, -12, 310, -34, -76, -106, 168, -88, 88, 298, -56, -24, 14, -46, 60, -32, -28, 56, 42, -188, -178, 10, -60, 62, -120, 112, -128, 30, 16, -72, 44, 90, -156, 26, 18, -40, 210, -20, 180, 70, 90, 88, 164, 76, -158, 174, 76, 44, -222, 222, -66, -18, -56, -38, 94, -158, 164, -50, -134, 160, 160, 32, 232, 94, 166, -74, -16, 80, 144, 50, 86, -2, -28, -24, -32, -30, 168, -98, 210, -88, 148, 18, 116, 64, 198, 34, -32, -2, -74, -12, -6, 162, -36, 124, 6, -58, 112, 104, 28, 20, -76, 134, 126, 
100, 108, 46, -160, -6, 6, 42, 222, -376, 48, -94, -226, 32, 134, 60, -168, -64, -138, -4, 104, 32, -2, 76, 2, 92, 70, -2, -192, 112, -98, 28, -36, 110, 150, 0, -32, -88, 140, -306, -56, 72, 66, -2, 124, 54, -158, 84, 56, -8, 164, 50, 6, 110, -68, -270, 76, 200, -92, 114, -44, 22, -120, -80, -354, -80, -22, -162, -98, 162, 16, 34, 120, 86, -18, -142, 42, 40, -36, 46, 34, 46, -102, -124, -22, 80, 56, 120, -40, 114, 78, -146, 44, -164, -124, 116, -120, -62, 316, -10, 122, 238, -146, 202, -4, 36, -74, -22, 218, 48, 254, -54, 78, -106, -10, 24, 62, 32, 242, -96, -68, -42, -66, -144, 26, -6, -168, -64, -58, -68, 176, -8, 106, 108, 94, -150, 78, -112, -2, -30, -22, 84, -164, -198, 302, 80, 158, -146, -36, 76, 158, -102, -70, 102, -14, 14, -60, -150, -46, -138, 240, -106, 158, 98, -70, 30, 28, 256, 180, -202, -178, 214, 2, -66, 188, 48, 116, 42, 60, 34, 32, -106, -160, 118, -132, -114, 188, -68, 30, 24, -50, 184, 42, 66, -62, -38, 56, -96, -66, 156, -130, -58, -10, -194, -12, 194, -104, 80, 106, 116, 52, -14, 138, -42, 216, -120, 112, 142, -122, 74, -4, -12, 10, -56, 262, -12, 62, 32, -22, -110, 14, 62, 28, -46, 292, -138, 28, 182, 4, 102, 66, -18, 130, 90, 32, -64, -4, 240, 130, -52, -52, -148, 126, 130, 2, -16, -46, -82, 60, 4, 16, 116, -106, -78, -24, -150, -306, 76, -6, 166, -50, 22, -64, -36, -6, 34, 44, -184, -44, 6, -60, 124, -36, -48, 48, -84, -116, -82, 68, 46, -46, 58, 180, -88, -222, -86, 204, 2, -110, 146, -46, -142, 242, 48, -274, 142, -6, 154, -144, -100, 50, 214, -140, 304, 172, 102, -172, 206, 136, -136, 48, 12, 60, -56, -54, 78, -176, 98, -156, -150, 100, -24, 178, 128, -228, 22, 240, 50, -178, -14, -106, 56, 142, 78, -32, 72, 8, -384, 338, 112, 98, 70, 18, 254, 6, -12, -126, -196, 16, -106, 152, -10, 38, 150, 70, 134, -14, -4, -88, 128, 46, -26, 32, 4, 46, 70, -4, -138, 228, 110, 206, 140, -52, -60, -94, -26, 116, -92, 118, 40, 210, 124, 12, -14, 114, 4, 30, -26, -40, 76, -126, 20, -144, 84, -128, 114, 44, -164, 104, 10, -200, 126, -244, 32, 120, 66, -6, 144, 112, 16, -142, 90, 260, -134, 128, -188, -118, 40, -6, -62, 132, -126, -84, 92, -94, 16, 6, -60, 72, -104, -108, 12, 214, -108, 116, -56, 16, -234, 68, -42, -22, -72, -62, 216, -160, 158, 162, -90, -20, 10, -98, -70, -54, 26, -96, -136, -174, 10, -58, 34, -6, -32, -34, 18, -154, 156, -56, 214, -148, 4, -174, 16, -62, 152, -118, 30, -188, -66, 98, -288, -70, -166, 12, 94, -174, 68, 20, 158, 198, 54, -128, 
-96, 110, -26, 138, 64, 66, -162, 48, 224, 130, 26, 226, 38, -176, -74, 206, 174, 142, 40, -14, -86, 22, -184, 188, 64, -86, 118, -12, 184, 40, -128, 68, 112, -70, -6, 236, -62, -118, 216, 68, -112, 58, -26, -56, -300, 130, 14, -44, 114, -190, -104, 70, 26, 58, 304, -256, -102, -110, -96, -18, -120, 52, -54, 266, 138, 156, 136, 136, -86, -10, 2, -98, -164, -180, -26, -124, -74, 210, 188, -2, -72, 222, 82, 24, 12, 82, 36, 46, 16, -76, 162, -162, -38, 154, -48, 64, -52, 36, 134, 68, 12, 150, -88, -2, -62, 276, -14, -236, 16, -6, -6, -84, 60, -160, 8, -122, -12, -56, -112, 62, 78, 58, 34, 98, 22, 162, 26, 14, 236, -94, 114, 0, 0, 30, 172, -116, 100, -100, 124, -6, 92, 100, 286, -172, 54, -156, 408, -134, -174, -30, 70, 46, -120, 32, -88, 28, 200, 162, 84, -180, 94, -204, -24, 102, -24, -110, -136, -136, 116, 116, -30, 62, 168, -34, -98, 20, -18, 54, -56, 22, 172, -4, 156, 204, 72, -56, 6, 242, -128, -84, -144, 154, 62, 146, 116, 166, 110, 128, 134, 198, -78, -138, 94, 84, -88, 274, 14, -68, -20, 14, 62, -140, 46, -2, 242, -144, -168, 12, -72, 38, -48, 112, -44, 12, -58, -44, -28, 34, 146, 40, -96, 116, 54, -208, 244, -194, -84, 60, -32, 186, 50, 6, 100, -112, 226, 196, -90, -42, 144, 54, 200, -70, -162, -14, -22, 6, 42, -82, 94, 10, -88, -6, 122, 50, -26, 170, 30, -14, -136, -34, 64, 162, 214, 64, 2, -86, -8, -14, 120, -32, -86, 130, 182, -196, 92, -192, 44, 24, 80, 44, -36, -212, -36, -26, 76, -130, -24, 14, -142, -72, 162, -308, -94, 190, -4, 0, 306, 292, 84, 82, -226, 86, -322, -12, 38, 102, -214, -150, 150, 176, 46, 172, 148, 124, 154, 216, 12, 160, -114, 0, 30, -112, -156, 188, 2, -214, 2, 134, -122, 108, -16, -68, 40, 100, -102, 178, -38, -76, 216, 32, -128, 12, -48, 32, 118, 118, 106, 48, 76, -142, -40, 58, -152, 6, -118, 98, -8, 90, 124, 58, -86, 16, -62, 32, 100, 40, 72, -226, -194, -30, -106, 70, 216, 130, 136, -152, -24, 46, 60, -22, -172, 44, -46, 44, 24, -6, -20, -26, 66, 104, -62, 342, 4, 172, 102, -4, 182, 26, -22, 236, -98, 86, -14, -62, 8, -24, -106, 22, 68, 236, -62, 62, 58, -188, 84, 28, 84, 34, 174, -132, 186, 84, 48, 222, 46, 16, 16, -92, -28, 118, -104, -106, 76, 8, -58, -50, 218, -126, 44, 36, 40, 212, -226, 344, -128, -316, 278, 110, 50, 146, 234, 42, 12, -62, 34, 264, 90, 20, -36, 110, 68, -28, -146, -82, -74, 106, -262, 188, 122, 226, 10, 124, -54, 258, 118, -2, 152, 58, 394, 110, 94, 120, 24, 192, -18, 46, -152, -264, 0, 190, 
-54, 60, 24, -58, 134, -28, -8, -138, -168, 0, 192, 108, -90, -84, 84, -174, -128, -80, 66, 92, 110, -170, 60, 26, -112, 308, 8, 106, -90, -32, 210, 2, -214, 32, -78, -222, 60, 76, -60, 36, 48, 24, -42, 72, 514, 20, -18, -28, 94, 56, 74, -36, 20, -134, -78, 398, 94, -12, 48, 68, 8, 12, 114, -146, 0, 24, -168, -4, 96, 168, 60, 114, 282, 202, 2, 240, 130, 46, -136, 40, -64, -136, 30, -164, -136, -76, -130, -178, 60, 152, -204, 346, -138, -134, 66, -46, 130, 86, -112, 104, 14, -392, -16, 118, 10, 26, 64, 234, 112, 20, -10, 238, -152, 346, 22, 122, -78, 16, 32, 10, -86, 44, -36, -2, -16, -30, -40, -24, -186, 116, -84, 108, -4, -122, -130, 268, -8, 114, -28, -96, -90, -76, -108, 2, -180, 114, -256, 146, 302, 10, -110, -50, 178, 96, 86, 4, -124, -24, 100, 134, 48, 22, -16, 68, 86, 198, 98, -30, -52, -42, 226, 40, -180, -44, 256, 246, 4, -48, 304, 90, -156, 56, 36, 114, 50, -58, -84, -316, 104, 346, 276, 90, 42, -206, -104, -10, -240, -74, -14, 10, 26, 168, -48, -62, 286, -40, 106, -8, -66, 164, -40, 90, -14, -116, -96, -80, 120, -18, -104, -80, 32, 118, -2, -224, 154, 148, -74, 102, -2, 126, -86, 42, 86, 188, 160, 36, 88, -132, -90, -252, 68, 24, -28, 48, -134, -190, 130, 256, -28, -124, 22, -26, 152, 308, 122, 90, -2, 124, 44, 102, 26, 126, -36, 138, 196, 18, 108, 136, 198, -92, 144, 40, 110, 86, -78, 164, 100, 122, -54, 132, 94, -188, -266, 200, -76, 142, 278, 162, -84, 76, -102, 56, 94, 146, -36, -114, 98, 240, 104, 68, -92, 62, 54, -126, 112, 44, -124, -300, -112, -128, 90, -14, 148, 152, -260, -68, 324, 94, -316, -30, 32, 50, 154, -116, -20, 74, 150, 90, 58, 114, 40, -36, 256, 46, -94, 174, 168, 4, 148, -78, -42, 174, -46, -90, -94, -68, 34, 192, -20, -298, 20, 108, 190, 86, -254, -334, -100, 200, -128, 246, -130, 64, 184, 106, 128, 68, 48, 88, 58, -4, 58, -22, -46, 110, -62, 78, -140, 112, 200, -110, 34, -18, -122, -68, -124, 240, -150, 100, -58, 20, 152, 14, -100, 0, -8, 12, 116, 46, 70, -160, -4, -328, 120, -28, 62, 116, -264, -116, 32, -178, 182, -28, 228, 122, -2, 142, 128, 108, 14, -158, -238, -108, -242, 214, -54, 64, -86, -10, -54, 122, -42, -54, -50, -220, -68, -52, -82, 98, 28, -56, 0, -4, -6, -186, -156, -122, 88, 118, 18, -72, 84, -42, 232, -288, 64, 18, -110, -58, -6, -76, -244, -66, 132, -2, 68, -92, -238, -278, 112, -146, -12, -114, 188, 104, -74, -216, 204, -66, -150, -144, -18, -70, -84, -228, 66, 106, 48, -10, -354, -108, -22, 50, 32, -122, 52, 8, 98, 368, 62, -208, 
30, -8, 110, 280, -252, -30, -68, -86, 50, 180, -170, 60, 258, 14, -54, 366, 116, 162, -52, -6, -296, 140, -60, 58, 164, -138, 32, 144, -40, -118, -150, 276, 164, -122, 342, 194, -40, -48, -42, -24, -48, -148, 26, 116, -126, -30, -8, 16, -198, 68, 32, -88, -186, 162, 44, -10, 62, 192, -98, 56, 108, 38, 204, 100, -12, 92, 176, 192, -280, -134, 44, -2, -194, 26, 28, 176, -12, 30, 96, 38, 92, 210, -212, 74, -46, 290, -116, 138, -24, -78, 192, -234, 188, -56, -94, -20, -46, 74, 52, -30, -28, 236, 46, 104, 308, -98, -170, 2, 44, 96, -134, 10, 24, -276, 104, 86, 66, -12, 0, 38, 92, 158, -86, -24, -24, 32, -130, 138, 262, -110, -126, -128, 290, 186, 100, -32, -100, -184, 162, 110, 240, -30, 168, 26, 218, -48, 40, -114, -66, 144, -128, 164, 118, -56, -238, 8, 2, 52, -26, -84, 102, 56, -12, -96, -88, -38, 14, 38, 120, -62, -178, 186, 142, 88, -22, -224, 140, 158, -338, 72, 292, -14, -2, -68, -54, -26, 96, 256, -48, -360, -62, -78, -122, 172, 362, -12, 114, 42, 138, -16, 68, -12, 76, -58, 18, 6, -18, 30, 92, -62, 180, -46, 60, 106, -56, 136, 102, 0, 114, 338, -118, 6, -30, -14, -126, -30, 110, 154, 230, -86, 24, -180, -70, -80, -50, -54, 24, 90, 306, 52, -62, 14, -18, 60, 172, 108, 52, -78, -66, 10, 182, 16, -36, -46, -16, -118, -18, 64, -84, -44, 36, 46, -40, 16, -238, 46, 8, -76, -184, -186, -204, -24, -14, -284, 248, -66, -124, -146, 172, 60, 6, -74, 158, -76, -74, -244, -84, -46, 290, 38, 14, -206, 26, -218, 116, -48, -70, -286, -290, 72, 66, -32, 130, 276, 70, -18, 16, 190, 174, 182, 66, 56, -210, -144, 330, 18, -158, -76, 390, -16, -150, -122, -68, 48, -46, 64, 36, 62, 2, -8, 96, 106, -194, -40, -34, 44, 34, -54, -112, 46, 204, 16, 60, 48, 164, 106, -2, -40, 200, 92, -86, 26, 68, -48, 186, 162, -64, -192, 144, -166, 72, -50, -144, 62, -160, -72, -118, -136, 36, 44, 124, 92, 298, -88, 166, -32, 84, 266, -86, 4, 10, -98, 6, -32, 24, -160, 128, -82, 0, 70, -156, 130, 302, -18, 34, -138, -8, -154, 56, 304, 160, 338, 22, -4, 182, 92, 252, 160, 80, 22, -224, 184, -200, 70, 12, -42, -88, 30, 146, 118, 146, -224, 48, -4, 94, 128, 208, -188, 144, 44, 0, -96, 92, 200, 172, 16, 198, -70, 80, 180, 46, -18, 282, 96, 128, -110, 96, -48, 6, 138, -168, 96, -206, 528, -68, 0, 262, -170, 50, 108, 130, 120, -210, -20, 126, 144, 46, 262, 64, 44, -32, 22, -12, 30, 274, 196, -38, 60, 80, 46, 44, 80, -34, 56, 18, 48, 78, -64, 312, 146, 30, -26, 110, 78, 48, -6, -46, -246, -90, 42, 
36, -68, -146, -226, 306, -16, -42, 108, -60, -68, 138, 162, -112, 154, -16, -126, -44, -98, 94, -106, 402, -80, -44, -24, -6, 64, 30, -120, 22, 142, 154, -24, -112, 188, -370, -66, -70, 124, -56, 172, -68, 72, -4, -94, -20, 58, 38, -42, 82, -74, 32, -70, 90, 12, -82, 110, -82, -88, 172, 34, -2, -28, -90, -28, 54, -238, -156, 80, 194, 296, 30, -166, 264, -44, -104, -64, -22, -16, -28, 6, -104, -48, 244, -56, -118, 46, 202, -234, -148, 74, -102, 242, -22, -8, 182, 186, 222, 30, -40, 92, 92, -170, 2, -52, -218, -4, 272, -112, -110, 16, 350, 168, -70, 70, -60, 50, 142, 202, -28, -158, -50, -80, 88, 98, 26, -18, 260, 80, -172, 46, -46, 292, -240, -174, 116, 10, 42, 442, -118, 96, 38, -24, -130, 24, -134, 156, 144, 258, -110, 70, -34, -180, -208, 104, 78, 124, 78, 78, -12, 116, -210, -254, 204, 72, -44, 44, -50, 70, 12, 102, 54, 90, 52, -140, 172, 326, -16, -52, 326, -52, -234, 216, 56, -4, 84, 128, -14, -166, -6, 406, 132, 180, 244, -134, -32, 166, 102, -138, -60, -6, -38, 98, 16, 6, 164, -74, 130, 174, 42, 120, -114, -30, 30, 120, 94, -20, 24, 86, 80, -198, 84, 42, 126, 132, 12, 146, 96, -98, -246, 22, 162, 266, 18, 46, -58, 168, -102, -20, -238, -112, 72, 126, -58, -148, -278, -6, -46, 8, 260, -14, -70, -164, 28, 142, 158, 100, -284, -20, 124, 4, 48, -184, 98, 26, 144, 8, 62, -30, 192, 112, 276, -18, 104, 200, -360, 42, 216, 54, -230, 26, 90, -16, -24, 152, 4, 0, -12, 134, -242, -36, 138, 156, -66, 100, 2, 182, -6, 158, 244, 104, -204, 60, -124, -174, 28, 42, -68, -66, -168, -204, -194, -32, 236, 224, -162, -166, -18, 104, -184, -46, -130, -26, 96, 126, -2, 46, 94, 2, 2, 122, -22, 68, 296, 86, 112, 86, -106, 34, 104, -26, -40, -70, 158, -120, -12, -58, 62, -152, -2, 20, 142, -64, 172, -18, -92, -126, 158, 182, 98, 122, -204, 82, 76, 92, 136, 128, 124, 178, 56, 156, 48, -84, -98, -60, -64, 268, -116, -108, 132, 8, 52, 92, -60, 140, -4, 178, -56, 202, -96, -6, 204, 56, -16, -62, 16, 26, -124, 110, 86, -220, -142, -112, 40, 32, -218, -182, 46, -170, 6, 48, 250, -148, 96, 180, -88, -22, 4, -40, -174, -112, 60, 194, 76, 98, -78, 6, -204, 290, -18, -106, -64, -40, -68, -194, -104, -80, -16, 110, 62, -146, 72, -80, -208, -264, 44, 24, -44, 32, 68, -80, 54, 112, 334, -222, 66, 90, -214, 80, 38, -18, -134, -98, 110, -34, -86, -134, -32, -102, -44, -132, 8, -28, 232, -156, 22, -196, -138, 24, 164, 0, -26, -36, 10, 78, -248, 112, 124, 266, -102, 54, 44, 0, 28, 60, -8, 140, 148, 208, 204, 56, 
-50, 98, 200, 144, -124, 98, 84, -180, 76, 182, -210, 40, 214, -276, -2, 46, -58, 32, -160, 114, -316, 16, -86, 30, -102, -108, -68, 36, 26, -122, -122, 104, 134, -76, 382, 184, -28, -20, -12, 38, 16, 34, 0, 104, 52, -118, 34, 46, -44, 178, 100, -78, 206, 16, 154, -110, -16, 268, -12, 184, 100, -6, -20, -24, -44, 192, 166, -52, -114, -72, 116, 22, -32, -24, 6, 182, 88, -54, 32, -204, 0, 48, -152, 12, 156, -166, -68, 402, 140, -304, 174, -412, 36, 4, -28, -142, -198, -166, -16, -132, 6, -32, -18, 20, 94, 58, -310, 26, 120, -16, -66, -6, -144, -20, -34, 174, -82, -164, 192, 262, 50, -14, -30, -114, -110, -34, -206, -202, 80, -14, -40, -86, 174, 144, 160, 46, 10, -96, 198, -68, 74, -32, 94, -110, 72, -68, 0, -46, 92, -132, 32, 58, 110, 132, -210, -128, 102, 76, -78, -58, 220, 158, -204, -10, 162, 90, 60, 154, 20, -46, -106, 64, -58, 92, 132, -246, -144, -110, -148, 88, 104, -152, 80, -108, -128, -116, -30, -58, -2, -140, -14, -212, -98, 60, 130, -156, -124, 256, -94, -52, 124, 78, -78, 104, -46, 32, 60, -128, 20, -82, -10, 10, -38, -54, -28, -42, -146, 98, 20, 126, -122, -40, -26, -30, 204, 62, -172, 174, 202, -70, -200, -108, 26, -76, 8, -16, -4, -140, 140, 6, -30, -282, 18, 134, 190, 86, 62, 14, -266, 18, 128, 178, 6, -176, -42, -6, 168, 48, 36, 52, 24, 228, 18, 66, -114, 212, 48, 374, -72, -56, -186, 54, 120, -16, 318, 72, -166, -4, 132, -64, 90, -178, -78, 26, 74, 176, 46, -44, 0, 172, -188, -82, 114, -16, -78, 42, -70, -270, -108, 122, 60, 28, 70, 124, 220, -290, 156, 34, 6, 202, 244, 50, 2, -246, -98, 110, -104, -46, 72, 180, 104, 40, -74, -178, -48, -18, -216, -40, 104, -138, -50, 88, -170, 40, -2, 46, -6, -52, -92, 4, 60, 192, -278, 44, 164, 198, -8, 162, -86, -36, -176, 54, -130, 186, 216, 120, -130, -36, -88, -94, 116, -248, -212, -164, 108, -150, 12, -44, 42, -154, 110, 200, 14, -68, -50, -112, 166, 120, -40, 16, -24, -38, 194, 8, 122, -268, 50, -4, 108, -156, 60, -2, -72, 12, -2, 108, 216, 8, -26, 238, 104, 170, -108, 164, 182, 322, -104, 118, -16, -58, -30, 242, 90, -18, 150, -96, -42, -50, 80, 38, 82, -252, -172, 64, 186, -40, 160, -10, 56, 80, -102, -72, -16, 158, 100, -62, -110, -112, 6, 220, 10, 78, 102, 296, 6, 116, 16, -46, -28, 118, -64, 84, 30, 160, -184, 30, 106, -68, 110, -2, 156, 102, -148, -112, 100, 108, -104, 106, 18, 270, 162, 72, -162, 144, 30, 58, 112, 78, -80, -170, -44, -30, 170, 110, 240, -6, 48, 118, 146, -152, 40, -48, -46, -14, -30, 44, -128, -62, -62, -58, 
132, -102, 56, 46, 86, -10, 144, 60, -94, 190, 346, 4, -92, 160, 126, 118, -70, 14, 190, 12, 268, -4, 98, -22, 50, 168, 2, 54, -10, 36, 192, -46, -110, 12, -290, -62, 28, -166, 62, 72, -16, -66, 110, -74, -10, 66, -104, -24, -18, -72, -152, 38, -146, 30, -164, -2, 26, -50, -24, -82, 122, -50, 50, 92, 96, 0, 104, 140, -12, 78, -104, 2, 6, -42, 206, -10, 228, 104, -70, 238, 96, -76, 14, 146, -76, 146, 166, -162, 112, 222, -104, 342, 8, 8, -54, 208, 288, 10, 114, 152, -4, 88, -66, 166, -156, -36, 272, 162, -170, -112, 130, -86, 26, -122, -22, 158, 142, 222, -136, -82, -74, -46, 22, 126, 144, -54, 0, 170, -250, 136, -118, 76, -72, -212, 14, -168, 230, 40, -120, 32, -36, 64, -130, 16, 106, 12, -58, 32, -108, 178, 112, 74, -2, 30, 332, 40, 8, -28, 132, -72, -238, -40, 248, 38, 8, -18, -46, 28, 300, 16, 122, -108, 172, -134, -58, 206, 76, 24, 208, -100, 20, 0, -128, 60, 206, 292, -72, 146, 178, 102, 96, 148, 54, -56, 14, 244, 136, -138, 4, 52, -134, -78, 182, -66, 228, -136, 12, 252, 50, -40, 184, -132, 64, 80, 36, 194, 88, -148, -102, 36, 122, -22, 6, 12, -120, -30, 258, -118, -22, 154, 56, -6, -62, -44, 80, 144, -74, 70, -252, -26, 260, 130, 106, -74, -196, -106, 12, 190, 356, 182, -78, -92, -162, 12, -72, 14, -58, -80, 60, 62, -2, -72, -74, 108, 230, 56, 56, -266, 118, 38, 164, -304, -76, 106, -224, -26, 74, 104, 2, 156, 74, 134, 220, 46, -26, 2, -194, 212, 222, -10, 204, 24, -220, -102, 104, 14, -4, 130, 110, 82, 74, 126, -76, -88, -322, 446, 24, 64, -80, -56, -262, 8, 152, 148, 120, 14, 92, -74, 134, -36, -168, 54, 142, 298, 120, -16, 318, -22, -34, 74, 66, 158, 118, 4, -60, 64, -130, 142, 320, -4, 20, -80, 134, -78, 32, -180, -18, -152, 202, -152, 224, 32, 40, -120, 90, 198, 124, 66, 188, -38, -6, 210, 304, 64, -218, 96, -8, -12, 46, 88, -128, -226, 108, 112, 32, -128, -222, -122, 140, 66, 28, 110, -200, -16, -124, 90, -28, 32, -78, 192, -138, -4, 170, -72, 162, 160, -302, 278, 58, -142, -6, -48, 202, -42, 134, -242, 78, -60, 190, 64, -124, -92, 248, -32, -116, 388, 174, 28, -228, 22, 66, 208, 294, -18, -164, 58, -168, -50, -76, -64, 120, 222, 100, -90, 2, 206, 272, -30, 14, -62, -8, -12, -96, -170, 90, 70, -118, -42, 52, -282, -52, -142, -142, -138, -6, 126, -172, 10, -22, 52, -174, 90, 242, 42, -80, 20, 118, 12, 184, -48, -66, 224, 108, -118, -148, -108, -66, -132, 52, 160, 102, -108, -234, -104, -132, -46, 214, 70, 0, 0, 88, 88, 192, 92, 62, -158, 236, -48, -152, 86, 
-60, 120, -76, -18, -78, -132, -90, -268, 160, -30, -188, 136, 30, 10, 80, -18, 88, 34, -44, 90, 138, -12, 70, -76, 34, -190, 28, -48, 6, 26, -170, -20, 56, -108, 232, -18, 16, 92, 96, -74, -4, 180, -214, 188, 2, -66, 160, 200, 106, 292, 282, 42, -34, 48, 94, -118, -162, -42, 86, 32, -194, 44, -106, 2, 50, 24, 170, -26, 220, -94, -62, -72, 40, -72, -16, -24, -34, 58, -12, -158, -88, 4, -26, -120, 212, -64, -88, 266, -112, -158, -48, -264, 42, -56, 128, -180, 112, -138, -16, -184, 136, 92, 190, -230, 308, 106, -20, 74, 186, 228, 22, 84, -40, 102, 10, 78, -432, -22, 128, 276, -54, 154, -76, -78, -140, -106, -106, -40, 104, 2, 60, -94, 86, 202, 86, -12, -262, 64, 156, 56, 294, 56, 120, -136, 94, 112, 116, 22, 26, -44, -148, 18, 74, 60, -132, -34, 120, 110, -88, 138, 46, 16, -154, 28, 176, -10, -74, 72, -68, 72, -220, 160, 56, 34, 52, 38, 26, -6, -72, 76, 56, 32, 66, 134, -232, -298, 174, -94, -216, -50, 78, 106, 310, 54, 24, -48, -202, 246, 60, -164, 92, 90, -240, 138, -34, 232, 0, -152, -48, -36, -154, 62, -10, -62, -48, -110, -48, 166, 24, -162, -302, 162, -90, -84, 214, 4, -244, 268, 60, -24, 32, -14, 192, 20, 114, -6, 86, -66, 164, -126, -202, 40, 24, 64, 58, 222, -68, 108, -26, -68, 46, 158, 298, 48, 78, 102, -150, 50, -62, 58, -104, -130, -164, 4, -28, -148, 108, 322, 4, 44, 126, 394, 152, -228, 282, 72, 88, -60, 164, -176, -4, -26, 118, -18, -72, 92, 130, 2, -30, 14, -100, -104, 286, 274, 74, 64, 48, -146, -204, 192, 32, -106, 78, 194, 402, -250, 54, -32, 168, 68, 44, -12, -146, -244, 70, 10, 110, 30, 10, 116, 24, -80, 18, -84, 18, -108, -196, 44, -100, -124, -112, -74, -98, 58, 124, -18, 34, -88, -162, -40, -34, 52, 2, -10, 42, 114, 90, 188, -182, -26, -54, 64, 132, 68, -208, -76, 74, -208, -14, 166, -28, -186, -230, -6, 250, 42, 158, -180, -110, -2, 98, 30, -8, -194, 128, 140, 86, 102, -16, 136, -64, 64, 140, 20, 252, -184, 142, -100, -64, -150, 116, -56, 4, 158, -168, -130, 134, -178, 132, 18, 30, -66, -130, 108, 30, 222, 92, 50, -42, -40, 150, 26, -50, 92, 154, -126, -126, -104, 158, -30, -10, 68, -184, 216, 240, 80, 60, 26, 286, 150, 62, 56, -214, 50, 152, -58, -78, 4, 128, -40, 10, -178, 68, 64, -38, -26, -26, 122, -120, 338, 48, 96, 62, -104, -2, 76, 456, -18, -36, 88, 162, 164, -174, 12, 8, -40, -28, -56, -168, 46, -38, -44, 42, 306, 126, -12, 82, 94, -20, 22, -168, 126, 94, -142, 32, 148, -26, 66, 70, -108, -138, 36, -72, -202, -206, 120, -110, 74, -26, -106, 
104, -36, 190, 14, 242, 132, 182, 64, -28, -16, 222, -112, -40, -104, 64, -74, -120, 28, 122, 84, -82, 40, 96, 130, 148, 138, 94, 112, 18, -202, 40, -88, 74, 30, -236, 192, 28, 30, -34, 100, 100, -72, 150, -140, 156, 120, -160, -92, 22, 12, -186, -46, 88, -142, 0, 108, 38, 82, 32, 46, 28, -2, 196, 260, 76, -34, -170, 162, -156, 132, 264, 46, -100, -38, 112, -28, 20, 140, -8, 112, -118, -220, 178, 268, -168, 146, 200, -150, 212, -12, -70, 338, -96, 186, 86, 126, -76, 190, -40, 100, -40, -70, -260, 170, -390, 92, 36, -74, 32, -144, 92, 66, 286, 114, 138, 62, 434, -122, -118, -74, 36, -248, 116, 8, -4, 146, 78, 238, -38, 14, 194, 58, -44, -240, -64, 38, 290, -224, -294, 46, -358, -36, 16, 266, -114, 44, -266, -156, -60, 146, 252, 50, -58, -224, 344, -48, -152, -50, 160, -114, 20, -110, 78, -36, -160, 250, 272, 72, 22, 148, 234, -166, -14, -176, 94, -54, 32, 40, 152, -64, -74, 14, 88, -12, 240, 316, -144, 140, 144, 208, 36, -138, -50, 128, 100, 116, 174, -106, 180, 194, -120, 82, 214, -66, 138, -34, -22, 72, 16, -120, 58, 112, 38, 304, -4, -118, 92, -88, 64, -18, 244, -88, 50, 50, -130, -154, 168, -58, 6, 10, -146, 120, -234, -118, -80, 8, -106, 132, -104, 150, 446, 18, -24, -82, 48, 30, 124, 118, -148, 56, 98, -40, -230, 102, -54, -18, 194, -172, 94, -38, 114, 250, 110, -86, 238, 104, 20, -156, 40, 10, -196, -176, -18, 2, -226, 98, 32, -48, -80, 190, 46, -12, -188, -70, 34, 44, -64, 6, 16, -16, -34, 98, -92, -192, -12, 24, -114, -50, -46, -90, 378, -124, 84, -162, -56, 208, 6, 68, -56, 48, 162, 2, 178, 96, -112, 0, 22, 24, -78, -198, 256, 40, 10, 4, -48, 238, 192, 104, 58, 146, 108, 156, 96, 84, -102, -88, -206, 32, 170, 112, -24, 60, -130, -10, -16, -160, -228, -168, 194, -90, 56, 158, -230, -2, 320, 8, -2, 120, 0, -166, 174, 42, 262, 18, -274, 128, -104, 158, 186, 58, 158, 80, 92, -62, 60, 88, 0, -58, 90, -226, 160, -84, -148, 76, -164, 120, 50, 60, 244, 246, -116, 158, -24, -246, 272, 14, -240, 140, -180, 2, -2, 72, 0, -286, 12, -114, -84, 214, 42, 60, -112, 22, 180, -288, -82, 132, 150, 12, 6, 22, 250, -60, 180, -62, 88, -66, 2, -26, -6, 72, 50, -24, 256, 38, -74, 198, -10, 88, 60, 88, 40, -4, 104, -2, 172, 92, 220, 8, 40, -104, -90, -152, -30, 36, -12, -54, -134, 50, 130, -156, -126, -142, 54, 20, -12, 156, 70, 8, 104, -160, -70, 170, -104, -118, -80, -250, -310, 14, 52, -68, 218, 30, -92, 198, 46, -124, -94, -22, -8, 150, 88, -42, 30, 2, 280, -134, 0, -150, -84, 86, 
46, 202, -144, -30, -204, -34, -250, -156, 52, -94, -104, 2, 40, 236, -30, 150, 76, -200, -20, -76, 56, 112, -100, -150, 22, -48, -118, -144, 2, 272, -6, 212, -64, 168, 228, -92, -72, -28, -78, 92, 132, 20, 16, 216, -60, 18, 236, 110, 46, 94, 308, -42, -42, 2, -32, 54, -94, -334, -26, 76, -82, 102, -88, -200, -92, -132, 120, -150, 170, -16, -152, -206, 142, 176, 12, -34, -150, -68, 144, -20, 120, 228, -58, -112, 250, -92, -112, 64, -86, -14, 36, -38, 16, -68, -6, 66, 130, -92, -4, 180, 70, 56, 14, -46, 180, 102, 224, 104, -24, -96, -38, 102, -150, -114, -36, -40, -324, 156, 46, 276, 74, 318, -158, 30, 152, -176, -20, -4, 108, 152, -224, 128, 106, 154, -142, -200, -224, 90, 306, -26, 196, 128, 2, -74, 112, 174, 230, 10, -98, -122, -264, 28, 222, 250, -214, 14, -12, -12, -114, 120, 50, 130, 8, 2, 200, -88, 54, -102, -30, -108, -216, 188, -54, 80, 42, 168, 38, 30, -76, 70, 50, 256, 32, 180, -244, -160, 140, 10, 118, 42, 40, 266, -10, 70, 84, -56, -62, 8, 64, -178, 234, 20, -160, -6, -6, 140, -40, -128, -18, 64, -56, -36, 4, -180, 20, 60, -30, 66, 126, 68, -274, -6, -42, 52, 146, 140, -22, 202, -82, 4, 66, -126, 136, 92, 204, -58, 20, -128, 190, -270, -226, -46, 100, -14, -146, 114, -186, 142, 66, -68, 90, 102, 192, -4, 48, -84, -24, 252, -102, 46, -50, -6, 218, -30, -60, -150, 4, 160, 26, -38, 8, 136, -2, -112, 298, -122, 38, 38, 178, -156, 58, -30, -2, 182, -52, -70, 102, 36, 32, 106, -126, -136, 258, 78, -78, -112, 184, 206, 144, 6, -90, 78, -28, 0, 48, -196, 202, -88, -78, 64, -52, 118, -90, 92, 122, 260, -118, -146, 124, 156, -218, -50, 102, 72, 158, -58, -40, -50, 22, -32, -38, -28, -2, 52, 188, 200, 224, 136, -66, -44, 10, -4, 232, -126, 48, 240, 164, 172, -60, 20, -18, 132, 90, 40, -156, -48, 112, -110, -84, 66, -18, 74, -64, -40, 146, 6, 134, -46, -120, -16, -154, 54, 184, 150, 0, -50, -60, 18, 36, 148, -276, 222, 244, 58, 42, -212, 86, 102, 6, -70, 154, -144, 198, 154, -144, -50, 150, -212, 158, 18, -70, 56, 72, 176, -16, 158, 120, -248, -38, -72, 20, -22, -70, 150, -128, -6, 60, 96, -68, 178, -196, 140, -218, 230, -218, -132, 286, -226, -48, -80, 22, 8, -28, 36, 46, -108, 6, 120, -26, -136, 14, 56, -66, -6, 70, 90, 52, 58, -92, 66, 34, 64, 80, -60, 40, 18, -70, 78, -184, 232, 230, 74, -22, 100, 8, -38, 36, -124, 58, 146, 106, -94, 40, -12, 128, 234, 328, 68, -80, 260, 18, 22, 112, -100, -86, 188, -34, 190, 42, -210, 142, 80, -132, 104, -116, 192, 24, 188, 6, -44, 
68, -80, 148, 104, 28, 148, 192, -54, 96, 150, 238, 190, 130, -84, -72, 6, 52, 82, 72, 168, -90, 36, 246, 106, 76, 24, 44, 56, -4, -70, 14, -146, 176, -146, -138, 212, -60, 126, 250, 42, -116, -118, 130, 12, 176, -120, -114, 26, 122, 24, -146, 156, 138, 4, 86, 94, 44, 214, 38, -238, 20, 202, 262, 162, 60, 174, -130, 220, -178, 78, 74, 270, -52, -144, -10, 12, 184, 32, 170, -20, -30, -120, 72, 70, -106, 298, 204, -60, 100, -2, -126, 12, 132, 108, 126, -2, -58, 114, 76, -136, 22, 22, 34, -164, -98, -194, -18, 226, 124, 50, 122, -68, 86, 148, -78, 82, 332, 16, -48, 2, -40, -190, 126, 132, -2, 210, 8, -80, -124, -110, 100, -6, -78, 6, 220, 344, 66, 36, -254, 12, -112, -48, 46, 120, 16, -102, -42, 122, -10, 82, 350, -150, -66, -168, 146, -92, -192, 86, -174, -102, -52, 154, 22, -50, -198, 86, -144, 58, 58, 154, 68, -160, 104, -18, -62, -194, 52, 82, 122, -64, -36, -6, 122, -252, 238, 148, -44, -78, -38, -60, -80, -90, 130, 44, -82, 292, 160, -84, -8, 252, 104, 28, 64, 60, -130, -150, 8, -78, 12, 28, 64, 68, 152, 46, -6, 62, -34, -104, 96, 6, 292, 62, 202, -86, -52, -212, -94, -196, 88, 6, -58, 168, -180, -14, -40, 82, 72, 260, -16, 82, 118, 36, -130, 166, -38, 104, 116, -112, 62, 210, -4, 42, -218, -124, 54, 158, 48, -258, 80, -8, 70, -50, -66, -22, 132, 82, 2, 32, 30, -34, 118, 40, 90, 120, -336, 228, 92, -48, 50, 118, -42, 96, 202, -254, -108, 112, -106, -140, -56, -82, 254, 186, -254, 118, 44, -58, 6, -148, 80, -56, 30, -96, 102, 54, 40, 64, -36, 200, 92, -42, 196, -256, -72, 20, 8, -276, 22, 108, -38, -114, 222, 12, 20, 214, -76, 212, 198, 156, -30, -58, 62, -6, -30, -44, -278, -278, -92, -168, -4, -124, 18, -14, -100, 136, -134, -310, -146, -64, 34, 78, 64, 10, 94, 184, 30, 260, -42, 336, 20, -130, 10, -20, -62, -28, -40, 0, -30, 74, 338, 142, 138, 152, -10, -230, -18, 48, -46, -272, -72, -106, 238, -108, -212, 56, -184, 114, -132, -48, 32, 50, 102, 242, 56, -144, -20, 74, -66, 420, -22, 66, 10, -46, -8, -52, 78, -94, -34, 68, -30, 88, 36, -166, -126, 22, 170, 106, 32, 30, 126, -124, 222, -54, 200, 130, 126, 76, -88, 226, 94, 112, 22, -60, -100, -118, -68, 320, -184, -84, -168, 48, 196, -166, 100, -58, -24, 26, 6, 134, 20, -54, 24, -24, -46, -12, 0, 24, -44, -36, 48, -44, -106, 46, 16, -118, 30, 66, -132, 128, 40, -226, 152, 236, 32, 48, -96, -50, -174, -120, -108, -110, 26, -26, 108, 148, 6, -282, -42, -76, 30, 290, -184, 30, 152, -134, -54, -230, -28, 104, 178, -144, 
24, 40, -118, 64, 160, 48, -2, -96, -12, 14, 6, 248, -78, 130, 26, -132, -114, 36, 60, 146, 272, -174, -182, -140, -32, -68, 120, 40, -108, 170, 50, 118, -102, 32, -18, -144, 76, -100, -210, 70, 158, 122, 42, 62, -198, 210, 166, 0, 80, -58, 192, -150, 18, 102, -52, -114, -118, -2, -30, 118, -30, -180, -98, -162, 20, -290, 56, -150, 50, -216, -22, -76, -62, 118, -8, 60, -46, 52, -58, 68, 114, 366, -70, -34, 144, -124, -180, 2, -26, 142, 104, -24, -132, -10, -30, -84, 74, 6, -162, -32, 26, -108, 42, 282, 188, 184, 28, 0, -26, -88, 80, 68, -168, -132, 108, 150, -256, 46, -162, 0, 144, 286, -52, 70, -124, 36, 24, 58, 294, 186, -96, 50, -14, -20, -198, -334, 54, -12, 64, -48, 138, 16, -70, 34, 46, 100, -114, 28, 98, 6, -112, 302, -40, 162, -148, 24, 266, -186, 140, 174, 188, -68, 82, 314, 80, 36, 78, 16, 16, -38, 230, 186, -36, -44, -30, -102, 100, -70, -160, 102, 50, 140, -8, 156, -254, -184, 118, 138, 72, -110, 24, 52, -94, 130, 140, -200, -30, 148, -122, -188, 38, -68, 24, 100, 72, 60, 22, 54, -38, 78, 26, -82, -52, 80, -26, -80, -60, 158, -2, 204, -240, -82, -62, 164, 68, 32, 88, 196, 44, -20, 70, -134, 132, -16, -86, 24, 26, 14, 32, -14, -42, 42, 284, 44, -6, -4, -92, 186, 34, -218, 2, 78, 108, 132, -44, 48, -74, 236, -152, -92, 10, 36, 206, 124, -20, 118, 26, 90, -96, 40, -42, 44, -6, 26, 68, -318, -106, 214, -142, -202, 80, -152, -126, 172, -16, -92, -62, -8, 146, 8, -146, -52, 2, -96, -34, -40, -112, 80, 0, 94, -68, 270, -96, -142, -106, 28, 206, -42, -222, 28, -180, 184, -126, 104, 20, 170, 46, 6, -56, 62, -174, -204, -78, -138, 44, -46, 60, -156, 20, -14, 16, 140, 176, 158, 154, 300, 84, 24, 8, 230, -106, -130, -32, 82, 138, 254, 94, 108, -2, 160, 78, 150, -48, -74, 44, -172, 136, -232, 116, 78, 102, 236, 54, 106, 36, -28, 76, 22, -142, -182, -16, 100, 102, -98, 126, -148, 114, 194, 72, -8, -240, -40, 62, 84, 152, 24, 94, -24, 158, -62, 100, -122, 194, 72, -42, 60, 70, -162, -54, -148, -78, 120, -12, -24, -74, 88, 16, -112, -20, -114, -142, 64, 100, -42, -42, -110, -36, 82, -104, -36, -80, -66, -178, -272, -56, -134, -162, -38, -60, -90, -24, 16, 306, 28, 142, -196, 116, 144, 62, 112, 102, -20, -26, 196, 52, 46, -6, 46, 44, 88, -106, 68, -22, 28, -18, 66, 208, 142, -68, 46, 290, -110, -10, 146, -78, 48, 134, 28, -44, 64, -94, -188, -124, 118, -30, 92, 194, 12, 124, 52, 32, 118, 36, -24, -98, 110, 176, 122, -122, -188, -14, -136, -168, 72, -52, 104, 74, 32, -240, 214, 
192, 82, 132, -64, -54, -90, 66, -24, 96, 78, 130, -298, -52, 14, -118, 44, 122, 82, -72, -78, -154, 108, 156, 8, 168, 250, -136, 0, 60, 86, 18, -46, 150, 122, 228, 306, 30, 112, 238, -162, -18, -16, -38, -20, 42, -32, -88, -36, -94, 40, -96, 302, 62, 60, 156, -124, 20, 80, -108, -106, 90, 148, 122, 180, -82, 210, -102, 76, 110, 62, -90, 246, 22, -2, 134, -46, 98, -108, 70, -94, -54, -180, 72, -22, -56, 200, 20, -190, 4, -64, -162, 56, -66, 142, 196, 164, -210, 32, 280, 228, 90, 140, 66, -24, -276, -18, 152, 120, 104, 154, 12, -96, 130, 164, 6, -16, 402, -100, 58, -228, -248, -194, -186, 36, 38, -120, -76, 88, -160, 78, -166, -122, -22, 60, 54, 220, -50, 120, 100, 82, -110, -82, 24, 52, -154, -102, 18, -24, -78, 26, 210, -164, 90, -136, 116, 108, -102, 138, -102, -24, -86, -130, 20, -150, -88, 216, 0, 108, -44, 116, -128, -14, 208, 124, 158, 42, -54, 54, 264, -32, 184, -46, 36, 34, 164, 36, -12, 32, -28, 56, -30, -2, 138, -80, -136, 292, 100, -48, 206, 60, -50, -134, -118, -6, 10, -134, 16, -70, -24, -122, -100, -14, 126, 90, -112, 54, 100, 8, 22, -26, 414, 60, 124, 50, -176, 76, -162, 30, -6, 90, 206, 70, 54, 4, 136, -2, -150, 10, 232, 128, 74, 120, -64, -30, 68, -6, 24, -90, 10, 246, 8, -120, 148, 56, 204, -56, 72, -292, 246, 294, -34, -40, -344, 48, 56, 132, 76, -64, -114, -188, 112, -100, 2, 48, -100, 200, 180, -116, 164, -4, -164, 152, 130, -264, -8, -50, 122, 30, -126, 14, 118, -170, 86, 312, -68, -4, -50, -8, -86, 134, 64, -102, 46, 168, 104, -8, -278, 72, 252, -252, 156, -154, 44, 12, 16, -260, 80, 138, 88, 126, 216, 248, 10, 172, -2, -114, 80, 28, 78, 44, -94, 116, -96, 10, -152, -158, -30, -58, 82, -40, 34, 106, 28, 116, -84, -106, -118, -38, -20, -24, 28, 28, 64, 70, 4, 80, -164, 78, -54, 122, -158, -212, -76, 2, 88, 120, 34, 68, 334, 198, 32, 24, -140, -112, -276, 40, 74, 40, -192, 92, 94, 142, -282, -80, 56, -16, 12, 208, -104, 62, -236, 146, -120, 106, 96, -106, -162, -32, 16, 352, 86, 170, 28, 84, -52, -118, 8, 128, -10, 16, 210, 116, 214, 22, -130, 108, -32, -16, -38, 70, 126, 48, 120, 160, 28, 42, 44, 152, -26, -76, -176, -306, -30, 60, -134, 40, -152, -104, -64, 52, -140, 136, -82, -92, -56, 164, 24, 54, 58, 22, 134, 34, 56, 204, 6, 28, 8, -14, 242, -30, -82, 168, 108, -12, 126, -150, -56, -106, -52, -206, -52, 204, -14, -208, -44, -78, -164, 190, 126, -134, -70, -146, 178, 22, 226, 56, 18, -48, -12, 302, 56, 264, 100, -16, 46, 20, -38, 66, 106, -184, 
-52, 42, -54, 154, 126, 186, 66, -56, 74, -14, -140, 356, 118, 0, 130, -176, 254, 74, 134, 34, -20, -250, -74, 178, 46, -10, 38, 146, -54, -60, 38, -110, -158, -206, -138, -228, -12, 82, -104, 26, -74, 0, 144, -18, -2, -2, 88, 128, 262, -28, 34, -60, -72, -44, -118, 0, 54, 64, 122, 104, -16, -4, -24, -76, -114, -100, 92, -92, -202, 52, 172, -170, -144, 90, -196, 196, 108, -66, -14, 94, 66, 16, 110, -154, 214, 72, 48, 130, 84, 162, 130, 2, 188, -82, -96, -46, 196, -154, -66, -130, -132, 64, 48, -30, 142, 22, -48, -68, -56, -284, 14, 100, -66, -76, -90, -132, -76, -112, 16, 314, 234, 66, 4, -50, 14, 198, 232, -64, 90, -194, 98, 110, 0, 58, 58, 2, 20, -156, -136, -104, 32, 120, -60, 140, 304, 200, -52, -78, 42, -38, -196, 186, -50, 100, 60, 18, 88, -18, 40, -224, 40, 28, -178, 138, 250, -120, 118, 60, -12, -50, 118, 44, 54, -140, 18, 96, 112, -26, -162, -128, 0, 186, 4, -92, 4, -106, 164, 128, 8, 80, 36, -36, -206, 136, 178, -72, 30, 144, -302, 110, -8, 52, 164, 16, -80, -136, 50, 96, 10, 224, 200, 70, 198, 176, 14, -120, -20, 10, -38, 78, -296, -36, 6, 34, 34, 36, 150, 50, 18, 34, -32, -102, 20, -50, -208, 12, 30, 52, -152, 82, 184, -152, 142, 28, -180, 200, 72, 18, 144, -138, 52, 156, 26, 26, 44, 106, -70, 380, -190, 10, 232, 156, 238, 136, -46, 58, -128, -24, 128, 136, 58, -20, 154, -36, -66, -22, -224, 176, 196, -44, 52, -136, 86, 306, 112, 16, 72, -106, 70, 156, -118, 274, -76, 0, 240, 42, -2, 102, 142, -144, -48, 74, -42, 8, -218, -18, 172, -34, -130, 224, -108, 114, -52, 172, 46, 250, -114, 34, -26, -122, -134, -370, -96, -60, -12, 90, 108, 38, 114, 74, 168, -114, 54, 132, 226, 182, -14, 98, -86, 40, -88, -96, 98, -116, -4, 34, 304, 56, -114, -28, 44, 4, 44, -168, 12, -66, 206, -40, 110, -16, 258, 84, 202, -56, -10, -144, -6, 56, -190, -180, -32, -52, 240, 146, 206, 78, -26, -4, 140, 132, -166, -46, 120, 12, -26, -22, -42, -28, -8, -52, 244, -64, 196, 144, -38, 12, 138, -20, 20, -110, 166, -100, 174, -216, -118, -26, 64, -88, 42, 20, -248, -192, -14, 188, 104, -56, 34, -8, 60, 46, -150, 116, 28, 18, 90, 28, -198, 24, -6, -126, 102, 216, 82, 110, 172, -118, 264, -14, 136, 16, 146, 58, -30, 278, 154, -38, 118, -26, -70, 0, -74, 172, 48, -160, 28, 76, 4, -24, 2, -60, 70, -62, -10, 92, -74, 168, 16, 78, 222, 140, 118, -168, -14, 152, 70, 164, 306, -122, -36, 130, 40, -12, -102, -100, -100, -134, 206, 206, 112, -56, 8, -272, -54, 186, 6, 28, 64, -46, 0, 122, 
134, -16, 144, 12, -144, -68, 18, -6, -160, 166, -130, -332, -56, 100, 138, 260, -18, -38, 56, 106, -120, 162, -14, -158, -196, 234, 384, 36, 68, 18, 142, 76, -56, 164, 42, 98, -30, -120, -4, 22, 214, 154, -74, 224, -42, 2, 22, -80, -56, 36, 20, -28, 4, 228, 224, 174, -2, -264, -214, 50, 100, 118, -86, 168, -66, 216, 46, -58, 138, -10, 120, 36, 240, 120, 230, -76, 2, 206, -4, -98, 70, -74, -74, -10, -154, 0, 94, 2, -30, -30, 86, -148, -70, 240, 160, 2, 10, 110, 48, 152, 90, -120, -226, 28, -236, -36, 30, 146, 308, 32, 18, -100, -40, -40, 116, 74, 10, 112, 200, -226, 46, 4, -170, -20, -30, -62, 0, 116, 50, 376, -100, -18, 104, -144, 48, -96, 52, 176, 136, 76, 94, -18, 44, 34, -282, -28, -94, 162, -14, 152, 526, 20, 132, -32, 84, 96, 22, -48, -20, 22, -152, -66, 140, 68, -136, 244, -68, 36, 102, -98, -38, -26, -162, 124, 108, -130, 84, 76, -20, 200, 38, -252, -10, 176, -10, 20, -36, -78, 68, -212, 76, 244, 216, -8, -94, 296, 252, -202, 232, -22, -104, -110, -20, -40, 154, 92, -28, -76, 100, -86, -158, -74, -94, -68, -12, -18, -210, 32, 78, 106, 200, -72, 48, 148, -86, -34, -74, 64, -12, 68, 54, 206, 78, 20, 148, -24, 122, 10, 196, -148, -138, 294, 22, 198, 208, -58, -38, -70, -24, 88, -14, -234, 130, 6, 196, -16, 0, -44, 152, 182, 34, -240, -214, -86, 58, -156, 80, 80, -138, -122, 16, 32, 124, 170, 124, 188, 44, -34, -98, -72, 242, 236, -114, -128, -28, -94, -98, 108, -2, -206, 36, -106, 238, 244, -100, -10, 104, -46, -72, 130, 56, 58, 140, -78, 122, -44, -370, -230, 200, -92, 96, -200, 68, -124, -96, 12, -2, 14, 18, 90, 180, 302, 354, -52, -128, 24, -88, -2, -122, -140, -256, 116, -194, -34, -124, -96, -68, -122, 114, 0, -102, -96, -56, 10, 120, 70, -326, -8, -10, 290, -24, 74, -162, 44, -110, 112, -20, 48, -46, 16, -66, 116, -114, -2, 84, 122, 6, 188, 98, 162, 4, 68, -154, -34, 12, -32, -66, -98, -72, -216, 14, -58, 86, 74, -30, 282, -60, 40, -60, 118, -218, 80, -108, -4, 150, 78, -10, 230, 62, -28, -102, 2, 0, 240, 138, -52, -82, 152, 184, 68, 172, 12, -84, 138, 106, 112, -34, 136, 104, -138, 40, -30, -52, 8, 76, -4, 78, -164, -98, 160, -126, -144, 98, -116, -10, -80, -158, -72, -34, 12, -150, 8, -90, -312, -122, 142, -76, -14, 38, -144, -84, 138, -82, 104, 20, 2, 110, -96, 30, 28, -110, 64, 164, -196, 198, 36, 30, 122, -146, 12, -100, 338, 84, -8, -4, 64, -294, 64, 196, -10, 102, 6, 120, 72, 62, 132, -78, -52, -120, -4, 14, 380, -102, -146, 28, 4, -186, 126, -22, -120, 
-180, 58, -80, -124, 248, 10, 242, 120, 260, -258, 62, 134, 32, -90, -334, -210, 184, -40, 28, -166, 122, -234, 40, 40, -48, -86, -276, -56, -6, 164, -134, -8, 26, -64, -144, -150, 174, -88, -8, -54, 90, -46, 192, -76, 114, -22, -142, 108, 140, -94, 88, 78, -196, -174, 46, 152, 50, 24, 168, 74, 70, -44, 238, -62, -46, -44, 198, -108, 100, -56, 72, 4, -168, -164, -120, 150, 120, 160, 194, 102, -68, 140, 106, 36, 52, 28, 56, -12, -154, -64, -128, 172, 102, -36, -70, -144, 130, -10, 44, 76, -180, 228, 272, -186, 134, 88, -24, 230, -234, 184, -28, 78, 58, 68, -22, 34, 100, 136, -104, 22, -168, 124, 22, 62, 66, 192, 156, -76, -12, -74, 122, -46, 110, 94, 30, -32, -82, -140, -6, -114, -52, 184, -88, -198, 58, -164, 134, 40, -212, -14, -380, 14, 8, 10, -10, -250, -172, 278, 92, -96, 154, 60, -78, -132, 276, -60, 36, -28, -48, 216, 162, 126, 56, 10, -84, 176, 46, -124, -70, -208, -102, 40, 42, -70, 126, -130, 182, 60, 168, 240, 90, -156, -358, 120, 152, -202, -38, 120, -26, 24, 86, 236, 222, -22, -276, 28, 22, 30, -238, -68, 254, 148, 104, 270, 124, -166, 114, -2, 116, -136, -160, 210, 38, -70, 90, 24, -22, 114, -70, 82, -20, -178, -52, 62, -84, 142, -98, -244, -190, 34, -12, -36, -124, -50, -132, 182, 158, 100, 26, -36, -94, 94, -42, -24, -40, 64, -54, -34, -194, -50, -14, 180, 74, 30, 92, 74, 46, 68, 374, 74, 8, 114, -12, 76, 34, -64, -18, 170, 168, 30, -98, 150, 120, 168, 28, -22, 94, -72, 44, 112, -76, 94, -162, -250, -60, 76, -18, -118, 148, -174, -60, 26, -6, 202, 2, -38, 208, -6, -274, 176, -16, 150, -116, 344, 184, -56, 36, 74, -48, 18, -56, -144, -248, -30, 150, -108, 156, 70, 130, 204, 264, -276, -20, -116, 170, 180, -22, 36, -38, 104, -144, 36, 24, -30, -30, 88, 322, -148, 22, -274, 62, 60, 114, 106, 44, -60, 12, 36, 110, -12, 136, -130, 102, 42, -46, 28, -42, -36, -126, -124, 208, -208, 190, -22, -184, 76, -158, 208, 196, 140, -52, 182, -14, -128, 294, -284, 80, 38, 58, 122, -174, -114, 84, -32, -198, -32, 100, 4, 118, -38, 166, -98, -38, -204, -124, -78, -34, -52, -230, 192, -224, 56, 90, -200, -36, -174, 56, 78, 22, 310, 170, -54, -118, 24, -100, 96, 30, 216, 198, -66, 46, 160, 30, 172, -46, -32, 78, -46, 56, -10, 102, 62, -30, 184, 226, -96, 208, -40, -52, 162, -160, 80, -68, -24, -20, 186, -2, 82, -18, 250, 24, 132, 116, 264, -210, 48, 2, -76, -16, -46, 204, -238, 122, 48, 36, -110, 274, -28, -196, 36, 104, 10, -62, -12, -50, -236, 148, 18, 80, -132, 90, -242, 140, -16, -4, 288, 188, 52, -18, 172, 
194, 16, -24, 92, -304, 2, -112, -82, 56, 72, 6, 84, -34, 50, 156, 138, -10, 160, -50, -42, -188, 128, -186, 28, -32, 92, 190, 24, 182, 160, 80, 86, -26, 88, 118, 104, 98, 144, 194, 8, -270, 114, -68, 174, 64, -80, 54, 58, 90, 112, -48, 44, 60, 234, 48, -50, 122, -214, -70, 42, -92, 170, -136, 22, -88, -210, -96, -12, 4, -24, 56, 94, 112, 90, 194, -144, 112, -32, -130, 114, 4, -18, 112, -74, 20, 100, 16, 134, 22, -24, 6, -148, -40, 100, 56, 92, 180, 108, 114, 8, 228, -96, -294, 258, 82, -44, -20, -38, 252, 74, 138, -30, 138, -112, 194, 124, 28, -62, -6, 68, 134, -318, 216, 168, -42, -104, -116, 200, 298, 108, 40, -106, 14, 106, -38, 68, 224, 222, 262, 6, 32, -102, 106, 298, 96, 286, 14, -110, 86, -36, 194, 92, 90, -96, -6, 84, 150, -140, -42, 48, -28, 126, 36, 88, 32, 92, -56, 110, 104, -136, -112, -36, -70, -24, 182, -26, -34, -4, 50, 16, -20, -140, -60, 238, -10, -40, -66, -96, -92, -90, 72, 76, 174, 138, -12, 114, -62, -10, 40, 182, 22, 64, -92, -92, 122, -18, 32, -146, 40, -38, -70, -136, 46, 106, -238, 180, -64, 32, 228, 140, 172, 4, 60, 150, -30, 32, -134, -68, 72, -130, -44, 308, 46, 116, 52, 2, -80, 134, 202, -32, 90, 70, 18, 176, 14, -96, -68, 60, -264, 122, 2, 2, 108, -130, -44, 14, 124, -40, 116, 174, 166, -104, 40, 96, 64, -38, 100, 86, -232, 8, 70, -108, 176, 14, -6, 22, 92, -118, -54, 82, 212, -64, -102, -100, 176, 4, -102, -50, -66, -34, 160, -148, 222, 226, -110, 96, -80, -38, -178, 164, 208, -146, -14, 28, 76, 2, -182, 28, 110, 176, 20, -66, 92, -182, -18, 46, 58, -74, -22, 154, 152, 42, 170, -80, 28, 62, -144, -162, -116, -348, -128, 244, 96, 38, -108, -164, -108, 254, -20, -160, 40, 64, -132, -332, 2, 58, -174, 284, -160, 140, -88, 16, -190, 136, -170, 14, 180, 68, 56, 24, 2, 106, 250, -100, -84, -100, 286, 156, 170, 140, -142, 142, -144, 112, 240, 140, 150, -228, 60, 38, 46, 122, -112, 50, -116, 74, 16, -76, -88, -56, -56, 190, -52, 68, 226, 222, 24, -8, -44, 176, -206, -44, -56, -18, 194, -14, 114, 50, 144, -74, 84, -292, 90, 224, 118, 94, 128, 8, -8, -208, -208, -58, -60, 144, -96, -68, 92, -74, -18, 230, -22, 28, -130, -16, 62, -40, -100, 114, -8, -102, 66, -116, 84, -160, -130, 86, -236, 2, 16, -94, 126, 102, 76, 8, 40, -84, -12, -48, 62, -256, 10, 30, 6, -304, 334, -170, -64, 10, 202, 2, -124, 178, 28, -20, 88, 240, -132, 122, 26, 32, -46, 100, 4, -84, -20, 316, 124, -18, 56, -22, -112, 162, -208, 32, -148, -102, -196, 18, -18, -242, 
-196, 110, 174, -94, 180, -282, 130, 204, -132, -66, -48, -100, -58, -126, -6, 80, -64, 46, 94, 4, 410, -144, 246, 162, 278, -66, -106, -58, -38, -58, -150, 30, -40, -64, 54, 24, 112, 0, -270, 74, 200, -48, -14, -270, 88, 268, 116, -50, -156, -196, 104, 108, -116, -22, -70, 88, -140, 28, 210, 106, -84, -164, 290, 198, 344, 74, 172, 36, 242, 118, 84, 0, 2, 0, -112, 210, 6, 84, -4, -26, -38, 146, -182, -60, 82, -38, -48, 68, 42, -24, -22, 262, 98, -14, -106, -112, -110, -80, -74, 258, -46, 124, 234, -52, -60, 8, -50, 2, -130, -26, -48, 132, 44, 28, -78, -90, 100, 52, 58, -226, -40, 192, -126, 90, 110, 216, 32, -72, -16, -178, 66, 190, -66, 32, 214, 126, -134, -262, -298, -12, 56, 34, -16, -278, -26, -100, -96, -14, 18, 30, -50, -132, -218, 192, 46, -60, -166, 234, 194, -100, 76, -134, -46, 40, 28, 188, 2, -250, -22, 94, 186, 160, 90, 46, -20, 4, 132, 120, -4, -74, 10, 84, 136, 2, 14, 50, 80, 58, -42, 70, -138, 126, -44, -274, 214, -52, 208, 26, 180, -72, 74, 134, -2, 138, 10, 46, 82, 282, 34, 74, 212, -42, 76, -18, 384, -62, 74, 138, -106, -76, -168, -36, 88, -90, 322, 32, 52, 136, -60, 124, 18, -122, -182, -16, -132, 90, 282, -50, -256, 2, -38, 70, -52, -98, 110, 76, 84, -98, 410, -200, 34, 182, 86, 20, 90, 32, -148, -36, 30, -98, 124, -112, -36, 116, -100, 62, 36, -48, 248, 74, 196, 170, 4, 162, 88, 70, 44, 88, 302, 154, -68, 182, 170, 276, -218, 212, 106, 122, -172, 184, -154, 310, -240, -70, 46, -84, 116, -72, 192, -186, -126, 10, 24, -66, -76, 10, 148, -188, -50, -60, -116, -2, -102, 196, -132, -124, 0, 188, 16, -250, 70, 160, -330, 156, 24, -64, 202, 42, 140, 106, 74, -212, -104, -144, 288, 136, 52, -44, 58, 84, -126, 124, 156, 166, -242, -128, 210, -54, 262, -104, 134, 60, 58, -126, 24, -94, -122, -130, -114, -98, -20, 12, -250, 154, -110, -194, -26, -138, -240, -238, 106, -308, -150, -14, -32, -118, -72, 286, -60, -6, -34, -90, 96, -200, 20, 94, 94, 150, 118, 96, -28, -114, -40, 98, 130, -218, 36, 168, 198, -50, 116, 170, 156, -118, -190, 60, -106, 46, 20, 114, -10, 190, -86, -80, -120, -40, -102, 136, -28, 200, 82, 158, -38, -128, 58, -8, -16, 72, 6, -60, -100, 92, 0, 92, -104, 142, 192, -38, -134, 88, -48, 176, -36, -52, 112, -114, 232, -34, -6, 176, -156, 54, -72, 8, -58, 126, 18, -84, -64, 236, -22, -8, 28, 202, -128, 64, 24, -38, 10, -238, 88, 16, 12, 292, 72, -24, 204, -170, 4, -132, -184, -94, -16, 196, -122, -182, -40, 108, 112, 34, 192, -52, 88, -172, 16, 74, 326, -152, 18, 192, 
182, 58, -124, 364, -104, 78, -124, -74, 80, -44, 174, 88, 22, 58, 30, -144, -82, 114, -26, -8, -336, -22, -128, -190, -176, 116, -96, 32, 56, 58, 2, 50, 60, 56, -78, 68, -168, -16, 184, -22, -398, 136, -124, 132, 136, 104, 18, -22, 98, 142, 48, -90, 174, 158, 108, -12, 144, -8, 80, 38, 108, 150, -222, -74, -44, -58, -112, -46, -292, 26, -20, 84, -104, 34, 60, -82, 2, 16, 4, 178, -126, 106, 262, 196, -140, -50, 72, 136, 6, 50, -238, -242, -204, 12, -62, 130, 244, -64, -166, -288, 60, -240, 2, 78, 38, -110, 126, -162, 96, -122, 8, -16, 0, -6, 20, 22, -204, -210, -6, 16, 36, -128, 182, 100, -20, -16, -12, 172, 88, 74, 68, -10, -50, 174, -100, 100, 198, 212, 122, -38, -158, 40, -54, 110, 108, 74, 124, 132, 44, 102, 148, 32, 226, -236, 16, 92, 86, -72, -64, 58, -94, 208, 260, -38, -46, -44, 34, 260, 52, -50, -46, -46, -126, -52, 164, -8, -122, -50, 172, 22, 36, -106, -124, -8, 22, -100, -78, 56, 124, 104, 46, -160, 2, 122, -204, 152, -108, 66, -116, 160, 30, -102, -52, -208, 46, 40, 204, -210, 82, -4, -28, 90, -146, 30, -302, 100, 162, 30, 46, -14, 36, 98, -72, 44, -262, -48, -78, 18, 62, 46, 78, 102, 272, -118, 22, -18, -116, 78, 56, -46, 186, -36, 184, 92, -80, -144, -156, 238, -210, 252, 58, -78, 356, 86, 138, -122, 134, 14, 72, 56, -128, 148, 42, 30, 186, 114, 2, 142, -226, 170, -32, 54, -128, 0, -44, -50, -92, -312, -380, 26, 20, -252, -228, -218, 144, -204, -160, -146, 182, -84, -2, -10, 276, -14, 126, 26, -56, 260, -180, 6, 268, 214, 78, 64, 52, -48, -94, 204, 182, 202, 116, -22, -104, -200, 70, 118, -114, -308, 32, 336, -134, -130, 230, -110, 8, -24, -268, 192, -78, -2, -124, 252, 116, 80, -130, -58, -36, -86, 190, -128, 162, -32, 78, -116, 182, 56, -36, 66, -150, 224, -132, -70, 28, 38, 22, 92, 268, -18, -128, 64, 24, 12, 248, 14, 104, 60, -38, 184, 64, 172, -118, 284, -94, 16, 108, 70, -34, -204, 0, 8, 52, 54, -16, 144, 16, 72, 102, 152, 40, 42, 52, 238, 16, 130, 12, 114, -2, 142, -182, 18, -42, -78, 20, 244, 66, 36, -88, 78, -158, -84, -70, 32, 242, 166, 106, -28, 146, 30, 84, -152, 34, 46, 138, 76, -70, 100, -12, 92, -4, 28, 84, -14, 124, -200, 116, 4, -172, 136, 124, 90, 70, 32, 30, 168, -52, 230, -94, 148, 12, -108, 62, 100, -20, -214, -130, 24, -30, -78, 286, -82, 28, -14, -152, -104, 4, -122, -14, -10, -180, 124, -208, -86, 182, -202, 44, -114, -456, 246, 88, -120, 40, 336, -20, -176, -24, 102, 38, -32, 236, 84, -82, 198, 16, 134, -32, -166, -236, 100, -68, -226, 
-146, 94, 252, -30, -44, 138, -34, -52, -66, 26, -40, -126, 42, 24, 64, 22, -20, -112, -88, 150, 74, -94, 166, 246, 216, 26, -28, -16, 28, -22, 284, 24, 34, 76, 246, -64, 60, 68, -36, 238, 436, -176, 78, 88, 78, 46, -112, 64, -10, -308, 226, 346, -148, -124, -154, 82, -136, -58, -184, 74, -22, 0, 286, 82, -78, 344, 120, 24, -116, -120, -140, -98, 106, 56, -70, 48, -110, 50, -118, 52, 24, 132, -14, 38, 148, 120, -152, 86, 62, 62, 194, 100, 228, 108, 76, -142, -46, 66, 272, 306, -66, 68, -72, -34, -60, 262, 56, -66, -96, -14, 78, 178, -40, -52, -52, 48, 118, 276, 26, 60, 44, 16, -288, 100, 176, 194, 136, -174, -118, 102, -64, -12, 130, -110, 186, -38, -22, -56, -162, -28, 196, 130, 30, 250, -74, 156, -34, -26, -2, -104, 20, 60, -44, 132, -178, -10, 46, 98, 34, -44, 66, 16, -220, 110, 144, 72, 190, -136, -174, 238, 148, 116, 50, 230, 98, 106, -60, 24, 52, 132, -148, 40, 32, -8, 124, 128, 158, 20, -104, -18, -84, 154, 136, -42, -22, -36, 4, 42, 142, -72, -64, -60, -42, 40, 24, 84, -32, 46, 114, -206, 36, 134, 16, 58, 300, -168, 30, 46, -106, 42, 94, -74, 174, -26, 272, 106, 178, -76, 10, -24, 20, -36, -186, 46, 88, -90, -36, 72, -170, -70, 32, -28, -8, 84, -10, 136, 114, -44, 8, -142, -8, 68, -2, -140, 32, 6, -144, -50, 114, -74, 22, -222, -124, -10, -150, 46, -26, -108, 52, -22, -118, 20, 120, -70, 4, 144, 42, 64, 272, 24, 68, 180, 190, 100, -24, 12, 124, 178, -130, 48, -60, 44, -216, -20, -154, -6, 188, -170, 208, 62, 2, -44, -62, -96, -158, 124, 232, -142, 54, -136, -216, 42, 8, 258, -74, -32, 180, 256, -116, -114, 70, 14, -242, -96, 292, 88, 98, -18, 84, 104, 46, -230, 26, 130, 160, -54, -26, 116, -114, 86, -174, 58, 6, 64, -124, 238, -264, -52, 40, -88, 28, 124, -76, 118, -138, -118, -172, -42, -26, 6, -64, 160, 182, -36, -90, -30, -20, -72, 144, -164, 166, -214, 46, -64, -86, -128, 118, 142, 84, 36, -12, -18, 240, 76, 204, -42, -60, 12, 30, 40, -54, 124, 172, -128, -124, -46, -8, -28, 166, 118, 94, 80, -54, -162, -142, -48, -102, 52, 102, -24, 112, 82, -44, 60, 86, 98, -86, -132, -10, 194, 138, -102, -202, -38, 116, 0, 52, 168, -114, -132, 84, 22, -102, 78, -82, -162, 194, -306, 18, -54, -20, 42, 144, 88, 46, 18, 42, -48, 56, 76, 0, -120, 22, 334, 86, 38, -80, -16, -296, -90, -32, 24, 112, 138, -102, 60, 46, 2, 224, 140, 174, 54, -110, 136, 130, -118, 192, -150, -58, 114, -44, -80, 214, 248, -28, 72, -90, 194, 86, -32, 160, -38, -62, -186, 76, 82, 242, -92, 192, 104, 
106, -40, -96, -74, 276, 10, -160, 170, 76, -64, 232, 118, 48, 72, 98, 80, -210, 94, 142, 28, -76, 232, -54, -86, -280, -38, 34, -8, -152, 128, -130, 96, 30, -86, -30, -58, -26, -80, 220, -32, -36, -82, -44, -216, -22, 28, 106, 28, 144, -22, -80, -286, 70, 34, 84, -112, 54, 174, 84, -28, 42, -36, -120, -142, 60, -124, 30, 38, 4, -144, 108, 154, -92, -130, 76, -42, 70, 20, 58, 44, -14, -80, 28, 140, 12, -50, 150, -66, -96, -132, -204, 18, -354, -112, 134, 238, 44, 36, -254, -186, 72, 24, 220, 210, -284, -104, 84, 304, 116, 44, -32, 116, -2, 182, 152, -44, 4, -170, 60, -148, 156, 110, 120, -106, -22, -42, -52, 10, 108, 32, 120, -36, -100, 124, -94, -82, -74, 64, 178, 84, -114, 126, -30, -58, 88, -46, -4, 78, 110, 0, -18, -46, 44, -278, 46, 148, 190, -74, 86, -94, -212, -38, 198, -48, -110, 86, 42, 44, 216, -238, -68, 4, 92, 18, -16, 156, -102, -94, 112, -78, 150, 48, -116, -6, -82, -308, -128, -54, 138, -54, 88, -106, -118, 62, 56, 6, 176, -16, -58, -86, -48, 74, -156, -18, 130, -166, 132, 40, -52, 222, -158, 6, -4, -56, -122, 62, 144, 32, 14, 38, 42, 136, -292, 114, -84, 46, -140, 218, -42, 10, 264, -126, -50, 24, -102, 34, 286, 32, 104, 68, 0, 272, 42, 154, -180, 240, -172, 76, -102, 108, -66, -70, -70, 248, 80, 126, 76, -14, -68, -74, -92, 264, 230, 38, 110, -18, 30, 14, -76, 14, 102, 96, -182, 262, 84, -32, 10, 80, -92, -138, 80, -56, -108, -20, 0, 50, 64, -112, 2, 78, -80, -6, 150, 10, 102, -96, -290, 160, -308, -382, -30, 130, 70, 64, 4, -174, -126, 66, 60, 96, 18, -42, 68, -122, 166, 4, -4, -36, 112, 70, 24, 88, 202, 158, -134, -14, -86, -32, -74, -90, 4, 128, 134, -184, 48, 198, 172, 74, 60, -48, 48, 72, -138, 98, 10, 6, 200, -108, -12, 196, -340, 2, 156, -198, -186, 294, 172, -72, -46, 158, 290, 100, -2, 78, 82, 130, 152, 164, -142, -4, 90, 72, 42, -4, 52, 318, -162, 64, -52, 66, 90, 70, 38, -128, 80, 90, 8, 68, -64, -216, 12, 94, -104, -12, 152, 26, 300, -34, -90, -76, 8, -88, 60, 144, 14, 192, -12, -220, -58, -56, 18, -38, -44, 14, -126, -144, 114, -6, 62, -10, -164, 70, 352, 110, 54, -70, -60, 44, 130, 126, 36, 166, 14, -174, -10, 152, -22, 104, 232, -18, 2, 10, -106, 54, -176, 76, 86, 126, -26, -56, 84, 26, -20, -164, -52, 12, 136, 96, 114, 42, 82, -114, 14, -154, 112, -30, -14, 10, -194, -22, -348, 86, 16, -44, 4, -14, 82, 46, 10, 0, 286, 120, -60, -164, 24, 108, 96, -224, 126, -54, -74, 12, 2, 174, -110, -136, -214, -92, -150, 28, 
-72, -204, 48, 200, -234, 88, 48, -102, 76, 94, -296, -52, -106, 34, -12, -110, 222, -220, -94, -10, 76, -40, 124, 80, 302, 22, 8, -16, 126, 130, 306, -122, 56, 216, 216, 88, -26, -46, -148, 84, 78, 176, 126, 162, 120, -68, -34, 0, -254, 98, 236, 32, 18, 132, -28, 138, -8, -64, 34, 62, 62, -10, 28, 156, 88, 0, 28, -6, -72, 82, -66, -252, 112, 222, -18, -88, 90, 50, 246, 32, -28, -8, 86, 92, -74, 220, -184, 148, 84, 300, -8, 18, 262, 68, -38, -160, 40, -46, 262, 230, -102, 24, -20, -56, 256, 200, -70, -316, -38, -164, 62, -112, 28, 44, 26, 44, -94, 232, -144, 104, 142, 30, -84, 218, 272, -136, 206, 94, -80, -38, -162, 290, 118, -218, 132, 74, 172, -170, -292, -270, 64, -78, 24, -298, 24, -74, -24, -106, 30, 218, 160, 178, -112, 390, -6, -72, -276, -12, 156, 32, 20, -34, -78, 50, 96, -46, 12, -184, -196, 242, 212, -110, 22, 170, 38, 40, 142, 56, -168, 140, 10, 96, -98, 132, 14, 252, 138, 112, 98, -64, 146, 168, -92, 4, 50, 36, -256, 8, 144, 48, -198, 248, 136, 96, -98, 226, -140, 116, 168, -116, 158, -22, 44, 142, 174, 80, -188, 76, 42, 44, -30, -16, 114, -12, 118, 78, 8, -124, 0, -36, -74, 12, 120, 102, 250, -34, -154, 88, -54, 120, 100, -54, -34, -160, 226, -260, 2, -80, 122, 60, -36, -78, 210, -164, -100, -38, -150, -102, -32, -14, 188, -54, -166, 36, -138, 308, -6, 180, 134, 216, -148, -184, 68, -166, -108, 8, 184, 2, 158, 94, -88, 220, 160, 126, -6, 86, 2, 296, 170, -222, 180, -64, -54, 28, -192, 76, 340, -232, 104, 248, 84, -50, 68, 120, 142, 142, 30, -190, -98, -172, -26, 122, 90, 162, 78, 6, 214, -118, -18, 18, -62, -110, -292, -112, 114, -26, 130, 4, 140, 12, 112, 12, 22, 330, 18, -30, -38, -104, -60, -150, 52, 52, 156, -180, -176, -14, -148, 64, 228, -24, 72, -36, -120, 30, 60, -374, -102, -26, -10, -72, -144, 6, 32, 2, -98, -96, -264, 78, 296, -2, -40, 30, -94, 28, -44, -126, 274, 110, -24, -36, 94, 22, 132, 132, -82, -52, 0, 22, -24, 432, 76, -8, 132, 58, -154, 216, -130, 124, 220, 100, 22, 162, 66, -30, 50, 40, 206, 206, 60, 104, -34, 140, -224, 96, 212, 102, -52, 62, -208, -184, 184, 16, -172, 72, 30, 156, -80, 246, 66, -66, -176, -164, 10, 196, 58, 28, -110, 112, -240, -10, 58, -18, 116, 30, 116, 42, 4, 76, 156, 34, -44, 166, -60, 246, -92, -48, -40, -122, 12, 56, -166, 96, 140, 136, -134, 124, 128, -60, 146, -26, 386, -88, 148, 78, -60, 206, 34, 62, -90, -220, -208, 44, 20, 186, -82, -18, -206, 206, 0, 78, 12, 30, 160, -96, 80, 88, 128, 26, 166, -50, 
214, -28, -102, -70, 170, 106, -16, 222, -292, -46, 80, 84, 50, -132, 30, 166, -176, 244, -130, 70, -130, 46, -158, -16, -170, 68, 202, -84, 18, -80, -160, -30, 76, -88, -64, -84, -20, -122, 86, -74, 90, -114, 34, 14, -126, 140, 124, -86, 272, -42, -36, -128, -96, -96, 52, 96, 144, -64, 72, 94, -152, -12, 126, 24, -100, 106, -140, 32, 244, -148, 44, 186, -56, -240, 38, 68, -46, 40, -38, 62, -4, 142, 164, 58, 6, -64, 158, -168, 32, -96, 156, -128, -228, -72, 76, 72, 46, -44, -84, 50, 210, 60, 172, 130, -104, -142, 16, 252, 208, 0, -92, 50, 238, -164, -82, 152, 72, -96, -8, -164, -16, -56, -24, -64, 80, 116, -88, -26, -16, 90, 36, -190, 78, 208, 106, -218, -12, 304, 188, 168, -140, -2, 26, 258, -16, -38, 62, 46, -28, 74, -92, -110, 44, -150, -100, 34, 52, 24, 28, -60, 74, -76, 162, 82, -84, 58, -136, 148, 48, 38, -8, -4, 160, -8, 24, 146, -80, 38, 136, -242, -16, -84, 24, -114, 136, -200, 150, 32, -124, -62, 90, -146, 186, -66, -58, -4, 86, 42, -54, -66, 222, -232, 8, -94, 102, -206, 88, 100, -124, 92, -50, 140, 42, -114, -204, -92, 104, 6, 46, -54, 58, -62, -218, 92, -120, -186, 62, 146, 156, -32, 30, -118, -4, 156, -46, -60, 182, -8, 224, -90, 20, 164, -104, 120, -166, 14, 52, -66, -86, 114, 2, 50, -16, 84, 182, -98, 82, 94, -34, 60, -30, 192, 42, -8, 30, -90, 186, -172, -46, -40, 68, 140, 16, 168, -64, 224, -66, -82, 2, -152, -12, 82, -162, -124, 180, 36, 18, -86, -168, 350, -92, -102, 88, -92, 176, 22, -156, 270, -158, -186, -80, 162, 76, 0, 68, -228, -72, 196, 68, 86, -82, 66, -24, -158, 66, -128, -106, 208, 176, 78, -52, 146, 190, 154, -10, -108, -18, 64, -104, 118, -176, 32, -46, -264, 18, 242, 184, 192, -226, 158, -106, -178, -74, 66, 6, 58, 240, -2, 82, -28, 194, -82, 100, 146, 74, 348, 48, 62, -14, 94, 70, 160, -40, 80, 226, 204, 222, -100, -438, 136, -28, 98, 82, 120, -2, 18, -220, 0, -122, 46, 44, 82, -110, 64, 80, 108, 152, 168, 264, -60, -42, 36, -184, 112, 262, -36, 36, 20, 60, -108, 76, -54, -72, 30, -40, -106, -178, -94, -30, 30, 124, -116, -16, 100, -4, -80, 56, 122, 200, 80, -170, 64, 72, -166, 52, -46, 118, -290, -10, -24, 130, 226, -16, -184, -120, 28, 178, -100, 220, 92, -12, 176, 8, 208, 42, 192, -40, -14, -82, 106, -78, 48, -48, -140, -2, 76, 4, 60, -102, 58, 184, -74, -52, -136, 202, -128, 72, 86, -288, 90, -160, 192, 14, -178, 78, -104, 4, -44, 134, 248, 200, -74, 84, 64, 0, -4, 162, 54, 126, -78, -86, -150, -20, 10, -120, 120, 32, 112, -64, -100, 
-178, 0, 176, -32, -8, 18, -78, -262, 314, 70, 90, 40, -192, -60, 88, -112, -4, -166, 200, -64, 28, -128, 172, 102, 86, 18, 46, 216, 34, 140, 52, 20, -36, 126, 102, 52, 4, 264, -46, 44, 130, 174, -72, 176, 198, 62, 28, 12, -166, 200, 126, 24, 60, 94, -88, -190, 110, 106, -150, -30, 242, -6, 22, 26, 62, -228, 48, 78, -212, 56, -40, -36, 132, 176, -72, 80, 138, -166, 50, -100, -80, -84, -206, -10, -94, 194, -162, 214, -136, 32, -32, 52, 278, 34, 14, -14, -154, -52, 140, 116, 60, 8, 34, 22, 120, 124, 178, -172, -70, 50, -92, -78, -176, 188, 162, 100, -170, 40, 164, 120, 112, 42, 18, -56, -64, 78, 330, -180, 98, -74, -18, 82, -86, -278, -154, 218, 18, -120, -54, -66, 68, 248, 60, 4, 136, 24, -36, 356, -16, 128, 136, 342, -50, 266, 92, 80, -24, -22, -196, 56, -136, 172, 24, -324, 22, -90, 130, -12, -134, 50, 150, -66, -36, 142, 178, -60, 8, 62, 88, 80, 0, 16, 48, 86, 32, 152, -108, 112, 26, 250, 28, 214, -42, 224, 48, 126, -150, -86, 24, -110, -186, 136, -82, 108, -56, 136, -38, 64, -72, 216, 64, -132, 160, 88, 188, -196, -18, -70, -60, 100, 74, 66, 264, -56, 104, 196, -124, -96, -70, 140, -136, 52, 40, 44, -124, -40, -174, 226, 32, 220, -152, -28, 18, -196, -134, -22, 28, 60, -24, 30, 212, -118, -202, -96, -20, 146, 8, -140, 144, -230, 230, 26, 92, 2, 20, 204, 30, 146, 42, 86, 18, -32, -22, -172, 12, -106, -2, 120, 142, 60, 114, 136, 72, 96, -202, -128, -70, 74, 178, -132, 108, 84, 58, 66, -138, 32, 64, -232, 252, 94, 2, -142, -188, 176, 70, 98, 154, -202, -26, -94, 156, -38, 50, 190, -104, -30, -32, -286, -28, -110, 32, -80, -78, 142, -238, 138, -98, 66, -74, -112, 248, 114, 46, 364, 2, -230, 80, -52, 242, -74, 32, 240, 244, -88, -68, -72, -160, 120, -16, 2, -94, 242, -110, -122, 308, -318, -6, -248, 106, -16, -76, -16, 90, -18, -86, -290, -60, 158, 124, -96, 20, -26, 138, -108, 94, 18, 134, -78, 142, -62, 202, 10, -20, 16, -96, -108, 52, -66, -50, -76, 66, -2, 266, -56, -80, -6, 10, 14, -38, 86, 16, 108, 28, -16, -70, -64, -26, 56, 46, 92, -102, -146, 92, -44, -8, -144, -22, -94, -60, 42, 142, 6, -84, 168, 96, -152, 202, 204, -96, 88, -62, -32, -50, 294, 154, 142, -108, 272, -172, -2, 22, -80, 26, 8, 86, -260, -240, -124, -4, -40, 100, -74, -70, 258, -36, -74, 96, 108, 210, -150, -112, -58, -26, 172, -24, 114, -164, -100, 48, 52, 122, -294, 100, 148, -184, 102, -56, 94, 60, -36, -144, 202, -88, 74, 158, 78, 174, 12, -46, -12, -42, 252, -138, 78, 16, -118, 82, -10, -44, 118, 
82, -172, -86, 194, 162, 118, -4, 212, -272, -74, 16, -62, 14, -18, 198, 202, -18, 220, -42, 38, 20, -46, -86, 58, -60, 64, -82, -104, -72, 30, -110, -122, -212, -164, -60, 82, 26, -224, -164, -142, -128, -10, 132, -152, -144, -58, 92, 28, 262, 8, 34, 34, -8, -210, 74, 24, -160, -82, 144, 96, -252, -26, 28, 200, -250, 290, -104, 78, 60, -176, -118, -8, 38, -118, 154, -276, -144, 68, 46, 10, 0, 282, 178, -88, 192, -142, 190, -114, 46, -106, 178, -164, -224, -60, -108, 2, 48, -62, -84, -20, -8, 10, 14, -258, 88, 76, -42, 30, 32, -88, 104, 136, 22, -106, -8, -170, 188, 34, 66, 142, 48, 94, 134, 174, 292, 16, 8, 180, -56, 146, 54, 18, 106, 252, 178, -84, 146, 290, 118, 170, 84, -314, 128, 46, -344, 2, 142, -226, 112, -64, -74, -168, 204, -154, -172, 104, 0, -174, 114, 212, 178, -4, 82, 216, 18, 16, -144, 130, 160, 20, -238, 122, 56, -28, 20, 114, 76, -58, -80, 128, -80, 38, 34, 112, 6, -66, 178, -34, 46, -220, -156, -194, -56, -164, 28, -90, 148, 184, 242, -58, 174, -24, 134, -50, -34, -34, 8, -38, 110, -122, -4, 138, -66, -46, 26, 120, -116, -120, 146, -2, -54, 126, 18, 170, -72, -194, -66, 108, 10, 22, 238, -132, 140, -86, 108, 78, 224, -136, 18, -204, 104, 16, -150, 134, 4, -6, -56, 26, -148, 28, -42, 56, 136, 0, -50, -146, -64, 112, -66, -66, -390, 168, -56, -30, 200, -156, -216, -46, -128, -110, -120, -292, 42, 118, 192, 306, 138, -138, -64, 42, -34, -146, -120, -22, 98, 162, 192, 156, -168, 242, -24, -64, -208, -210, 74, 82, -60, 404, 24, -102, 44, 80, 408, -112, -36, -18, 52, 248, 144, 300, -132, 60, 78, -226, 208, 156, -168, 290, 62, 122, 66, 74, 230, 78, 62, -104, 192, 106, -6, -4, -150, -176, 56, -240, -102, 68, -72, 132, -308, 138, -14, -138, -102, 104, -22, 40, 50, 144, 108, -150, 108, -190, 180, 110, -202, 246, -72, 106, 70, 226, 6, -182, 16, 176, 152, 340, 72, 92, -64, 46, -28, 136, -114, 38, 2, -86, -178, 166, -152, 176, -302, -96, 102, 84, 88, 18, -106, -200, 88, 24, -102, 70, -314, 94, 10, -6, 40, -44, 52, 90, -74, 2, 208, 102, 84, 254, 0, -130, -28, -16, 30, 152, 2, 184, 90, 118, 92, 186, 146, 134, -72, -188, 400, -20, -146, 200, 106, -324, 130, -236, -32, 146, 72, -94, 22, 238, -172, -114, 218, 132, -40, 46, -10, 166, -68, -40, 68, 102, -46, 170, 222, 208, 74, -208, -210, 2, 232, -106, 84, 98, 66, -16, 38, -180, -102, 120, 264, 218, -96, 210, -86, 138, -90, -176, 248, -88, -22, -182, -162, 40, 106, -138, 62, -248, -194, 146, -148, 120, 62, -44, 128, -216, 108, -58, 12, 98, -6, -110, 40, -36, 
-36, 154, 168, -22, -22, -140, -134, 94, -6, 220, -52, -52, -246, 2, -26, -112, 64, -60, 60, -58, -46, -116, 32, 16, -4, -40, 58, -98, 64, 86, 122, -44, 126, 70, 98, -94, -14, 260, 86, 10, 60, -28, -66, 298, 128, 120, 56, 84, -312, -26, -52, -192, 50, 20, -6, 122, 244, -32, -70, -10, 248, 84, -124, -184, 166, -58, 108, -94, -338, -14, 150, -68, 42, 194, -2, 58, 2, -84, -126, 68, -48, 202, -118, -64, -142, 246, -122, 138, 8, 254, -218, 72, 234, -2, 42, -148, -100, -34, 144, -106, 104, -176, 22, 232, -4, 152, -96, -46, -12, -50, -230, -200, -6, 66, -54, 116, -12, 48, -10, 46, -138, -144, -64, 24, -230, 118, -72, 64, 52, -10, 92, -24, -4, -148, 8, 68, -112, -64, 64, -18, -40, 196, -58, -208, 250, 58, -74, 190, 38, -100, 98, 246, -46, 92, 56, -92, 108, 256, -8, -118, -84, -58, 84, -58, 58, 56, 96, -88, -60, 52, 6, 4, 122, -90, -50, -12, -28, 76, 162, -8, 154, -14, 66, -100, 62, 28, 40, -4, -72, 240, 26, 282, -136, -102, -106, 296, -204, -190, -34, 106, -104, 192, 32, -86, -44, -72, 252, 10, 74, 126, -10, 22, -46, 108, 132, -322, 56, 68, -198, 100, 146, -122, 176, 102, 6, 280, 192, -148, -26, 14, -6, 212, -164, 88, 70, 82, -88, 40, 114, 262, -106, -20, 128, -210, 60, -150, 2, 48, 44, -48, 128, 110, 30, 146, -52, 132, 58, -118, 12, 202, 214, -8, 98, 32, 58, 182, 64, -180, 222, 204, -20, 116, 234, -194, -110, -296, -84, 72, 120, -12, 64, 152, 48, -26, 48, -130, -32, -78, 92, -134, -2, -8, 10, 236, -100, -8, 96, -252, -52, 134, -106, 8, -352, 296, -28, 300, 16, -84, -108, -272, 94, -130, -2, 182, 50, 194, 204, -414, -136, 6, 102, -28, 6, -24, -20, 34, -10, -238, -70, 212, 134, 332, 28, 292, 208, -152, 198, -192, 130, -70, -58, 16, 72, 24, -86, 34, 44, 182, -116, 142, -162, 182, -26, -80, -18, -22, 76, -32, -36, -154, 82, 184, -44, -166, -184, -230, -22, -72, 94, 52, 40, 34, -16, -100, 58, 102, -148, -124, -30, -194, 312, 166, -108, -4, -184, 34, 34, 98, 56, -168, 90, 212, 246, 116, -16, 166, 22, 114, 56, -372, 146, 114, -30, -26, -120, -146, 94, -148, 224, -40, -74, 66, -32, -160, -22, -2, -90, -90, -38, -30, 154, 88, -296, 92, 110, -176, -10, 258, -228, 188, 50, -136, -152, 128, 112, 38, 168, -22, -76, 202, 86, -10, 118, -264, 110, -60, 214, 118, -172, -248, 64, -54, 50, 142, 164, 82, -38, 132, -108, -110, -26, -56, 66, 80, -6, 162, -226, -198, 22, -158, 76, -68, 58, 228, -182, -74, 114, 188, 144, 8, -114, 96, -78, 134, 210, 30, 106, -94, -86, 130, -46, 104, -88, 118, -30, 70, 6, -50, 120, 138, 
104, -136, -12, 80, 98, 40, -86, -252, 36, -146, 66, -6, 16, 212, -50, 72, 28, -224, -60, 66, 218, 196, 20, 78, -16, 14, -144, 82, -168, -90, -106, 60, -222, -68, -122, -56, -2, -338, 10, 40, -94, 184, 80, -108, -176, -178, -184, -186, 164, 2, 68, 332, 22, -92, 4, -208, -10, 8, -98, 74, -28, -56, 230, 250, 172, 130, -126, 124, 286, -30, -144, 128, 70, -106, -104, 70, 60, 336, 224, 24, 2, -124, 14, -56, 192, -68, 182, 92, 56, -92, 352, -152, -258, -22, 224, 272, -34, 228, -126, 76, 148, 306, -18, -276, -158, -30, 82, 136, -30, -152, 300, 302, 288, -34, -108, -98, -66, 34, 136, 110, 72, 48, -22, -224, 136, -128, 34, -6, 34, 28, -78, -106, -168, 14, 12, 132, 94, 264, -64, -18, -60, -42, -6, 144, 12, 102, 130, -66, -202, 0, 12, -128, 84, 156, 62, -16, 86, -98, 86, 300, 198, 110, -84, 92, 96, -100, -78, 280, -88, 36, 76, 248, 26, -72, 190, -122, 286, 14, -120, 56, -176, -110, 6, -66, -36, 18, -22, 6, 112, -264, 60, -134, 138, 128, 146, -82, 152, 206, 188, 74, 102, -88, -278, 142, -140, 26, 66, -72, 38, -166, 18, 78, 222, 172, -298, 356, -94, -66, 218, 6, 0, 200, 70, 168, -30, -136, 122, 90, 10, 6, 122, -200, 94, -190, -156, 12, 142, 82, -58, -234, 70, -108, 8, 212, 148, 118, 90, 128, 236, 106, -124, 46, -86, -62, 104, -64, -50, 60, 152, -18, -84, 52, 20, -2, 230, 152, 154, 130, -56, -112, 96, -62, -172, 116, 188, 252, 32, -168, -56, 22, -18, -130, 68, 42, -212, 128, 236, 62, -26, 236, -86, 34, 36, -242, -82, -10, 132, 72, 66, -160, 30, -68, 340, -132, 152, -174, 10, 138, -62, 390, -148, 218, 102, -150, 20, -152, -144, 394, 86, 150, 34, 64, 102, 22, 38, -182, 46, 164, -56, -176, -80, -216, -104, -82, -108, 102, -146, 238, -132, 108, 168, 48, 92, -166, 46, -36, -64, -140, -48, 56, -102, -208, -6, 4, 4, 78, -12, -10, 14, 138, 50, -60, 180, 228, 206, 204, 80, 140, -66, 64, -64, -76, 8, -92, -88, 14, 226, 290, 16, 30, -128, -100, 8, 0, 0, -130, 112, 110, 128, 98, -156, -280, -138, -22, -58, 52, 222, -96, -72, 294, -152, -16, -40, 78, 84, 98, -32, 86, -20, 126, 114, 86, 166, 46, 74, 122, 164, 124, 156, 68, -126, -72, 284, -104, -34, 262, -2, -34, 272, -136, 34, 96, 20, 70, -24, 22, -194, 106, 60, -108, -54, 26, -158, 228, 194, 24, -50, -186, 4, 66, 86, 26, 96, -86, -104, 60, 84, -242, 230, -102, -120, -38, -26, -150, 126, 8, 322, 100, 190, 36, -68, 8, -48, -138, 134, 182, -218, -48, 36, 4, 62, 22, 36, -2, -118, -136, -138, 80, 24, 18, 322, 118, 66, -36, 104, 244, -20, 68, 122, -52, 
-124, 210, 86, -182, -114, 48, -12, 244, -126, 48, 12, 184, 18, 96, 146, -236, -42, 122, 64, -18, -158, -216, -104, 2, 148, 116, 190, -160, 114, 96, 194, -138, 310, -28, 186, 102, 20, 194, 54, 6, 130, 56, -80, 102, 272, 344, -58, 280, -306, 116, 186, -192, 18, 330, 20, 192, 60, -122, 14, -110, -160, -104, -162, -2, -194, 22, 82, -122, -310, 78, 334, 112, -154, 96, 242, -62, -68, -338, -204, -106, 162, 190, -8, 92, -188, -4, -20, 96, -20, -16, -194, 28, 4, 36, -142, -156, 12, -34, 202, -168, -24, -166, 106, 282, 262, -106, -40, 28, 182, 186, -284, -298, -192, -36, -136, -72, -122, -64, -278, -152, 90, -54, -54, 78, 66, 72, 60, 114, -130, -26, -68, 104, -12, 94, -48, -306, -96, 66, 214, 82, 124, -10, 54, 74, -64, -98, 0, 84, 172, -208, 66, 150, -32, -80, -68, 84, -2, 24, 52, -208, 94, -204, 166, 40, -92, 150, 180, -142, 92, 142, 98, -268, 164, 66, -38, 16, -168, 88, 92, -56, 42, 16, 170, 202, -22, -84, -30, 170, -144, 254, -36, 122, -202, -138, -2, 46, 62, -178, 42, -56, -202, 92, 324, -210, 244, 12, -8, 10, 124, 14, 4, -146, -148, -238, 86, -204, 120, -100, -228, 12, -140, 22, -128, -100, 194, -38, 30, 12, -64, -104, 32, 84, 64, 8, 48, 116, 98, -6, 142, 130, -108, 66, 78, -124, -122, -160, -38, 102, -44, -142, 94, 20, 148, 114, 12, -42, 192, -72, -210, -74, 34, -42, -88, 32, -204, -2, -72, -224, 30, 62, -58, -20, 92, 16, 6, -252, 104, 172, 0, -74, 72, 182, -22, 124, 314, -38, -162, -24, 18, -162, 128, -26, 48, 112, -62, -18, -48, -212, -58, 254, -2, 360, -302, -14, -202, 12, 44, -64, 244, -282, 82, -106, -54, 32, -22, 278, -82, -288, 20, -136, -32, -98, 14, -158, -90, 62, -50, -66, 188, -24, 164, 2, 82, -36, 166, 32, 246, -100, 216, 58, -118, -234, -78, 12, -102, -54, 94, 262, -54, -16, 120, 392, -22, 64, -28, 8, -128, 18, -20, -86, 0, -16, 30, -240, -112, -74, 88, -118, 132, 16, -100, 382, -52, 8, 90, 78, -104, -166, 12, -282, -14, -86, -46, 24, 192, 50, 36, 76, -36, -48, 2, 296, 200, 112, 166, -90, -12, 122, 248, -242, 4, 84, 144, -208, 60, -32, 60, -4, 82, -170, -132, 58, -60, -126, -58, -74, 6, 10, -106, -28, 262, 14, -40, 46, 88, 68, 136, 62, -196, 198, 68, -52, 98, -208, -6, -132, 134, -26, -152, -18, 124, 158, 58, -170, -100, 132, -210, 86, 162, 44, -214, 74, -34, 102, -16, 44, -186, 254, 32, 210, -30, 142, 164, 240, -130, -298, -256, -100, -174, -94, -12, 296, -88, 124, -42, 24, 280, 102, 56, -58, -6, 106, 162, 200, 64, 136, 100, -56, -64, -4, -210, -188, -18, -124, -44, 8, -46, 76, 28, 156, 
50, -104, -56, 246, 124, 156, 174, -368, 56, -10, -40, 8, -150, 18, -20, 232, -70, -116, -130, -82, 204, 260, 176, -122, -32, -46, -226, 58, -56, -126, -76, 136, -232, -150, -104, -14, -176, -154, -252, 92, -300, 74, 102, -134, -166, -274, 224, -58, 170, 12, 72, 126, 28, -294, 22, -68, 190, 222, -50, 10, 38, 58, 240, 36, 194, -18, 62, -60, 110, -104, -72, 38, 162, 84, -228, 106, 18, 210, 314, -8, 10, -24, 68, -200, 112, -14, -216, -114, -138, -90, 146, 22, 92, -140, 164, 108, 126, 56, -156, 198, 72, 262, -56, -196, -302, 92, 122, 70, -306, -210, 152, 334, 102, 64, 118, -10, 92, 168, 178, 276, -94, 150, 66, -34, -34, -220, -88, 106, 214, -256, 80, 2, 122, -204, 92, 324, 194, -56, -160, -218, -106, -40, -106, -90, 24, 170, 12, -46, -146, 286, -44, 144, 178, 4, -96, 164, 124, 6, -214, 162, -172, -82, 12, 44, -30, -20, -170, 144, -148, -4, 88, 52, -86, -22, 86, 258, 228, -54, -156, -80, 100, -90, -196, -104, 64, 186, 48, -276, 162, -66, 46, 68, 120, 186, 122, -130, -12, 78, 80, 96, 8, -80, -276, 16, 8, -66, -70, 130, 18, -8, 42, 86, 6, 0, -80, 220, -10, 220, 104, -40, 140, 98, 74, 136, -80, 204, -70, -28, 76, 120, 102, -6, 78, -188, -72, -320, -32, -52, -164, -158, 154, -100, 72, 124, -92, 188, 102, -82, -58, -56, -18, 34, -168, -244, -18, 128, -30, 154, 276, 10, -6, 224, 194, -214, 156, 78, 132, 110, 38, 74, 132, -14, -68, 114, -14, 170, -36, -74, -18, -16, -148, -88, 144, 120, -332, 26, 48, -82, 28, -26, -54, 100, -108, -72, 96, 40, 48, 90, 36, -290, -204, -58, 206, 150, -28, 46, -202, 104, -168, 172, -30, 114, -32, -76, 2, -110, 130, 160, 96, 176, -10, -84, 40, 284, 70, 34, 76, 8, -52, -132, -26, -36, -144, 20, 80, 4, 82, 138, -98, -110, 124, 58, 86, 48, 104, 104, -82, -246, 20, 214, 134, -310, 14, -142, -210, -68, 10, 92, -122, -6, 122, -4, 18, 82, -42, -60, 50, -66, 84, 104, 100, -394, -156, 22, 112, 64, -16, 22, -62, -16, 100, 100, 318, 154, -242, 58, -100, -34, -90, 132, 54, -134, 8, 66, -98, 200, -6, -20, -220, 114, 60, 100, 46, 86, 168, -62, 42, 18, 32, 98, 60, -70, 90, -30, 286, 56, 52, -36, 66, 28, -172, 158, 188, -164, 38, -162, 10, 124, 108, 54, -90, 164, 224, 156, -50, -54, -12, 144, 62, 184, -62, -278, -114, 10, 82, 66, 40, -192, 64, 56, 228, 8, 144, 54, 98, 70, 262, -174, 0, -22, 188, -78, 66, -168, 222, 226, 36, 332, 146, 22, 54, -106, 104, 46, 152, 138, -166, 26, 42, 104, 142, 100, 32, -36, -56, 2, -128, 140, 132, -6, 162, 246, -260, 46, 22, -92, 174, -96, -22, -40, 
92, -158, 90, -146, -100, 74, 0, 44, -138, -8, -22, -36, 124, -56, 194, -100, -70, 70, -2, -82, 18, -108, -102, 266, 224, -116, 218, 0, 122, 82, 186, -82, 442, 106, 164, -282, 290, 222, 110, 2, 134, 110, -118, 106, 148, 186, -94, 86, -152, 24, 62, 110, 204, 206, -112, 186, -94, -126, 210, -58, -90, -204, -158, 74, 58, 26, -44, 54, -126, 296, 112, 86, -66, -320, 200, 140, 56, -254, -116, 0, 156, -18, 2, -8, -142, -110, 84, 130, 38, 26, -242, 12, 14, 202, 54, 0, 44, 40, 98, -28, -68, 22, 160, 124, 386, 116, -96, -6, 178, -80, -32, -380, 12, -50, -10, 222, 30, 52, 16, -78, 96, -184, -174, 132, 88, 40, 88, -68, -26, 188, 66, 110, 78, 206, 44, -160, -184, -140, 188, 130, -66, 30, 192, 64, 22, -148, -132, 184, 234, 76, 164, -178, -34, 236, -14, -210, -146, 50, 192, -136, 66, -22, 188, 108, 142, 66, -90, -194, 80, -122, 92, 12, 234, -74, 174, -72, -266, -34, 100, -68, -18, -10, 84, 70, 36, -56, 116, 148, -46, 208, -124, -194, -50, 24, 40, 48, 150, 176, 52, 26, 62, 4, 78, 78, 98, 96, 110, -166, -48, 2, 118, 156, -128, 108, 220, -6, -38, -50, -122, 182, 110, 174, -146, -94, 178, -208, 256, 180, -134, 88, -150, 142, -26, 62, 14, 268, 250, 80, 230, 66, 12, 178, 82, -78, -6, -214, 86, 130, 10, 78, 150, -150, 140, 266, 106, -66, 90, -62, 4, -146, 18, -170, 80, 140, -6, 116, -84, -30, 24, -296, -84, 88, 102, 118, -58, -152, -108, -6, -24, 38, 108, 96, -76, -126, 244, -50, 76, 174, 64, 160, 14, 18, 52, 52, -176, -184, 218, -4, 50, 154, 160, -92, -144, -280, 42, -54, 108, -108, 290, -200, 38, 16, 64, 160, -168, 186, -86, -96, -106, -132, 208, 136, 90, -28, -16, -20, -184, 8, 246, -34, 90, -70, 118, 234, -30, 234, 70, -38, 20, 70, 86, -36, -12, 76, -4, 116, 110, 380, -110, -74, 40, 306, 112, 76, 116, 142, -126, -232, -108, -10, -122, 64, -4, 4, 74, 240, 154, 118, 142, -184, 0, 52, 180, 48, -42, -246, -48, 8, 8, -22, 56, -42, -104, -96, 202, 52, 180, -28, 18, -104, 162, -68, -58, 138, 136, -218, 80, 104, 192, 148, -110, -68, -66, -60, -196, 2, -100, 6, -54, -64, 150, 56, 34, -60, -96, 54, 122, -46, 58, 116, 124, 50, -20, 218, 40, 42, 32, -104, 8, 14, 0, 60, -230, 50, 10, 262, 6, -66, -196, -8, 116, 96, 106, 44, 26, -50, 92, 126, 4, -44, 82, 132, 34, -4, 174, -130, -98, 72, -22, 74, -78, 34, -24, 168, -198, -120, 188, 20, -62, -10, 204, 180, -106, 18, -108, -122, -64, 48, 90, 0, -196, -40, -32, 182, 122, 124, 126, 72, -26, 110, -98, -68, 102, 104, -18, 50, -52, 80, 116, 24, 
20, -100, -168, 208, -98, -170, 30, -190, 0, -10, 38, 140, -216, -32, -104, 36, 118, 10, 202, 112, 186, 154, 214, -288, -20, 66, -154, 162, -134, -98, -104, 286, -342, -60, 14, 184, -104, -294, 116, -198, 0, -16, 156, -8, -44, -216, 156, 90, 22, 30, -86, 54, -70, -142, 110, -128, -40, 84, 152, -44, 54, 478, 136, 118, 34, -2, 126, -200, 10, -154, -24, 96, 0, 200, -160, 22, 178, 174, 86, -100, -100, 76, 48, 108, 160, -18, -54, 14, 44, 36, 124, 68, -42, -20, 76, -74, 10, -158, -18, -88, -268, 94, -88, -74, -368, -88, 36, -56, -34, 166, -64, 364, -46, 136, 186, -18, 2, -94, 10, 48, -102, 172, 214, -80, -148, -28, -62, 116, -74, -100, 118, -40, -72, -210, -6, 118, 6, 186, 160, -216, 152, 22, 48, 184, 166, 18, 256, -130, -118, -16, 134, 194, 126, -76, -4, 294, -106, -168, 84, 120, 12, 0, -102, 94, -38, 70, 170, 192, -60, 214, 72, 182, 6, 76, -118, -22, 212, -40, -24, 40, 56, 76, -234, -24, 32, 150, -10, -228, 118, -114, 128, 144, 14, -18, 58, -36, -126, 60, 224, 108, -76, -24, -176, -164, 34, -218, -130, 144, -64, 202, 140, -48, -106, 70, -238, -30, 84, -14, 154, 108, 74, -50, 28, -26, 4, 130, -158, -268, 190, -152, 20, 72, 72, -140, 120, -320, -74, 116, -102, -48, 168, -212, -72, 180, 156, 122, -60, -4, 42, -58, 98, 88, -110, -168, 14, -56, -122, 166, 102, -86, 72, 92, -104, 14, -28, -6, 142, 240, -196, 254, -90, -22, -244, -72, 50, -32, 348, 36, 128, -40, -94, -6, 30, 108, -32, 202, 200, -94, -62, -138, -8, 70, 22, -80, 110, 210, -12, -214, 76, 52, -134, 120, 362, 312, 212, 170, 8, -160, -178, 90, 90, 192, -62, -38, 220, -146, 46, 78, 152, 210, 78, -4, -294, -64, 2, 80, 204, -80, -210, -70, -2, 48, -58, -40, 244, -244, -58, 160, 234, 78, -152, 0, 24, -238, -60, -10, 12, -146, 258, -150, -170, 34, -70, -116, -62, -66, 42, 200, 140, -74, 168, -76, 104, -64, 108, 38, 74, -30, -92, -78, 0, 26, -66, 6, -158, 162, 150, 160, -188, 44, -160, 146, -182, 20, 84, -38, -172, 74, -20, 62, -212, 62, 52, -188, -140, 224, -146, -16, -114, -30, 52, 204, -76, 118, 110, 6, 234, 30, 174, 56, 64, -328, -44, 112, 114, 172, -246, -48, 172, 62, 52, -32, 64, 48, -10, -70, 4, -58, 92, 122, -28, -28, 28, 120, -126, -26, 148, 154, 172, 166, -90, 10, 108, 18, 192, 48, -82, 8, -16, 184, -30, -112, 116, -12, -232, 202, -106, 186, 70, -10, 22, -50, 110, -262, 162, 178, -44, 38, -56, 274, 52, -72, 260, 12, 72, -134, 16, 64, -10, -10, 160, -160, 198, 28, -128, -44, 56, -92, 34, -66, 250, 48, 150, -82, -40, -114, 216, -184, -122, -28, 
-20, 328, 152, -26, 56, -8, 68, 160, -68, -92, 76, 102, 174, 118, 84, 42, -96, 192, -188, -62, -4, -180, 0, 382, 76, 198, 252, 34, -2, 216, 82, -108, 340, 96, 50, -70, 230, 346, -18, 178, -64, -16, -78, 142, 108, 76, 24, -250, 94, -116, 88, -92, 84, 110, 130, -146, 46, 12, -134, -44, 80, -296, 46, -142, -12, -126, 90, 382, -146, 86, 52, -160, -22, -76, 104, -18, -166, -120, 112, 118, 90, -8, 48, -80, -70, 84, -94, -54, -52, -98, -156, -138, 32, 58, 114, 112, 214, 44, -22, 28, 242, 16, 116, 82, 322, 28, 36, 90, -8, -204, -6, -166, -86, -68, -312, -156, -86, 174, 122, -22, 62, -116, -320, 108, 70, 20, 32, -8, 180, 66, -148, 58, 166, 78, 92, 144, 30, -18, -32, 196, -86, 114, -22, -294, -8, 92, -32, 384, 20, 50, -74, -70, -144, -92, 152, -194, 4, 56, -32, 114, 54, -50, 28, -42, -2, 46, 2, -6, 90, -24, 40, 2, -40, -102, 144, -8, 104, -58, 164, 62, -120, -128, 250, -84, 2, -58, 90, 172, -110, 126, -150, 78, -2, -30, 42, 60, 66, 24, -32, -154, 190, 54, 228, 332, 122, 208, 204, 28, 138, -34, 10, 66, 108, -188, 228, 86, 40, -58, -132, -60, -60, -108, 142, -10, 32, -20, 144, 54, 8, 108, 204, -156, 22, 62, 32, 160, -42, -160, 38, -68, -102, 114, -122, -196, -108, 50, 68, 4, -180, 212, -4, -68, 194, 114, 92, 112, 134, -96, -104, 210, 46, -86, 6, 18, 114, 6, -100, -138, -56, -24, 124, 34, 102, 14, -120, 50, -110, -46, -52, 276, 210, -36, 244, -6, 82, -112, -176, 162, -8, 138, 112, 92, -128, 78, 66, -54, -46, 76, 78, -60, 182, -66, -182, -216, 66, 36, 154, 252, 154, -278, -80, -100, -78, -62, 26, -2, 94, 30, -52, -82, -62, -116, 212, 12, 6, 108, 20, 124, 202, 170, 76, -6, 144, 24, -112, 292, 326, -176, -106, -200, 84, 130, -72, 88, 244, -12, 30, 136, -32, 320, 172, 94, 130, 168, 104, 86, -26, -134, -10, 224, -8, 224, 92, 28, -88, 184, 56, 196, 42, 4, 10, 152, 94, -90, 106, -196, -88, -30, 140, -86, 76, -88, 132, 82, 14, 218, 178, 44, 184, 128, 68, 114, 34, 30, 150, -194, 208, -36, -92, 60, 98, -30, 38, -162, 88, -18, -108, 196, 188, 50, -80, 298, -26, -102, -30, 50, -18, -20, 66, 256, 36, -120, -126, 52, -28, 182, 112, 240, -122, -38, 44, 14, -38, 42, -24, 74, -150, -80, 20, -18, -4, 112, 14, 86, -4, 62, -34, -160, 100, -106, -78, 92, -58, -2, 34, -36, 106, -92, 118, 74, -116, 132, -66, 316, -172, -14, -34, 76, 86, -276, 68, 86, -222, -28, 142, 220, -62, -84, 34, 96, -84, 204, -88, 72, -16, 28, -132, 170, 24, 238, -376, -10, -84, 16, -46, 220, -196, 10, 130, 86, 
-4, -12, 20, -120, -16, -2, 34, -184, -116, 204, 14, 30, -42, -106, -56, 20, 40, -100, 108, 68, 174, 132, -70, -278, -60, 44, 42, 50, 6, 48, -82, 34, -190, 50, 60, -26, -292, -262, 134, 46, 86, -52, 174, -44, -202, -20, -6, 384, 144, -52, -266, 132, -66, -170, -58, -50, -70, 44, 38, -4, -68, 48, 24, 244, -120, 122, -44, -338, 68, -124, -174, 48, -40, 118, -182, 60, 122, 260, 154, -18, -18, 76, 2, 130, -24, 52, -32, 228, 88, 34, 202, -58, 86, 8, -68, -158, -212, -136, -232, 206, -190, 82, -2, 18, -220, 34, -42, 72, 180, 228, -102, 168, 192, 176, 170, 242, 98, -22, -70, -88, 202, 190, 140, -154, 50, 32, 100, -66, -198, -36, -52, 112, -202, 96, 60, 102, 50, 136, -2, -298, 38, 2, 294, 150, -124, -60, 116, -246, 18, -74, 36, 70, 140, 190, -212, 32, 48, -166, 266, -18, -40, 82, -12, 64, 28, 34, 72, -34, 204, 8, 8, 66, -14, 32, 30, -102, 44, -54, -326, 90, 140, 94, -194, 220, 74, 84, 28, -192, 292, -136, 180, -4, 34, -42, 62, -70, -84, -38, -14, 172, -296, -94, -240, -124, -70, -116, -236, -108, -218, 90, -70, -96, 12, 126, -184, -120, 62, -104, -52, 142, -72, 30, -90, -122, -38, 164, -144, -86, -168, -108, -146, 76, -142, 70, -44, 14, -130, 112, -106, -16, 230, 32, 2, 174, 66, 132, 14, -8, 162, -66, 90, 214, 32, -84, 94, -70, 4, 56, -2, -74, 0, 2, -30, 6, -52, -108, 104, 190, 90, 80, 74, 170, 20, -28, -12, 22, 48, 22, -102, -40, -166, 194, -186, 40, -120, 144, 16, -132, 32, -124, -2, -50, 160, -166, 18, 338, 8, -106, 102, -24, -140, 124, 166, 96, 24, 98, -94, -32, -248, 108, 154, 134, -70, 228, -56, -56, 10, 232, 28, 170, 52, 284, -114, -4, -170, -274, -98, 64, -40, -30, 48, 86, 0, 6, -72, -98, -290, 80, 182, 96, -38, -40, 182, -150, -198, -126, 30, -82, -28, 142, -106, 24, -42, -140, 136, -58, 110, 302, 28, -106, -28, -168, -74, 106, 60, -26, -32, -96, -78, 114, 228, -52, 74, 156, 98, 12, 120, 84, -82, 206, 110, 116, -82, -56, 72, -206, -56, 2, -62, -90, -40, 98, -20, 0, -16, 366, -48, 6, 40, -154, -92, -46, -94, 80, 124, -168, 140, 20, 42, 24, 104, -482, 54, 78, 116, 148, -20, 218, -140, 48, -120, 124, 138, -78, 38, -44, -44, -210, 76, -68, -22, -118, 246, 262, 136, 52, 124, -126, 130, -60, -176, -50, -124, -56, 34, -16, -160, 118, -102, 70, 134, -86, 114, 14, -62, -10, 0, -76, -100, -14, 94, -8, -32, -216, -108, 140, -40, -76, 92, 168, 24, 106, -48, 62, 18, 26, -40, 124, 150, -264, -24, -148, 98, 106, 168, 32, 102, 70, -50, -12, 192, 190, 182, -118, 100, -276, 200, 20, -196, 106, 
122, 46, 2, 76, -138, -36, -46, -60, 68, 114, -100, -82, -132, 38, 198, -70, 82, 150, 134, -12, -12, -152, 144, 168, 30, 248, 210, 10, 40, 84, 56, -14, 118, -88, 76, 196, 262, 80, -56, 2, 174, 94, 40, -46, 182, -14, 82, -12, -18, -46, 336, -126, 56, 90, 130, 30, 192, 72, 36, 62, 126, -62, -50, -58, 92, -4, 56, 306, 18, 2, 194, -156, 42, 32, 120, -36, -6, -42, -2, 358, 156, 4, 0, 176, -96, -36, 144, -104, -22, -94, -170, 68, -68, -28, 230, 102, 192, 106, 182, 134, 72, 16, 24, -184, 176, -56, -80, -30, -208, -226, 62, -38, -264, -128, -128, -182, -24, 28, 110, 102, -112, -20, 48, 130, 120, 108, -18, 134, 92, 60, -52, 2, 252, -100, -124, -50, 86, -34, 76, 456, -100, -142, -144, -154, 274, -18, -152, 322, 2, -18, 46, 100, 14, -116, 94, 182, 16, -16, -354, -20, 96, -2, 4, -68, -88, 18, 8, 76, 150, 18, 38, -76, 116, -84, 56, 78, -246, 22, 86, 194, 8, -72, 192, -274, -8, 54, 32, 36, -278, 196, -4, 106, -64, 54, -46, 28, 106, 114, 146, -276, 230, 74, 244, 232, 154, 208, 84, 94, 76, -144, 212, 14, 82, -136, 154, 128, 14, 34, 54, -12, 48, -58, -20, 30, 146, -52, 160, 286, 300, -64, 174, -144, -72, -98, 26, -180, 144, -192, 202, -32, -112, -108, 56, 58, -122, -152, -108, -148, -42, 86, 56, -262, -160, 38, 70, 110, 184, 16, 70, 14, -6, 6, 124, 54, 118, -46, -88, -176, -162, -86, -146, -46, -84, 100, -16, -66, -74, -8, -6, -104, 382, -24, 224, -138, 164, -186, 202, 4, 22, 28, 80, 44, -82, 110, -20, -52, -120, 162, 28, -4, 414, 2, 22, 8, -118, -92, 62, 106, 408, 16, -206, -100, 92, -196, 60, 20, 30, -200, 116, -170, -28, 34, -52, 44, -48, 50, -62, -194, -74, 204, -128, -130, -54, -36, 46, 204, 258, -112, -12, 2, 76, 138, 192, -182, -26, 284, -44, 40, 128, -184, 12, 238, 26, 78, -148, -54, 110, -178, -136, -34, 10, 202, 328, -68, 40, 66, -36, 62, -210, 138, -194, 186, 36, -182, -194, 72, 28, 28, -112, -202, 44, -222, 122, 18, -200, 66, -50, 106, 32, 78, 122, 14, 226, 168, -42, -72, 88, 136, -42, 76, 2, 272, 160, -56, -68, 236, -8, 16, 6, 36, -182, 188, 32, 156, -54, -2, -60, -172, 30, 8, 278, -52, 116, 28, -106, 102, -42, 294, -164, -64, 56, 102, 40, -90, -152, 42, -98, 286, -48, -50, 66, -174, 202, 110, 46, 68, 72, 18, 168, -10, -30, 86, -368, -40, 198, -62, -106, 192, 130, -94, 2, 116, 102, 86, 228, -4, 156, 34, -34, -250, -168, -164, 306, 96, 36, -32, 160, -104, -236, 234, 50, -78, -120, -22, -262, 58, 18, -172, 42, 40, 38, -236, -122, 44, 66, 312, -54, 40, 246, 88, 
-18, 30, 112, -12, 94, -36, -76, 70, 146, -38, 98, 16, 0, -42, -108, 60, -36, -96, 48, 162, 98, 220, 128, -112, 240, -220, -66, -100, 36, -234, 28, 4, 70, 68, -2, -218, -226, -40, 26, 42, 34, 78, 246, -34, -110, 34, -156, 54, 38, 148, -60, 126, 18, -124, 36, -80, -374, 18, -70, 28, -170, 118, 66, -16, 134, 106, -28, -376, 28, -8, -138, 220, -68, 168, -102, 98, 22, -64, -4, -190, -136, 154, 124, -240, 30, 38, -90, 170, 30, 80, 212, -104, -2, 138, 62, -146, -80, -34, -98, 98, -120, 192, 184, 264, -246, 284, 80, 62, 126, 234, 126, 118, 324, 124, 158, 38, 32, -78, -124, 78, 114, 8, -168, 52, 0, 74, -62, -118, -2, -32, 64, 52, -300, 28, 32, 100, -98, 36, -66, -254, -2, 144, 254, 72, -66, 204, 150, -240, 16, 122, 142, -4, 194, 154, -96, 102, 14, -38, 12, -8, 20, -16, 44, -94, -6, 130, -22, -102, -132, 26, -40, 78, -244, 90, 32, -308, 212, 60, -2, -12, -122, 222, -166, 158, -30, 24, -42, -112, 272, -88, -54, -116, 60, 102, 80, 138, -162, -78, -168, 112, -80, 4, 28, 28, -36, -60, -78, 114, 100, 264, -78, -102, 56, 270, -64, 64, 102, -80, -132, 50, 48, 114, 14, 134, -48, 64, 2, -180, 28, 34, -104, 198, 148, 34, 74, 260, -48, 202, -70, 206, 126, -140, -38, -206, 94, -26, 28, 160, 14, -184, -76, 222, -18, 86, 110, -74, -48, 66, -16, -68, 82, -36, -152, 34, 66, 332, 38, -108, 30, 0, 90, 130, 28, -82, 80, -94, 36, 56, -136, 110, -110, -208, -156, -116, -102, 208, -54, 46, -16, -44, 330, 4, 86, -66, 42, -68, 94, -16, 146, 178, -202, 112, 108, 104, -46, 300, -56, 72, -226, -6, 178, 174, -74, 320, 110, -4, -158, 342, -142, 158, 116, 122, -22, 88, 120, 32, 72, 124, 46, -278, -36, 302, 230, 126, 134, -44, -274, 36, -62, 146, -18, -10, 48, 36, 30, -90, 208, -30, -70, 192, -80, -148, 4, -54, 18, 50, 38, 68, 34, -52, 100, -72, -250, 126, -102, 14, 92, -108, 92, 80, 40, -138, 36, 110, 348, -118, -52, -100, 92, 216, -52, 146, 20, 98, -8, 56, -56, 42, -72, 136, 118, 4, -226, 44, -22, 50, 148, 22, -10, 124, 234, 14, -36, 152, 42, -48, -28, -62, 54, -160, -38, 76, -38, 0, 20, -214, 82, 52, 154, -12, -188, 24, -72, 62, 156, -206, 124, -238, 24, 112, -38, 10, -10, 216, 6, 6, 22, -28, -54, 118, -46, 98, -50, -184, 174, -108, -18, 80, -12, 16, 82, 18, 382, 240, -88, 80, 20, -92, 6, -18, -2, -116, 106, -98, -112, -132, 96, 66, 6, 164, 226, 188, -88, 46, -68, 66, -16, -84, 102, 12, 54, 20, 162, -64, 282, 6, 54, 96, -264, -90, 92, 260, 272, 86, -26, -252, 58, -60, -24, -142, 
42, -118, -70, -122, -64, -250, 84, 24, 2, 134, -40, -28, -20, -2, 208, -156, 228, 62, -152, -90, 76, -60, -144, 58, -208, 194, 22, -44, 54, 334, 12, 10, 228, -104, -106, 268, 100, -134, 40, 70, -92, 22, -82, 70, 66, 56, 24, -56, -50, -224, -36, -82, 34, 100, -48, 198, 26, 158, 234, -74, 126, 42, 44, 104, -272, -46, 8, 116, 234, 52, 232, -160, 34, 38, 24, -20, -60, 158, 100, 190, 120, -78, 62, -40, 98, 4, 180, -174, 118, 72, -82, 96, 20, 22, 70, 188, 138, 0, 60, -24, 32, -168, -244, -202, 224, -260, -122, -78, -108, -70, -130, -110, -178, -150, -222, 14, 38, 206, 122, 28, 60, -42, 220, -14, 196, 78, -158, 130, 240, -132, -42, 34, 162, -170, 60, -10, 74, 84, 84, 218, 230, -8, -98, -74, -126, -14, -74, 116, -52, -64, -50, 36, -72, -194, 90, -188, 12, -36, 128, -58, -32, -40, -26, 58, 22, 132, 16, 100, 360, 58, 108, 270, 150, 68, -250, 102, -14, -30, 2, 104, 188, 20, 278, -134, 186, 78, -16, 40, -148, -44, 36, 108, 148, 54, -226, -182, 198, 86, 2, -6, 352, 2, 174, -6, -122, -26, 142, -32, -186, -6, 62, 228, -116, -212, 46, 30, -78, 84, 136, 60, 134, -20, -40, -94, 80, -48, 116, 308, 116, -52, 154, -158, -84, -40, -76, 12, 6, -164, 22, -232, -88, 236, -108, 250, 64, -140, 46, -136, -26, 30, 100, -40, -30, -168, -152, 232, -24, 40, 38, 8, -130, -42, 34, 10, 58, -46, -8, 30, -126, 84, 18, -268, 104, 234, 82, 70, 66, -170, 118, -40, 62, 8, 64, 8, 32, -2, 66, 74, 140, 272, -240, 90, -26, -32, -32, 20, -128, -14, -170, -178, 146, -170, 16, -48, 14, -230, 160, 78, 124, 2, -150, -24, 108, -2, -40, 36, 46, -88, 94, 28, -92, 72, -14, 118, -232, -218, 4, -40, -92, 130, 36, -50, -192, 82, -128, 138, 154, 52, -2, 68, -70, 46, -106, 56, 18, -50, -152, 74, 20, 74, 118, 48, -48, -72, 24, -168, -182, -84, -194, 130, -204, 64, 256, -102, 136, 98, -118, 16, 64, 48, -60, 144, 174, 56, -232, 42, -128, -48, -34, -226, 160, 60, 102, -64, 122, 34, 104, 44, 182, -190, -30, 180, 98, 8, -64, -202, -206, 0, 110, -28, -38, -66, -8, -174, 28, 70, 206, 48, -66, 0, 44, -32, -198, -232, 62, 10, 4, 266, -76, 168, 296, -72, 54, -14, -78, 220, -126, 218, 4, -94, 310, 120, 8, -170, 54, 92, 170, 122, 58, -124, 48, 104, -28, 6, -54, 26, 86, -162, 120, 234, -174, -184, -340, -124, 74, 34, -32, 208, 180, -94, -170, 134, 10, 164, 222, 234, -152, -110, 16, -44, -104, -14, 124, -26, -46, 46, -40, 112, 16, 66, -196, 104, 72, 156, -248, 26, -22, -274, 18, -28, -160, -96, -184, 164, 172, 76, 8, 134, 132, 44, 
36, 158, -92, 78, 226, 250, -72, -84, -86, -166, 118, -18, 104, -114, -222, -16, -80, -6, 16, 88, 90, -28, -26, -74, 326, -48, 126, 206, 10, -178, 156, 162, -20, 136, 24, -254, 140, -20, -48, 216, 102, -10, 58, -22, -140, -20, -38, 98, 128, 118, 178, 8, 10, 18, 8, 22, 2, -28, -252, 166, -208, 68, 46, -212, 158, 4, 70, -8, -118, 32, -128, 84, 48, 12, 4, -66, 80, -126, -58, -94, 52, 142, 78, -146, 100, 32, 2, 118, 14, 20, 44, -24, 26, -60, -66, -42, -112, -66, -142, 134, -138, 198, 302, 176, -206, 218, 92, 20, 22, 122, 124, 274, 284, 234, 246, 60, 6, -80, -206, -2, -58, -110, 40, -78, -156, -134, 126, -32, -38, 112, 4, -94, -246, -8, -114, 20, 154, -70, -54, 12, -164, -12, 194, 234, 38, 4, 4, 30, 8, 148, 116, -6, 28, 246, -142, 82, -36, 108, -58, 20, 166, 38, -44, 68, -120, -68, 118, -118, -90, 24, 146, -184, -364, -46, 270, -64, 142, 202, 58, 48, -148, 64, -208, 68, -102, 68, 54, -22, -40, 256, 48, -52, 22, 10, 270, 260, -102, -48, -144, 42, -270, 14, 92, 190, 216, 52, 0, 136, 172, 78, 14, 8, 272, 166, 66, 32, -42, -44, -152, -36, -50, -186, 98, 76, -192, -20, -14, -120, -58, -172, 6, 346, 142, 2, 28, 76, 170, 72, 66, 68, 14, -32, 172, -104, 184, 4, 58, 38, -158, 150, 158, -38, -116, 0, 88, 2, 162, -12, 100, -38, 38, -98, 34, 20, 74, 66, 18, -106, 206, 108, -64, 274, -174, 6, 10, -80, 232, 238, 10, 118, -52, -82, -50, 246, 88, 128, 88, -126, -192, -116, 208, -30, 120, 62, 150, 164, 170, 134, 152, 304, -96, 162, 146, 176, -52, 178, 38, 60, -42, 50, 200, 304, -122, -48, 10, 70, 48, 210, -98, -74, 44, 180, -40, -168, 132, 218, 158, 144, 276, -136, 108, -66, 216, 60, 172, -188, -164, 78, -134, 6, 68, 76, -4, 44, 52, 172, 162, -52, 112, 86, 94, -60, -16, 14, 206, 98, 64, 90, 200, -90, 160, -80, 66, -28, 90, -114, 76, 114, 154, -96, -82, -246, -32, -30, 176, -46, 190, -48, 184, 158, -14, -26, 62, -10, -66, 46, -64, -28, -116, 168, 24, -70, -2, 118, 12, 64, 236, -148, -28, 210, 208, -52, -68, 250, -34, 110, -268, -126, -90, -70, 70, 44, 162, 164, -172, 240, 4, -146, 162, -278, -26, 170, 96, 70, 202, -62, -140, -228, -14, -38, -38, 64, -96, -48, -14, 64, -152, 126, 140, 138, -18, 14, 26, -108, 52, 196, -118, 236, -102, -36, 244, 82, 250, 6, -238, -4, 146, -194, 86, 104, 114, 116, 50, -164, -162, -152, 14, -32, 148, 88, 48, -52, -82, -28, 116, 132, 44, 46, 90, 8, 88, -22, -38, -24, 106, -94, 164, 212, 86, 236, 130, 214, 72, -18, -24, 56, -48, 42, -144, 112, 
62, -22, 62, -22, -68, -224, 116, 82, 202, 10, -214, 68, -48, 148, 58, 126, 114, 76, -4, 50, 164, 144, -58, -18, -6, 86, -134, 58, 14, 86, -54, -220, -10, -88, -156, 250, 32, -68, -38, 16, -74, -138, -122, -54, 46, 66, 208, -34, -136, 56, -130, 62, -76, -6, 88, 0, 232, -76, 262, -146, 320, 100, -24, 214, -218, -32, -110, -142, 46, -8, 56, -128, 24, 182, 112, 134, -80, 256, 58, -98, -74, -64, -2, 136, -146, -106, 32, -90, -42, -86, 118, -112, 50, 40, -130, 84, 40, -16, 4, -50, 104, -42, -110, -96, 214, -98, -26, -48, 66, -98, -28, -64, -278, -48, -326, -170, 50, 144, 188, 2, 4, 182, -76, 36, 100, 118, -132, 92, 88, -4, 128, -8, 78, -88, 92, -124, 22, -196, 68, 162, 138, 86, -100, -202, 248, 16, 8, 154, -56, -72, 64, 158, 40, -132, -10, 68, -46, 34, 64, 146, -42, 64, 134, -286, -20, 32, 62, -58, 10, 148, -282, 236, 378, 74, -346, -12, -68, -58, 84, -58, 236, 196, 50, -120, 76, 0, -158, 0, 56, -76, -168, 86, 108, -14, -136, -196, 106, -112, 152, 36, 130, -122, -48, -16, -134, 22, 204, -44, -76, 40, -54, -86, -90, -138, -6, -94, 56, 30, 64, 276, 34, 56, -56, -96, 264, 2, 96, 140, 96, -30, -26, -262, -62, 12, -18, 30, -46, -42, 80, -24, 148, 38, 42, 44, -120, 36, 30, 116, 152, -42, -112, 110, 0, -84, -136, 124, -252, 44, -50, 120, -38, -62, -62, 16, -48, -120, -44, 282, 18, 32, 76, -286, 104, 26, 58, 196, -120, -64, -54, -58, -30, 252, 156, 42, -14, -4, 46, 106, -38, 148, 88, -168, -24, -62, -224, -90, 28, -278, -130, -150, 184, -178, 152, 64, -26, -160, -38, -82, -224, -192, 16, -54, 38, -6, 146, -36, -92, -230, -74, 40, -74, -30, 32, 200, -108, 38, -22, 70, -44, 194, -124, -40, -192, -104, 70, -14, 52, 118, 118, 54, -30, -36, -128, -100, -14, -106, -124, 194, -72, -80, -194, 58, -30, 220, -102, 124, -66, -148, -320, 170, -78, 136, -52, -90, -120, 72, -62, 58, -126, 98, 2, 192, 56, 2, -40, 74, -34, -36, -76, -78, -20, 98, 112, 208, 164, -58, 28, 60, -8, -44, 108, 80, -106, 218, 66, -38, -122, 48, -8, -40, -84, 74, 108, -114, -12, -106, 242, 18, -42, 10, 16, -18, -44, -22, 84, -128, 58, 200, -28, 182, -8, -86, -62, -52, -64, 12, 18, 252, -210, 72, 0, -112, 234, -56, 6, 16, -44, -94, -30, -66, 10, 240, 186, 148, 80, -38, 26, -192, -40, 44, -160, -26, 34, 20, 150, 30, -176, 288, -76, -84, 98, 110, 116, 284, 136, 64, 84, 150, 126, 48, 10, 172, -38, 32, -48, -190, -88, 34, -154, 56, 32, 146, 32, -36, -174, -34, -86, -242, 68, -78, -28, -280, 60, 104, 150, 122, 18, 60, 212, 124, 
112, 88, 102, -16, 72, 268, 88, -54, -148, 32, 218, -20, 60, 28, -84, -148, -34, 112, 178, -198, -54, 46, 168, 14, 126, -76, 178, 78, -60, -20, -66, 98, -38, 194, 70, -188, 40, -128, 6, -116, 160, 324, 158, -14, 156, 16, 64, 60, 16, -88, 178, -126, 50, 2, 58, 34, -100, 78, -110, 98, -296, -26, 46, -88, 168, 40, -10, 234, -38, -114, 22, 94, 10, 104, -112, 6, 90, -120, -180, -144, -70, 100, -6, 78, 168, 4, 240, 22, 44, 168, -196, -86, -28, -104, 10, -66, -82, 150, 56, -114, -52, -20, 108, -62, -64, 96, 130, -72, -52, 68, -156, 180, 122, 256, 252, 216, 80, 18, -86, -108, -18, 112, 62, 56, -86, 28, 56, 2, 46, 14, 42, 274, -10, 120, 62, 12, 86, 60, -26, 106, -156, -16, 170, 36, -72, 50, 46, 72, 146, -126, -20, -130, 140, 244, 84, -80, -88, 142, -116, -84, 260, 84, -218, 346, -64, 94, -170, 112, -146, -214, 230, -220, -80, 16, 80, -16, 64, -6, 118, 190, -142, -168, -158, 196, -42, -144, 120, 168, -12, 36, 132, -86, -84, -88, 136, 140, -68, 248, -42, 38, -46, -22, 42, -206, 4, -50, -248, -194, -52, 58, 218, 36, 282, 190, 10, -8, -2, 252, -48, -32, -10, -156, 78, 214, -10, -204, -88, 6, -76, 112, -144, 180, 10, -2, 104, -138, -38, -36, -4, 74, -196, 26, -10, -52, 26, 194, 40, -62, -112, 114, 112, -104, -28, 64, 148, -216, 242, 64, 32, -72, -86, 120, 100, 28, 92, -36, 30, -132, 190, 230, 32, 100, 52, -36, -40, -322, 46, 102, 98, 80, 86, -50, -104, -220, -140, 14, 58, -24, 132, -130, -88, 148, 50, 6, 182, 166, 64, 266, 146, 196, -56, 58, -86, 68, 4, 160, 70, 168, 108, 56, -106, 160, 34, -78, -58, -156, -14, 138, 134, 104, -42, -96, 80, 14, -32, 64, 122, 56, 2, -144, 118, 34, 244, -28, -56, 64, -10, -186, 120, 128, 78, -14, 178, -4, 70, -20, 84, -222, 26, 164, 118, -34, 120, -150, 68, 110, 158, 144, 214, 30, 24, -162, 114, 114, 196, -30, 64, -90, 70, -78, -120, -8, -154, 6, 8, -32, 74, 206, 94, 134, 266, 52, -68, -94, -246, 48, -16, -14, 62, 190, 48, -46, 80, 20, -82, 6, -56, -18, 62, -42, -72, 76, -190, 32, 62, 150, -142, 96, -10, -30, 8, 172, -16, 20, -34, 84, 150, -174, 0, -106, 76, 94, -24, 184, 20, 194, 12, -230, 126, 142, 100, -2, -154, 116, 34, 36, -32, 20, -14, 222, 180, -288, 138, 64, 54, 42, 104, 222, 120, -194, 40, -18, 156, 66, -216, -30, 94, -270, 222, 18, -4, -176, -168, -264, -28, 200, -114, 24, -22, -32, 60, -142, 32, 88, 224, 82, 78, -158, 134, 52, 62, -126, -170, -62, 218, 130, -78, 146, -80, 170, -22, 230, 14, -42, 92, -154, -14, 98, -162, 42, 
-62, 8, -40, 30, -4, -30, 118, 214, 230, -98, -108, 158, -104, 154, 92, 82, 352, -56, -212, 202, 162, 106, -20, 132, 24, 90, -132, -78, 34, 38, 24, -92, 70, -158, -20, 152, 38, 94, 266, 138, -64, -62, 82, -186, -80, 28, -2, 72, 70, 34, -108, 18, 60, 98, -102, -72, 168, 2, 206, -126, 162, -12, -50, 10, -122, -12, -50, -136, 314, -90, -16, 48, 40, -74, 92, 74, -256, 210, 190, 80, 40, 32, 42, -94, -138, -136, -220, 86, 86, -274, 60, -72, -234, 158, 2, 140, -140, -90, 88, 6, 72, -6, -204, 100, 132, 14, -108, -152, 74, 58, 250, -202, 10, -258, 10, -194, -260, 52, -40, 8, -66, 94, -114, -40, -14, 66, -164, -36, -114, 28, 110, -288, 160, 68, -128, 24, 136, -40, 68, 2, 146, 260, -102, -90, -52, 50, -90, -192, -230, 122, -92, -2, -138, -148, 104, 142, 14, -80, 12, -52, -88, 62, -8, -254, 84, -18, 62, -208, -10, 44, -240, 172, -82, 2, 120, 176, -76, 190, 64, -144, 144, 36, 32, -64, 74, 86, -78, 66, 38, -136, -8, 130, 50, -16, -266, -230, 42, -70, 156, -70, 104, 88, -8, 256, 116, -50, 222, 70, 108, 54, -26, 114, 76, -72, 74, 160, -124, 120, 42, 60, 54, 136, -90, -58, 150, 386, 242, 74, -194, -76, 62, -32, 54, 128, -18, -12, -12, 136, 6, 64, 130, 306, 166, 172, -36, -110, -30, -16, 96, 26, -162, 182, 218, -144, -146, -14, -328, 70, 76, 94, -178, -72, 42, 12, 158, 16, 16, 4, -30, 2, 56, -28, 74, 154, 194, 306, -28, -16, -44, -88, -84, 144, 36, 74, 128, 28, -8, 6, 4, 4, -26, -82, -144, -20, -40, -58, -166, -76, -36, -106, 238, 34, 58, -46, 16, -114, -90, -256, 46, -40, -14, -6, 230, -48, 248, 38, -38, -178, -140, 140, 94, 36, -140, 34, 146, -56, -148, -154, 212, 276, 72, 68, -250, 130, 144, -66, 98, 138, 58, -100, -72, 112, -108, -56, -192, 62, -16, -136, 10, -122, -200, 128, -102, 28, 14, 108, 26, -62, -234, -64, -48, 78, -134, -100, -128, 20, 104, -136, -30, 14, 198, 48, 174, -284, -140, 2, 182, -218, -110, -120, -128, -46, 52, 6, 264, -68, 238, 142, 232, -230, 258, 150, -76, 74, -74, 8, -156, 114, -160, 114, 80, 26, 152, 76, 46, 20, 178, 100, 142, 18, 98, -68, 42, -74, 192, 82, -70, 368, 112, 64, -4, -152, -32, 0, -42, -142, -150, 76, -62, -152, 86, -34, 58, -20, -142, -216, 30, 62, 200, -272, -74, 52, -74, 134, 160, -116, 22, -2, 126, 228, 22, 60, -130, 98, 144, 8, 110, 232, -154, 82, -22, 14, 26, 178, -282, 68, 90, -158, 26, 288, 60, 82, 128, -192, -236, 122, 74, 206, -80, 218, -12, 34, 248, 24, -38, -104, 160, -56, 12, -188, 124, -218, -228, 256, -8, 116, -24, -92, 54, 48, 
210, 156, 92, 74, 80, -6, -130, -228, -42, 106, 180, -186, 196, -32, 0, 4, -156, 98, 238, -220, -156, 64, 26, -6, -76, -52, 44, 200, -68, 6, 192, 84, 24, 148, -170, -160, -96, -328, -182, -68, 80, 12, -126, 84, 164, -106, -26, -80, 12, 8, 146, 108, -76, -108, 250, 24, -14, -40, -44, 124, -176, 104, 0, 32, 42, -98, 300, 62, -38, -122, 22, 66, -152, 76, -40, -10, 174, -116, 34, 26, 168, 14, -116, 70, 74, 116, 292, -4, -30, 208, -90, 106, 206, -204, 46, -38, 104, 52, -14, -24, 62, 38, 260, 58, 192, -6, 44, 134, -60, -64, -226, 222, 178, 114, -26, 226, 306, 158, -100, 50, -72, -96, 128, 66, 66, -180, -6, 86, -96, 2, -58, -4, -40, -154, 74, -22, -190, 168, 216, -88, -66, -122, 234, 200, -18, -22, 90, 216, 196, -46, -6, -96, 144, 2, -190, -156, 104, -18, 48, 42, 174, -56, 72, 18, -28, 114, -2, 284, -102, 32, 274, 40, 176, 156, -122, -72, 102, -240, 90, 100, -78, -102, 118, 28, 78, 36, 270, 22, 76, 168, 88, -150, 240, 62, 266, 182, -136, 274, -298, 236, 30, -48, -142, 40, -164, 94, -124, 66, -94, 8, -92, -182, 54, 168, 64, -48, 144, -132, 16, -50, -32, 48, 16, -52, -158, -144, -136, -68, 60, 246, 54, 72, -2, 20, -94, 140, -86, -60, 150, -32, -50, -190, -30, -92, 194, 158, 4, -78, -100, 100, 194, -158, -132, 298, 224, 130, 130, -76, 0, 124, 242, -86, -4, -54, 30, 166, -44, -146, 0, 148, 132, 44, -60, -176, -128, -304, 12, 48, 88, 94, -40, -234, 90, 98, -6, -116, -48, 18, -16, -48, 104, -48, 318, 6, -32, 62, 176, -4, 54, 112, -354, -250, -20, -130, -6, 214, 18, -80, 20, -90, 130, -6, -66, -50, -250, 10, 44, 108, 220, -10, -78, 18, 206, 90, 16, 58, 156, 240, -10, -120, -70, 0, 204, 142, -50, 76, -212, -6, -8, 178, 138, -24, -6, -34, 194, 42, -198, 232, -120, 168, 202, 180, 96, 64, 44, -42, -186, 114, 120, -56, 60, 60, 2, 166, -42, 102, -76, 206, 142, 14, -358, -54, -238, 80, 32, 72, -2, 140, -22, 158, 340, 136, -34, -48, -68, 206, -252, -38, -148, 30, -158, 72, 200, -18, 96, -26, 40, -112, 242, -170, -132, 132, -48, 144, -186, -150, 80, 14, -184, -156, -96, 8, 70, 16, -30, -90, -88, -236, -70, -64, 138, 30, -122, 90, -8, 90, 218, -170, 96, -6, 62, 4, 210, 0, 88, 14, 40, 118, -96, 72, 242, 104, -20, -6, -120, 28, -48, -8, -102, -78, -206, -56, 200, 24, -86, 94, -50, -112, 196, 28, 14, -64, -124, -256, 212, -90, -100, 180, -20, -98, -64, 94, 92, 144, 148, 26, -178, 26, 108, -150, -96, -18, -246, -154, 68, -10, -84, 96, -202, 150, -2, 32, 100, -86, 90, 2, -4, -16, -70, -72, 
-24, -278, -162, -12, -36, 36, 170, 108, 26, -28, 124, 230, 32, 208, 56, -68, 52, -70, 4, 272, 0, -202, -198, 2, -104, -16, -84, -302, 134, 226, -60, -18, 12, -116, -64, 130, 40, 188, 114, 240, -244, -44, 176, -30, -12, 98, -60, 8, -46, -18, 34, -54, -18, -2, 32, 96, 110, 84, 148, 194, 136, -164, 128, -46, -186, 180, -174, -218, 42, 276, -30, 20, -32, -46, -4, -58, -98, 122, 74, -56, -94, 2, 72, -50, -208, -110, -96, 132, 88, -90, 264, 42, -92, 128, -138, 18, -52, -18, 160, 0, 182, -118, -200, -60, -44, -52, 130, -212, 226, 144, 116, -24, -158, -132, 0, -206, -306, -94, -12, -132, 48, 150, 42, -116, -2, 180, 118, 92, 88, 156, -18, 78, 48, 282, 64, -118, 28, -76, -148, 140, -240, 188, 20, -208, 32, 2, 98, -226, -106, 154, 34, -26, -88, 100, 84, 158, 4, 80, 34, -34, -38, -70, -10, 62, 98, -70, -108, -184, 120, -60, -16, 76, -270, -124, 166, 212, -58, 162, -70, -60, 154, 40, 46, -194, -40, 136, -110, 34, 74, -76, -28, 116, 2, 50, 22, -220, 242, -226, 208, -46, 8, 90, 298, -46, 206, -254, 324, 166, 154, 66, -90, 206, -6, -44, -44, -60, -44, 156, 198, 100, 178, 16, 60, -102, 136, 66, 56, 82, 78, -206, 70, -66, 66, -10, 216, -84, 142, 26, -58, 182, -26, 310, 8, 134, -226, -52, 72, -10, 10, -80, -214, 172, 12, -136, -88, -18, -178, 84, -80, -112, -30, 6, 136, -98, 12, 24, 86, 106, -58, -46, 40, 98, 86, 178, 38, 296, 42, -26, 48, -106, -70, 238, 98, 148, 30, 18, 46, 2, 208, 190, 14, -52, -148, 204, 28, -80, -278, -52, 166, 230, 376, 214, -18, -80, 62, -84, 80, -40, 72, -16, -94, 116, -44, 6, 320, 272, -44, -146, -40, 86, 192, -22, -216, -124, -164, -38, -86, 72, -46, 58, -118, 108, -214, -42, -76, -138, 246, 0, 194, -218, -98, 96, 92, 92, -134, -130, 72, -166, 46, -106, -230, -136, 142, 70, 6, 128, 104, -36, -132, 100, 12, -90, 76, -158, 48, 24, -82, -104, -8, -90, 132, 62, 266, -74, 64, 62, 74, -126, 100, -130, -100, -6, -96, 132, 124, -132, 214, 128, 96, 94, 208, 2, -42, 30, 42, 26, -36, 132, 44, 282, 44, -38, 146, -10, 86, 22, -72, -52, 202, 128, 220, 104, -274, 82, 168, 180, -40, 240, 192, 92, 62, 148, -58, 90, 140, -112, -54, 114, -72, -106, -80, 176, -218, 62, 20, 84, 26, -84, 138, -154, -224, -22, -86, 142, 252, 68, 184, -76, 128, 36, 10, 112, -158, 110, 44, -106, -10, 230, -16, -204, -202, 74, 194, 148, 14, 94, 52, -214, -8, 104, 62, -86, 142, 120, -82, 104, 214, 36, -196, -16, 96, 78, 432, 242, 148, -32, 158, 10, 80, 30, -76, -238, -114, 4, -76, 100, -158, -56, 102, 40, 
38, 344, 70, 144, -114, 104, -44, -220, -86, 116, 40, -156, -44, -224, 48, 94, 90, 156, -72, -220, -10, 272, 80, -46, 64, 116, 30, 200, -12, -108, 4, 0, -140, 76, 112, -154, 26, 36, -88, -152, 264, 352, 46, 98, -94, 160, 70, 10, -130, -156, -86, 14, 54, 44, 76, -142, 58, 34, -36, -34, -6, 148, -110, -6, 248, -204, 136, 146, -60, -200, 82, 60, 124, 60, -56, 40, -64, -62, 100, -112, -24, 24, -40, 50, 200, -110, 20, -66, 14, -20, 70, 2, 184, -78, 242, 20, 42, -74, -162, -34, -38, -82, 216, -20, 140, -34, 20, 196, 34, -162, 8, 138, 230, 36, 4, 144, 246, 144, 168, 104, -178, 66, 30, 8, 204, -2, 46, -74, 68, -104, -132, -150, -6, -270, 34, -10, 110, -56, 124, -48, 146, -88, -168, 316, 192, -138, -56, 214, 148, 126, 42, 104, 296, -32, -108, -344, 162, 188, 0, -72, 222, 48, 114, 198, -184, -152, 78, 190, -106, 56, -2, -44, 92, 88, -82, -76, 6, -128, 124, 122, -50, -74, 348, 116, 26, 28, 54, 20, 84, 226, 72, -140, 24, -62, 30, 164, -26, 192, -182, -58, 72, 112, -290, 54, -40, 204, -138, -112, -24, 44, -2, -206, 82, 176, 190, 192, 102, -170, 128, 18, 16, 44, -62, 214, -256, 146, -186, -50, 8, -32, -16, 108, -36, 66, -156, 128, 28, -58, -34, -46, -124, -90, 40, 58, 184, 72, -132, -36, 90, 204, 224, 48, 0, 58, 154, 70, 80, 22, 40, 58, -118, 26, -162, 144, 28, 96, -186, -10, -112, 130, -108, -58, -68, 74, -116, -256, -174, 104, -68, 6, 96, -326, 42, -212, -38, 236, 8, -26, -140, 28, 4, -26, 418, 110, 102, 122, 176, 36, -68, -98, -38, -236, 114, 260, -130, 182, -174, 184, 78, -34, 68, -14, 54, -30, -288, -212, 74, 206, -54, 104, -120, -12, 306, 362, -142, 44, 122, 104, 138, 110, 202, 134, 152, 24, 62, 222, -76, -150, -252, 256, 140, -48, -204, 10, 200, 92, -40, 156, -208, 126, 100, 128, -170, -80, 8, -52, 38, 130, 86, 24, 120, 20, 104, 80, -66, -2, 102, 104, -34, 48, 18, 158, -46, 164, 76, 28, -160, 132, 46, 80, -16, 210, 140, -170, -90, 92, -168, -198, 6, 26, -172, -28, 38, 86, -54, -82, 40, 138, -38, -212, 14, 52, -36, -70, -104, 64, 22, -116, -126, -248, 54, 94, -6, -138, -148, -46, -64, -288, -154, -138, -220, -12, 218, 66, 76, 146, -26, -28, 44, 214, 140, -160, 190, 26, 134, 182, 0, 140, -2, 42, 144, 30, 246, -174, -248, 88, -154, -10, -174, 164, 16, 170, 334, -108, -148, -50, -10, -120, -82, 110, 140, 26, -190, -140, 206, 76, 182, 242, -36, -46, -156, 86, -2, 100, -138, -36, 28, -72, -32, 110, -66, -148, -138, -456, -106, 12, 42, -146, -50, 98, 10, 104, 122, -46, 338, 6, 6, 84, -2, -2, 
6, -150, 22, -122, -108, 122, 4, 16, -84, -194, 182, -196, 46, 188, 54, 146, -54, 174, 86, 354, 114, -82, -76, 156, -96, 106, -116, -216, -184, -118, 6, -160, 154, -84, 90, 76, 208, 166, 72, -22, -184, -278, -124, -268, -22, -110, -158, 126, -38, 90, 106, 128, -8, 2, -70, 158, -54, 140, 80, 90, -138, 90, 214, 218, -124, 226, -30, -130, -52, 48, -84, -118, 166, 52, -170, 126, 126, 250, -30, -18, -54, 50, 234, 4, -50, 30, 176, 34, 76, 20, -14, 36, -210, 284, 70, 10, 96, -64, 72, 74, 42, -4, -146, 0, -108, -68, 46, -116, -110, 62, 168, 46, -96, 146, -46, -248, -120, -130, -122, -82, 296, 156, 158, 174, -60, 70, 72, 150, -204, 126, 80, 94, 230, 102, 28, -32, -36, 58, -198, 0, -48, -150, 18, -44, 38, 46, -82, -14, 204, -28, 32, -16, -130, 30, 100, 136, 102, -84, 164, 70, -68, -158, -8, -190, 208, 44, 12, -102, 224, -2, -26, -110, 100, 54, 104, 26, -40, 46, -88, -150, 230, 180, -146, 18, 0, 52, 220, 72, -8, 80, 28, 30, 22, -98, 184, 46, 4, -86, 198, 194, 40, 30, 246, -20, 148, -230, 106, 16, 184, 120, 136, 106, -16, -64, -86, -182, 86, 200, -144, -76, 60, -124, 128, -208, 6, -172, 160, 66, 182, -24, -134, -28, 88, -14, 260, -28, -80, -66, 20, -82, -40, 222, 158, 170, -320, -54, 94, 100, 32, -296, -306, 192, 144, 76, 70, -102, -190, 54, -46, -86, 138, -106, 180, 30, 164, -96, 124, -134, 46, -136, 96, 38, 2, 282, -84, 140, 172, -216, 34, 76, -2, 250, -72, 154, -60, -86, -28, 110, 260, 0, -124, 182, -220, -12, 30, 16, -150, 68, 180, -34, 26, 312, 106, 48, 24, -110, 146, 154, 20, 24, -152, -20, -52, 76, 266, 216, 62, -156, 48, -42, 256, 76, -210, 134, 58, 222, 26, -32, 80, -76, -166, 10, 246, 98, -140, -188, -62, 150, 152, -80, 36, -58, 108, 210, -148, 82, -62, 24, 198, -96, 24, -18, 330, 114, -194, -22, 130, -38, -166, 14, -198, 82, 26, 146, 100, 36, -12, -146, 176, -10, 86, -158, 36, 142, -128, 56, 120, -114, -56, -64, 64, -180, -4, 24, 102, -242, 264, 236, 132, 12, 90, 28, -140, -42, 52, 228, -10, -104, -126, 160, -30, 144, 200, -22, 216, -50, 86, -4, 126, 118, -30, -36, 130, -4, -20, 134, 228, 280, 80, 146, 162, 66, -304, 56, -36, -200, 106, -38, -132, -136, -38, 130, -82, 86, -42, -26, -40, -72, 36, -26, -80, 124, 76, 188, 106, -34, 226, 124, 126, -178, -12, -252, -256, 58, 92, 70, -4, -10, 128, -70, -20, 10, 48, 254, 22, 208, -152, -262, 126, 84, 36, 4, -28, 236, 224, 108, 68, 148, 62, 44, -24, 106, 42, 318, -62, -38, 38, 172, -80, 46, 32, 88, -60, 60, -188, 12, -78, 232, -54, 150, 
226, -8, 108, 66, 60, -152, -16, 4, 158, 174, -200, 108, -124, -54, -80, -58, 128, -138, 40, -38, 152, 94, 108, -118, 118, 148, 76, 124, 88, 36, 112, 90, 14, 34, -100, -66, -70, -114, 50, 70, 38, 310, 64, 22, -22, 58, 192, -232, 72, 126, -196, -144, -14, 110, 114, -54, -82, -230, -282, -86, 108, 72, -358, -254, 50, 50, 164, 88, 16, -126, 14, 78, -84, 92, 34, -60, -102, -26, 120, 8, 40, -78, -252, -56, 202, -10, -66, -36, -76, -44, 50, -100, 110, -140, 20, -168, -104, 122, 18, 102, -58, 122, 298, -186, -28, 22, 110, 72, 222, -12, -58, -66, 158, -132, 12, 176, 30, 2, -80, -58, 8, -200, -380, -158, 108, 214, 42, 2, 82, -8, 176, 100, -118, -150, 86, -100, 210, 268, 168, -72, 124, 4, -34, -120, 6, -124, 274, 252, -54, 38, 0, -34, 72, 84, -126, 56, -10, 268, -62, 80, 138, 66, 118, 178, -76, -74, -80, 190, -250, -18, 52, 106, -88, 46, -54, 0, -238, -140, 170, 348, 12, -134, 188, 138, -18, 156, -52, 10, 40, 66, -116, -100, 82, 212, 20, -94, 146, 216, -136, 34, 84, -60, -152, 178, 78, 200, -144, -154, -112, -198, -136, -164, 186, 84, 142, 192, -78, -68, 30, -108, -34, 112, -134, 92, 26, 278, -154, -12, -122, -66, 124, 30, -170, -180, -118, 106, 26, 188, -24, 188, 66, -34, -70, -104, 228, 6, -100, -54, 30, 310, 208, -124, -78, 110, -116, 68, 78, 6, -30, 10, -28, 86, -128, 32, -104, 212, 56, 236, -46, 176, -36, 4, 50, -180, 206, -66, -164, 54, -64, -206, 62, -150, 276, -38, 82, 82, 90, -136, -130, 70, -80, 10, 58, -30, 202, 148, 236, 14, -244, -110, -66, -78, -98, 160, -90, 84, -50, -4, -80, 88, 176, 164, 194, -30, -234, -98, -54, 232, -44, -142, -40, 92, 30, 126, -48, -72, -4, 98, 32, 148, 104, 54, -74, -10, 88, 242, 152, -180, -102, 268, -74, 96, 12, 36, -30, -60, 92, 118, -38, 38, 22, 18, -32, -64, 106, 148, -88, 50, 40, -46, 86, -34, 40, -48, 116, -18, 50, 76, -30, -64, 194, 74, 22, -20, 140, -14, -234, 252, -28, 188, -146, 74, -40, -72, -100, 142, 42, -224, 0, 38, 106, 256, 98, -164, 34, -106, -10, 120, 78, -112, 48, -44, -64, 188, -306, 66, -58, 64, -40, 10, -66, -48, 144, 130, 6, -46, -6, -46, -86, -28, -174, -40, 112, 62, -62, 112, 62, -160, 180, 190, 6, -196, 256, -14, -50, 16, 56, 90, -102, 72, -22, 68, -12, -206, -114, 90, 28, -60, -78, 220, 62, 204, 354, -10, -38, -20, -174, 186, -164, -10, 178, 4, 218, -178, 60, 74, 90, 354, 38, -40, 108, 84, 136, -2, 8, -122, 46, -190, -50, 38, 16, 38, 96, -68, -52, 166, 14, -116, -72, 220, 58, 178, -144, 48, 72, -62, 108, -106, -154, -52, 
-220, -60, -110, -108, 100, 80, -70, 132, -104, -96, 80, 32, -44, 10, -38, 50, 184, 122, -88, 84, -62, -64, -26, -126, -72, -24, 104, -76, 114, -60, 104, 12, -86, -74, 42, 174, -16, 52, -50, -20, 106, -312, 30, -48, 44, 92, -68, 230, 92, 12, 68, 174, 268, 12, 46, 260, 98, 240, 54, 324, 144, 54, 172, 196, 60, 50, -86, -140, 110, 4, -40, -126, -44, 182, 104, 112, 142, 110, 2, -60, 66, 32, 186, 174, -134, -58, 192, 156, 70, -84, 24, 108, -64, 142, -42, 296, 52, -54, 26, -284, 124, -88, -48, 126, 64, 104, -196, 126, -104, 66, 46, 102, 46, 254, 116, 108, 82, -10, 2, 8, 154, 50, 250, 22, -70, -42, -54, 164, -194, 110, -76, 2, 80, 152, -68, 174, -228, -148, -58, 54, -74, 68, 162, 42, 30, 156, -142, -176, -54, -6, -90, -164, 74, 142, 266, 210, 52, -38, 18, -16, -36, -112, -180, -30, 172, -10, -52, 34, 136, 68, -68, -128, 112, 4, 76, -14, 416, 290, -88, -326, 188, 256, -24, -188, -48, 66, -60, -168, 10, 0, 86, 82, 26, -250, 20, 14, 30, -226, 152, -44, 110, 28, 156, -86, 16, -202, 34, 234, 116, 110, 92, 92, -276, -162, -86, -60, 6, 100, -12, 88, 88, 114, -6, -6, -14, -118, 94, 26, 98, 12, 6, -18, 204, 292, 44, -74, -146, -116, 134, -108, 58, -10, 90, 80, -78, -32, 32, 14, -32, -114, 34, 18, 116, 144, 46, 62, 132, 52, 24, -94, 58, 20, 116, -56, 60, -74, 186, -58, 104, -78, 158, -40, 22, 20, -100, -184, 150, -112, -110, 122, 94, 142, -40, 146, -146, 50, -58, 170, 26, 152, 144, 174, 42, -56, -104, -82, -96, 162, 224, 66, -52, 60, -70, -38, 296, -128, 42, -48, 20, -78, 32, 64, -90, 212, 296, 56, 288, -48, 156, 246, -38, -142, -72, 36, -128, -62, -76, 20, -78, -198, -12, 76, -36, -104, -190, -54, 2, 202, 256, -216, 138, -22, 70, 128, -38, -54, 52, 146, -102, 4, 132, 100, 188, -36, -52, -60, -66, -96, 194, 40, 82, -4, -40, -8, -128, -30, -134, -200, -12, 88, -52, 70, 180, 52, -12, 40, 192, -280, -16, -206, 266, -188, 90, 100, 30, -108, 116, 190, 88, 2, -30, -102, 90, 100, -42, -102, -142, -50, 28, -6, -54, -84, 108, -204, 126, -74, 236, 72, -72, 140, -18, -124, 60, 42, 34, 102, 34, 104, 130, 132, 134, 134, -162, -108, 162, -102, -194, -38, -46, -44, -208, 154, -172, 162, 86, 86, 128, -50, 96, 62, 216, 22, 136, -68, 72, -222, -126, 60, 174, -152, -42, -54, -226, 64, -82, 120, 232, -18, -20, 200, -196, -4, 0, -88, 64, -22, -2, -214, -38, 60, -94, -118, -122, 144, 146, -100, 86, 76, -116, -118, -112, -62, -174, 48, 72, -194, -42, -128, 208, -100, -54, -206, 204, 76, -32, -86, -98, 48, 152, 210, 
116, 14, 12, 156, 14, -124, 104, -24, 48, 66, -16, -58, 26, 42, 26, -134, -120, -40, 104, 96, 50, -30, 226, -28, 134, 6, -172, 88, -284, 156, -126, 62, 96, 90, 84, -108, 114, -18, -118, 12, 68, 262, -2, -88, 26, -40, 96, -254, -26, 60, -66, -40, -234, 4, 60, -50, -58, -124, 124, -316, -118, -110, -126, -218, -76, 54, 0, 36, 154, 136, 4, 208, 108, 30, -342, -4, -10, -136, 10, 220, -78, -114, -248, -24, 30, 186, -90, -166, 88, 36, -176, 36, -76, -22, 140, -182, -2, -24, 92, 160, 56, 198, -34, 38, 96, -104, 78, -126, 210, -74, -62, 126, 64, -48, -186, -186, 154, 28, -174, 76, 40, -88, 12, -32, -18, 62, 18, -262, 130, 8, 80, 122, -220, -2, 134, -2, 286, 124, 148, 42, 64, 210, -56, 178, 22, 26, 54, -10, 100, -78, 18, 350, 40, -126, -262, -98, 20, -26, -34, 90, 140, -12, 120, -114, -112, -102, 60, -88, -196, -12, 176, 232, -58, 26, 26, -66, -182, -66, -24, 318, -26, -210, 34, 2, 208, 28, 96, 110, -18, 118, -100, -28, 6, 102, 4, -152, -82, -120, 72, 46, -100, -20, -178, 224, 156, 242, 82, -88, 30, -68, -136, -16, 340, 242, -22, 48, 72, -44, -80, -216, 54, 24, 2, 6, 106, 174, 38, -192, -222, 150, 32, 94, -92, -18, -38, 20, 374, 78, -104, 10, -32, -134, -80, -190, 110, 132, 30, -34, 40, 286, -138, 80, 4, 112, -58, 110, -104, 108, 8, -26, 156, -134, 126, 210, 104, -6, 28, 138, 140, 254, -96, 136, 96, 42, 212, 182, -130, 202, -42, -172, -78, -62, 78, -18, 134, -62, -106, -180, -62, -110, -30, -138, -52, 162, 94, 34, -30, -142, -154, -46, -120, 134, 52, -168, -82, 146, 286, -64, -160, -32, 36, -36, -74, -40, -76, -158, 22, 176, -116, 10, 62, 24, 52, -26, 244, 90, 152, 112, 156, 146, 84, 58, 138, 10, 154, 110, 158, -304, -180, 46, -114, -98, 264, -8, -70, 92, 288, -42, -24, -68, -106, -100, -148, 120, 82, 158, 56, 80, 40, 38, -84, 112, 102, 248, 84, -24, 206, 176, -30, 32, 112, -68, -48, -32, -132, -66, -26, 44, -74, 224, -84, 6, 90, -104, 98, 168, -166, -110, -64, 96, -94, 2, -20, -8, 122, 214, -52, 136, 6, 208, 118, -66, 84, 170, 64, 182, -80, -46, -14, -94, -194, 188, -14, 8, 100, 104, -54, -224, 88, 124, 104, 18, 150, -70, 40, 8, 72, 22, 26, 30, 82, -94, 168, -160, 28, -8, 28, 152, 42, 82, -256, 162, -46, 136, -78, 146, 246, 28, -110, 94, -46, 238, 152, -26, 0, -118, -402, -230, -24, -34, 94, 28, -76, -8, 54, -176, 44, 212, 8, -92, 148, -36, 192, -272, 64, 58, -182, -120, 118, 116, -76, 16, 156, -126, 106, 18, -68, 120, -218, 246, -130, 20, -112, -132, 96, 170, 22, 72, -30, -136, 
-86, -24, 20, 2, 44, 348, -114, 146, 106, -80, -6, 86, 84, 188, -154, -8, 162, -104, -22, 254, -164, 124, -188, -116, -216, -200, 144, -80, 402, -12, 186, -30, -114, 66, -92, 156, 46, -2, -20, 88, -118, -318, 32, -114, -106, -26, -42, 212, 126, 4, 150, 16, 180, -26, -162, -36, 152, 42, -16, 376, 10, 156, 8, 242, -22, 26, 0, -76, -44, -106, 110, -206, 26, -60, 440, 372, 78, 204, 122, -138, 132, -104, 278, -58, -108, 72, 72, 188, -106, 36, 310, -88, -98, 8, 116, 110, -40, 174, 146, 36, 66, 20, 72, 68, 132, 74, -52, 208, -108, -70, -56, 2, 0, 80, 118, 178, 18, -12, 86, -36, -94, 166, 148, -10, 32, -164, 16, 100, -46, 2, -44, -136, -74, -12, -12, 56, -106, -40, 62, 64, 54, -186, 6, -64, 36, 2, 22, -128, 72, 176, 236, -180, 14, 202, 400, 92, 44, -48, 18, -150, -154, -16, -44, 176, 68, 84, -38, 8, 142, -62, -64, 48, 140, -8, -82, 246, 174, 164, 28, -198, -54, 258, 260, 96, -136, -44, 14, -28, -32, -148, 18, 198, 114, -124, 114, 100, -148, 12, -244, 116, 26, 220, 70, -182, -60, -68, 16, 88, 2, 186, 130, 76, -104, -42, -136, 88, 50, 68, 44, -12, 38, 98, 182, 62, -342, -8, -2, 46, 100, -18, 76, 116, -90, 144, 102, 48, -228, 54, 32, 54, 136, 124, 236, -186, 74, 46, 64, -128, -76, -116, -8, -94, 66, 12, 176, -10, 90, 216, 110, 164, -20, 268, -4, -148, -98, 36, 90, -166, -54, 70, -32, -8, 2, -70, -4, -8, 66, 62, 86, 126, 166, 168, -196, 130, 192, 158, -46, 134, -36, 26, 238, 156, 10, 0, -178, -12, 64, 38, 120, -34, 298, -82, -24, 40, -18, 66, -86, 84, 158, -2, -8, 136, -4, 64, 128, 130, 76, -20, -32, -130, -28, 172, -140, 194, -116, -22, -52, 30, -12, -66, -154, 34, -92, -62, -6, -188, -18, 276, 50, -76, 238, 138, -108, -4, -32, -38, -288, 80, -112, -52, 62, 100, -24, -56, -266, -84, -56, -114, 46, 38, 154, -176, 18, -76, 130, 116, -32, -48, 72, -26, -82, 84, 32, -170, 58, 108, 120, 52, 170, -100, 138, 92, -66, 32, -102, 0, 220, 130, 36, 146, 156, -72, 86, 264, -108, -88, 42, -26, -302, -228, -6, 140, -208, -266, 100, -134, 134, 8, 60, 48, 76, -122, 122, 20, 30, 2, 56, 128, -44, 208, -80, -90, -56, 24, 108, 34, -94, -128, -38, -118, -138, 66, -230, 26, 22, -40, -34, -216, 98, 26, 120, 56, 26, -52, 124, -164, -146, 10, 78, -218, -68, -188, -154, 36, 82, 172, 232, -10, -6, -128, -138, 30, 116, 160, -80, 56, -52, -234, -30, -82, 70, 128, -142, 194, -10, -50, 8, -54, 70, 62, -90, -302, -78, 68, 8, 124, 108, -112, 40, -338, 68, 76, 40, 32, -82, -96, -56, -64, -26, 84, 
84, 28, 2, 38, -40, -114, 90, -2, 10, 134, 58, -70, -14, -2, 238, -98, -114, 70, 166, -2, 48, -22, 218, 78, 290, 340, -76, 146, -242, -36, -122, -198, 64, -38, 14, -144, 158, -34, 4, -56, 72, 170, -46, 2, 114, 18, 138, -30, 34, 184, -286, -64, 44, -102, 208, 52, -32, -20, -82, -290, 116, -160, 56, -22, 94, 18, 112, -54, -6, 46, 4, -8, 60, 92, -322, -90, 158, -174, -182, -14, -70, 224, -172, 208, 6, 102, -112, -162, 8, -48, -66, 104, 56, 12, 64, -22, 52, -60, -24, -84, 68, -124, 90, -70, -26, -138, 262, -128, 30, -100, 146, 30, -12, -116, 16, 86, 162, 238, 14, 224, 74, -194, -46, -4, 2, 18, -32, -76, 246, 50, 62, 136, 254, -164, -82, 86, 164, -82, 48, 156, 28, 218, -36, 34, 52, -66, 2, 182, 26, -156, -96, 112, -18, -38, -182, -182, -20, 18, 6, 258, 164, -10, 18, -64, 186, -146, -50, -82, -34, -124, 80, -8, 180, -132, 124, -204, -48, -104, -72, 168, 20, -224, -68, -52, -14, -58, 102, 18, -20, 200, -16, -90, -164, 0, -80, 172, -74, -20, 158, 154, 30, -96, -76, 70, 32, 62, 84, 104, 82, -286, -244, -158, -8, 86, 226, 166, 2, -276, 44, -24, -16, -92, -164, 0, 260, -106, 44, -156, -112, -8, -4, -174, -54, -216, 44, 56, 192, 102, -40, 76, -90, -8, -74, 210, -302, 42, -118, 108, 20, 80, -34, 126, 134, 138, -194, 102, -106, -148, 104, 94, -46, -112, 76, 244, 194, -62, -56, 200, 20, -186, -100, 14, 172, 24, -58, -60, -34, -178, -76, -18, -142, -130, 218, -28, -24, -122, 152, -90, 248, -278, -226, -140, 112, -54, 124, -92, 46, 4, -74, 72, -186, 110, 212, 94, -84, 22, 62, 4, -34, 120, -104, -214, 128, 140, 12, -138, -36, 54, 136, 80, 96, -154, 74, -64, 32, 92, -4, -54, 86, 52, 42, -140, 146, 94, 86, 26, 226, -190, -110, 108, -20, -40, -42, 186, 122, -34, 190, -8, 148, -24, 68, -34, -52, -132, 196, 58, 128, 82, 98, 84, -78, 132, 50, -92, -70, -28, -102, 66, 90, 34, -12, -30, -28, 258, -74, -28, 52, 30, -94, -26, 124, -30, 114, 182, 208, 274, -236, -92, -70, -70, -66, 60, -150, -158, 54, -12, 42, 128, 102, 168, 122, 0, 76, 212, 32, 66, -146, 76, 4, -90, -10, 138, -60, -24, -44, 80, -26, -16, 18, -88, 98, -52, 206, -10, -98, 106, 84, 14, 128, 16, 246, -10, 54, 66, 68, 96, 118, 182, -22, 106, -82, -46, -36, 4, -104, 168, 226, 32, 64, 270, 78, 238, 158, -164, -110, -250, -252, 72, -26, 130, 170, -52, -24, -294, 226, 102, 116, 132, -212, 96, -148, -12, 126, 44, -146, -54, -38, -90, 64, 116, -222, 140, 214, -16, 42, -190, 38, 42, -84, 180, -404, -4, -56, 92, 316, -8, 146, 68, 38, 12, 
42, 80, 2, 42, 76, 126, 40, -10, 106, -92, -44, 4, -50, -26, -148, -36, 174, -44, 148, -26, 182, 110, -198, 90, -64, -274, 28, 46, 200, 78, 168, 32, 252, -74, 66, 138, -30, -22, -36, 12, 26, -96, 46, 230, 16, -66, -44, 102, 18, -238, 70, 238, 80, 112, -114, -22, -62, 52, 40, 238, -68, 196, 94, 132, 48, 68, -44, -124, 36, 90, -60, 132, -48, 18, 232, 92, 16, 360, 86, 22, 4, -230, 158, 16, 32, 68, 148, 210, -24, 4, -96, 126, 100, -88, -22, 48, -4, 12, 184, -20, 44, 194, 26, 22, 72, 50, -78, 230, 10, 24, -204, 68, 156, 122, 8, -106, -264, -146, -272, -106, -54, 94, 154, -78, 66, 64, 186, -192, -328, 198, 60, -116, -114, 144, 2, 82, -38, 192, 16, -62, 26, -134, 98, -108, -48, 34, -108, 24, 146, 36, 260, -252, 76, 86, 140, 92, 48, -10, -28, -10, 22, 226, -148, -182, 120, 0, 182, 96, 32, 128, -96, 178, -60, 184, -228, 122, 62, -64, 22, -66, -34, 242, 76, 140, -78, -36, -82, -68, 118, -6, -76, 90, 276, 26, 192, 88, 80, 0, -284, 62, 132, 68, 14, -14, -158, -76, 82, 20, -16, 380, 166, 142, -28, 102, -260, 146, 6, 432, -52, 62, 236, 118, 170, -62, -284, 144, -44, 102, 236, -38, -20, 38, -46, 310, 42, -24, 82, -130, 84, -12, -28, 242, 126, -172, 366, -100, 14, -2, 8, 20, 236, -58, 76, -306, 112, 62, 140, 94, 136, -58, 20, 126, 2, -86, -70, -18, 88, -294, 72, 72, 56, -90, 66, 72, 84, 22, -84, 232, 106, 54, -28, 86, -60, 24, 110, 326, -146, 202, -130, 182, 154, 54, -94, 134, -96, 86, 64, -122, 92, 2, -42, 92, -120, -192, 278, -20, -66, -108, 0, -68, 10, 292, -48, -52, -164, 142, 22, -42, -22, -188, -254, 100, -38, 80, 62, -144, 116, 84, -42, -44, -36, 94, -48, -32, -44, 8, -68, 192, 204, -132, 24, -4, -22, 48, -8, 6, -24, 132, -78, 20, -134, 94, 0, 20, -26, 10, -162, 62, 2, 88, 186, 42, 236, 164, 90, 86, -186, 66, -52, -152, -66, 110, 8, -44, 94, 24, 0, 26, -18, 122, -170, 80, 66, 100, -72, -94, 90, 72, 184, 120, 48, -180, 278, 190, -54, 98, -14, -10, -120, -168, -58, 2, 98, -112, 68, 140, 16, -74, -22, 126, -34, -50, 128, -6, 150, 166, 66, -98, -20, -8, 34, 172, -244, 28, 92, -116, -100, 70, -50, -150, -162, 112, -64, 0, 108, -30, 38, -158, 196, 50, -116, 46, 152, 28, 44, -212, -68, 74, 124, -204, -78, -92, -124, 218, -76, 90, 38, 56, -76, -98, -90, -4, 128, 128, -110, -212, -2, 40, 298, -36, 42, 126, 18, -120, -14, 72, -12, 4, 88, -120, 142, -112, -144, 144, 144, 96, -6, 68, 168, 38, 306, -10, 24, 56, -48, -112, -82, -40, -34, 96, 
12, -60, 94, -46, 72, 32, 86, 24, -44, 66, 32, 208, -66, 340, 230, -34, -112, 38, -234, -42, -112, -16, 188, -114, 118, 110, -150, -34, -94, -78, -104, 30, -90, 88, 8, -10, 2, 114, 94, 118, 82, 356, -32, -100, 124, 4, 34, -18, 112, 50, 6, -98, 150, -30, 36, 72, -52, -76, -2, -158, 66, -178, -36, -68, -36, 58, 130, 196, -56, -58, -98, -168, 194, -58, -380, -14, 58, -190, 104, 202, -60, 84, -88, -22, -22, -86, -100, -114, 150, 68, 102, -8, -150, 74, -10, -40, -110, -140, -114, -28, -144, -156, 22, -16, 24, -50, 116, -140, 0, -138, -20, 18, -102, -148, 112, 10, 10, 54, 332, 130, -40, -154, -60, -82, 176, -144, -150, 58, -54, -166, -24, 110, -216, -22, -16, 130, -62, -40, 90, 266, 106, 262, -136, 124, 60, -24, 144, 124, -88, -44, -128, 192, -94, -74, -66, 46, 36, 172, 120, -42, -58, -110, 66, 74, 14, 124, -44, -34, 16, -18, 218, -112, 258, -268, -28, -142, -90, 82, -214, 108, 46, 52, 46, 86, 62, 224, 112, 200, -56, 138, 78, -142, -26, 42, -154, 4, 74, 40, 174, 76, 84, 158, 26, 154, 150, -52, 184, 38, -46, -94, -52, -138, 0, -74, 170, -42, -270, -166, 114, -10, -256, 84, 22, 140, 274, 2, 68, -16, 120, -2, -86, 86, 24, -216, -176, 110, 30, -42, 20, -148, -98, -66, -124, 108, -286, 340, 74, -50, -96, -38, -166, 106, -116, 466, -72, 68, 10, -10, -98, 148, -6, -226, 32, 32, 210, 122, 48, 166, -38, -146, -220, 126, 44, -22, -20, -58, 36, -12, 8, -50, 54, -16, -4, -96, -182, -162, -60, -200, 108, -132, -128, 8, 16, -282, 124, 122, 2, 278, -18, -76, -8, -50, 28, 128, -30, 88, -74, 188, 128, 68, 16, -260, 72, -160, -36, -112, 250, -182, 172, 30, 218, 56, 20, -16, 4, 208, -56, -108, 108, -24, 98, -170, 162, 28, 128, 40, -66, -78, -64, 194, -34, -156, -78, 180, 40, -8, 124, -326, 168, 50, 276, -56, -16, 116, 26, 118, -126, -174, 136, -40, -28, 128, -60, 10, 86, -196, 118, 70, 20, 298, -34, 84, 70, -36, 52, 34, -202, -86, 160, 8, 14, -90, 12, -62, 98, 128, -34, -12, -166, -140, 240, 130, -208, 40, 190, -240, 28, 132, 146, 116, 80, -2, 24, -14, 26, -158, -30, 204, 78, -214, -16, 42, -164, 138, -44, 74, -58, 38, 76, 270, 32, -160, 152, 4, -64, 204, 82, -50, -56, 18, 302, -30, 36, -86, 68, 194, -50, -4, -18, -26, -106, -74, -72, 284, -74, 206, -74, -60, -62, 64, 18, 94, 76, -108, 30, -134, -70, 272, -118, 126, 146, -156, -194, -58, -16, 154, 108, -94, -190, 202, -212, -76, 140, 80, -108, 44, 50, 50, 4, -18, -16, 234, 2, 2, -170, -142, 64, 72, -80, -6, -264, 86, -102, 84, 206, 64, 106, -146, 28, -168, 
22, 40, 0, -70, -28, 74, 48, -20, 144, -12, 144, -274, 54, -238, -220, 172, 184, 126, 242, 8, 46, 38, -52, 52, -116, 112, 216, 122, -14, 182, -124, -16, 74, -62, 66, 4, 28, -214, -116, -124, -144, -186, 30, 36, -132, 54, -96, 54, -48, -48, -30, 296, -54, 110, 50, -132, 32, 48, 60, 116, 186, 80, 76, 70, 104, -78, 94, -134, 24, -32, -14, 4, 24, -4, 334, 102, 8, 152, 100, 6, 24, 4, 166, -140, -132, 78, 104, 30, -188, 30, -96, 28, 132, -40, 52, 60, 136, 166, 208, 30, 316, 42, 26, 114, 116, -102, 140, 252, -64, 248, 52, 132, 82, 116, -82, 8, 26, -10, -266, -128, -100, 206, 12, 58, 22, 190, 60, -14, 174, 434, 126, 28, 78, -12, -116, -238, 28, 44, 90, -196, -88, -176, 146, 96, -128, 100, 6, 10, 114, 54, -100, -304, -184, 58, 88, 46, 126, -132, -22, 36, -156, 48, 164, 46, 60, -150, 54, 62, 124, 100, -110, 166, -98, 174, 150, -12, -188, -52, 336, 34, -36, -166, 68, 12, -32, -380, -58, -322, 36, -162, 160, 136, -26, 44, 212, -18, -238, -178, -132, 24, -48, -2, -78, -128, -2, 30, 152, 24, 244, -16, 0, 56, -30, 98, -26, 8, 136, 132, -86, -22, 204, 100, 198, 106, -28, -84, -66, -88, -166, -126, 172, -36, -32, 228, 88, -126, -74, -2, -184, 8, 254, 156, 154, 24, 186, 34, -40, 78, 128, -4, 240, -144, 68, -32, -24, -78, 4, 44, 180, -44, 72, 180, 90, 90, -156, 2, 268, -10, 86, 204, 108, -8, -88, 70, -92, 278, -2, -14, 18, 48, 82, -86, 72, 140, 28, 14, 134, 250, -76, -56, 60, 10, 50, 72, -18, 12, -158, -56, 78, -6, -130, 4, 124, -228, 26, -28, 88, -142, -156, -68, -64, 238, -176, 204, 2, 76, -124, 138, -152, 138, -98, 70, -166, 88, 68, -146, -38, 52, 2, -6, 46, 130, 36, 132, 2, -222, 162, 50, 62, 104, -8, 80, 118, -220, -108, 90, 8, 298, -40, 156, -174, -68, -188, -224, 88, -108, 72, 60, -32, -32, 82, 118, 162, 176, -44, 106, -102, 6, 42, -248, 8, -84, 42, 44, 6, -120, 88, 80, -112, 40, 138, 268, 22, 42, -18, -116, 132, -4, 98, 114, -32, 14, 116, -64, -26, 170, 192, -64, 20, 96, 52, 100, 194, 44, 6, 58, -20, -12, -8, 184, 16, -92, 120, -90, -82, -62, 68, -66, -58, -158, 44, 224, -26, -36, 82, -24, -156, 34, 32, -26, -128, 18, -118, 102, 148, -96, 140, 32, -36, 128, 86, 82, 98, 24, 42, -200, 76, -20, 84, -134, 64, -114, 34, 210, -24, 150, 36, -218, -4, -102, -160, 46, -38, -158, 58, 96, -132, 80, 318, -290, 232, 124, -142, 2, 146, 12, 54, 126, -88, 14, 220, -132, 100, 10, 186, 174, -232, -32, 118, 48, 224, 0, -96, -122, 88, -22, -106, 80, -84, 120, 
32, 6, -40, 64, 70, -50, -80, 8, -158, 24, -312, 356, 332, 106, 114, -190, -14, -58, -304, 32, -74, -92, 188, 234, 84, -94, -96, 96, -40, -272, -130, -8, -184, -16, 46, 82, -6, 172, 106, -38, 144, 138, 20, -172, 278, -102, -100, -172, -16, 154, 214, -42, -104, -60, -14, 116, -96, -82, 90, -20, -68, -84, -124, 20, -204, -54, 22, 60, 68, 142, -26, 78, 4, -24, -208, -112, 124, -118, -34, -6, -74, 78, -130, 356, 94, 116, -18, 74, 188, 28, 188, -98, -40, 178, -74, 110, -150, -292, -226, 88, -152, -4, 26, -112, -20, 136, -116, -246, 136, -142, -120, 2, -114, -144, 246, 110, -62, 114, 214, 226, 252, -170, -6, 192, 72, -112, -42, 144, -236, -406, -96, 74, 42, -40, -44, 300, -106, -38, 104, 124, 54, 346, -162, 46, 122, 22, -116, 62, -76, -10, 80, 290, 80, 100, -108, -56, 20, 8, 28, 46, -26, -230, -188, 8, 16, -98, -132, 62, -98, -110, 102, -146, 112, -78, -18, 148, 58, 182, -30, 26, -70, 66, 132, 8, 130, 146, 142, 388, 194, 146, -64, 26, 248, -70, -116, -62, 294, 152, 118, -68, -102, 86, 74, 72, 32, 120, -170, -12, -440, -16, -94, 24, 226, -134, 130, 14, -178, 144, 186, -2, -128, -6, 18, -36, 194, 78, -230, -30, 142, 112, -110, 54, -14, -272, -110, -2, 194, 150, 88, 22, -154, -52, -134, 76, 0, 54, -66, -262, 50, 38, 48, 230, 4, -42, 20, 30, 78, 114, -258, 188, 26, -50, -138, 116, 56, -2, -204, -166, 18, -230, -132, 126, 224, -20, 30, -144, -26, -74, 0, -88, 36, 68, -26, -98, 16, 36, -186, -56, 126, 176, -26, 8, 86, -82, 222, -128, 148, -10, -104, 100, 272, 94, 142, 94, 192, 42, -50, 90, 190, 64, 88, -156, 98, -178, 48, 4, 172, -120, -8, -28, 150, 70, 290, -146, 96, 94, 144, 80, 108, 94, 116, -108, 96, -60, 84, 132, -84, -64, -160, -28, 214, -46, -126, 46, 6, -162, 72, -200, 140, -94, 98, -108, 316, 104, -6, 100, 50, 48, 88, -88, -70, -124, 26, -188, -140, -24, 128, -144, -144, 142, 106, 4, -112, 50, -86, 274, -122, 24, 96, -130, -106, -212, 6, -4, 228, 176, -108, 136, 76, 50, 10, -44, -88, 170, 58, -82, -222, -72, 62, 128, -118, -70, -146, 12, 94, 46, 200, 60, -68, 20, -118, -134, -128, -56, 178, 208, -60, 116, 124, 132, 120, 118, -78, -114, 46, -14, -16, -250, 108, -56, 84, -106, -130, -24, -108, 202, 8, 242, 14, 74, -144, -298, 130, -64, -42, 186, 38, 26, 144, -22, -258, 178, 106, -194, 134, 0, -6, 202, 110, 130, 152, 44, 148, 152, 12, 4, 264, -108, -192, 296, -148, -256, 142, 102, -152, -100, -170, 98, 98, 34, -52, 60, -26, 22, -80, -54, 26, 62, -66, 46, -202, 14, 42, 98, 36, 14, 124, -20, 8, -86, 
72, 40, 2, -4, 28, 82, 134, -14, 80, 68, 310, -120, -270, -148, -162, 166, 52, -240, 212, 68, 76, 34, -104, -184, -242, 40, 144, -2, 128, 226, 174, 218, 276, -32, 68, 0, -208, -204, -50, 128, 28, -12, -48, 302, -182, 218, -14, 90, -138, -218, -52, 148, 260, 86, 60, 38, 122, 4, 6, -102, -76, 48, -130, -36, 212, 74, -14, -118, -204, -198, -90, 48, 148, 76, 116, 124, -54, 168, -6, -62, -32, 134, 252, -168, -6, 120, 158, -70, -54, 12, -110, -98, 66, -68, 34, -196, 420, 128, 190, 78, 154, 224, -52, 26, 50, 20, 108, 228, -118, 16, 208, 84, 58, 32, -138, 78, 16, -114, -184, -214, -22, 80, -122, -170, -114, 274, 194, -82, 42, 288, 78, -150, 106, 90, 28, -18, 104, -42, -142, -88, 134, -230, 186, 142, -110, 288, -44, -18, -16, -100, 36, -216, 62, -130, 126, 102, -68, -54, 10, -72, 96, 188, 132, 86, -52, 198, 86, 38, 96, -64, -262, 56, -88, -146, 48, -16, -78, -390, 70, -76, -224, -56, -174, 62, -98, -32, 12, -196, -218, 124, -244, 180, -158, 376, 210, 30, -186, -222, -30, 84, 2, -82, -188, -178, -8, 32, 52, 14, 334, 76, -38, 70, -244, -48, -36, -60, 122, -254, -22, 142, 40, 90, 130, 106, -36, 68, 16, -48, -138, 128, -30, 6, 54, 302, 48, -22, 54, -178, -154, -16, 184, 162, 54, -24, -22, 68, 18, 140, -186, 158, -32, -76, 90, 28, -12, -140, -70, 6, 204, -92, -92, 154, 88, -48, 12, 116, 94, 72, 60, 116, 74, -50, 26, 74, 174, 98, -186, 124, -40, 10, 162, 68, 132, -30, 4, -238, 360, -56, -54, -26, 222, -12, -88, 126, -176, 284, -34, -54, 136, 2, -168, 8, -142, -176, -34, -40, 140, -68, -110, 28, -90, 102, 10, 32, -90, 98, -48, -84, 86, 110, -74, -132, -168, 94, 92, -42, 26, -4, 2, -212, -126, -24, -18, 108, 58, 90, 186, -2, 180, 86, -74, -36, 10, -118, 140, 134, 20, 162, -74, 58, -100, 36, -264, 28, 184, 14, -32, -172, -46, 180, 28, 190, 146, 174, 14, 26, -244, 198, -12, -182, 26, 90, -34, -40, -38, -26, 130, -144, 14, 176, -68, 208, -162, 142, -242, -240, -196, -116, -36, -62, 200, -44, 140, -186, -66, 254, 228, -58, 66, 144, 82, 238, 204, 38, -166, 82, -108, 50, -44, -22, 222, 198, 140, -52, -268, -152, 24, 74, -76, -276, -208, -30, -16, -68, 16, 64, 16, 298, -26, -42, -186, 168, -26, -56, -4, 28, 36, -92, 0, -136, 126, 288, -18, 124, 54, -72, -48, 68, -18, 116, 298, -88, -14, 142, 24, 2, 118, -248, -82, -94, -196, 60, -140, 10, -92, -10, -238, -16, 150, -16, -20, 172, 28, -128, 90, 6, 30, -108, 22, 40, 88, -78, 60, 40, 236, 98, 10, 106, 156, -88, 214, 140, -24, -144, 8, 62, 92, 224, -88, -110, 
54, 100, -142, 22, 38, -56, -166, 188, -24, -272, -162, 376, 52, 194, 60, -158, -36, 198, -52, -220, 148, 32, 228, 88, 126, -88, -156, -60, -110, 112, -28, -92, 44, 124, -30, 100, 28, 148, 80, -138, 64, -34, -98, -198, 156, -96, 94, 98, 190, 208, 64, -24, -100, 38, 74, -38, -74, 154, 188, 46, 184, 140, -140, -74, -162, 110, 86, 10, 60, 180, 104, -156, -160, 148, -80, -312, 92, -116, 186, 90, 116, -130, -98, 268, 46, -36, 6, 212, 138, 80, 20, 64, -70, 214, 94, 106, -152, -132, 44, -166, -66, 6, 20, -204, 158, -46, -74, -36, 172, -110, -200, -68, 134, 62, 132, 60, -94, 136, 62, 100, 48, 102, 58, 68, 352, 10, -130, -32, 202, -24, 6, -52, -10, 70, 44, -56, -56, 150, -154, 326, -22, 166, -44, -60, 104, -190, 198, 26, -154, 16, 34, 312, 150, 74, -230, 48, 158, 62, 76, 248, 78, -308, -44, 20, 26, -200, -34, 12, -54, 100, 160, 34, 82, 240, 54, 76, 92, 366, 18, 2, 202, 172, 300, 112, 96, -30, 276, 128, 134, 12, 88, 76, 76, -214, 2, 28, 182, 134, 152, -76, -16, -78, -48, 114, -52, -140, 14, 134, -96, 18, 104, 168, 186, -38, 56, -6, -106, 242, 146, -14, 62, 196, -124, -96, -94, 128, 186, 86, 116, 60, 176, -70, -166, -248, -124, 10, 46, 62, 64, -18, -148, -72, -12, 38, -6, -68, -82, 54, 190, -108, 30, -70, 48, -54, 102, 148, 70, 40, -90, 2, 134, -70, 136, 58, 192, 88, -194, 10, -24, 52, -86, 60, 12, -144, -22, -164, -22, 30, 130, 34, -72, 32, -72, 82, -20, 134, -126, 164, 252, 18, -42, 94, 172, 14, -146, -56, 16, 132, -202, 124, 138, -150, 108, 130, 6, 50, -66, -108, 220, -108, 34, -70, -96, -10, 130, -80, -42, 138, -150, 12, -12, 84, 160, -30, -64, 338, -108, 14, 22, 190, -40, 28, -38, 10, 14, -60, -212, 200, -52, -10, 214, 100, 96, 62, 86, 38, 138, -58, 110, 50, 82, 102, 190, -12, -132, -80, 138, 194, 164, -10, 124, -198, 166, -178, -102, -58, 90, 42, 16, 74, 70, -206, -32, 196, 142, 126, -50, 56, -38, -120, 52, 102, 250, -148, 140, 224, 312, 0, -158, 36, 32, 16, -110, 68, -116, -164, -246, -42, -248, -70, -236, -150, -82, -116, 26, -196, 130, -10, 56, 60, -12, -36, -42, 176, 276, 130, 84, 88, 106, 262, 236, 78, 182, 80, 208, -108, -26, -156, -42, 164, 198, -174, 48, -6, 74, -120, 172, 158, -10, 140, 2, -114, -14, -42, 10, 54, 44, -28, 112, -64, -24, 208, 230, -236, 238, 110, -30, 154, 66, 82, -4, -42, 144, 146, 122, -76, 36, -98, 80, 174, -20, -176, 44, 424, -104, -62, -206, 200, 162, 66, -22, 24, 0, 88, -244, 36, -16, -50, -210, 66, -140, -92, -54, 134, 48, -88, -106, -44, 44, 176, 
194, -178, 228, 176, -14, 162, 220, -18, 178, 256, 164, 68, -50, -216, 56, 192, -98, -28, 122, 278, -52, 24, -32, 84, -34, 184, 242, 154, 244, 72, -76, -34, 128, -90, -286, 26, -78, -26, -62, 132, -106, -178, 134, -18, -204, 100, 62, -8, -84, 88, -20, 44, 90, 148, 102, 4, -68, -40, -96, 34, -106, 48, 204, 98, 226, -126, 70, 24, -192, -64, -120, 292, 148, -100, 166, 30, 100, 16, -156, 36, 94, -32, -20, -288, 128, 74, 56, -128, 40, -60, -146, -216, -40, -60, -84, -82, 168, 180, 52, 170, 240, 304, 22, 218, 88, 102, 114, 32, -230, -82, 190, -20, -154, -84, 162, -64, 112, -16, 50, -126, -38, 38, 42, -22, -378, 22, 36, -14, 28, 362, 50, 6, -94, -206, -68, 36, 148, -162, 86, -112, 72, -106, 62, -32, -152, 122, -34, -28, 38, -16, -54, -272, -346, -152, 154, 104, 186, 48, -10, -136, 58, 192, 136, 26, 94, 110, -36, 58, -54, -16, -190, 160, -108, -150, -54, 54, 58, -398, 168, -22, -70, -108, -110, -76, 146, 50, -380, -152, -140, -90, 24, 44, 116, 120, 164, 56, -106, 44, -134, 70, 30, 50, 134, 48, -60, 252, -128, -56, 74, 24, 6, -186, -26, 86, 56, 14, 96, 32, -30, -132, -106, -214, 0, 170, 142, 22, -70, -112, -108, -154, 76, 148, 190, 128, 236, -24, 100, -56, -48, 104, 82, 146, -52, -126, 62, 42, -42, 34, -110, -82, -28, -34, 104, -164, 80, -8, 8, -28, 60, 172, 22, -30, 42, 100, -132, 44, 150, 96, -178, -56, 78, 12, -102, 170, 164, -56, -32, -4, 18, 58, 162, 10, 60, 60, 122, -52, 200, -164, -216, -30, 62, -22, -94, -118, 44, 204, -50, -166, 68, -64, -2, 106, 56, -76, 34, 182, 152, 132, -346, 190, 64, 74, -54, 118, -150, 126, 42, 16, 108, -220, 152, -126, -128, -156, 208, -194, 150, 12, 30, -158, 246, 152, -92, 154, 104, 58, 202, -112, 48, 46, -52, 14, 158, 92, 64, 28, -22, 166, -238, 58, -42, -78, -284, 40, -22, 118, -134, -48, -188, -52, -128, 62, 96, 122, 46, 142, 96, 130, -44, -6, -118, 40, 124, -254, 34, -66, 140, -66, 186, 194, -60, -40, -50, 8, 4, -122, -76, -4, 268, -84, 8, 102, 210, -54, 146, 84, 212, 218, 176, -42, 162, -2, 34, -98, -14, 162, -30, 36, -40, -92, -56, -88, -18, -94, -188, -2, 76, 34, -20, -92, 16, -28, -184, 116, -12, -30, 56, -28, 70, -170, -48, 24, -104, -20, -26, 192, 32, 50, 48, -190, -162, 64, 26, 128, -114, -116, -68, 160, -18, 54, -66, -54, -104, 208, -118, -162, 34, -234, -138, 26, -32, 82, -106, -54, -8, 28, 36, 162, 158, -238, 2, 26, 22, -60, 124, 142, -12, -66, -72, 44, 52, 52, -96, -26, 126, 68, 136, -16, 50, 90, 154, 144, -32, -200, -98, 34, 24, 14, -14, -226, 
2, 226, 20, -8, 80, -66, -134, 40, 72, -166, -172, -26, 90, 72, 52, -120, -38, 96, -4, -168, 154, -48, -12, -68, -56, 122, -68, 16, -164, 20, 150, -46, 304, 14, 244, -14, 140, 270, 82, -96, -28, 350, -26, 238, 340, 202, -20, -196, -60, 0, 194, 134, -62, -94, -128, 130, -28, -18, 64, 56, 226, 358, -76, 26, -4, -54, -4, -58, 148, 196, 14, -330, -202, 66, -212, 4, -30, 126, 162, 62, -10, 0, 64, 276, -2, 24, -50, -26, 108, -70, 132, 196, 200, -36, 84, 94, 4, -6, -126, -120, -142, -76, -40, -234, 68, 58, -100, -80, 8, 0, -24, 120, 78, 0, -280, -4, 88, -154, 2, -22, 230, 62, 22, 120, 44, 100, 42, 14, 122, -216, 38, 262, 154, 62, 72, 2, -302, 30, -98, -166, 80, 26, -56, -78, 154, -12, 150, 174, 46, -4, -30, 132, 206, 168, 124, 232, 82, -50, 100, 100, 40, -122, -52, 28, -26, 70, 6, -16, 32, 308, 120, -296, 70, 158, 130, 206, 106, 146, -118, 12, -64, 80, 86, 106, 20, -52, 344, 90, 222, -10, -64, 50, -130, -58, -24, -58, 114, -40, 240, 208, 68, -10, 138, 6, -70, -112, 60, 172, -76, 140, 100, 60, -28, -124, -100, -164, -16, 12, -84, -74, 92, 118, 46, -150, -12, -114, 186, 222, 0, 76, -24, 20, 22, -18, -142, 110, -184, -28, 214, 98, 56, -22, 80, -6, -34, 102, 30, 42, 130, 98, 128, 134, 80, 84, 158, 132, 16, 40, -98, -244, 52, 54, 16, -158, -84, -82, 4, 16, 20, -18, -186, -100, 34, -38, -70, 170, 8, -46, 64, -10, 12, -90, -162, -302, 68, 44, -36, 90, 122, 78, -2, 28, 188, 134, 214, -202, -140, 60, 20, 150, -50, -98, -100, 130, 102, -128, -88, 12, 256, -106, 120, 88, 134, -40, 86, -170, -20, -66, 14, 180, -32, 58, 194, 160, -4, 346, -124, -38, -148, 48, 146, -72, -116, -62, 30, -14, -86, 96, -54, -66, -114, 4, -322, 18, 58, 194, 56, 0, 262, -62, 58, 244, 116, -132, -152, -42, -14, 64, -80, -124, 228, -60, 10, 86, -124, -44, -28, 28, 46, 140, 38, -38, -36, 410, -156, 40, -46, -160, -72, -26, 124, -8, -22, -34, 18, 2, 154, 34, -200, -48, 132, -190, -110, -24, -98, -40, -274, -122, -242, -64, -80, 142, -78, 90, 30, -26, 122, -130, -32, -92, 176, 142, -2, 136, 274, 154, -196, -12, -70, 86, 0, 64, 58, -98, 48, -8, -132, -130, 170, 172, 190, 0, -6, -14, -222, 110, -14, 78, 146, 24, 342, -58, 110, -60, 212, 250, -26, -98, -72, -118, 76, 142, -4, -26, 140, 152, -96, 144, 80, -28, -44, 38, 26, 138, 110, -166, -212, -224, -130, -12, -98, -192, 156, -20, -130, -80, 226, -4, 110, 106, -98, 66, 96, -16, -150, -36, -82, 68, 120, 22, -60, 32, 88, 162, 74, -104, 82, 124, 216, 246, 
-26, 22, 186, -6, 50, -22, -18, 184, -50, 228, 170, 104, 108, -44, -14, 162, -48, -102, 94, 416, -130, 68, 248, -58, 38, 168, 166, -400, 170, -180, -88, -88, -312, -248, -98, 94, 10, -186, -106, 42, 20, -54, 38, -180, -300, -90, 148, 64, -2, -18, -100, 132, 108, 2, 280, -78, 186, -22, 46, 42, -134, -190, 152, -68, 20, -38, -160, 220, -94, -154, 108, 106, 182, -92, 222, 180, 94, 158, -86, -40, 60, 0, -120, 2, -54, 240, -72, -86, -100, -272, -98, -152, -206, 10, -34, 8, -192, 74, -36, 252, 270, -34, 136, 272, -60, -178, 48, 154, -46, 52, -172, -2, 80, 34, 334, -28, -4, 236, 12, -12, -46, 96, 50, -118, 36, 96, -76, 98, -218, 194, 40, -44, -174, -76, -146, 4, 102, -54, 158, -16, -134, -22, 8, -80, 154, -62, -64, -144, -34, 20, 6, 14, -202, 16, -126, -72, 48, 82, 82, 34, -50, 86, 0, -38, 114, 16, 20, -16, -88, -218, -40, 132, -74, -38, -180, -138, 16, -70, -104, 126, 56, -136, -182, -62, -16, -54, -14, 60, -94, -50, 200, 104, 228, 230, 140, 80, -90, 58, -164, -214, -132, 138, -124, -76, 72, 178, -12, -112, -150, 106, -154, 18, 146, 46, 30, 36, 44, 72, 46, 102, -138, 40, 34, 40, 184, 124, -136, -54, 0, -18, -12, 84, -12, -160, 270, -8, -2, 126, -242, -22, -116, -18, 154, 18, -222, 104, -30, -92, -158, 40, -272, 36, -144, 50, -26, 68, -64, 4, -132, 214, -38, -44, -50, 120, 82, 156, 100, 10, -14, 28, 132, 212, 144, 12, -66, 54, 98, 106, 98, 44, 26, 114, 82, 200, 134, -60, 88, 72, -92, -4, -44, -70, -92, -84, -72, 146, 42, -54, 50, -136, 36, 46, 150, -118, -170, 138, 92, 150, 28, -138, -82, -46, -10, 128, 6, 258, -14, -42, 38, -166, 22, -152, -62, -124, 108, -284, -46, -14, 246, 10, -58, 26, 70, 114, -160, 14, -78, -202, -64, 14, -18, 138, 312, 24, 190, -92, 70, -62, -128, -94, -28, -98, -134, 124, 146, 42, 34, -34, -34, 274, 2, -56, 96, -180, 18, -38, 48, 4, 10, -50, -158, 188, 72, -160, 246, -144, -42, 184, 28, -20, -76, 130, 90, 26, 24, 54, -118, 88, 198, 58, -172, 172, 70, 154, 92, 16, 292, -22, 140, -148, 166, 38, 114, 26, -56, 86, 98, 66, -88, 98, 32, -96, -2, 58, -68, 48, 156, -16, 42, -66, -110, 120, -122, 66, -96, -42, -90, 220, -144, -164, -58, 122, 130, 16, 144, -82, 56, -98, -90, -156, -166, 76, -124, -6, -30, -6, -30, 194, -78, -54, -212, -50, 56, -46, 92, -12, 196, -120, -64, 216, 214, -50, -56, -120, -84, 262, 16, 44, 96, 92, -10, -4, -198, 164, 312, 168, -154, 8, 36, -174, 52, 26, 24, -22, 298, 204, 134, -194, -50, -104, 138, 30, -84, -54, -64, -106, -142, 40, -66, -252, 
120, -14, -114, -50, -60, 122, 8, -48, -62, -292, 136, -18, 76, 46, 14, -118, 46, 126, -200, -140, 2, 58, -156, -18, 56, -94, -270, 330, 42, 94, -82, -30, 318, 220, 156, -38, 8, 6, 86, -152, 144, 138, 110, 138, 110, 88, 22, 108, 20, -122, 120, 40, -52, 276, -46, 236, -96, 48, -244, 152, 198, 258, 92, 58, -28, 196, 90, 56, 196, 98, 2, 110, 54, 168, -34, -156, 40, -80, 94, 154, -156, 2, -66, 136, -64, -68, 198, 50, 80, 114, 22, 204, 106, 140, -54, -26, 88, -22, 36, 26, -268, 44, -208, -56, 40, 364, 182, 12, -26, -26, 238, -102, -72, -32, -208, -98, -182, 62, 36, 62, 258, -116, -8, 132, 48, -68, 182, 20, 36, -204, 150, 52, 48, -8, 140, 10, -78, -16, -36, -12, 170, -52, -12, 116, -212, 148, -54, 136, -70, 48, 132, -4, 108, 100, 44, 68, -4, -108, 44, -18, 160, -40, 102, 50, 38, 80, -98, 118, 104, 228, 122, -2, -88, 46, 164, 48, 92, -32, 164, 174, -86, 140, 252, 178, 38, 18, -26, -76, -104, -4, -228, 62, 32, -28, -128, -60, 94, -36, 222, 430, 108, -12, 182, 120, 166, 10, 194, 148, 90, -58, 96, -176, -182, 90, -78, -32, 38, -196, 52, -236, 242, 132, 176, -74, 24, -130, 204, 52, 84, 154, 2, -112, -12, 170, -236, -88, -174, 0, 90, 56, -14, 62, -34, -82, 154, 52, 80, 134, 146, 118, 208, 150, 144, 102, -88, -104, 98, -44, 192, -68, 98, 172, 90, 28, -70, -100, 24, -94, 156, 4, 148, -242, -118, -154, 180, -6, 52, 32, -76, -76, 80, 134, -14, -18, 118, 60, 170, 106, 136, 8, 158, 158, 34, -44, 42, 106, 64, -14, 14, 228, 128, -40, 6, 372, 68, 4, -298, 108, -22, 228, 154, 54, 150, -122, 256, -2, 124, 126, -88, 398, -38, 170, -142, 120, -122, 170, -2, 84, -100, 84, 16, 136, -46, 34, 32, 86, 96, 52, 172, -46, -102, -42, -208, -58, -44, 206, -120, 82, 208, 150, 66, 92, 142, 118, -52, -60, -114, 76, -114, -348, 156, 194, 32, 60, -40, 168, -24, -78, -158, 42, 142, 40, 34, 228, -144, 130, 118, -82, 32, -74, 106, 28, 48, 6, 38, -40, 190, -90, 24, -162, 216, -122, 110, -206, -14, -58, -28, 2, -36, 70, -174, -26, -96, 70, -8, -68, -14, -60, 172, -56, 32, 44, -100, -126, 192, 80, -124, 272, 10, 146, 314, -92, -14, -84, 76, 144, 208, -154, 186, 80, 310, -128, -148, -20, -114, 104, 148, 122, 78, 212, 166, -86, 88, -104, 136, 74, 56, -98, -10, -32, 284, -36, 14, -86, -30, 156, 62, 30, 66, -56, 8, 44, 8, 168, -90, -226, -34, -68, -130, -80, -124, 112, 258, 130, -72, -16, -26, -116, 174, 34, 156, -160, 196, 142, -86, -228, -38, 244, -44, 42, 110, 188, 96, 208, -4, 198, 148, -18, 138, 56, 
-46, 82, 14, -62, 18, 198, 110, -114, 252, 92, 52, 78, 76, 94, 116, 66, 166, 78, 118, 130, -94, 64, 144, 54, 50, -118, 88, -252, 60, -96, 200, 62, -182, -290, -178, 92, 48, 40, 104, 246, -202, 14, 22, -150, -222, -6, -10, -2, 4, 166, -142, -78, 60, 16, -48, -152, 110, 72, 64, 28, -62, -4, -80, 60, 10, -38, 36, -106, -200, -4, 60, -174, 18, -160, -44, 184, 126, 118, -2, 60, 38, -12, 130, -6, 178, 166, -38, -4, -106, -186, 30, -62, 84, -78, 202, -22, 10, -64, 38, -300, 304, -108, 142, 202, 18, -134, -34, -60, 80, 38, -12, -118, 112, 50, 342, 116, 308, -4, 174, -80, -430, 118, -94, -228, -24, 66, -144, 6, -66, 134, -114, 32, 4, 30, 68, 26, 76, 2, 198, 16, -158, -88, 126, -84, 116, -4, -44, -44, 24, -2, -114, 76, -40, -34, -196, -28, 12, 102, 22, 100, -128, 170, 194, -92, 6, 122, 230, -128, -18, -158, -42, 4, 198, -70, -208, 4, -32, 30, 100, 128, 184, 18, -162, -90, 24, 94, 196, 4, 144, -12, 234, 58, 32, 4, 40, -68, -32, -98, -74, -254, -62, 108, -64, -42, -2, -60, -154, -170, -94, -4, -30, -88, -20, -24, 112, 32, 92, 36, -106, 66, -298, -24, -10, 12, 44, 82, 134, -78, 90, -104, 162, 178, 94, -174, 358, -56, 286, 44, -68, -66, 10, -82, -190, 226, -170, 234, -64, 96, -118, -46, -92, 24, -158, -206, 208, -30, -174, 108, 34, -8, 114, -80, 60, -68, 46, 146, 164, 246, 112, -64, 0, 322, 106, 80, -110, -22, 44, 24, -102, 84, -82, -142, 28, 6, -76, 56, -152, -108, 46, 72, -22, -74, 188, 210, 50, -24, 68, 226, -84, -32, 40, -60, -100, -134, -52, 80, 180, -46, -28, 24, -14, -24, -64, 50, 10, -40, -98, -82, 76, -330, 232, -184, 200, 46, 88, -336, 176, 2, 24, 62, 10, -24, -104, 0, -4, -150, 34, 52, -60, 104, -76, 196, 182, 138, -102, -110, -64, -114, -120, 60, -88, -270, -78, -86, 70, 60, 78, -52, 82, 294, 52, -126, 68, -86, 40, 10, 118, -28, 30, 74, -86, 22, -10, -44, 58, -38, -120, 66, 18, -88, -144, -90, 138, -4, 38, 14, -112, 174, 156, 196, -214, -88, 164, 264, 208, -60, -258, -82, -2, -86, 100, 180, 86, 86, 32, 18, 0, -10, -202, -4, -224, 24, -40, -8, -134, -252, 14, -268, 112, -86, -106, 88, -136, 16, -104, 58, -120, 96, 10, -128, -242, 160, 184, 62, -58, -38, -40, -18, -38, -110, -36, 202, 92, 192, 50, -114, 60, 34, 160, -56, -174, -66, -20, -42, 56, 80, 208, -10, 176, -68, -142, -32, -102, -42, 42, 208, 82, -96, 178, 96, 130, -100, -94, -104, 134, 242, -124, 106, -100, -112, -202, 74, -54, 0, -12, 218, 96, -88, 54, -52, -12, -84, -98, -100, 28, -56, 106, 50, -48, -24, 
-128, -24, -80, 28, -176, -218, 58, 140, -20, -150, -86, 64, 94, -268, 100, -6, -156, -152, -112, -72, -58, 96, -92, -14, 98, 44, 68, 122, -152, -42, 6, 106, 110, 124, 174, 38, -182, 198, -270, -178, 76, 140, 74, -78, 194, -10, -42, -24, 116, -116, 10, 18, 40, -70, 162, 160, -64, 32, -128, -56, 50, -56, 16, 80, 92, 276, -134, 284, 282, -208, 194, 256, 144, 184, -40, -56, -218, -100, 86, -12, -180, 82, -68, 22, -58, 72, 204, 94, -16, 10, -2, 6, 0, 58, -116, 112, -36, 122, 10, 132, -150, 68, -74, -56, -160, 84, 106, 60, 20, -8, 116, 362, 18, 20, -104, -232, -130, 38, -86, 116, 378, 32, 4, 218, -54, 116, 86, 92, -122, 110, 98, -116, 110, -24, 26, 42, 30, -70, 44, 202, 186, 98, -110, 142, -50, 124, -20, 70, -44, 42, 88, 46, -70, 42, 68, 40, 164, -74, 112, -60, -40, -66, -144, 174, -60, 22, 40, 72, 200, 56, -38, 30, -156, 98, 88, 62, 132, 54, -270, -112, -90, -54, 164, 14, 64, -32, -270, 118, 46, -142, -278, 40, -50, -264, -118, 96, 274, 24, 46, 70, -4, -50, 320, 22, 18, -150, 62, 252, 70, -36, 76, 208, 70, -134, -144, 90, -50, -114, -8, 128, 238, -4, -60, -84, 46, -284, -146, 76, 34, 192, -314, 90, -128, 158, -252, -2, 20, -78, 138, 174, 160, 74, 240, -290, 168, 6, -100, -78, 134, 26, 106, -152, 112, 92, -138, 174, 188, -44, 92, 16, -40, 128, -60, 130, -146, 24, 60, 88, 4, 288, -110, -188, -42, -144, 174, 172, 102, -4, -118, -100, -134, 42, 138, 176, 86, 20, -56, 8, 80, 2, 152, 290, -2, -162, 174, 94, 166, 30, 184, 32, -6, 22, 14, 94, 220, 6, -136, 220, 252, -46, 208, 64, 94, 42, -88, 226, -32, 144, -122, 90, -136, 30, -84, -16, -50, 150, -302, -64, -78, 0, 24, -88, 158, 14, -64, 4, 82, 58, 274, -42, 180, 52, -88, -42, -104, -2, -12, 14, 280, -62, 160, 112, 148, 142, 58, -8, -2, 2, 38, -20, 26, 78, -84, 356, 116, -48, -78, -10, 24, 152, 130, -84, 6, 78, 10, 126, 76, -274, 66, -26, 204, 4, -34, -4, -14, 10, 60, -40, -130, -110, 138, 112, -104, -88, -46, 170, 204, 276, -8, 154, -160, -78, 100, 76, 22, -98, 36, 100, 150, 90, 194, 172, 128, 4, -52, 238, -168, 202, 174, -10, 182, -58, 156, 70, 74, -132, 44, -324, 132, 40, 252, -54, -50, -2, 88, -266, 168, -88, 48, 142, 190, 32, 68, -102, -126, 32, -74, -170, -96, -122, 138, 88, -24, 74, -2, -62, -124, -16, -36, 154, 146, 30, 52, -30, -22, -32, -120, 24, -58, -16, 94, 104, -36, 286, -98, -110, 24, -58, -52, 192, 160, -30, -8, 66, 54, -124, -74, 54, -66, 132, 98, 154, 146, 28, 334, 228, -218, 138, 10, -30, 
60, 38, -138, -98, 142, 58, 18, 166, 72, -18, -134, 150, 34, 108, -56, -122, 130, 218, 12, 254, 154, -98, 24, -50, -24, -24, -182, -86, 0, 116, 146, 44, 96, 78, -284, 90, 94, -224, 178, 124, 172, 70, 134, 328, -210, -60, -82, 182, 76, 104, -14, -16, 64, -78, 0, -106, 120, -4, 6, 134, 2, 104, 22, -112, 60, -214, 258, -24, -142, 234, 142, -76, 10, -166, 86, -30, -12, -26, 100, 82, 198, 178, 292, 116, 64, 28, 52, -70, 280, 146, 0, -6, -92, -150, 76, -134, 90, -40, 40, -74, 80, 16, -14, 122, 48, -70, -188, 112, 142, 56, -46, -314, -14, 184, 84, 160, 116, 6, 54, -2, -302, 188, -72, -88, -28, -44, -2, -54, 90, -158, -76, 42, 52, 2, -38, 108, 74, 8, -116, -20, -254, -194, 8, 122, 30, 78, -146, 130, -60, -138, 208, 52, 170, -16, 128, 100, -32, 108, 62, 96, 22, 46, 166, -182, 192, 62, 8, -96, -104, -44, -32, 72, 330, -92, 52, 44, 122, 24, 438, 54, -46, -110, -74, 68, 80, 110, -20, 30, -38, 50, 62, 204, 130, 100, -8, -184, -46, -144, 40, 160, -130, 82, -74, 202, 46, 2, 4, -238, -248, -32, -152, -224, 146, 96, 296, 60, 96, 112, 94, -150, -190, -178, 78, 46, 40, 232, 8, -56, -162, -218, 274, -54, 188, -174, 192, 34, 38, 40, -32, -178, -136, -62, 6, 364, -316, -108, 32, 38, -110, -280, -74, 22, 162, -92, 150, -4, -62, 28, -120, -220, 38, 70, 146, -178, -18, 0, 76, 30, -86, -116, -94, 324, 2, 76, -194, 38, 8, 74, 244, 138, 220, 166, -16, -356, -144, -94, 178, 72, -196, -76, -134, -6, 110, 36, -110, -24, -220, -128, -158, 90, 114, 2, -138, -230, -22, 176, 48, -60, -64, 74, -198, 52, -44, -94, 120, -64, 84, -94, 128, -118, 224, -132, 46, 0, 72, 60, 188, 90, 196, -38, -86, 38, -92, -82, -86, 46, 108, -84, -172, 46, -230, -54, -94, 104, 194, 178, -68, 124, 88, -30, -150, 188, -326, -76, -132, 6, 58, 166, 172, 156, 142, -204, 54, -24, -88, 60, 48, -64, -48, -150, -142, 114, 66, 58, 16, -86, -162, 132, -70, 184, -84, -102, 86, 74, -104, -268, 188, 298, -14, 130, -18, 198, 52, 54, 22, -182, 4, -242, 62, 32, 152, 188, -36, -14, -58, 192, 84, -126, -38, -138, -154, 22, -90, -130, 98, -236, -72, -144, -258, -28, -2, -72, -78, 22, -62, 44, -26, 150, -196, 128, -220, 166, 26, -42, -112, 244, 110, -24, 126, 108, -64, 316, -34, 70, 176, -72, 162, 64, 150, 42, 128, 176, -120, -14, 74, 12, 54, 114, 54, 0, -124, 34, 10, 10, 104, 198, 272, 24, 208, -18, 66, 128, 204, -140, 128, 28, 14, 98, -14, -146, 42, 40, -16, 38, 4, 348, 28, -22, 96, 56, 98, -238, -2, 64, -266, -48, 92, 74, 88, -54, 
-128, -152, -36, 146, -70, -74, -94, -18, 130, 124, 134, -196, -144, -22, 106, -16, -14, -78, -18, -96, 26, -46, -146, -160, 130, -8, 184, 8, -98, 78, 6, 60, -8, -70, 66, -124, -274, 148, -242, 68, -122, 32, 76, -334, -84, 76, 108, -308, 282, -20, 126, -72, -108, -12, 68, 94, -70, -264, 252, -100, 26, 30, -198, 174, 144, 272, -160, 140, 222, -78, -96, 12, -70, 272, -72, -40, -100, -48, -94, -164, -192, -30, -2, 24, -62, 140, -122, -80, -100, -66, 88, -4, 230, 178, -114, 62, 14, 48, 26, 54, 38, 66, -114, -136, 184, 188, 24, -78, -130, -44, 18, 190, -158, 72, 16, 52, -228, -4, -100, 82, 290, -118, 138, 192, -24, 124, 46, 132, 92, 52, -102, -246, -2, -40, 12, -192, 250, -82, 68, -156, 206, 158, 36, -132, -46, -72, 158, 4, 26, 170, 62, 30, -276, 234, 148, 18, 54, -28, 40, 164, -84, 14, -40, 242, -44, 40, -48, 214, -38, 152, -16, -184, -272, -124, -156, 18, -20, 160, -154, -48, 156, 26, 8, -66, 12, -178, 122, -6, 152, -118, 150, -134, -26, -14, 24, 120, 66, 238, 34, -246, 232, -180, -80, -124, -156, -36, -32, 4, 158, 4, 116, 244, 8, -240, -234, 94, -44, -188, -50, 252, 162, 136, 40, -172, -24, -170, -4, -118, 270, 140, -226, 90, 116, 180, -350, -50, 142, -130, 134, 234, 18, 20, 0, -202, 288, 106, -32, 206, 96, 376, 340, -100, -94, 192, -184, 278, 168, 94, 80, 142, 24, -42, -80, 308, 42, 302, -128, 68, 20, 146, 104, -134, 62, 116, -76, 22, -50, 38, -16, -146, -130, -108, 48, 110, 88, 210, 14, 104, 120, 162, 154, 98, -14, 42, 142, -86, -26, 146, 208, -62, -58, 52, 150, 340, 180, -118, -44, 148, 36, -40, 170, 76, -24, 34, 46, 188, 114, 166, -30, 88, -166, 32, 14, 88, -42, -4, -110, -86, -36, 94, 274, 184, 120, 68, 146, 0, -86, 84, 120, 84, 144, 126, 68, -114, -42, -220, 136, -64, 10, 134, 132, -260, 18, -104, -14, 96, 32, -230, -32, -30, 42, 92, 42, 62, 22, 42, -208, -78, -110, 210, 292, 84, -130, 150, -48, 224, 120, -162, 40, -110, 192, 30, -132, -66, 218, 278, 116, -10, 86, -60, 92, -90, -122, -110, 110, -10, 108, 28, -116, 64, -278, -214, -142, 32, 74, -8, 92, 144, -44, 42, 20, 34, 20, 40, -6, 140, 238, 62, -54, -44, 82, 26, 80, -86, 4, -30, 0, -90, 76, 66, 106, -14, 44, 120, 126, -160, -220, 92, -12, -176, 124, -100, 8, -80, -112, -80, -200, 162, -18, -206, -82, -80, 112, -126, 170, -30, -64, -124, 78, 84, 138, 164, -138, -64, -26, -182, -126, 92, -128, -4, -10, -40, -68, 128, -190, 6, 146, 12, -52, 118, -28, 126, 108, 8, -68, -140, -22, 132, -2, 50, -12, 74, -108, -154, 332, 24, -6, 48, -60, 232, 
-110, 228, 102, -340, 32, 34, 62, 182, 30, -132, 52, 64, 16, 62, -118, -70, -50, -62, -80, 166, -2, -20, 120, 74, -70, 54, 24, 72, 134, -192, 66, 90, 44, 122, 56, 102, 196, 42, 132, -192, 48, 16, -4, 194, -10, 206, 20, 232, -212, -130, -146, 218, 52, 130, -128, -112, -182, 250, -154, 88, -4, 82, 190, -30, -202, -186, 216, -124, -40, 156, 50, 86, 18, -130, 42, -8, 46, -130, 104, 196, 364, 140, 12, 46, 128, -70, 110, 88, 10, 108, 66, 144, -76, -2, 112, -46, 126, -46, 44, -6, -50, -44, 24, 330, -280, -292, 74, 6, 98, 30, 22, -256, 132, -60, 88, 30, 170, 256, 208, -288, -218, 154, -184, 88, -48, -66, 10, -162, 42, -16, 20, 234, -54, 92, 6, 56, -282, -144, -128, 334, -230, -64, -254, 108, -20, 184, -246, -248, -54, -14, 30, 26, 236, -44, -126, 110, 130, 130, 4, 0, 100, -24, 80, -168, 58, 2, 34, -74, 146, 44, -90, 192, 186, 136, 130, 242, -56, -64, 180, 56, 16, 92, -2, 86, 26, 52, 88, 330, 120, -32, -100, 182, -214, -88, 0, -40, 6, -104, 34, -22, -204, 86, 112, 180, 242, -110, 20, -124, -166, 50, -304, -140, 10, 72, 292, -20, 60, 124, 50, -224, -56, -104, -10, 60, 30, 152, -116, 38, -74, 6, 398, -158, -40, -64, 224, 186, -62, 88, -2, -96, 104, 228, -30, 100, -132, -80, 98, -122, -96, -24, -366, -16, -16, 150, 70, -240, -142, -60, -218, -288, 94, 52, -2, -136, 144, -124, -38, 40, -190, 12, -30, 178, -22, -82, 258, 8, 38, 136, -18, -58, 14, 222, 136, 32, 6, -8, 122, -50, -34, 2, -46, -32, 68, 104, -106, 124, -56, -104, -92, -54, 150, 74, 54, -454, -288, 16, 156, -22, 54, -72, -190, 266, -48, 72, -190, -246, -64, -228, 136, -56, 44, 104, -50, 78, 138, -142, 32, -166, -210, 16, -156, -152, -10, -68, 22, 132, 32, -96, -86, -18, 58, -52, -6, 290, 168, 140, -200, 256, 100, -168, -194, 140, 90, 288, 120, -58, -156, 162, 74, 118, 16, -2, -104, -26, 10, -150, 146, 110, 100, -20, -224, 44, 132, -178, 42, -110, -158, 128, 52, 214, 4, -222, 118, -30, -30, -162, -182, -170, 56, 140, -48, 158, 186, 246, -4, -174, -180, -46, 74, 46, 276, 172, 98, 16, -78, -74, -100, -46, 114, -232, 54, 26, 36, -124, -30, 70, 38, 18, 14, -94, 194, 136, 40, 152, 124, 138, 108, -38, -70, -28, 164, -96, 42, -56, 108, 76, 254, 28, 116, 272, -160, 14, -32, -58, -22, 78, 50, -26, 264, 204, 138, 10, 16, 94, -220, 38, 112, 42, -56, -24, -326, -14, 100, 154, -178, 122, 68, -58, -108, -66, 60, 98, 54, -260, 220, 12, -24, -32, 282, -170, 8, -236, -60, 50, 34, 90, 4, -152, -120, 12, 94, -180, 126, 164, -190, -12, -26, 72, -56, -238, 
180, -24, -24, 172, 26, -44, -88, -76, -48, 124, -104, -128, 198, -62, 172, 40, -94, 52, 42, -252, -124, 298, -6, -28, -88, 280, 144, 210, 46, 244, -58, -88, -170, -138, 148, 140, 100, -32, -10, 182, 44, 28, 38, -140, -70, 24, 150, -66, 174, 300, -76, -148, -54, -294, -10, 86, 86, -114, 114, 54, 234, 30, -256, 102, 116, -26, -262, 122, 118, -62, -222, -74, 82, 78, -74, 52, -102, 264, -2, -74, -128, -42, -50, 152, 54, -46, 112, -50, 176, -50, 184, 66, 358, 140, 96, -8, -48, 166, 100, 98, 36, 100, -118, -208, 232, 368, 186, -206, 22, 14, -94, 132, -98, 98, 108, -102, 40, -48, -104, 230, 268, 124, 218, -30, 222, -42, 138, 250, 42, 10, -62, -142, 168, -102, 154, 134, 296, 48, 138, -164, 270, -156, 38, -172, -80, -96, 270, 160, 44, -216, -16, -120, 102, 244, 80, 82, -48, 108, 248, 28, 58, 4, 84, -32, 22, 76, 176, 48, -14, 208, 56, -16, -68, -160, -18, -194, 42, 90, -36, 78, 8, -272, -6, 38, -32, -42, 12, -248, 186, 92, 190, -70, 204, -16, 0, 88, -54, 46, 12, -42, 286, -82, -46, -72, -74, 154, 76, 78, 74, 56, 212, -6, -188, -72, -238, -106, -52, -178, -88, 238, 50, 136, 186, -62, 84, -222, 98, -66, 256, -46, -100, -22, 44, -26, -178, -260, 38, -104, -92, 148, -128, -28, 88, 22, 114, 134, -192, 124, 62, 132, 182, 142, 26, -240, -194, 104, 126, 2, 138, 228, -102, -30, -226, -78, -84, 74, 314, -182, 162, 186, -132, 112, -44, -4, -250, 262, -178, 56, 42, 100, 114, -78, 20, 2, -78, 46, 88, -62, 14, -190, 128, -44, -72, 194, 104, 58, 238, 70, -12, 92, -230, 190, 100, 260, 250, 46, -158, -4, -38, 46, 42, -160, 152, 94, 256, 44, 22, 286, -38, 122, 158, -84, 146, -186, 60, 84, -46, 136, 202, 82, 38, -102, 100, 152, -70, -18, 2, -208, -2, 58, -114, -128, 72, -196, -134, 36, 206, -222, -208, 134, 152, 14, -162, -218, -124, 194, 92, -146, -8, -138, 60, 26, 94, 48, -196, 108, -122, -418, -94, -76, 60, 104, -204, 110, -96, 68, 178, 36, -162, -30, 4, 154, -50, 14, -66, -76, 86, 184, -174, -30, 150, -92, -190, -136, 274, 30, 110, -2, 90, 116, -10, -22, -76, 144, 94, 152, 80, -40, -138, 12, 78, -18, -80, 286, -46, 128, 156, 74, 118, -94, 114, -168, -64, 108, 16, -54, -92, -40, -20, 108, -6, 64, -70, 228, 164, 148, 6, 38, 104, -24, 100, 126, -4, 0, 80, 14, 54, 8, -294, -166, -86, -84, 116, 98, 134, 52, 186, -32, -32, 178, 332, 96, -178, -128, 172, -4, -12, -106, 54, 238, -72, -72, -28, 48, -164, 72, -40, 154, -158, -70, -24, 334, -164, -58, 14, -122, -102, 264, -42, 78, 112, 106, -46, -12, 168, 48, 168, 100, -64, 140, 
-176, 68, -88, -130, -118, -20, -78, 72, 60, 48, 144, 230, -60, 38, -96, 108, 216, 76, -96, 262, -12, -2, 36, 204, 158, -78, -66, -140, 32, -20, 80, -98, 44, 164, -84, -340, 40, 214, -106, -132, -24, 108, 32, 230, -48, -2, -154, 118, 40, -276, 98, 156, 14, 230, 70, 108, 130, 122, -36, -174, -110, 38, 296, 46, 274, 132, -32, -96, 172, 38, 180, -2, 82, -264, 274, 76, -80, -138, -8, 16, 142, -54, 130, -114, -24, 120, -68, -46, -160, 22, 126, 20, -412, -98, -16, 120, 372, 22, -40, -44, -26, -74, 178, 4, -62, -190, -30, 168, 4, 26, 88, -26, 160, 62, -140, 80, -78, 290, 146, -154, -180, 2, -114, 8, -104, -26, 180, -28, -214, -150, 40, 108, 32, 14, 36, -256, -172, -4, -88, -2, -268, 132, -56, 212, 90, 40, -284, -44, 82, 236, -4, 196, 186, -196, -30, 64, 254, -86, -116, -144, 144, 210, -108, -30, -12, 2, -210, -14, -124, -174, -38, 198, 116, 112, -26, 210, 92, -56, 142, 54, -104, 328, 66, -24, 26, -18, -132, 256, 116, -4, 78, 146, -182, -8, 138, -70, 80, -262, -50, 88, -252, -30, -142, 24, 26, 38, 112, 126, 54, -60, -190, 92, 130, -128, 118, 84, -14, 184, 32, -90, 6, -160, -132, -76, 178, 260, -266, 188, -158, 120, 304, -34, 14, -4, 8, 20, -132, 190, 80, 40, 216, 134, -48, 116, -50, -130, 106, -26, -214, -72, -290, -72, 204, 146, 238, -18, -26, -18, -164, -144, -38, 128, 68, 180, 36, -80, 50, 242, 50, -58, 258, -82, 148, 82, 182, -28, 144, -188, -84, 20, -14, -16, 86, -128, 186, 52, 2, -36, -12, 220, 22, -52, 48, -162, -230, 54, -152, -134, 204, -138, 4, -132, -18, -222, -276, -12, 230, 40, 54, 96, 102, -44, -68, 8, -26, 116, -32, -136, 118, -92, 16, 10, -256, 38, -30, -8, 102, 16, 28, -52, 44, 432, -174, -106, 66, -74, 78, 132, 108, 176, 98, 110, 112, 100, 96, 158, -174, 8, 110, -126, -78, 106, 84, 168, 120, -52, -84, 324, -100, 118, 186, 4, -102, -156, -40, -74, -88, 338, 156, -60, 48, -40, 190, 56, 10, 18, 92, -82, 344, -102, 40, -140, 90, 16, -24, 344, 70, -136, 96, 162, 114, 48, 74, 94, -166, 8, -12, -46, 110, -22, -4, 26, 148, -156, -42, -224, 34, -6, 284, 12, -6, 30, 138, -210, 76, -162, 26, -142, 66, -50, -156, 130, 90, -54, 42, 6, 38, 82, 82, 14, -50, 82, -22, -180, -30, -130, 214, 10, -14, 190, 88, -24, 158, 176, 194, -30, 68, 124, 208, 164, -62, 180, -24, -114, -4, -186, -144, 86, 4, -54, -188, 42, 128, 32, -246, -44, -88, 106, 12, -186, -6, 106, 90, -16, 112, 126, 276, -134, 122, 220, -52, -244, 222, -36, 84, 124, -124, -96, 238, -42, -68, -94, 200, 140, -140, 138, -162, -148, 106, -126, 
174, 44, 240, 84, 60, 60, 6, -198, -40, 82, 32, -128, 266, -16, 44, 62, -94, -158, 104, -176, 84, -140, -76, -58, -40, -196, 68, 66, 266, 132, 184, 106, -68, -90, 286, 166, -140, -90, 62, 174, -168, -124, -16, -80, 84, 154, 124, -16, -14, 106, -102, -134, 86, -260, -4, 74, 16, -70, 0, 270, 86, 154, -110, 8, -250, -58, 10, 68, -152, 232, -118, 124, 28, 70, -58, 34, 110, 148, -86, -114, -12, 38, 44, 28, -142, 36, -120, 94, 94, 48, -176, -134, 314, 42, -230, -118, -240, -42, -40, -78, -60, 126, -86, 44, 66, 66, -146, -116, -2, -172, -86, 34, -76, -44, 164, -48, -36, -182, -74, 22, 216, 18, 102, -110, 106, 86, -128, 148, 16, 34, 14, 46, 68, 22, -260, 148, 164, 148, 14, -30, 68, -12, -46, -42, 104, 186, 280, 18, -84, -102, -38, -148, -188, 14, 74, 48, -284, 124, 240, 56, 46, -28, 118, 10, -54, 80, 218, 74, 24, 234, 90, -64, -160, 2, 76, -22, -98, 12, 2, -76, 176, -260, 32, -76, 80, -44, 110, -108, 104, 84, 194, 6, 164, 22, 86, 6, 100, 158, 134, 48, 290, 70, 138, -66, 50, -124, -126, 76, 84, 136, 84, -38, -210, 264, -40, 58, -12, -138, -66, -54, 32, 224, -62, 202, -132, -78, 356, -2, 74, -36, -212, 18, 6, 0, -56, -46, 84, 64, -118, 158, -116, -200, -100, -154, 46, 78, 112, 40, 48, -78, 156, 216, -188, 10, -114, -26, -16, -48, 168, 222, -20, -16, 60, -32, 156, -128, -148, -114, 260, -152, -218, -88, -108, -130, -164, 36, -28, 198, 130, -102, 122, 54, 54, 120, -130, 4, -20, 128, -134, -146, -48, -86, -166, 210, 214, 70, 64, 196, -22, -12, 30, 140, -148, 298, 282, 38, -72, 96, -38, -6, 32, -112, -58, 22, 66, 72, 80, 6, -96, 36, -4, 68, 270, 60, -94, 140, -118, -48, 106, 140, -2, -282, 70, -124, 42, 12, 64, 64, -16, -112, -228, -224, -122, -220, -334, 18, 46, -76, -90, 200, -66, 100, 14, -22, -162, 220, 54, -224, 160, -114, -52, -46, -30, 24, 0, 0, 228, -222, -74, 28, -150, 186, -68, -10, -76, 150, -264, 86, -12, 42, 52, 222, 0, 202, 58, -230, 32, 110, -10, -278, -118, 28, -156, 200, 88, 50, -116, 164, 24, 56, 30, -18, -4, 94, 26, 172, 78, -164, -20, -88, -32, -232, 158, 126, 6, -20, -100, 4, -8, 128, 22, -26, -8, -32, 14, 50, -46, -30, -78, -216, 6, 124, -20, 134, -62, -2, -260, 6, 34, -92, -210, 86, 14, -106, -102, 34, 54, -74, -40, -170, -62, -72, 124, 0, 194, 168, 212, 24, 24, 36, 166, -66, -16, 176, 246, 108, 154, -102, 66, 156, 126, -30, -86, 102, 196, -104, -176, 46, -32, -178, 208, 234, -48, 126, -82, 66, 160, 316, -174, -52, 196, 80, -158, -64, 252, 90, 276, 104, -182, 206, 
-114, 96, -148, -32, -38, 66, 96, 174, 4, -92, 110, 164, -80, -56, -70, -96, 4, 202, 120, 126, -48, 126, 156, -36, 56, 328, -42, -38, -102, 258, 62, 6, 120, -118, -232, -160, 46, 186, 26, -82, 124, 324, 94, 52, -108, -8, -196, 410, -174, -22, 98, 292, -166, 160, 216, -104, 156, 128, -142, 20, -114, -52, 124, 24, 284, -12, 108, -118, 168, -172, 92, -22, 32, 36, 134, 164, -110, -170, 232, 368, 118, 90, 2, 198, 188, 206, 142, -98, 158, 46, 180, 50, -252, 128, 196, 76, 194, 32, -28, 158, 222, 146, 174, 56, -162, -120, 276, 12, -108, 134, -6, -140, 22, 2, -150, -34, 106, 184, 40, -48, -116, 84, 4, 130, 34, 12, 80, 4, -70, -196, 22, -82, 24, 2, 258, -60, -42, -190, -124, 24, 70, -88, -108, 144, -118, -128, -110, -42, 28, 220, -24, 96, 216, 290, 38, -136, 236, -12, -206, -88, -104, 32, 48, -162, 34, 6, -68, 140, 6, -334, -56, 36, 220, -166, 34, -98, -84, 136, 88, 98, -178, 180, 0, 26, 76, -194, 154, 88, -6, -26, 32, -126, -152, -26, 20, 138, -4, -172, -2, 22, -88, 34, -130, -106, -136, 170, 22, -142, 60, 18, -4, 124, 208, -28, 204, 176, -38, 202, -26, -74, -8, -100, -42, -148, 166, -42, -6, 88, 64, 158, 322, 40, 106, -226, -2, 32, 16, -10, 20, 58, 40, 218, 254, 234, -60, 28, -138, 124, -70, 182, 50, -120, 204, -164, 22, 104, 116, 238, -148, -152, 90, -56, -102, 206, -48, 18, 306, 118, 134, 158, 68, 90, -40, -8, 12, -44, 136, -130, -60, 62, -72, -48, -60, 20, 184, 22, 88, -46, 140, 90, 50, -10, 116, 6, 30, -46, 28, -178, -132, 72, 28, -144, 102, -364, -104, -20, 54, 8, 164, 72, -60, 62, 226, 26, 58, 32, 38, -4, 156, 104, -140, -84, -164, -114, -24, 84, -54, 206, -290, -150, 98, 292, 88, 40, -112, 52, 176, -66, -20, 174, 30, 208, 108, 54, 94, -138, -122, 70, 160, -154, 136, 42, 144, 254, 94, -62, -70, 120, -54, -126, -12, 68, -22, -78, -68, 34, 4, 64, 98, 94, 116, -170, 74, 4, 210, -66, 236, 142, -6, 40, -136, -160, 78, -78, 188, 116, 78, -56, 194, 126, -74, -130, 244, -64, -66, 134, 92, -86, 54, -186, -44, 198, 90, -194, -32, -108, -24, 164, 168, 116, -28, 84, -8, 12, -140, -82, 82, -54, -62, -192, 92, 154, 164, 54, 100, -218, 42, 194, 120, 112, -54, -192, 222, -130, 120, -14, 200, 8, -40, 124, 128, 108, -96, 130, 180, 224, -164, -152, 108, 288, 102, 28, -220, 26, -48, -36, -136, 44, -258, -26, 190, 160, 36, -182, -124, 82, -64, 296, -104, -60, -28, 36, 122, 26, -186, 142, 12, -228, 66, -98, -356, -186, 230, -152, -18, 36, 46, -352, 294, 58, 72, -34, -6, -42, -244, 120, -262, -96, 64, -24, 
74, -290, 166, -36, 106, -60, -14, -22, 124, 150, 8, -56, 110, 56, -52, -74, -76, -68, -102, -20, -90, 54, 170, 36, 190, -156, 64, -104, 68, -190, -82, -38, 110, 90, 40, 66, 56, -84, -10, 20, 18, -120, -124, 60, 180, -28, 94, -258, 98, 172, 20, -200, 132, 6, -98, 164, -74, 12, 40, -48, 276, -100, -124, -70, -108, 26, -38, -36, 64, 202, -40, 8, 242, 134, -104, -30, 172, 276, -290, -72, 18, 24, 246, -116, -236, -134, -24, 142, -84, 62, 0, -92, 172, -10, -58, 154, -210, 46, 126, 98, -242, -222, -14, -172, 394, 18, -248, 38, -22, -86, -50, -66, 44, 62, 112, 10, -36, 28, 34, 174, 10, -16, 8, -174, 112, -84, -50, 226, 140, 126, 152, -46, -20, 96, 26, 90, 44, 154, 174, -26, -104, 342, 112, -80, -136, 88, -18, -110, -78, 0, 106, -258, -74, -106, 0, 198, -224, -36, 96, 116, -2, 152, 156, 248, -6, 148, 84, -124, 100, 194, -32, -88, -142, 48, -20, 218, -78, -6, 56, -116, 80, -188, -136, 80, 152, 192, 204, -40, 96, -36, 116, 86, 288, -92, 18, 88, 44, 90, 126, -60, 146, -154, 74, 154, 158, 40, -98, 212, 46, -78, 104, -110, -72, -60, -110, -34, 128, -286, 220, 76, 0, 136, 134, 68, -38, -72, 74, 218, 68, 176, -222, 18, -128, 134, -6, 20, 66, -104, -50, -48, 4, -146, -106, -100, 94, -22, 52, 20, 14, -126, 110, 106, -20, 170, 52, -188, 184, 12, 106, 186, 100, -82, 38, 14, -62, -172, -206, -156, 28, -126, 240, -10, 34, 4, 40, 166, -14, 132, 92, -182, 96, 32, 24, 108, 26, 78, -72, 168, -36, -48, -106, -56, -152, 28, 58, 144, 188, 268, 8, 140, 122, 200, -50, 320, 124, 280, 2, 0, 8, -188, 138, 74, -128, -10, 2, 10, -156, 104, 136, 102, 92, 114, 166, 78, -70, -60, -90, -232, 272, 164, -92, -332, -112, -44, -24, -20, -128, 24, -168, -168, 92, -204, -60, 50, 0, 48, -6, -30, 2, 164, 54, 162, -198, -8, 12, 72, 84, -196, -16, 34, -78, -34, -100, 40, -90, 20, -34, 84, 66, -218, -62, 72, -158, -10, -178, -52, -68, -210, 168, -112, -22, 118, -70, 74, 24, -112, 90, 16, -54, -24, 88, -34, 92, 40, 100, -180, -116, 164, -160, -30, -48, -66, -18, 162, 168, 126, 172, -60, 10, -126, 40, -128, -4, -50, 84, 52, 74, 180, -90, 68, -96, -136, 10, -110, -10, 56, -38, -188, 56, -158, -4, 220, 28, 198, 16, 76, -58, 4, 136, 46, -12, -126, 114, -122, -298, -162, 178, 278, -144, -112, 244, -22, 88, -180, -20, 144, 360, -26, 14, -64, -148, -36, -14, 214, 126, -14, 100, 28, -98, -70, 136, 30, 36, -92, 92, -122, 142, 208, -112, -14, 182, 76, -172, 154, 6, -172, -100, 246, -94, -30, -116, -80, -106, 22, 102, -62, 192, 28, -130, 2, 
14, 258, 176, 32, -48, 68, 60, 74, 116, -130, 94, 14, 126, -66, -52, -68, 144, -30, -52, -94, 42, 128, -34, 42, -118, 172, -190, -106, -90, 72, 108, -154, -18, 98, 122, -172, -42, -10, 102, 2, -108, 136, 128, -258, -38, 84, 176, 98, 50, -184, -20, 142, 38, -116, 6, -284, 58, -90, 122, 24, -374, 210, 38, 18, 118, 88, 232, 80, -4, -40, 188, -18, -66, -122, -14, 22, -256, -92, 106, 108, -34, -52, -156, 54, 106, 182, -4, 52, 20, -192, -58, 390, -254, 84, 30, 30, 232, 104, -108, -36, -14, 60, 122, 272, -274, 100, 140, 36, 174, 296, -42, 188, -42, 128, 20, 46, -128, 96, 74, -156, 66, -24, 206, 154, -4, 136, 162, -196, -180, -6, -108, -46, 154, 32, -84, -72, 130, -76, 8, 22, 0, -114, -146, 116, 192, 12, -20, 182, 146, -24, 50, 48, 240, -36, 306, -70, 160, 160, -52, -182, 72, -34, 28, -160, -50, 54, -18, 198, 154, -12, -16, 100, 348, -70, 40, -110, 122, 256, 16, 206, 146, 198, 170, 44, -88, -50, -186, 118, -34, 52, 8, -52, -256, 60, -34, -70, 66, 132, -54, 48, -126, 224, -32, -174, 10, 32, 150, -180, -98, -102, -194, 210, 34, 98, -184, -172, 10, 178, -172, -140, 174, -252, -64, -24, 60, 176, 2, -198, 98, -126, 288, -48, 92, -148, -14, 188, -60, 34, -128, 112, 132, -52, 108, -50, -124, 132, -110, 0, 188, 288, 40, -54, 20, -78, -52, 46, -108, 22, 162, -22, -112, 100, 0, 236, 180, 96, 82, -64, -86, 218, -242, -100, -158, 250, -54, 58, -108, -200, -42, 14, -200, -166, -42, 94, 42, -186, 84, -52, -86, 114, 108, -54, 248, -18, 70, -70, -144, -228, 0, -240, -104, 54, -84, -194, -130, -384, -122, 22, 26, 86, -104, 4, -68, 30, 114, 116, 180, -124, -104, -110, -70, -82, -14, 42, -6, 30, 208, 290, -172, -78, 94, 202, 158, 54, 80, 6, 180, -10, 210, 190, -48, 84, -64, 158, -10, -40, -24, -56, 114, -136, 140, -190, 98, -6, -8, 2, -36, 240, 98, 90, 178, -14, 140, -162, -8, -50, 2, 34, 34, 148, -10, -92, 108, 24, 226, -146, 74, -28, -234, 164, -60, -24, 164, -22, 14, 10, 42, 94, 242, 78, 38, 14, -16, -22, 130, 168, 146, 108, 94, -204, 236, 256, 170, 4, -60, -76, 8, 24, 116, -26, 38, 136, 48, 300, -6, 4, 38, 8, 68, 110, -6, 116, 50, 76, 148, -94, 4, 218, 104, 88, -110, -108, -66, -16, -8, -4, -44, 280, -78, -132, 166, -282, -20, 182, 266, 180, -68, 22, 146, 78, 26, 252, -134, 6, 16, 30, -270, -94, -66, 152, 162, -20, 48, -116, -12, 26, -42, 92, 144, -44, -232, 156, -110, 36, 46, 214, -124, -90, 176, -20, -112, -50, 86, 18, -162, 164, 14, -128, 74, -92, 174, -104, 12, 116, -14, 238, -130, -142, 102, 48, 
168, -86, -90, -50, -58, -86, -12, -14, -34, 116, -164, -42, -46, 22, 64, 136, -176, 136, -30, 62, 108, 12, -74, -42, 146, -58, 106, 6, 38, 46, 52, 200, -56, -162, -202, 46, 42, 68, 36, -66, -28, 40, -24, -24, -40, 118, -106, 50, -170, 82, -22, 10, 146, 34, -198, 258, -54, 118, -52, 134, 308, -134, -14, -30, -88, 56, 56, -192, 38, 130, -40, -140, 138, 82, -4, 106, 128, 152, 78, 2, -32, 156, 102, -142, -34, -150, 82, -124, 4, 148, 12, -322, 126, -30, 82, -48, -248, 114, -112, 72, 102, -16, -226, -148, 290, -10, -144, 54, 90, -234, -24, 88, 44, -312, -108, -34, 66, -88, -30, 298, 38, 70, -72, -204, -46, -180, -100, 140, 280, 82, -64, 124, -82, 18, 146, -44, -142, 186, -210, -146, 34, -94, -28, -110, -128, 46, 112, -114, -116, -122, -20, -54, -280, -60, -134, 192, -4, -68, 84, -18, -34, -12, 2, 18, -94, -156, -44, -40, -166, 6, -86, 46, -298, 200, 88, 48, -198, -126, 56, 42, -142, -152, -78, -26, 186, 132, 204, 36, 188, 58, 42, 32, 242, 88, 116, -10, -76, 72, -40, 132, 112, -238, 130, 172, 118, 26, 74, 166, 180, -14, 186, -124, -88, -158, 228, 100, 38, -192, 136, -118, -12, 252, 24, 8, -238, -94, 216, 456, -68, 170, -178, 128, -228, 198, 184, -10, -152, 10, 68, -220, -218, -4, -90, -110, 128, -164, 10, 62, -118, -304, 130, 82, 236, 66, 22, 128, 176, -38, -60, -32, 46, 118, 60, -126, 0, 4, -2, 82, 42, -294, 120, 156, 140, -94, 126, 152, 140, 198, 122, 122, -74, 74, 30, -10, -120, 0, 94, 188, 256, -112, -98, 108, -58, 114, 106, 254, 228, 96, 42, 82, 48, 134, 130, 146, 122, 382, 82, 8, 60, -198, 134, -14, -38, -88, -114, -250, -2, 110, 92, 176, 82, -188, 130, -76, -24, 130, -180, -402, 62, -4, -64, -116, 28, -224, 154, 4, -168, 84, -174, -192, 214, -10, -60, -46, 2, 116, 102, 106, -22, 36, 46, 156, -62, -186, -44, -80, 58, 72, 12, -124, -130, 70, -72, 144, 144, 120, -164, 30, 246, -50, 34, 32, 20, -88, -188, 146, -94, -240, 120, -82, 114, 126, -180, 270, 174, 202, 60, -52, -110, -32, -222, -2, 14, 252, 80, 48, -96, 172, 92, 96, -22, -88, 58, -10, 346, 248, -68, -136, -10, 212, -92, -72, -152, -24, 114, -76, -20, -20, -60, -6, 282, 60, 16, -66, -24, -42, -86, -232, -206, 34, 76, -168, -48, -18, 44, -12, -14, -80, 90, 138, 54, 108, 290, -162, -230, -130, 118, -162, 34, -26, 0, -312, 54, -218, 86, 82, 140, -96, 94, -160, -154, 20, 190, 160, 22, -38, 162, 54, -16, 102, 48, 86, 62, 208, -44, 158, 60, 18, -100, -96, 176, 124, -206, 64, 266, -60, -14, 62, -50, 22, -62, 134, -2, -86, -6, -84, 4, 128, -146, -54, 
-166, 212, 144, 198, -56, 78, 74, 104, 172, -172, 222, 78, 22, -8, 66, -54, 154, 116, 78, -10, -104, 130, -156, 212, -80, 224, -4, 76, 100, 12, 124, -136, 54, 34, -22, 4, 10, -46, -12, 210, -272, -50, 36, -12, 32, 18, -34, -118, 130, 52, 14, -62, -164, -22, 100, 24, 278, 58, 132, -102, -368, 86, -106, -30, 136, 240, -48, 108, -92, -56, -28, 12, 88, -196, -8, -120, -60, -250, -6, 52, -48, -104, 120, 10, -142, -38, -52, 90, 48, 0, -8, 70, 92, 132, 128, -30, 276, -26, 82, 122, -122, 172, 236, 188, -84, 176, 32, -30, 96, 154, -102, -96, 40, 156, -84, 108, -16, 100, 178, -22, 94, -22, 178, 456, 80, 52, 102, -110, -306, -96, -32, -228, 78, -38, -214, -38, 66, -36, 90, 98, -84, 148, 162, 34, 138, 42, 8, -80, 236, 62, 16, 50, 146, 58, 92, -4, 134, 102, -118, 156, 80, 54, -48, -10, 108, 88, 12, 34, 86, 120, 132, -170, 180, -204, 98, -176, 64, 164, -42, 14, 96, 110, 282, 192, -164, 24, -104, 74, -172, -78, 2, -36, -64, 12, -34, -44, 52, 50, 0, 0, -36, 252, -16, -114, -244, 28, 138, -138, 42, 60, 4, 42, 68, 134, -204, -58, 126, 118, -116, 178, -54, -170, 92, 54, 170, 16, 136, -274, -78, -208, 280, -140, 186, -94, -130, 120, 216, 22, -92, 186, 136, -2, 208, -154, 72, 124, 36, 118, 112, 334, -224, -170, -208, -186, 30, -126, -42, 170, 162, 52, 24, 52, -46, 40, -134, -76, -114, 72, -4, 128, 6, -120, -4, -26, -142, -122, -112, -234, -86, -172, 38, 60, -90, 110, 246, 36, 76, -6, -80, 16, 30, 76, 160, 112, -20, -108, 26, -94, 230, 170, 176, 62, 44, -98, 126, -200, -58, -18, -24, 106, -180, 80, -94, 62, 24, 198, -18, -170, -32, -296, 70, 208, 124, 82, -46, -76, 136, 208, 46, 100, 44, 158, 124, 134, -124, 30, 202, -82, 28, -8, -20, 164, 128, -118, -28, 130, -22, -126, 40, 14, -276, 86, -46, -44, -36, 116, -84, 40, 124, 102, 198, -112, -76, 54, -14, 116, 84, -32, -182, -8, -100, 58, 230, 84, 174, -240, 216, 200, -106, 108, -182, -172, 234, -308, -40, -78, -148, -70, 46, 36, 366, -98, 62, -122, 138, 144, -74, 140, 188, 74, -94, 120, -14, 22, -164, -14, 8, 104, 20, -66, 16, 180, 64, 246, -224, 72, 8, -8, 56, 54, -192, -50, -60, 144, 26, -66, -146, 176, -2, 74, 122, 126, 148, 100, 130, 40, 38, 24, -16, 48, -66, -206, -96, 274, 258, 42, -88, 50, 102, 72, 10, 232, 16, 184, -50, -78, -2, -30, -36, 64, 90, 2, -122, -76, 106, 90, -230, -108, -4, 166, 216, 200, 94, -48, 58, -52, -62, -142, 256, 102, -72, -116, 88, 236, -66, 182, -34, -76, 66, 108, 344, -106, 46, -164, 68, 112, 90, -180, 70, 102, 
184, -142, -134, -196, 90, -50, -82, 90, 208, 40, 4, 128, 78, -14, -50, 86, -42, -68, -14, 76, -6, 102, 154, -106, 238, -334, 136, 24, -104, -40, -160, 138, -100, 164, 56, 48, -16, 220, 80, -242, 52, -16, -30, 26, 90, 210, 26, 36, -116, 56, -70, 102, 60, 52, 24, 164, -250, -46, -216, 184, 256, 74, 80, -68, -140, -78, 48, -224, 206, 66, -30, 20, 4, 82, 140, 2, 30, 230, 52, -70, -184, 144, 40, 24, 112, 34, 224, -84, 28, -60, 212, 16, 124, -142, -78, -82, -320, -94, -74, -30, -146, -178, -100, 40, 24, -90, 22, -56, -20, -48, 12, 110, -54, -2, 86, 74, 82, -142, -66, 128, -112, 320, 38, -364, 96, -2, 218, 96, 172, 206, 14, 144, 4, 64, 300, -58, -128, 130, 28, -68, 40, -172, -86, -14, -196, 48, 122, 152, -232, -28, 230, 0, -62, 78, 40, 126, -110, 110, -90, -194, 82, 112, 138, -90, 60, -68, -26, -24, -120, -110, -106, 254, 28, 90, -26, -30, 54, 94, 44, 44, -88, -14, -100, -206, 6, -52, -10, -42, 234, -136, 122, 22, 14, 20, -36, 10, -48, -118, -26, 106, 56, -128, 52, 234, 296, 82, -206, 58, -158, 114, 230, -48, 210, -24, 82, 120, -36, 90, 114, 56, 152, -18, -186, 118, -156, -94, -74, 138, 76, 200, 52, 154, -74, -36, 100, -178, -60, 38, -48, -120, -136, 72, -196, 54, 180, -46, 24, -170, -22, -200, 98, 44, -102, 82, 68, 106, 112, 18, -128, -58, 202, -32, 22, -90, 96, 114, 84, -114, -160, -68, 62, 260, 36, 66, 120, 72, 16, 82, 76, 46, -30, -132, 150, -52, -106, 92, -234, 16, -56, 56, -30, -52, 38, -200, -112, -104, 90, -24, 70, -82, -76, 82, -104, 68, -172, 164, -72, 94, 72, 18, 40, -114, 76, -14, 64, -58, 132, 176, 114, 172, -40, -162, -152, 42, 2, 212, -124, -110, 140, -144, -104, 38, 76, 8, -28, 100, -118, 90, -78, 136, -2, -108, -200, 26, 134, -72, 58, -16, 198, -64, 216, -118, 302, -28, 24, 114, 124, -104, -80, 30, 46, 158, -162, -186, -88, -58, 10, -96, -182, 144, 22, -28, -106, 8, -176, 232, -20, 46, -4, -2, 308, 360, -98, 268, -38, -22, 46, 40, 126, 88, -46, 98, -72, 106, -120, -28, -8, -16, -24, -52, 22, -180, 134, -126, 122, -60, -18, -46, 106, -6, -164, -32, -104, -128, 344, -232, 124, -118, 8, -68, 34, 270, 192, -182, 52, -82, 74, -26, 244, 38, -76, -262, -180, -150, -56, -38, 92, 62, 6, -116, -58, 228, -44, -48, -68, -62, 206, 80, -172, 48, -58, -142, -82, 58, 198, 90, 214, 48, 96, -132, 32, 18, -60, 212, -106, 126, 246, 160, -2, 32, -160, -82, 120, 38, -158, 6, 76, 136, -42, 140, 264, 124, -228, -26, 216, -136, -24, 12, 56, 38, -134, 126, 66, 48, 134, -54, 66, 198, 20, -88, 
-200, 138, 116, 292, -66, 52, -144, 78, -230, 50, 110, 34, 48, 140, 218, -204, 82, 78, -62, 74, 108, -122, -144, 194, -22, 314, -80, 104, -70, 104, 192, -244, 140, 26, 18, -48, -6, -210, 122, 246, -204, 80, 20, 176, 92, -124, 200, -152, 66, -10, 54, -82, -6, 102, -22, -34, 134, 98, 132, -310, -144, -116, -102, 76, 180, -38, 128, 252, -34, -6, -64, 54, -42, -124, -46, 16, 136, -266, 42, -44, 114, 48, 134, -94, -18, 296, 16, 106, 148, 216, -180, -44, 24, 170, 104, -26, 212, 84, 16, 160, 122, 206, 56, -72, 62, 114, 76, 88, 38, -200, 162, -58, 98, 34, -40, 44, 74, 108, -36, -88, -12, -400, -54, 52, -234, 130, -50, -32, -120, -24, 4, 30, 42, 74, -52, 50, 70, 38, 96, 104, -32, 96, 84, -72, 22, -68, -88, 68, 180, -162, 12, 42, 192, 2, -192, -226, 56, -54, -88, 28, -82, 34, -32, 80, -46, -6, 136, 94, 124, 230, 116, 26, -106, -56, 18, 18, 122, -108, 54, 92, 62, -52, 190, 110, 78, -222, -66, 84, -332, 120, -130, 56, 158, 50, -30, 34, 136, 64, -24, -136, -70, 232, -82, -124, -190, 264, 168, -58, 12, 12, -34, -16, -94, -32, -172, -190, 98, -78, 72, -36, -96, 80, -48, -180, 116, -100, 300, -42, -78, -64, 8, -4, 136, 16, 106, 70, 140, 6, -60, 188, 32, -110, -70, 156, -142, 96, -54, 276, 88, 160, 178, -190, 150, 44, -62, -20, -6, -10, 150, -84, -22, -30, 194, 8, -76, 42, 14, 64, 144, 62, 20, 130, 30, -106, -58, 54, 0, 34, -86, 60, -20, 202, 12, 68, -32, -44, 38, -40, 44, 98, 54, 244, 44, 256, 118, 142, -28, 152, -68, 230, 174, -32, 146, 52, 312, -130, 120, -42, 256, 68, -34, 132, -6, 136, 174, 132, -88, -150, -104, -24, -2, 58, 212, 90, 114, 62, 122, -14, 114, 186, 16, 118, -18, 60, 16, 2, 130, -14, -8, -130, -74, 82, -44, -288, -38, 214, 8, 38, -188, -32, -76, 154, -152, 82, 0, -162, -102, 0, -210, 70, -106, -16, 88, 96, 84, 30, -8, 48, 228, -38, -86, -144, 148, 158, 208, -180, -28, 138, 66, 78, -138, -178, 86, -158, -50, 4, 54, -34, 2, 168, -82, -116, -36, 64, 120, 24, -74, 46, -54, 22, 202, 78, -134, 88, -164, 98, 84, 186, 20, 40, 160, -8, 224, 102, -206, 190, 18, 410, 30, 10, -44, -94, -126, 92, -40, -54, -124, -136, -84, -112, 108, 158, 88, 160, 30, -2, -168, -128, -38, 252, -4, -40, 96, -146, 186, 118, -154, -148, 132, -62, 78, 40, 184, 168, -176, -176, -190, 104, -130, 170, 34, 112, 18, -144, 94, -34, -162, -250, 94, -28, -20, -44, -2, 148, 80, -134, -80, -52, 136, 2, 10, 116, 90, 152, -126, -94, -80, -158, 26, 74, 28, -42, -128, 4, -92, 148, 24, -212, 88, -70, 
102, 16, -24, -266, 144, -22, 102, -94, -120, 124, 36, 128, 46, -220, -334, 164, -36, -28, -60, -252, 40, 184, -36, -80, -108, -246, 50, -98, 30, -160, -152, 226, -124, 20, -44, 48, 16, 84, 94, 72, 54, -78, 164, -80, 22, 30, -30, 194, 110, 28, -192, -30, -206, -68, 20, 104, -168, 28, 4, 314, 86, 44, 186, -10, -148, -32, -52, -378, -180, -54, 86, 136, 10, 32, 182, 164, -154, 248, 86, 236, -84, -158, 0, 28, 62, -260, -68, 98, -122, 4, 310, 52, 66, -196, -112, 184, -80, -100, 28, -274, -92, -188, -52, 104, -38, -178, 40, -100, -68, 308, 112, 110, -126, 100, -58, -128, -148, -58, -4, -14, 164, 414, 50, -80, 240, -150, 234, 90, 174, -66, 52, 208, 174, -146, 188, -180, -8, 34, -70, 10, 82, -18, 44, -40, 2, 122, 128, 76, -72, 124, -120, -94, 56, 118, 290, 66, 20, 130, 86, 180, -82, -90, -28, 10, 120, -132, 124, -12, 14, -88, -114, -6, -24, -44, -38, -42, 92, 86, 70, -70, -24, 8, -12, 192, -142, 238, 222, 76, 332, 20, 164, 64, -128, 204, 44, 86, 38, 0, -30, 92, 140, -120, -52, 80, 290, -386, -192, 106, 72, 132, 28, -50, 130, -50, 176, 98, 82, 154, -22, 8, -158, 46, 156, 218, -224, 138, 18, 198, 98, -102, -98, -40, -142, -70, -182, 28, -308, -174, 178, -78, 16, 126, 32, -70, 108, -70, 142, 18, -26, -140, -64, 88, 86, -112, 16, 92, 40, -8, 62, -26, 346, 96, -32, 132, 48, -80, 82, -136, 50, -8, -100, -28, 76, 10, 104, -82, -98, -42, 32, 90, 12, -122, -176, -104, 60, -2, -10, 150, 92, -66, -12, -60, 48, -2, -22, -204, 144, -138, 164, -204, -160, 78, 78, -102, -216, -42, -182, 114, -86, 164, -20, 76, -86, 60, -202, 8, 54, 186, 64, 84, 80, -18, 78, -122, -56, 50, -56, -74, 118, -58, 26, 0, 30, 120, 116, -146, -10, -24, 124, 236, 176, -96, -60, 98, 86, -90, 156, 70, 246, -106, 216, -240, 44, -98, 72, 114, 154, -118, 244, 142, 62, 18, 62, -10, -136, 168, 38, 22, -142, 160, 138, 152, -152, 54, -178, 130, 6, -34, -94, -90, 284, 120, -98, 52, 102, 14, -200, -58, 36, 92, 30, -62, 34, 60, -146, -102, 52, 4, 162, -22, -170, -36, 204, -62, 210, -208, -36, -192, 12, 208, -24, -8, -68, 0, 286, -202, 134, -246, -104, 258, 16, 2, 134, 82, 110, 134, 126, 188, 50, 44, -234, -102, 52, -170, 118, -28, 42, -32, 154, 160, 4, 102, 114, 134, -88, 40, -8, 286, -166, 118, -210, -56, -78, -406, 176, 72, 188, 120, 264, -46, 116, 38, 28, 304, 102, 128, 144, 292, -28, 112, -126, 136, -26, -44, -158, 54, 120, 0, -262, -140, -168, -54, -94, -116, 102, 116, 120, 240, -132, -142, 90, -84, 54, 100, 146, -154, -16, 116, 16, 18, 
200, -54, 132, 82, -178, 22, 8, 56, -88, 8, 62, -140, -172, 120, 308, -190, -88, 194, 210, 188, -68, -160, -190, -4, 334, 118, 114, 234, 38, 16, 336, 54, 156, 242, -132, 70, 130, 62, 96, -14, 122, 234, -278, 218, -58, -154, -68, -62, -22, 198, 210, -8, 148, 46, 22, -154, 262, -132, 10, -226, -84, 166, -78, 18, 160, -12, -128, 164, 80, 14, 82, -20, -26, -14, 6, -170, 294, -210, -112, -264, 94, -52, 106, 252, 22, 210, 172, -152, -60, 108, -178, -168, 282, 222, -20, -70, 196, -88, 94, 306, 130, 242, 76, -62, 66, 88, 54, 150, 16, -122, 100, -220, 76, -196, 76, 178, 138, 42, 8, -30, -114, -188, -186, 110, -48, 300, -96, 100, 0, 18, 92, -156, 110, 112, -212, 38, 74, -84, 140, 62, 0, 72, 182, -8, -68, 8, -266, -48, 72, -94, 138, 28, 120, 100, -442, -38, 144, -80, -214, -218, 188, 114, 12, -82, 86, 134, -40, 80, 94, 52, 148, 100, -64, 92, -18, 238, -132, -96, 20, 306, 12, 6, 28, 122, 188, -150, -50, -122, -112, 232, -198, 100, 152, 50, 96, 38, 90, 148, 214, -110, 30, 16, 112, -14, -158, 134, 170, 130, -170, -180, -18, 34, -50, 120, -172, -40, -18, -154, 80, 2, -60, -2, 30, -224, 62, -94, 100, -118, -24, 372, 178, 42, 2, 62, 52, -4, 174, -22, 100, 194, 70, -28, 40, 186, -16, 196, -144, -48, 64, 100, 8, 22, -4, 182, -70, -14, 54, 156, -108, 78, -98, -356, 130, 52, -22, 46, 62, 382, -118, 190, 194, -106, -42, 48, -46, -24, 42, 150, 18, -174, -56, 294, -114, 58, 76, -4, -20, 66, -52, -116, 24, 116, -50, 62, 10, 68, -138, 282, -182, 6, 118, -192, 236, 90, 154, -186, 18, 266, 132, -158, 30, 72, -4, 4, 254, 106, 90, -198, 48, -72, -2, 158, 72, -24, 38, -24, 80, 108, 22, 58, 100, 18, 52, 96, -90, 82, 178, 112, -82, -32, -10, 36, 6, 102, -172, 0, -104, 70, -94, 62, -134, 278, -4, 302, 20, 120, -186, 42, -54, -50, -24, 4, -116, 66, 140, -200, -176, -50, -62, -94, -130, -102, 348, 76, 50, 52, 80, 84, 236, 98, -222, 76, 236, -212, -30, 138, 210, 8, -20, 152, -112, -40, -126, -48, 174, 64, -60, 14, -100, 48, -28, 216, -124, 164, -92, 72, 174, 242, 86, -88, 92, 54, 154, -92, -46, 296, -206, 328, 2, -18, 248, 132, -56, -46, 26, 22, -92, 62, 126, -108, 88, 108, 16, 234, -14, 40, 20, -88, 80, -102, 106, -106, -100, -106, 100, 54, 28, -120, 236, -70, 124, -68, 88, 196, 146, -86, -116, -212, -164, 44, 62, 138, 50, -2, 116, -18, 214, -20, 56, 6, -126, 12, 50, 144, 258, 38, 72, 12, 106, 168, 96, 70, -12, 4, -64, -132, -196, -212, 204, -24, -88, 60, -110, 60, 10, 50, -94, 42, -32, 198, 
-80, 108, -32, -18, 126, 72, 132, -80, -132, 46, 60, 146, 142, -180, -236, 68, 36, -144, -270, -132, 150, 14, 210, 56, -104, -30, 28, 50, 116, 110, -272, -60, -32, 72, 84, 4, -20, -178, 0, 220, 74, -12, 304, -150, 0, 210, 106, 12, 20, -32, -142, 60, -274, -42, -6, 228, -314, 154, 60, 60, 102, 80, 114, -10, 86, 206, 12, -94, -46, 186, 56, -54, -6, -28, -86, 98, -206, 58, 192, 36, 62, 44, -84, -68, -14, -166, -178, 52, 32, 32, 322, 108, -294, -102, -46, -10, -6, 184, 18, -96, -74, -130, -46, 130, -114, -28, -36, -190, 44, 112, -138, 130, -178, 240, 84, -96, -138, -154, -36, -194, 46, 110, 292, -144, 222, -276, 156, 60, -162, 156, -102, 18, -170, 112, 260, -22, 114, -36, -126, 20, -10, -94, -154, -38, 128, 46, 128, 58, 78, 174, -40, 98, 64, -202, 376, -84, -128, 60, 254, 196, -190, 54, 22, 94, 46, -4, 88, 160, 14, 30, -2, -46, -24, -58, -152, -98, -66, -110, 26, -106, -148, 24, -10, 68, -160, -60, -78, 76, 304, -16, 258, -14, 56, -76, 14, -26, 8, -56, -40, 76, 58, 138, 8, 32, 198, -134, -48, -34, -134, 136, 78, 146, 114, 34, 152, 142, -202, 20, 12, -98, -46, 138, -80, 260, -78, 56, -66, -36, -36, -142, -188, -174, 32, 98, -18, 20, -82, -118, -38, 126, -108, -228, 106, -62, -16, -94, 68, 104, -36, 10, -214, -54, 4, -132, -72, -94, -4, -64, 278, -144, 156, 382, -74, -22, 100, 20, -62, -136, 244, -208, -170, 164, -32, 0, 0, 88, -160, -34, 96, 212, 56, -222, 238, 18, -146, -28, 140, 156, 12, 138, -84, -82, 48, 172, 74, 116, -208, 74, 220, 40, 12, 100, -60, 100, 52, 112, 120, -218, -56, 20, 40, 152, -70, 20, -50, -86, -16, 240, 26, 214, 166, -102, -68, 8, -6, -12, -160, -22, 232, -74, -2, 90, 62, 154, 64, -116, -190, 186, 86, -162, 206, -96, -16, -36, 70, -64, 150, 10, 98, 54, 148, -268, 88, -180, -90, -168, 194, 58, 50, 2, -134, 144, 144, -214, 104, 204, 226, -4, 98, -20, 140, 150, -422, 56, 164, 84, 74, 74, -78, 54, 184, 54, -364, 216, 36, -24, -58, 30, 96, -252, 248, -98, 138, 196, -128, -114, 98, 26, 80, -138, 130, -76, -54, -166, 258, -54, -16, -166, -108, 46, -188, -136, -50, 24, -46, -230, 196, -252, 148, -232, -66, -64, 132, 76, -150, 42, 188, 32, 108, -58, -84, -10, -68, -186, -36, -42, -18, 160, 72, 74, 2, 112, 164, 134, -14, -172, 152, 152, 62, 84, -92, -40, -62, -20, -142, 60, 24, 158, 106, 88, 140, 14, 112, 26, 44, 96, 50, 98, 44, 84, 6, 192, -22, 106, 44, 204, -188, 24, 102, -118, 44, -30, -78, -28, 8, 74, 168, 236, -8, 54, 84, 0, 250, -174, 8, -2, 54, 110, -70, -68, 
0, 100, 136, -12, -126, -50, 38, -14, 42, 74, 106, -88, 160, -2, 272, -14, 78, 80, 390, -18, -268, 2, -74, -132, 62, 80, 52, -72, -166, 14, 298, 250, -2, -148, 2, -114, 18, 146, -92, -58, -132, 10, -228, 2, -32, -88, -224, 102, 144, 50, 154, 90, 136, -78, 8, -28, 40, -308, 202, 16, -226, -54, -144, 8, -128, -86, -34, 80, 58, -36, -6, 168, 118, 58, 236, 74, 188, -214, -228, 78, -26, 118, -58, 46, 78, 68, 252, 8, -56, -16, -250, -76, 30, -42, -26, 110, 84, 56, 40, 2, 140, 168, 164, -74, 176, 118, 100, 146, 106, 16, 144, -238, 158, -220, 22, -234, 78, 92, 296, 182, -80, -90, -82, 20, 4, 152, -16, -12, 66, -158, 62, -38, 114, 240, -100, -38, -170, 246, 22, -120, -12, 86, 238, 162, 8, 80, -316, 44, -36, -126, 18, -156, -54, 230, -250, 28, 0, -266, -306, -282, 316, -262, -6, -208, -174, 18, -192, -88, -32, -60, 196, 174, -28, -6, 276, 60, 48, 40, -76, 100, -18, -58, -10, -20, 24, -24, -40, -40, 76, -78, -240, 30, -134, 16, 62, 242, 20, 74, 114, 70, -124, -64, 106, 28, -86, 290, 54, 12, 128, -12, -180, -154, 142, -4, -30, -60, 88, 32, 102, 84, 132, -62, 118, -36, 4, 242, 230, 208, 92, 376, 14, 38, -48, 114, 54, -44, 0, 208, -18, -114, 82, 168, 26, 144, -34, 152, -122, -20, -8, -96, 116, 18, -152, 146, -18, 124, 164, -124, -124, 248, 160, -78, 144, -52, -6, 22, 102, 160, -84, 200, 258, -34, 166, 132, -294, -152, 266, 224, 144, -96, -62, 190, -328, -28, 262, 62, -148, -74, -40, -218, 64, 176, -134, 0, 84, -204, 134, -14, -206, 0, 86, -126, 76, -104, -142, 32, 4, 134, 136, 50, -12, -152, -38, -4, 108, -112, 224, -214, -106, -118, -34, 114, -70, -142, 30, 8, 156, 180, -264, -36, -84, -158, 54, -10, 96, -20, 72, -46, 112, 224, -202, -44, -110, 68, -136, 16, -72, 24, -86, -8, 12, 334, 120, 154, 46, 22, -32, -16, 98, -128, 128, -118, -194, 86, -80, 218, -36, -2, -126, 80, -232, -74, 424, -178, 24, -20, -58, -62, 50, -128, -58, 88, 136, -98, 140, 70, -32, 40, -110, 196, -118, 42, 48, -186, 144, -22, -58, -2, 82, 260, -10, 162, 44, 30, -44, 20, -44, 74, 68, 94, 456, 132, 14, -58, 220, 102, 96, 292, -30, 132, 150, 84, -10, -14, 162, 124, -6, 308, -106, 42, 50, 80, 46, 154, 30, 64, -46, -186, 166, -104, -40, 36, 126, -40, -38, 82, -48, -314, 40, 56, 188, 94, -70, 4, 144, -218, 248, -268, -42, 80, -4, 220, -6, -80, 22, 112, -86, 74, 180, 136, -100, 46, 120, 54, 22, -152, 166, -16, -130, 8, -14, 130, 412, -12, -6, 92, 26, 48, 92, -8, 104, -220, -174, 68, 2, 240, -132, -72, 112, 230, 
-32, 10, 98, 22, 120, 48, 34, 64, 32, -130, -116, 24, -44, -12, -188, 84, -6, -80, -390, 110, 268, 48, 90, 192, 22, -92, 14, 174, 382, -48, -224, -32, 34, 36, 22, 100, -14, 102, 8, -38, 160, -112, 134, 162, -70, 188, 254, -174, -22, 102, -122, -52, -28, 138, 70, 272, -220, 156, -154, 224, 132, 20, 196, 22, 52, 186, -94, 72, 160, 116, -64, -240, -210, 116, -14, -168, -496, 266, 208, -56, -62, -64, 152, -86, -104, 120, -14, 16, 252, 236, 308, 86, -86, -156, -20, -106, 70, -82, 224, 38, -22, -46, 58, 344, -162, 44, 42, 38, -70, -158, -46, 82, -102, 164, -30, 134, 98, 26, -232, -92, 304, 72, -12, -58, -22, 12, -24, -62, 142, 110, -64, -12, -28, -20, 294, 94, -46, -146, -80, -56, 218, -28, -212, -68, -100, -18, 330, 2, 116, 48, 246, 150, 58, -152, 314, 20, 212, 76, 336, 416, -144, 232, 82, 246, 210, -8, 210, 90, 114, 36, -126, -76, -12, 238, -192, 86, -12, 386, 54, -56, -230, -32, -68, 90, -194, 68, -76, -58, 42, -20, 262, -18, -30, 118, 36, -18, 106, 74, -126, -50, 98, 104, 44, -128, -76, -226, 10, 78, -98, 134, 186, 230, -58, -10, -46, 230, 60, 60, -84, 106, -194, 84, 6, 182, 52, 54, -110, 18, 122, -330, -80, 16, 114, -68, -46, -40, -56, -106, -86, -14, -2, -114, 218, 16, 86, -80, 116, 40, -28, 30, -202, -78, 148, -114, 12, -82, 42, -34, 98, -66, 16, 38, -122, 32, -172, 140, 28, -14, -10, -74, -86, 166, -58, -124, 274, 64, -346, -58, -172, 166, 54, -96, 374, -8, -252, -34, 206, 76, 232, 48, -86, -60, -88, 74, -118, 288, 214, -38, 204, -54, 82, -48, -44, 88, 42, -26, -28, -42, 80, 44, -54, 218, 44, 54, -162, 256, -12, 284, -40, 142, -96, -182, -62, 118, -62, -172, -198, 14, 86, 280, 64, 146, -42, -26, 46, 114, -28, 74, -100, -224, 234, -166, 148, -76, 256, -6, 26, -38, 134, -144, -98, -118, 30, -10, -216, 126, 42, -70, 88, 100, -78, 90, -8, -76, 80, -50, -50, -200, 60, -158, 256, 36, -286, 44, -14, -74, 68, 102, 86, 260, 90, -26, 48, 10, -186, -278, -74, 142, 318, -40, 78, -68, 138, -6, 40, 184, 48, -44, 72, -148, 22, -174, -78, -204, -44, 28, 98, -138, -70, -178, -396, -130, -36, 226, -26, -20, -62, -2, -10, -146, -98, -88, -52, 62, -102, -90, 202, -68, 304, -22, -10, -28, -238, -124, -82, -52, 194, 118, -116, 128, -16, -28, 124, 24, 52, -10, 146, 242, 132, 32, -88, 12, 76, 188, -184, 200, -140, 322, -66, 202, -162, 56, -22, -96, 24, 110, 182, -64, -30, -136, 158, -56, -140, 58, 156, -40, 48, 22, 52, 142, -84, -120, -212, -8, 108, 116, 114, -134, -12, 28, 8, 126, -6, -24, 70, -182, 8, -80, -114, -214, 
148, -160, 4, 110, 52, -32, 92, 28, 38, -28, 50, 18, 160, 174, 138, -66, 70, 226, 254, -106, -222, -54, -138, -118, 216, -250, -48, -40, -144, 62, 166, 26, -12, 64, 74, -256, 128, -160, 184, 24, -40, 114, -44, -158, -116, -108, -10, 256, -46, -14, 104, 12, 26, -120, 60, -102, 246, 84, 242, -210, -58, 76, -264, 12, 0, -174, 208, 12, -78, -180, 32, 154, 368, 10, 72, 36, 438, 34, -180, 102, -8, 278, -142, 62, 176, -158, -52, -10, -108, -188, -226, -86, 244, 286, 76, 68, -78, 158, -94, -152, 82, 266, 52, -168, 50, 144, -162, 68, 94, 56, 250, 98, 146, -68, 52, -164, -44, -120, 122, 186, -178, 20, -118, 230, -86, -98, 128, 140, -6, 36, 140, 34, -4, 120, -214, -144, 12, 224, 52, 96, -128, 248, 190, 24, -20, 34, 96, 134, 56, 94, -18, -132, 58, 88, -80, -136, -126, -38, -288, -248, 120, -200, -54, -120, -208, -144, -112, -154, -166, 74, 90, 110, 42, -196, 4, -70, -202, -250, -66, 198, 236, -86, 138, -216, 272, 58, 38, 42, -42, -32, -166, 192, 88, -10, 182, 142, -12, 10, 194, 112, 44, 10, -156, 112, -22, 166, -2, -28, 136, -120, -36, -112, 46, 156, 188, -162, 98, 88, 114, 62, 82, -54, -36, -64, 150, -12, 212, 86, -160, 192, 88, 18, -134, 78, 160, 28, 94, 164, 48, 192, -22, -98, -136, -212, 184, 94, -146, -74, 156, -100, 276, 30, -4, 70, 172, -108, -30, 70, 40, -120, -74, 92, 78, 152, 122, -6, 46, 148, -16, -54, -106, 40, 150, 72, -64, -84, 274, -82, 150, -32, -36, 274, -328, -202, 346, 164, -208, 30, -278, 96, -30, 110, 154, -6, 78, -96, -8, 174, -76, 104, -142, -10, -2, -108, 36, -176, 34, 42, 64, -72, 36, -92, 72, -84, 184, -236, -106, -184, 222, -182, 212, 118, 68, 116, 50, 130, 170, -192, -144, -64, 226, -184, 166, -80, 208, -10, 96, -18, 66, 236, -118, 290, -64, 70, -208, 28, -26, -44, -98, 164, 162, 154, 106, 112, -112, 124, -82, -66, 200, 78, -2, -76, 206, -24, 140, -58, 116, 186, -280, 280, -28, -110, 208, 30, -18, 154, -180, 46, -104, -278, 198, 64, -88, -6, 194, 304, 128, -24, -24, 32, 18, 114, -48, -36, 148, -22, -68, -20, -46, 116, 50, 144, 0, 74, -6, -48, -62, 102, 42, 84, 136, 38, 42, -24, -34, -48, 132, 126, -88, 190, 256, 94, -4, -22, 52, 256, 46, 48, -110, 104, -86, 104, 318, 136, 264, -6, -144, 20, 18, 10, 22, 108, -162, -42, 16, -6, -56, -86, -116, -36, 20, 96, 4, -374, 70, -292, 118, -166, 32, 140, 202, 82, 90, 132, 90, 182, -36, -12, 138, -130, 96, 272, 102, 206, 20, -148, -30, -92, -62, -68, 132, 100, 108, 66, -112, -162, -188, 212, 58, 120, -64, 68, -124, 182, 132, 278, -34, 72, 14, 152, 
78, 126, 20, 88, -124, -60, -238, 10, -8, 142, -132, 186, -172, 102, -134, 196, 58, -206, -320, 18, 244, 172, 14, -38, -114, 228, 4, 110, 192, -94, 6, 30, -100, 10, 36, 146, -66, 296, -136, -2, -80, -46, 286, 130, 90, -72, 136, -188, 150, 174, 8, -54, 140, 150, -118, -126, -38, -86, -240, 192, -30, -96, 104, -44, 70, 286, -82, 74, 236, 244, -38, 18, -336, -74, 158, -34, -318, -92, 100, 82, -110, -202, -16, -146, -260, 324, -66, -148, 328, 326, 8, 50, -202, -266, -84, 8, 44, -40, 12, 46, -2, -14, 56, 28, 118, -10, 44, -90, 92, 86, -124, -96, 240, -32, 74, 52, 126, 148, -258, 54, 340, 14, 180, -190, 78, 150, -110, -90, -26, -168, 42, -46, -12, -62, 398, -8, 110, -136, -150, -2, -6, -60, -60, 56, -78, -120, -72, 14, -40, -162, -96, 236, -20, -26, 240, 186, 164, 26, 192, 100, -36, 208, 50, 206, 22, 94, 276, 126, 132, 148, -8, 40, -36, 276, -62, 362, 164, 224, 250, -66, -238, 2, 78, 82, -210, -62, -90, -72, 102, 238, 158, 14, -102, 132, -106, -72, 130, -108, 92, 54, -28, 180, 182, -90, 42, 58, 88, 48, -174, 264, 22, 120, 116, -134, -100, 22, 128, 54, -220, -34, 32, 230, -52, 216, -66, 158, -332, -140, 172, -166, -36, 52, 116, 32, -86, 106, -8, -186, 98, -214, 114, 34, 20, 204, -26, -92, 182, 96, 90, 84, -172, -172, 188, -34, 198, 24, 116, -74, 52, 128, 114, 54, -42, -74, -30, 162, 102, -136, 100, -34, 14, -120, 192, -196, 218, 246, -66, -108, -220, 92, -50, -158, 254, 222, -108, -42, 150, 76, 226, -54, 132, -150, -120, -20, 0, 142, 108, 202, 168, -214, 330, 30, 12, 110, 0, 20, -110, -24, 76, 30, -80, 180, -34, 128, -48, 286, 194, -114, -168, 64, -120, 140, -28, 8, 8, -148, -132, -22, 192, -34, -150, 30, -46, 306, 46, -118, -120, 26, 22, -22, 176, -202, 184, -60, 286, 130, -58, -98, 150, -92, -80, 120, 88, -140, 206, -76, 168, -154, -194, -2, -62, 56, -194, 72, -116, 20, 44, -164, 252, 74, -92, 64, 66, -72, 20, 60, -2, -4, 188, 326, -154, -38, 46, 56, -156, 26, -156, 50, 92, 76, 84, 24, 76, -56, -128, 116, -146, 142, 32, -126, 170, -12, 4, -186, 234, 94, 162, -14, -98, 86, -86, -38, 36, -92, 18, 60, -176, -270, 20, 64, -24, -138, -4, 186, -20, 24, -46, 0, 220, 16, 34, -56, -216, 100, -26, 54, 116, 130, -106, 96, 0, -80, -32, 164, -18, -38, -158, 0, 140, -64, -116, -80, -40, 254, -66, 316, -4, -10, -36, 82, -160, -114, -128, -120, -32, 30, 42, -12, -78, 64, -208, 6, -98, -52, 54, 174, -10, -68, -82, 40, -194, -94, -164, -78, 50, 90, 194, 64, -154, 30, 150, -40, 248, -266, 32, -188, 104, 20, -48, -166, 
12, -58, 100, 10, -94, 178, 132, 2, 146, 42, 228, 64, 216, -44, 198, -14, 34, 234, 276, -152, -408, -64, 60, 118, 36, -204, 56, 6, 44, -64, 144, 116, 64, 136, 28, 40, -42, -92, 192, -68, -30, -178, -124, 16, -56, 96, -222, 216, -230, -158, 180, 106, -204, 114, 64, 52, -206, 170, 92, -18, 112, 76, -70, 122, -92, -126, -138, -224, -240, -144, 14, 8, 46, 10, 94, 84, 312, 198, -76, -100, 140, 334, 140, 248, 318, -146, -48, 330, -336, -174, 110, 10, 356, 128, 124, -94, -198, 26, 32, -94, 6, -22, -50, 94, -70, 112, -180, 30, -106, -240, -24, 238, -170, 96, -110, -140, -178, -202, 130, 96, -228, -78, -88, 224, 216, 8, -8, 146, 158, 116, -8, 150, -24, 124, 8, 78, -136, 142, 70, 14, 66, -22, -14, -58, -124, 296, 180, 266, -116, 260, -194, -118, -44, -44, -50, 8, -194, -132, -180, -46, 158, -202, -134, -158, 22, 22, 64, -164, -112, -240, 134, -22, -216, -142, -102, -138, 130, -82, -158, 114, 20, -42, 44, 94, 170, 170, 124, 20, -48, -230, -94, 78, 200, 154, 210, 212, -168, 16, 36, 112, -42, -216, 58, -22, -10, 32, -178, 100, -12, -92, 12, -84, -22, 142, 188, -34, 126, -6, 54, -16, 154, -84, -50, -168, 82, -68, 224, 236, -10, 246, 216, -76, 98, -178, 194, -32, 40, 314, -90, 348, -10, 20, -58, 142, -38, 264, 74, -20, -216, -52, 186, 0, -26, 66, -120, 74, 22, 150, -46, -108, 36, 58, -94, 102, -68, -84, -136, 78, 120, 4, 58, 286, -38, 194, -72, -280, 106, 62, 244, -120, 114, 66, -40, 92, 206, 52, 66, -144, 16, -52, -58, 0, -34, -108, 128, -66, 56, -90, 8, 228, -234, -4, 28, 164, 12, -10, -20, 164, 48, -48, 34, -92, -118, -32, 196, -88, -164, 36, 280, 88, 142, 6, 0, -148, 44, 226, 144, 48, -64, 52, 214, 10, 42, -186, 158, 338, 128, -68, 2, 84, -22, 150, 26, 232, -96, -50, -42, -12, -300, -16, -48, -12, 142, -12, -122, 180, -120, 152, 154, 162, 70, -88, 136, -64, 38, -40, -190, 158, -90, 130, 22, 18, -34, 100, -120, 78, 160, 130, -96, -456, 124, 76, -46, 60, -2, 186, 178, 40, -70, -12, 36, -26, 50, 12, 182, -202, 166, -12, -226, 104, -78, 88, -50, 140, -132, -76, -198, 6, 170, -38, -72, 6, -166, -22, 10, -134, -42, 294, 156, -52, 40, 66, -30, -116, 94, -60, -16, 78, -162, -54, 6, -28, 216, 32, 222, -118, 4, -70, 136, -58, 184, 52, 162, -176, 30, 130, 256, 30, 76, 206, 120, 144, 130, 12, 132, -272, 170, 78, 12, 90, 114, 124, 160, -62, 14, -68, -36, 40, -16, -118, 292, 166, 36, 80, -78, -334, 160, 112, 2, -50, -22, -90, 234, 94, 86, 92, -68, 8, 48, -160, -42, 50, -192, 132, -38, 158, -220, -96, 94, -6, 
-184, 138, -30, 50, 38, -202, -40, 142, -240, 32, -54, -8, -112, 78, -234, -40, -128, -216, -218, 332, 284, -22, -28, 94, -138, 414, -2, 122, -182, 160, 6, -10, 202, 100, 240, -10, 92, 38, -98, 18, 142, 18, 34, -126, 152, -66, -26, -308, 210, 108, -314, -12, 98, 90, -28, 16, -74, -226, 74, -134, -16, -112, 118, -140, 126, 28, 34, 10, 156, 190, -24, 142, 0, 62, -168, 20, -220, -38, 118, 104, -160, -32, -124, 20, -176, 0, 78, -134, 350, 150, -136, -48, -222, 176, -200, -102, 308, 58, -86, 78, 46, 186, -42, -28, 52, -60, 66, 26, 18, 84, -140, -130, 180, 82, 52, -24, -2, 78, -184, 228, 6, 202, 112, -4, -242, 64, 54, -18, -202, -66, 222, -110, 104, -98, 12, -70, 194, -196, -174, -36, -12, 28, 54, 120, 100, -10, -150, -260, -38, 48, 102, 158, 98, -24, 94, 70, 54, 204, 66, 66, -104, 160, 88, 144, 46, 66, -38, 128, 182, 268, -82, -98, 130, 214, 68, 322, -126, 136, 62, -124, 60, 86, -78, 52, -54, 90, -4, 34, 148, 114, 122, -6, -170, -68, -26, -220, 142, -44, 0, 64, -4, 102, 70, -112, -22, -52, 120, -82, 62, 402, -56, 58, 162, -84, 62, -134, -82, 62, 64, -60, 32, 118, 184, 238, -70, -10, -220, -208, -208, -256, -60, 60, -136, 50, -22, 40, -62, -142, 82, -136, 248, 164, 148, -116, 108, -252, -154, 24, 174, 84, -52, -126, 40, 86, -18, 26, 56, -62, 50, 188, 130, -34, 114, -4, -96, 82, 138, -12, 32, 10, 12, -90, 92, -120, 16, 182, 0, -90, 16, 64, 76, -36, -28, 18, -44, -86, 110, -20, 86, 88, 26, -66, -16, 202, 128, -84, 18, 150, -138, -278, 160, 164, -82, -222, 44, -34, 164, -150, 178, 138, 22, 18, 30, 256, -68, 208, 170, 42, -136, 178, -4, 188, -8, 50, 20, -114, -68, 18, 152, 16, -66, 60, -140, 72, -112, 18, -32, 118, 2, -94, -14, -78, -160, -112, 256, 114, 94, 120, 444, 98, 100, 104, -86, -282, 186, 60, -68, -82, -22, -206, -2, 22, -36, 24, -68, 84, 262, -22, -68, -140, 258, 88, 176, 86, 126, -16, 40, -112, 280, 326, 6, -200, 132, -28, 42, -44, -64, 158, -72, -24, 34, 86, 140, -24, 90, 248, 40, 170, 208, 92, -56, 104, 14, -190, 32, 116, 232, -18, -56, 132, -48, 126, 290, 112, -4, 122, 172, -32, -26, 146, -236, -16, 82, 118, 44, -8, -10, -80, 86, 258, 20, -38, -94, 0, -270, 32, 104, 102, 84, 178, -172, 40, -64, 372, 102, -98, 6, 186, -74, -158, -18, 20, -52, 66, -58, 336, -98, -50, 266, -216, -32, -24, -56, -154, 76, 218, -8, -60, -44, 22, -138, 32, 74, -110, -32, 142, -58, -212, 126, 22, -154, -34, -114, 120, -32, 26, 216, -212, 36, -92, -32, 26, 66, -48, -8, 146, 86, 6, 6, -24, 
122, 20, -94, 148, -12, 90, 32, -184, 214, -102, 46, 110, 4, -70, 208, -78, 78, 166, 140, -82, -174, 8, 102, 68, -124, -366, -56, -186, 92, -14, 22, 58, -112, -8, -184, 174, 76, -102, -176, -134, -224, -196, -34, 142, 144, -28, -20, 180, -184, -20, 210, -2, 16, 98, 68, -96, -8, 72, 132, 206, 168, 192, -88, 146, -168, 20, 66, 108, -138, -38, 76, -64, -72, -112, 46, -120, 186, 166, -30, -28, 76, 158, 288, 12, -20, 24, 10, 10, -220, -88, 306, -8, 278, 196, 308, 200, -68, -6, 264, 76, 126, -18, 36, 70, 40, 144, -6, -180, 148, -76, 94, 114, -44, -58, 52, -60, -36, -78, 134, -80, -28, -90, 88, 0, 206, -8, -92, 24, 180, 8, -156, 128, -12, 32, 22, 2, -88, 76, 112, 166, 114, 60, -266, -184, -184, 76, 126, 382, 114, 38, -30, -162, -76, 58, 68, -122, -158, 24, -70, -118, 178, -42, -144, -62, -4, 36, 56, -52, -96, -198, 140, -36, -60, -66, 26, -74, 50, -122, -142, 58, 56, -244, 122, -110, 90, -68, 2, -72, 130, 74, 136, -108, 118, 238, 104, 8, -40, 206, 146, 28, 6, -372, 116, 224, 142, 102, -16, 30, 12, -266, 16, -48, -196, 116, -64, 226, 246, -36, 10, 244, -22, -260, -108, -320, 152, 150, 96, 42, 308, 260, 186, 50, -44, -164, -106, -122, -24, 126, 42, -72, -14, -244, 76, -118, 0, 218, 112, -40, -144, 10, 288, 104, 118, -80, 36, -126, 264, 154, 78, -212, -194, 64, -306, -236, 28, 70, -142, 116, 138, 256, 284, 126, -64, 106, -14, -16, 32, -34, 62, 86, -62, 136, 42, -40, 72, 130, -90, 10, -86, 32, 76, 94, 74, -102, -94, 14, -54, -46, 154, 138, -104, -154, 318, 52, -110, 150, -74, 176, -14, -230, 82, 70, -170, -164, -12, -122, -262, -30, 240, -14, 38, -104, 0, -110, 32, -126, 114, -128, 30, -74, 130, -70, 64, 54, 100, -60, -16, 20, -2, 250, 24, 138, 294, 112, -68, -40, 28, -84, -236, -44, -86, -78, 134, 90, -180, -30, 168, 8, -102, 306, 16, 52, 24, 28, 22, -248, -252, -32, -18, 10, -268, -38, -58, -196, 2, -2, -44, 98, -140, -166, -178, 178, -108, 164, -54, 172, -20, -120, 2, 76, 52, -90, -82, -92, -32, -166, 104, 212, -52, -6, 70, -62, -108, 136, 32, -210, -250, 4, -104, -176, -70, -22, -110, -56, 14, -292, -220, 94, -12, -102, 216, 40, -70, 92, -124, 154, -84, 152, 102, -84, 32, -16, -72, 46, 238, 30, -38, -70, -92, -186, 106, 36, -32, -188, -42, 212, 66, -96, 66, 226, 60, -168, -136, 156, 92, 44, 242, 114, -150, 100, 82, 52, 58, 104, -172, 4, -30, 134, -34, -168, 120, 58, -56, 186, -36, 10, 272, 184, -198, 80, 102, 156, -40, -162, -22, -52, -304, 212, 122, 288, 26, -32, -18, -72, -72, -120, -36, -2, -94, -156, 
-88, 160, 158, -26, 88, 190, -92, 294, -74, 74, -156, -18, 78, 272, -72, 154, -24, -132, -80, 172, 264, 24, -86, -66, 78, 264, 102, 124, 50, 196, 16, 184, 32, 116, 278, 30, 36, 308, 148, 104, 26, 184, -30, 94, -24, 134, 92, -150, 262, 78, -300, -18, -4, -8, -68, 22, 72, -112, -162, -114, -188, -132, 72, 28, -96, -32, -18, -132, 220, 192, 6, 32, 202, 130, 144, 150, -136, -48, 12, -108, 48, -26, -126, 68, 72, -86, -250, 56, 178, -156, -126, 50, -188, -122, -98, -106, -112, 114, -260, -362, 6, 130, -32, 4, 50, -14, -146, 212, -26, 78, -178, -174, -12, 86, 74, -48, -40, 198, -98, 52, 64, -32, -116, -4, -228, 64, 40, 90, 42, 18, 176, -98, 162, -100, -70, -70, 208, -236, -190, -4, 108, -204, 144, 210, 20, 32, -80, -214, 50, -192, 74, 154, 130, -74, -54, 152, 48, -36, 86, 84, -16, 88, -120, 0, 146, -28, 88, 40, 112, 28, -248, 22, 190, 172, -64, 168, 80, 192, 42, -232, 20, 338, -246, 112, -222, 68, 214, 150, 70, -140, -4, 98, 90, -66, -54, 50, 218, -132, -130, 82, -86, 178, -2, -36, -68, -128, 38, 30, -14, 172, -312, 198, 110, -166, 102, 56, -198, -8, -24, -210, -156, 102, 126, 222, -266, -34, 34, -70, -210, -74, -162, -26, 122, 32, -90, 184, -50, -126, 204, 186, -82, 200, 130, 12, 116, -212, 56, -18, 138, 6, -36, -238, 80, -48, 188, 138, -104, -34, 0, 234, 124, 30, 298, 30, -6, 62, 330, -38, 202, -12, -74, -80, 36, -82, 10, 26, -182, 50, 22, -138, 202, -272, 12, -58, -108, 68, 124, -18, 188, -58, -48, 26, 14, 74, 150, -8, -90, 48, -114, 36, 100, 142, -144, -44, 66, -202, 116, -48, 112, 182, -132, -40, 128, 168, 22, 26, 272, -76, 58, 66, -72, 104, -10, 70, -96, -28, -152, 52, -214, 142, 94, 44, 264, -14, -8, 50, -34, 166, -70, -8, -96, -14, 86, -126, -38, -44, -78, 180, 128, 10, 152, 10, -26, 160, 80, 30, -198, -14, 178, -98, -18, 108, -136, -42, 90, 232, 166, 16, 110, 110, 180, -20, -54, 242, 52, 82, -90, -106, 34, 6, 158, -174, 158, -52, 172, 52, 60, 114, -48, 124, 20, 136, 26, -48, 8, 140, -40, -120, 168, -120, 34, -54, 120, 0, -100, 136, 152, 268, 24, 204, 138, -182, 128, -34, -66, 272, 318, -162, -50, 136, -18, 18, 102, -46, 36, -72, 138, -76, 88, 128, -204, 2, 246, 40, 110, 40, -6, -54, 78, 128, 118, 24, -16, 284, -8, 64, 184, 154, -66, -150, -162, 160, 248, -160, -56, -90, -26, -82, 194, -12, -110, -122, 56, -76, 36, -94, -54, -48, 142, 162, -40, 44, -40, 86, 82, 44, -162, -148, 300, -134, 28, 38, -22, 214, -66, -196, 112, -74, -58, 100, -66, -54, -76, 46, 170, 54, 160, -164, -38, 186, 
-236, -46, 98, 172, -92, 46, 142, -134, 176, 10, 44, 52, 36, 18, 174, -206, 12, 32, 166, -56, -198, 4, 114, 56, 74, -182, 52, -120, -36, -184, 50, -58, -122, -130, -190, 94, 42, -204, -164, -86, -176, -76, 76, 120, 226, -152, -26, 100, -116, -56, 184, -116, 64, 50, 178, -100, 122, 98, 164, 120, 262, 168, 10, -86, 280, -48, 0, 244, -66, -88, 114, -4, -74, -318, -118, 176, 52, 118, 24, 334, 20, 116, 140, -76, 144, 82, 192, -112, -292, -72, 194, -36, 76, 108, -46, 282, 212, -74, 208, 268, 134, 106, 100, -34, 0, -8, 434, -238, 196, -120, -38, 60, 122, 12, -52, 134, 24, -50, 146, -196, 66, 6, 184, -48, 100, -68, 44, 26, -28, 2, -134, -64, -232, 112, 112, 50, -116, 116, 72, 52, 0, 144, -194, -64, 82, 20, 238, 26, 8, 86, 22, -166, -82, 22, 8, -34, -138, 64, -18, -120, 2, -72, 164, -28, -40, 96, -26, -182, -92, 48, 264, 108, -182, -140, 114, 176, 212, -58, 110, 264, 100, -4, 232, -80, 226, 24, -162, 108, -20, -36, -28, -108, 68, -72, 212, 10, -80, 194, 164, 18, -120, -282, -214, 40, 12, 144, 40, 100, 2, -106, 98, -102, 8, 226, -150, -68, 104, 92, -4, 50, 152, 56, 8, -250, 190, -64, -212, 234, 70, 102, 290, -86, 38, 12, 140, -10, 262, 50, -120, -12, 166, 140, 8, 52, 58, 294, -226, 42, 54, 38, 206, 192, -68, 238, 86, -162, 82, 44, 48, -174, -62, -26, -50, -56, 20, 126, -122, 180, -84, 52, 170, 108, 34, 218, 130, 36, 102, 106, 80, 288, -46, 188, -68, -88, 200, -160, 32, 8, -100, 100, 0, -12, -34, -102, -70, -76, 132, -122, 118, 74, 74, -76, -10, 14, 126, 140, -110, -34, 154, -150, 82, 80, -64, -180, 82, 96, -216, -142, -78, 102, 152, -180, -14, 30, 80, -178, 44, -118, 260, -194, -40, 24, 34, 26, -152, 60, -100, 54, 76, 124, 68, 90, 36, 226, 164, -24, 96, -38, -32, 20, 64, -76, 214, 14, -50, -134, 78, 76, -228, 54, 276, 110, 110, 16, -8, -180, -176, 30, -24, 24, -218, 132, -52, -264, 52, -42, -18, 282, 162, -36, -206, 10, -198, 192, 36, 48, 68, -44, 40, -84, -42, 88, -88, 36, 40, 14, 104, 112, -6, -66, -4, -78, -90, 174, 94, -176, -188, -140, -62, -110, -134, 112, 166, 40, 108, -358, -156, 90, -46, 112, -6, -24, -162, 134, 102, -8, 32, 30, -98, -296, 60, 60, -166, 36, -150, 8, 78, 192, 116, -130, 44, 8, 40, -286, 210, 30, -56, -40, 350, 130, 48, 8, -206, 30, 148, 200, 96, -38, -282, 148, -168, 276, 118, 218, -100, -48, -20, -6, -26, -106, 84, -86, -30, 144, -102, 70, -50, 52, -206, -26, 64, 74, -26, -228, 124, 204, -6, -6, 20, -248, 152, -64, 192, -4, -100, 228, -252, 106, 46, 166, 
180, 348, -122, 174, 86, -192, 42, 132, -182, -130, -90, -26, 152, 24, -18, 160, 88, 64, -94, 326, 70, 12, 6, -112, -190, 98, -116, 166, 148, 172, 70, 264, 184, 128, 128, -130, -32, 226, 80, -22, 28, 216, -232, -194, -84, 130, 106, 226, 38, -88, -102, 154, 86, 198, -156, 50, -18, 82, -70, -76, -58, -58, 18, 104, -16, 166, 24, -28, 8, -20, 56, 90, 40, 284, 84, -40, -88, -214, 106, -336, 64, 164, -98, 52, -120, -92, -82, 66, 414, 12, -258, -88, -166, -158, -8, -184, 66, -74, -234, 12, -28, -176, -12, 32, 10, -48, -202, 254, -58, 208, 8, 22, -118, -110, 60, 144, -60, 58, -20, 356, -78, 92, -32, -22, 54, 62, -56, 32, 50, 192, 2, 272, 138, -56, 110, 66, 192, -96, -84, 108, -8, -106, 126, 198, 96, -106, -154, -78, 8, 146, 112, 50, -88, 86, 66, 86, 110, -78, -18, 88, -4, -42, 88, -54, 176, -14, 112, 126, 18, -28, 62, -100, 26, 88, 82, -88, -8, 186, -46, -160, -54, 54, -64, 98, -24, 132, 70, -86, -52, 48, -110, 76, 132, -26, -290, 6, 208, -94, -78, 144, 42, 184, 8, -40, 48, 52, 14, -96, 46, 80, 50, -8, 44, -238, 248, 210, -90, -94, 60, 34, -192, -38, -108, 14, -346, -222, 14, -178, 124, -222, -90, 196, 26, 86, -94, -18, -74, -178, 170, -128, -114, 10, -106, -44, 74, -170, 336, 64, 12, 30, -46, -126, 172, -152, -80, 56, -128, -28, 18, 48, 196, 116, 82, -128, -172, -36, 52, 162, 148, -12, 56, 118, 44, -108, 18, -32, -72, 110, -180, -112, 38, 38, -76, 228, -204, 226, 48, 36, -50, -108, 108, 176, 104, 50, 190, 56, -144, 272, -190, 104, -52, 158, 66, -60, -110, -42, 86, 70, -106, 70, -6, 20, 54, 34, 62, -72, 184, 204, -118, -58, 36, 62, 80, 274, -98, 64, 100, -40, -68, 242, 136, -114, -70, -120, 102, 62, -46, 74, 18, -14, 54, 34, -108, -86, -96, -88, 48, 196, 104, -102, 84, 70, 34, 110, -42, 42, -2, 24, 18, 4, -132, -136, -90, -92, -64, -16, 200, 164, 102, -86, 20, -30, 128, 136, -226, 70, 130, -168, -166, 318, -66, 72, 298, -158, -118, -120, -128, 72, -92, 90, 24, 42, 92, 60, 20, -54, 36, -152, 126, -84, 204, 72, 150, -222, -122, 100, 276, 330, 22, -8, 54, -2, -92, 38, 6, 166, 230, -10, -170, -176, 96, 114, -18, -8, -102, 76, -28, 56, -70, 134, 40, 112, 126, -92, 110, 194, -146, -218, 38, 12, 150, 78, -210, 136, -24, 38, 134, -38, -136, -150, 88, -88, 186, 22, -52, -184, -8, 176, 156, -32, 386, -38, -96, -102, 170, 198, 162, -20, -74, 2, -2, -146, 8, -64, 16, -154, 146, -136, -104, -50, 146, -272, -42, 268, -24, -32, -68, 0, -84, 246, 62, 82, -30, 68, -6, -174, 84, -16, -44, 28, 
-108, -168, 76, -74, -72, 298, -154, -112, 144, 88, 70, 154, -148, -114, -130, 94, 104, 14, 48, -452, 10, 144, 40, 196, 54, -40, 52, -54, -170, -84, -120, -178, 62, -10, -10, 266, 12, -88, -50, -222, -36, -68, 310, 360, 202, 94, 90, -214, -122, -138, 76, 38, -156, -20, 262, -40, -2, -84, 28, 130, 94, -32, 206, -76, 4, -18, -144, -16, 0, -4, 64, -90, 36, -120, -36, -102, 184, 64, 10, 336, -122, -30, -16, -106, 62, 34, 70, -178, -164, 122, 254, -190, 308, 62, -90, 296, -2, 64, 190, 82, -56, 26, 16, -20, -42, 82, 144, 4, -20, -78, -194, -44, 184, 48, -56, 34, 102, -84, 186, -306, 98, -130, 176, 28, -122, -122, 106, 124, -68, 26, -100, -76, -118, 168, -32, 22, -166, 6, 16, -4, -78, 222, 98, -152, 96, -74, 158, -16, 124, -60, -194, -22, 248, -156, -124, -78, -18, 50, -188, -86, 172, -22, -114, 34, 28, -74, -70, -128, -50, 86, -24, 254, 78, 94, -66, 60, -18, -144, 114, -18, 68, -48, 206, -64, 182, -134, 176, -170, -106, 8, -136, -122, 30, 230, 134, 74, -154, -8, 136, -114, 34, -28, 78, 4, 10, -56, 86, 310, 146, -66, 8, -72, 30, 232, -178, -62, 10, 214, -2, 68, 24, -92, 164, -100, 254, 230, 4, 110, -198, 196, 140, -30, -184, -28, 160, 70, 18, -2, -82, 8, 80, 2, 82, 64, 70, 34, -154, 96, -110, 110, 30, 44, -8, 136, -8, -22, 0, 76, 84, 200, -232, 40, -268, 52, 238, 134, 0, 60, 8, -46, 22, 124, -68, 186, -192, 78, 100, -134, 40, 242, -74, 122, 88, 34, 180, -86, 48, 110, 166, 308, 108, -96, -140, -60, -192, -114, -28, 82, -32, -84, 66, -126, 72, 12, 100, -82, -98, 62, -56, -198, 102, -34, 26, 136, 70, -74, -102, -126, -12, 150, -10, 140, -110, -166, 262, -44, 118, 60, 2, -36, -40, 146, 50, 364, -144, -76, 158, -66, 28, -44, 14, -182, 10, 160, 156, -102, -30, -152, -16, 154, 84, -26, 16, -18, 46, 66, 136, -54, 100, 194, 92, 220, 22, -14, 176, 168, 90, -12, 164, 32, 146, 46, 52, -36, 276, -72, 104, 120, 170, -280, 90, 2, -322, 286, -34, -32, 194, -184, 80, 100, 122, -122, 2, -96, 134, 18, -40, 50, 52, 208, 72, 4, -80, 100, -84, -110, -216, -70, 44, 272, -14, 76, 26, 86, 124, -80, 34, 232, 196, 48, 30, -30, 8, -20, 252, -20, -2, -108, 168, -98, 0, 36, -36, -70, 72, 24, 288, 180, -52, -20, 32, 62, 190, -216, 94, 96, -156, 38, 110, 94, -144, 168, -108, -18, -6, 154, 98, -44, 20, -78, -188, -40, 94, 236, -148, -52, -128, 96, 282, -92, 94, 146, 58, 102, 52, 178, -108, 290, -42, 20, -56, 174, 28, 4, -174, 112, 46, -144, 26, -80, -4, 194, 136, -120, 204, 226, -78, 116, 162, -8, 
84, 206, -18, 44, 42, -156, 264, 110, -66, -60, 132, 34, 158, -18, -4, -78, 256, 274, -26, 258, -46, 66, 22, -32, 66, -14, 60, 272, 94, 58, 50, -48, -148, 36, -24, -146, 176, 4, 94, 332, 84, 64, -92, -120, -236, 40, -68, 252, -60, 178, 36, -122, 294, 126, -136, 74, 50, 66, -220, -216, -10, 254, -122, -72, 44, 64, 202, 256, 86, -88, 50, 144, -50, 84, 24, 202, -110, 0, 188, -128, -48, 96, 126, 48, 32, 112, 2, 246, 270, -64, -284, 126, 84, -188, 134, -122, 68, -54, 56, -106, 90, -56, -32, -46, 52, -94, 18, 24, -58, 24, 162, 170, -126, -16, 116, -56, -4, 56, -216, 56, -136, 244, -244, 72, 158, 18, -64, -70, 36, 124, 248, 38, 400, -2, -48, -12, -60, -30, -36, -40, -26, -210, -12, 30, 52, 46, -214, 132, -106, -36, 332, 104, -196, -12, -34, 106, -120, 42, 82, 134, -184, -148, 40, 60, 162, 124, -34, -4, 192, 6, -72, -28, -102, 120, 130, -156, 66, -42, -122, 200, 90, -24, -58, -4, -222, -142, -58, 256, 172, -166, -158, 14, 46, -168, -186, -136, 240, 50, 16, 128, 18, 12, 166, -14, 14, 172, 100, -90, -130, -72, 186, -50, 182, -272, 252, 2, 106, -220, -14, 2, 32, 254, -246, 112, -186, -124, -38, 72, 214, -62, -32, 58, 370, 110, -152, 74, 86, 160, 48, 90, 34, -182, 140, -36, 58, 152, 324, -102, -28, -164, 2, 48, 196, -178, 178, 92, -38, 18, -46, -58, 48, 10, 122, -36, 0, -46, 42, 26, -48, -88, 130, 0, 236, -146, 2, 88, -154, 48, -18, -184, 102, -126, 82, -6, -50, -82, 108, 98, -88, -374, -100, 50, 18, -46, -10, 94, 90, -116, -42, 102, -70, 154, -34, 180, 6, 212, 36, -26, -30, 158, 50, 36, 224, -82, -64, 120, 14, 108, 4, -22, -4, -30, 116, 124, -302, -24, -156, -24, 86, 124, 36, -42, -92, -50, 124, 128, -200, 160, 264, 0, -34, 342, 88, 218, -238, -10, 108, 106, -16, 8, -94, 90, 84, 4, -20, -112, -170, 204, -166, -224, -46, -124, -20, 108, -196, -222, -256, 96, 158, 68, -90, -54, 90, 64, -162, 106, 60, -174, -170, -30, 126, -28, 256, -52, 16, -124, -88, 188, -10, 10, 138, 206, -50, 40, -94, 72, 16, -110, 132, 90, -18, 44, 72, -62, 278, 26, 254, 86, -74, -72, 16, -74, 4, 48, 142, 222, -126, -100, -236, 110, 140, -28, 120, -48, -38, 94, 72, 154, -170, 192, -166, -4, -100, -80, 22, 66, -120, -136, -96, 156, 188, -178, -174, 192, -106, -36, 24, -22, -52, 14, 240, -140, 130, 2, -2, 4, 138, 44, 16, -22, 138, 70, -104, -76, 76, -64, 174, 44, -156, -76, -160, -52, 60, 46, -12, -64, 136, -162, -140, 28, -204, -88, 48, -2, 176, -132, 170, 2, 48, 16, 142, -10, -178, 252, 50, -80, 172, -60, 12, -36, 
-48, -74, 64, 74, -10, 68, -166, 86, 36, 6, 38, 126, -240, 34, -48, 180, -248, -176, 128, 4, 10, -60, -134, 28, -12, -36, -24, -14, -8, -122, -20, 70, -14, -54, 42, -22, -358, 36, 86, -204, 140, -4, 138, 268, 106, 100, 78, -82, -56, -6, -64, 120, -306, -174, 164, 126, 4, -358, -36, 98, -58, -236, 238, -14, 18, -254, -6, -176, -58, 72, -64, -126, 304, 72, -28, -32, 194, 32, -192, 84, -214, 12, -102, 8, -72, 152, -210, -134, -168, 38, 328, -22, 88, 134, -28, 270, -28, 34, -48, -74, 42, 102, -18, 124, 150, 208, 64, 198, 22, 102, -110, -10, 128, 88, 66, 208, 10, 90, 194, -86, 134, -266, 248, 30, 182, 64, 32, 32, 62, -10, 170, 60, -302, -86, 78, -2, 12, -64, 2, 30, -92, 2, 190, 126, 86, -136, 232, -246, 142, 128, -154, -24, 42, 68, 108, -152, -52, -34, -94, -52, 116, 74, -120, 86, -126, 6, 182, 138, -64, 26, 40, 76, 134, -112, -86, 66, -36, 48, 178, 114, 20, -6, 142, 12, 244, 142, -62, -106, -142, 186, 202, 102, -84, 228, 126, 108, -52, -72, -60, -162, -74, 60, 22, 276, -26, -84, 34, 194, 258, 132, -176, 30, -28, 246, 38, 50, -4, 138, 46, -54, 108, -186, 358, -90, 44, 60, 206, 8, -92, 0, -14, -54, -298, -124, 326, -22, -14, 94, -40, 24, -108, -64, -78, 36, 82, -188, -276, 116, 78, 254, 114, 156, -90, 146, -32, -18, 84, 36, 2, -20, 116, 218, 14, 116, -8, -40, -246, 128, -38, -28, -48, -122, 0, 298, -108, -6, 262, -196, 166, 44, -30, -28, -52, -20, 68, 24, -198, -86, 126, 40, 144, -16, 208, 190, -64, 76, -24, 20, -40, -154, 106, -246, 140, -50, 160, -8, 36, -162, 88, -264, 32, -120, -324, 466, -2, 66, 12, -78, 56, 12, -124, -32, 2, 10, 166, -78, 146, -12, 174, 40, -112, 0, 66, 180, -88, -16, 264, -194, -92, -104, -88, -250, -276, -202, 198, 54, -96, 20, 8, 156, 38, -78, -98, -118, 60, -104, 36, -24, 148, 174, 194, 268, 112, -110, 224, 320, 146, -148, 108, 58, 92, 8, 44, -42, 120, -140, 48, 132, 172, -52, -14, 72, -220, 124, -84, 170, -198, -120, 90, -112, -44, 86, 236, -106, 272, -74, -72, 224, -140, 120, 204, -192, -40, 100, -162, 18, -82, -34, -4, 164, -64, 6, 132, 22, -40, -58, 144, 320, 76, 84, 2, 148, -38, 114, -18, -118, -60, -186, 106, -32, 34, 0, 114, 126, 80, 18, -72, 140, 326, 8, -68, 294, -96, -188, -72, -26, -144, 18, 16, -56, -64, 48, -172, -300, -150, 156, 102, 98, 26, 118, -68, 38, 170, 54, 222, -94, -78, 6, 70, -80, 90, -110, -114, 76, 148, 70, -194, 154, 50, 112, 230, 158, 66, 174, -42, 56, -208, -54, -148, 84, 230, 10, 162, -64, -74, -12, 70, 60, 100, 164, 
174, 126, 50, 90, -70, 112, 106, -28, -8, 124, -84, 38, 198, -58, -138, -4, 124, 192, -36, 128, 34, 134, -38, 12, -56, -10, -36, 176, -110, 68, 150, 56, -72, 98, 98, 124, 210, 2, 60, 154, -26, 22, 8, -272, -72, -6, -10, 132, 184, 54, -24, 42, 180, 162, -122, 112, 28, 332, 70, -8, 158, 198, -32, 252, 66, -18, 16, 136, 20, 34, -52, 108, -150, 184, 326, 122, 24, -24, 202, -96, 306, 24, 188, -94, 4, -116, 172, 108, 224, -38, -226, -18, 26, -60, 20, -140, 106, 58, 150, -96, -116, -146, 10, -86, -178, -16, 56, -108, 48, 94, 96, 114, -126, 26, -34, -198, 2, -24, -104, 132, -302, 140, -110, 60, -112, 96, -32, 116, -58, 62, 130, 10, 376, 98, 18, -12, 284, 84, 4, -212, 20, -82, -64, -24, 24, 14, -250, 120, -70, -126, 246, -24, -72, -128, 114, 90, -20, 90, 70, 206, -72, -200, 190, -118, 50, 34, -144, -12, 36, 48, -80, -10, -40, -150, 28, 18, -90, -26, -84, -144, 8, -98, -62, 20, -118, 66, -16, 148, 108, -156, -20, -232, 158, -26, -124, -64, 22, 170, -102, 24, 266, -174, -14, -272, -14, 176, 224, -142, -260, 44, 136, 142, 32, -96, -14, -206, -82, 0, -50, 48, -194, 172, -168, -6, 142, 30, -74, 94, 110, 12, 82, 228, 260, 290, 34, 34, 122, 72, 204, 118, 250, -30, 162, 174, -156, 190, 292, 30, -136, -218, 30, -196, 108, 84, -104, -12, -80, -24, -214, -52, 92, -16, 6, -54, -156, 164, 286, -62, 162, -56, 178, 134, -24, -48, 208, -76, -206, 170, -114, 68, -56, 40, 98, 32, -36, 66, 156, 20, 18, -80, -158, 164, -210, 16, -42, -6, -4, 100, 12, 92, 44, 344, -182, -80, -98, -150, -32, -12, 140, 112, -54, 38, 232, -246, -46, 88, 58, 12, 138, 56, -18, 62, 8, 90, -156, 126, 84, -226, -250, -138, 6, -146, -8, -332, 36, 64, -80, 348, 140, 128, 88, 258, 230, 180, -184, -58, 250, -12, 148, 64, 72, 70, 60, 84, -60, 50, -14, -118, -36, -102, -52, -70, 38, 112, 36, -48, -94, 148, -148, 52, -56, -8, -72, -12, -54, 84, -92, 46, -240, 112, -24, -74, 138, -216, 318, -246, 226, 130, -238, 236, 84, -84, -76, 96, -284, -24, -20, -86, 208, -126, -156, 334, 18, -8, 290, 190, 64, 136, -12, -68, 48, 122, -106, 76, 226, 74, -76, -290, 128, 84, 148, -68, 48, -84, -76, 254, 90, -20, -72, 144, 70, 188, -132, -46, -74, 158, 82, 104, -252, 66, 84, -148, 12, 192, -58, 156, 188, -214, 130, 146, -24, -10, 256, 310, 226, -264, 8, -20, -104, 22, 256, 50, -226, -80, -80, 154, 52, 118, -118, 106, 32, 54, 148, 46, 60, 120, 148, 2, -138, 50, -300, -80, -116, 20, -72, -64, 314, 84, 50, 18, 54, 82, -228, -76, 66, -58, 4, 108, 74, 2, 
-36, -120, 96, 282, -132, 8, -118, 6, -102, 18, 34, 142, -28, -116, 130, 52, -144, -32, 184, -114, -18, 52, 146, 16, 72, 6, -2, -68, 70, -94, -12, 104, 78, -110, -34, 22, -110, 138, -94, -118, 146, 62, 60, 138, 142, 108, 218, 52, -122, 68, 180, 110, -142, -30, 190, 64, -56, -316, -114, -96, -112, -152, 52, -240, -34, 106, 156, 56, 148, -90, 10, -164, 10, 10, -204, -82, 36, 12, -48, 134, -90, 26, -228, 108, 36, 204, 70, -94, -128, -52, 58, 32, -182, -56, -86, 204, -80, -176, -38, 26, 352, 310, -160, 30, -48, 34, -114, 222, 64, 34, -68, -28, 18, 62, -102, 218, -60, 16, 110, 24, 218, 120, 180, 2, 214, 56, -42, 138, 8, -204, -14, -66, -220, -50, -30, -2, -80, -162, -64, 74, 98, 10, 58, -22, 0, -128, 144, -132, -16, 114, -94, 58, 68, 22, -184, -170, 132, 2, 26, -198, 136, 246, -68, 28, 60, 112, 96, -54, -54, -102, 212, -60, 58, 186, -100, 202, 184, 40, -10, 170, 162, 214, 196, 42, 164, -4, -84, -32, 222, 26, 220, 154, 26, 46, 300, 204, 74, -48, 114, 92, -166, 386, 82, 12, 66, -68, 40, 160, 420, -64, -114, 160, -6, 160, 16, 100, 178, 82, 150, 10, 258, -212, 44, -20, -38, 152, -44, 78, 70, 58, -422, -136, -286, -334, 280, -64, -32, -208, -34, -68, -100, 206, 50, -330, 218, -150, -294, 124, 262, 220, 86, 160, -4, -126, 174, -68, 124, 88, 168, 128, 6, 126, 256, 72, 202, 30, 14, 128, 4, 70, -142, 46, 104, 22, -146, 68, 200, -84, 220, -94, 116, -136, -26, 68, 192, -118, 146, -30, 22, 164, 260, -182, 180, 88, -176, -48, 104, 60, -80, -116, 12, -136, 188, -62, 24, -40, 114, 80, -166, -152, 6, 22, -152, 232, -84, 62, 104, 44, 64, -84, 126, 136, 162, -150, 202, -122, 168, 96, 112, 288, -134, 122, 16, 282, 46, 34, 44, -288, 90, -94, -108, -210, -176, -146, 286, -128, -42, 154, -94, 54, 34, -98, 46, 30, 28, 32, 46, 110, -104, 70, -68, 94, -166, -84, 108, 200, 140, 26, 162, 86, 50, -150, 164, 118, 32, -134, 128, 44, -12, 82, 82, 148, -12, 454, -286, 258, -210, -172, 96, -320, -108, -36, 58, -162, 248, -30, 50, -28, -158, -46, 32, -354, -176, -86, -174, -202, -136, 34, 76, 278, 142, -146, 172, -110, -220, -62, 86, 230, 116, 80, -6, 266, -160, 28, 66, -52, -6, 54, 80, -50, 88, -58, 178, 56, -10, -26, -26, 60, 226, 28, 104, 182, -40, -138, -40, -86, -62, 98, -40, 8, -92, 72, -150, -288, -8, 384, 220, -44, -56, -22, -218, 64, 298, 2, 92, -290, -20, -28, 100, 14, 32, 20, -114, -20, -42, -102, -16, -74, 42, -16, 282, -72, 200, 38, 112, 62, -242, -10, 158, -108, -18, 114, 30, 202, -92, 32, -40, 128, 24, 100, 
-22, 90, 138, -190, -52, 78, 18, 56, 106, 84, -162, -128, 136, 64, -56, 182, 120, 170, -336, 120, 20, 62, -70, 70, 50, 128, 292, 36, 112, 60, 78, -44, 42, 64, 54, 302, 62, -174, 64, 28, 124, 96, -54, -170, -176, -264, -178, 46, 114, -194, 24, -18, 64, 10, -84, -122, 86, 26, -22, 4, 222, 210, 46, 270, 96, 34, -244, -22, -206, 128, 148, 42, 334, -34, 168, 128, 24, 90, -70, 32, 92, 82, 150, -80, 92, -104, 16, 184, -82, 242, 68, -174, 266, -28, -118, -52, 266, 96, 166, -104, -16, 42, 136, 58, -36, -8, -88, -182, -14, -114, 90, -114, 66, -34, 176, -90, -82, 38, -40, -76, 66, 142, -44, 10, 96, 64, 166, 50, 58, 122, 196, -36, 66, 110, 58, 54, 238, 210, -14, -152, 12, 112, -24, -96, 152, 304, -40, 188, -58, -232, 96, -90, -38, -58, 120, 120, 50, -120, 4, 80, -72, -54, 154, -132, -60, -220, 16, 138, -56, -6, -126, 248, 66, -188, -52, -124, -168, -138, 240, -220, -106, -292, -150, 66, -18, 78, 74, 0, -164, 14, -110, 18, 38, 34, -232, -116, -14, 108, -104, -112, 72, -210, -176, 48, -176, 228, 134, -158, -166, 54, 110, -68, 162, -168, 26, -140, -104, 62, 56, -12, -90, 214, 18, -24, 116, 72, 28, 14, -242, 38, 266, 186, 64, 114, -38, 148, -166, 144, 40, 52, 202, 16, -102, 14, -248, 130, 56, -136, -228, -188, -14, -116, 26, -74, -138, 222, -6, -46, -182, -72, -180, -94, -54, -44, -202, 16, 46, -174, 36, 180, 10, 12, 4, -64, 344, 56, -76, 114, 68, 40, -178, 312, -82, -40, -110, 98, -156, 48, 190, 44, -84, 120, 16, -42, 196, 0, 112, 42, 110, -10, 30, 102, 36, 144, -40, 18, -36, -152, 40, 152, -48, 42, 48, -176, 252, -120, -56, 42, 94, 72, 50, -88, 68, 248, -106, -144, -34, -232, 34, -160, -2, -226, 46, -288, 92, -162, 0, 260, -124, -80, 208, 214, -6, 90, -234, -48, 66, -118, -40, -34, 82, 282, 106, -32, 186, 120, -140, -268, 76, -182, 22, -26, 176, 66, -102, -188, 174, -114, 10, -124, -64, 226, -62, -24, -6, 158, -242, 132, -48, -36, -20, -90, 80, -386, 184, -240, 144, -100, -62, 322, 142, 2, 6, 102, -204, 110, 100, -18, 118, -20, -242, -12, 206, -110, 132, 218, 202, -48, 94, -190, -218, 166, -32, -8, 58, -30, 100, 56, -26, -18, 42, -44, -68, -2, -146, 154, -90, 24, -144, 132, -152, 118, -258, -32, 78, 72, 70, -32, -18, 86, 4, -224, 234, 118, 62, -110, 84, 146, -98, -68, 186, -122, 128, 288, 108, -194, -48, 46, 278, 118, 146, 58, -16, -158, -96, 130, 48, -28, -28, 86, 124, -116, -2, -34, 108, 68, 120, 154, 18, -114, -84, 18, -30, -46, -74, -42, 166, -204, -56, 240, 52, 4, -32, -98, 114, 52, 24, 82, 224, 42, 
140, -134, -192, -82, 44, 28, 84, -54, 4, -138, -66, 198, -102, -50, 74, -198, -128, -60, 196, 84, 274, -80, 202, -212, 42, -70, -238, -66, -64, 56, -54, -72, 88, 176, -202, -88, 2, 84, -108, 56, 118, -18, 64, 130, 392, 124, 328, 166, -4, -54, 10, 272, -36, -70, 334, 126, -30, -70, 124, -198, -138, 14, 100, -250, 20, -2, 272, 76, 8, 8, -58, 58, -24, -90, -122, 122, 94, 54, 50, 128, 34, -2, -250, 122, 38, 90, 100, 92, 114, 12, -200, 224, -366, 156, 214, 18, -44, -162, -128, 84, -14, -36, -136, 32, 20, -82, 90, 250, 80, 218, -106, 102, 40, 168, -410, 4, 160, -6, -38, 164, 102, -240, -16, 150, 104, 78, -148, -218, -26, 94, -70, 98, -14, -108, -14, 184, -58, -24, -186, 232, -20, 8, 14, 30, 38, -324, -70, -158, 114, 250, -94, -14, -140, 36, -118, -202, -76, 200, -36, -80, 14, -64, -40, 78, 16, 98, -40, -68, 50, -58, 138, -174, 46, 188, 94, 316, 110, -102, -110, 148, -154, 340, 42, -30, -8, 118, -56, 126, 248, -110, 136, -120, -66, 86, 236, 84, 42, -28, 128, 194, -32, 116, 170, -60, 220, -116, -180, 202, 60, -66, -50, 56, -114, 122, -48, 52, 108, 36, 10, -8, -12, -88, 90, 230, 88, -18, -58, 44, 310, 172, -96, 32, -94, 34, 82, -110, 104, -160, -54, 70, -176, -124, 56, 182, 198, -214, 32, 26, 232, -84, 74, 228, -4, 90, 66, -230, -78, 248, 256, 12, 236, -70, 196, -20, 262, -36, 80, 58, 240, 0, 152, 236, -104, 180, -318, -78, 166, 130, -46, -194, 278, -104, 244, 44, 274, -82, 162, -38, -42, -68, -82, 118, 44, -14, -194, 68, 140, 74, -170, 20, -8, -154, 30, -50, 204, -64, 38, -70, -68, 54, -6, -98, -26, 28, -152, -78, 90, -56, 22, 64, -22, 276, 102, -238, 18, 146, -136, 180, -112, 202, -140, 148, 134, 308, 130, 166, 148, -74, 168, 44, -128, -66, 16, -22, 142, 42, 6, 86, 182, -28, -148, -162, -80, -30, -96, -56, 82, 184, -70, 344, 102, 124, 108, 72, -68, 100, -208, 42, -90, 260, 2, -300, 54, 112, -74, -150, 270, -152, -126, -58, -32, 86, -94, 134, -248, 70, 8, 242, 88, -72, -276, -44, 48, -50, 178, -72, -52, 148, -86, -66, 224, 86, -108, 126, -240, -204, -134, 24, 4, 70, 72, 42, 82, -198, 236, 26, -260, -108, 108, -20, 24, 58, -12, 166, 120, -120, 108, 82, 126, -32, 88, -84, 82, 216, -22, 54, -18, 30, 0, 58, 130, 284, -46, 102, -114, 46, -34, -2, 34, -88, -62, 212, -124, -114, -174, 102, 192, -182, -68, 44, 124, -84, 166, 252, -146, -160, 42, -104, -52, 80, -44, 220, -16, 78, 42, 6, 8, -218, -12, 298, 58, 170, -102, -26, -164, 116, -128, 326, 58, -72, 78, 24, 140, 236, -42, -24, -36, -110, -18, -100, 
-120, 128, 166, 110, -18, 76, -88, 262, 292, -24, 20, -82, 110, 64, 138, 116, 200, 94, -184, -48, -68, -14, -76, 168, -34, 204, 112, 206, 142, -90, 132, 156, -106, -64, 116, 78, -34, 60, 144, -28, 66, 90, -114, -136, -146, -18, -286, 54, 14, 60, -76, -88, 90, 126, -208, -20, 32, 126, -116, 24, -50, 152, -46, 406, 84, -8, -68, 46, -80, -44, 134, -16, -4, 110, 10, -88, -154, -44, -12, -76, -34, 106, 238, -162, -86, -2, 20, -68, 210, -18, 60, -12, 360, -104, -152, 64, 6, -84, -54, 90, -56, 242, 116, 128, -166, 58, -80, -88, 54, -36, 316, -84, 2, -172, 320, 144, -134, 26, 170, -214, -308, 66, 28, 60, 56, 180, 308, 124, -36, -120, 142, -62, 4, -124, -58, -158, 102, 76, -82, -142, 108, 26, -102, 42, 90, 196, 122, 86, 280, -196, 226, 12, 130, 128, 212, 208, 360, -68, 328, 80, -204, -88, -50, 98, -16, -12, 2, 210, 90, -6, 70, 140, -60, -20, -156, 170, -86, 172, -40, 22, 60, -208, -30, 42, 96, -104, 16, -2, 58, 184, -80, 60, -184, -64, -230, -44, -52, -134, -164, -52, 78, -124, -258, 134, -198, 404, 262, 50, 70, 56, -6, -152, 234, 74, 74, -46, -170, -22, -20, -44, 74, 120, 10, -62, 30, 18, -18, 40, -82, 30, 220, 34, 170, -30, -28, 150, -80, 86, 166, -68, 60, 14, -4, -112, -280, 210, -226, 98, 62, 126, -50, -86, 14, -18, -16, 382, 12, -200, -24, -18, -186, -56, -78, 260, -34, 112, 34, -14, -74, -94, -100, -60, 2, -34, 266, 84, -16, -158, 88, 106, -86, 74, -18, -102, -118, 160, -50, -152, 68, 46, 6, -78, -82, -162, 28, 174, -66, -54, 186, 96, 78, 64, 40, 170, -240, -30, 120, 124, 174, 20, 2, -30, 174, -144, -22, -22, -42, 136, -152, -54, 226, -226, -96, 218, 104, -36, 68, -118, 48, -64, 72, -16, -108, -250, -270, -142, 172, 136, -160, 46, 38, 156, 36, 286, -22, 24, 92, -130, -296, 114, 120, 88, 94, -52, 122, 110, 70, -50, 198, -268, 4, 38, -246, -138, 66, -56, 262, -102, 128, -194, 10, 158, -66, 58, 42, 128, -60, 60, 38, 112, 60, 48, 142, -156, 122, -84, 58, -214, -156, 90, 48, 64, -22, 38, -66, 112, -72, 6, 40, 94, -164, 20, 258, 42, 270, 172, -38, -42, 24, 126, -134, 84, -98, 200, -204, 130, 234, 44, 150, -32, -46, 94, 140, -84, -50, 30, -106, -12, -204, 112, 20, 20, -124, -98, -72, 12, 162, -60, -48, -22, 52, -86, -18, -34, 144, -18, 116, -8, -248, 134, 336, 24, 242, 6, 120, -178, -100, 86, -108, -98, 114, 58, 40, -282, 166, 226, 38, 192, -18, 152, -40, -294, -42, -126, 68, -96, -90, 206, -44, -60, 130, -198, 42, -30, 148, 66, 166, -144, 114, 142, 136, 126, -68, -152, -118, -8, 6, 26, 54, 44, 
12, -28, -148, -78, 248, -206, 110, -144, -162, 26, 162, -96, 90, -42, -12, -116, -40, 12, 272, 68, 16, 154, 50, 60, -140, -168, -244, -170, 70, 270, 100, -126, -14, 110, -174, 76, 174, -50, -194, -42, 250, -128, -134, 130, 268, 16, 198, 58, -82, -126, 6, -32, 54, -46, 136, -80, 22, -162, 142, -70, 28, 72, 122, -398, -40, 148, 132, 70, 118, 22, 4, 84, -134, 48, -102, 70, -14, -40, 28, -60, 282, -72, -142, 238, 60, 130, 92, -8, -116, 128, 242, 0, -206, 98, 220, 100, -200, -44, 0, -132, -112, -210, 14, -220, 210, -66, 108, 144, -94, 136, -182, 90, 44, 110, -70, 32, 106, -100, 40, 210, 230, 0, 58, -60, 196, -106, 6, -92, 94, 34, -34, 126, 68, -42, 170, 94, 88, 0, 46, 196, 30, -78, 36, 70, -44, -136, 158, 2, -178, 140, -142, -150, -180, -190, -176, -74, -212, 208, -402, -42, 98, 100, 172, -34, 86, 130, -26, -160, -148, 28, 102, -22, -116, 164, 108, -76, 282, -130, -38, 120, 12, 160, 126, -108, -118, 156, -46, -40, -56, 32, 182, 2, 26, -36, 286, -174, 22, 0, 280, 46, 70, 108, 42, -46, 94, -44, -248, 32, 0, -44, -82, 144, -144, -116, 104, 72, 148, -56, 16, 84, -66, 210, 24, 70, 128, -202, 232, -42, 154, 86, -256, 112, -28, 98, 112, -24, -32, 12, 54, -16, 76, 162, -38, 28, 178, -240, 170, -34, 102, -186, -134, -70, -28, 48, 42, -42, 10, 190, 22, 188, 268, 138, 198, -116, 204, -28, -84, 48, 0, -30, 106, -88, 120, -190, -62, -24, -140, 8, 46, -54, 100, 50, -22, 36, 260, -10, 184, 92, -8, -26, -6, -78, 50, 80, -10, -126, -70, -82, -124, -158, -64, -28, 80, 110, 66, -60, -44, -86, -202, -54, -8, -2, -48, 222, 70, 82, 26, 118, 120, -126, -204, 210, 90, -116, -28, 46, 30, 8, -20, -80, -28, 96, 28, -12, 380, 6, -24, -154, 8, 22, 152, 104, -68, -160, 140, -14, 32, 48, 222, 8, 218, -240, -18, 8, -164, 38, -206, 120, -186, 116, -32, 22, 270, 38, 26, 94, -126, 144, -102, 108, 42, 36, 40, -100, -30, -100, 62, -98, -66, -110, -26, 106, 158, 134, -170, -10, 6, 38, 254, 52, 156, 58, -132, 50, -94, -100, 210, 8, -80, -222, 54, 28, -108, -2, -202, -184, 168, 36, 164, 58, 214, 14, 26, -140, 290, -42, -84, 50, 62, -144, 46, 72, 62, 82, 38, 56, 14, 240, 36, -224, -8, 178, 138, -70, 40, 32, -118, 76, -38, -98, 52, 116, 92, -90, 34, 68, -90, -76, 78, -98, -202, -72, -102, -8, -60, 148, 14, -134, 206, 164, -120, 102, 94, 302, -136, -136, -4, -42, -138, -22, 156, 240, -132, -38, -12, 136, 130, -110, 18, 18, -144, 84, 198, 30, -170, -18, -194, 64, -40, -168, -42, 132, -8, 8, 254, -52, 110, -14, 36, 40, 
-74, 122, 128, 118, 114, 210, -80, 148, -104, -156, -110, 192, 120, 186, 220, 140, 60, 188, -158, -54, 78, -132, -222, 56, 208, 138, 184, 120, 86, -20, -8, 250, 76, -18, 158, -88, -12, 128, 156, 68, -146, -18, 200, -126, -156, 74, -238, -80, 68, 92, 96, 142, 124, 54, -144, 214, 10, 200, -100, 68, -16, 46, 78, 200, 156, -16, 6, 100, 48, 0, 54, 138, 12, -2, 50, 12, -50, 108, 194, 304, 6, 66, 136, -164, -60, -24, -96, 78, 192, 134, -82, 180, 214, -46, -132, -80, 156, 152, 76, 206, 12, 118, 54, 190, 16, 86, -130, 20, 50, -130, -96, -54, -52, -138, -90, -216, -74, -20, -206, -244, -24, 94, 2, -36, 182, 100, 16, 260, -268, -34, 84, -228, 168, -28, -116, -34, 190, 40, 18, -60, 80, 206, 44, -18, -12, 42, -108, 98, 34, 30, 144, 0, 72, 52, -126, -56, 132, -24, 176, 266, -134, -30, -32, 150, 44, -128, 120, -34, 330, -74, -68, 130, 26, -50, -68, 248, -56, 104, -62, -64, -74, -78, -106, 70, 142, -22, -56, 36, -60, 16, -130, -40, 0, 36, -142, 294, -108, -88, -294, -88, -6, -16, -44, 144, 38, 114, 254, 14, 54, 114, 154, -66, 126, 190, -2, -12, 30, 58, -14, -128, 238, -40, 140, -66, -4, 82, -268, 184, 4, -120, 16, -184, 90, 86, -120, 16, 128, 88, 8, -20, 104, -182, -54, -48, -112, 196, 8, -22, 30, 260, 116, -54, 166, 22, -200, -50, -92, -228, 102, 8, -182, 86, -42, 168, 24, 36, 122, 26, 28, 2, 106, -12, -106, -48, 32, 154, -32, 8, -90, 182, 16, 106, 54, -10, -118, 74, -36, 14, -28, -48, 30, 66, -136, -132, -54, 26, 48, 114, 116, 178, -8, -58, 132, -224, -150, 84, 12, 348, 112, -60, 136, 24, 170, -116, 58, 26, -138, -26, -220, 12, 162, 2, 62, 148, 82, -10, -64, 2, 102, 152, -104, -166, -150, 90, -184, 118, 14, 134, 54, -102, -36, -76, -286, 210, -76, -2, 124, 58, 4, 28, -162, 116, 128, -156, 188, 24, 168, -30, 38, 80, 34, 92, -144, -194, 72, -132, 162, -84, 192, -74, -14, 0, -126, 310, -16, 44, 6, 90, 92, 34, -96, -28, -98, -102, 304, -66, 232, -26, 58, 40, -190, 16, 40, 48, -26, 24, -130, 72, 132, 32, 62, -34, 22, -90, 14, 158, 94, 18, 26, -68, -134, 22, 158, 212, -224, 238, 106, -28, 10, 118, 80, 48, -2, -98, -124, -144, 16, -256, 84, 200, 16, -176, -36, 234, -72, 124, -56, -38, 82, 228, -54, 14, -14, -8, -224, -48, 58, -60, 62, 200, 234, 30, 0, 238, 126, -106, 56, 262, -82, -130, 34, -30, 70, -178, -12, 176, 122, 82, -20, -26, -48, -52, 144, 14, 120, -26, 106, 206, -84, 8, 94, -160, 8, -30, 170, 92, 156, 124, -102, 186, -54, 34, -86, 72, -220, -64, -154, 8, -72, 12, 
116, 46, -96, -34, 44, -136, 340, -68, 154, 40, 256, -10, -108, 20, -44, 12, 8, -30, 224, 12, -192, 24, 136, 190, -146, -26, -128, 46, 206, -62, -160, -58, -10, 58, -118, 206, 0, -4, -152, -88, 102, 164, -212, 68, 370, 126, 88, 114, 10, -240, -76, 6, -154, 110, 52, -40, 122, -24, 96, -26, -2, -172, -86, -20, -196, 32, 56, -194, 78, 84, 148, -38, -40, 54, -78, -104, 118, -220, -46, -106, 22, 28, 142, 240, 80, -128, 236, 20, -206, -186, 216, 76, -92, 170, 64, 2, -98, -92, -12, -136, 20, -308, 12, -6, -56, -8, 108, -50, 70, -14, -118, 18, -26, -2, 274, 114, 82, 136, 148, 328, -2, -200, 42, 46, -122, -246, 72, -372, 286, -10, 150, 390, -176, 80, 146, 160, -30, 6, -110, 20, 84, -2, -64, 162, 74, 162, 96, -2, 130, -134, -18, 136, 66, 12, 94, -18, -82, -84, -174, -200, 120, 134, 168, -164, 4, 26, 82, 150, -68, -16, -98, 14, 62, 30, 170, -226, 132, -128, 38, -10, 222, 182, -60, 20, -136, 22, 32, 52, -92, -14, 206, -202, 198, 72, 114, -44, -10, 218, 302, -96, 82, 166, -6, -4, 26, -30, -112, 68, 70, -44, -254, 182, -278, -42, -50, 16, 46, 78, -56, 10, -44, 12, -94, 0, 64, -116, 260, -150, -28, 22, 26, 274, 84, 32, 138, -42, -234, 60, 98, -2, 26, 202, 180, 34, 218, -150, 124, -280, -32, -214, -60, 98, 10, 14, 80, 36, 188, 174, 32, 240, 170, 102, -60, -146, 192, 36, -130, -178, -50, 252, -74, -182, 210, 78, 70, -92, 62, 54, 44, -24, 122, 20, -76, 270, 28, -22, -46, 120, -52, 150, -22, 194, 212, 134, 136, -158, 136, -110, -28, -82, -24, 44, -42, 276, 192, -10, 102, -108, 88, 40, 16, 84, -16, 64, -106, -148, 108, -6, 276, 78, 62, -20, 12, 20, 64, 182, 228, -138, -120, 4, 30, 92, 142, 8, 172, -50, 108, -210, 58, 206, -42, 108, 260, -268, -8, 22, -90, -50, 200, 148, 144, 26, -60, 4, -54, -16, -172, 220, -66, -160, -108, -48, 172, 184, -138, 244, -124, 96, 42, 70, 36, 6, 160, -80, 124, -102, 106, 4, -72, -62, 132, 110, 134, -34, -100, -16, -248, 194, -50, -100, 114, 154, -262, -18, -64, -144, 242, -94, -118, -8, -14, 2, 26, 16, 234, 42, -188, 96, -26, 218, -40, -58, -218, -290, 184, -148, 58, -22, 82, -8, -270, -16, 130, 186, 224, 292, 50, 454, 92, 14, -12, 54, 12, -230, 158, -128, 22, 42, -98, -76, 28, 52, 108, 172, 176, -12, 158, 238, -66, -76, -32, 132, -76, -212, -84, 90, 102, -202, 174, 64, -110, -40, -112, 98, 124, 136, 80, -268, 36, 74, 60, 4, -2, 22, 82, 78, 20, -96, -86, -108, -40, 150, 96, 186, 68, -158, -48, -154, 196, -114, -10, 92, -122, 32, 88, 254, 140, 146, 76, -10, 
8, -18, 24, 30, 106, 144, -214, 156, -4, 8, -120, 64, 58, 50, 14, 18, 228, 160, -430, -36, 86, 6, -6, -168, 172, 100, 272, 70, -54, -46, 186, 164, 92, 44, 48, -90, -10, 30, 158, 138, -14, -204, 214, -62, -146, -6, -104, -96, 74, 150, -44, 112, 74, 6, 102, 22, 2, 162, -100, 26, -38, -2, 182, 50, 194, 112, 6, 26, -4, 54, -42, 116, 100, -136, 166, 8, -64, 12, 42, 46, 176, -192, 30, -134, -46, 106, -128, 60, 0, 4, -68, -98, 32, -122, 36, -12, 106, 32, 16, 226, -42, 184, 78, -14, 104, 138, 174, 140, 56, 102, -100, 12, 50, 24, 132, -160, -154, -66, -316, -54, -16, 80, 58, 106, 180, 168, -106, 296, -106, 84, -112, -328, 284, -126, -140, 10, 108, 36, 72, 18, -76, 104, 88, -68, 44, -54, -28, 26, -182, 96, 68, -42, 70, 164, -210, 32, 48, 168, 128, 214, 10, -28, -10, 152, 160, 12, 40, -120, 10, 52, -34, -100, -172, 34, 34, 98, -112, 114, 58, -34, -2, -238, -14, -106, 198, 10, 160, -70, 236, 238, -304, 290, -300, 166, 6, -54, 72, -42, -60, 78, -152, -46, 82, 10, 84, 40, 132, 160, 82, 86, 408, -146, 202, 42, 166, 138, 126, 22, -2, -2, -40, -34, -86, 52, -14, 262, -320, 128, 14, 96, 130, -12, -94, -112, -44, 192, 286, 44, 84, 166, 38, -126, -216, -122, -200, 186, -60, 292, -20, 154, 118, -162, 32, 78, -232, 96, -52, -110, 38, -160, -72, 14, 148, -96, 50, -76, -20, 176, -66, -108, 82, 58, -208, 0, -40, 86, 126, 114, 60, -16, 10, -42, -44, 0, 52, 124, -42, -78, -36, -2, 170, -62, -156, -248, -212, 172, 26, 46, -94, 216, 4, 14, 40, -244, -166, 44, -64, 38, 122, -6, 106, -6, 160, 62, 308, 154, -78, 152, -208, -2, 88, -6, 96, -50, -104, -108, -22, 148, 2, 68, -14, 86, -130, 62, -260, -56, -6, 400, -218, -204, -196, -108, -164, 252, -90, -8, 26, 148, -158, 64, 38, 84, -26, 26, -18, 54, 22, -188, 158, 132, -36, 76, -80, 52, 200, -192, 178, 34, -42, -128, -32, -124, 98, -4, -112, -58, -34, 82, -14, 238, -66, -172, -110, 112, 120, 4, 134, -30, -66, 316, -30, -164, 178, -82, 132, 38, -54, 28, 174, -134, 196, -32, 82, 66, 174, 50, 236, -58, -14, 36, -20, 6, -32, 272, -150, 208, 78, -74, -66, 98, 338, -128, -126, -44, -108, -152, -22, -284, -170, -128, 228, 134, 60, 410, -176, -180, 2, 126, -50, 28, -136, -14, -102, -20, 68, -14, -32, -80, -22, 270, -4, -56, 226, 92, -64, 44, 162, 90, -242, 96, 28, 204, 116, -46, -62, -44, 182, 206, 30, -218, -92, -64, 76, 138, 144, -32, 152, 108, 12, -70, 20, -110, 26, -80, -176, -28, 208, 222, 98, -58, 18, -60, 6, 142, 22, -22, -84, -8, -36, 84, 
-2, 104, 36, -30, 106, 20, 306, -214, 216, -50, 58, 72, 10, 26, -58, 98, -82, -334, 436, -68, -170, -34, 44, 150, 24, -92, -122, -244, 66, 92, -246, -56, -180, -114, 126, 0, 28, -2, -22, -100, 74, 288, -54, 80, 106, 148, 244, 166, 88, -104, 204, -50, -68, 174, -10, -112, 26, -88, 66, 174, 152, 142, -136, 40, -308, -242, -50, 190, 66, 74, 162, 72, -78, 304, 12, 46, 252, 108, -74, 82, -96, 308, 68, 222, 48, -16, 26, -22, 166, 4, -6, 14, -72, 112, 130, -126, 84, 78, 6, -144, 204, -24, -80, 140, -94, -36, -44, -78, 82, -152, -10, 0, 16, 66, -2, 180, 292, 168, 312, 32, 48, 28, -90, -142, -24, -6, 200, 2, -60, 56, 108, 330, -180, 68, -106, -164, 58, -46, 188, 112, 72, 82, 72, 120, 72, 112, -92, -4, 76, 48, -54, 96, -182, 140, 292, 250, 36, 4, -130, -44, 108, -44, -326, -66, -66, 62, -18, 140, 28, 170, 16, 292, 220, 182, 60, -104, 36, 68, 10, 68, 198, 292, -46, 104, -54, -34, -128, 64, -16, -230, 266, -4, 212, -74, -122, 274, 172, 164, 54, -46, 242, -80, -30, 0, -32, -14, 126, -58, -142, 20, -120, -4, -162, -64, -42, -120, -44, 74, -98, 132, 20, 56, 82, -12, 216, -74, 278, 64, -156, 82, -146, 160, 38, 62, 60, -142, -112, -124, -46, -80, 116, 170, 258, 250, 346, -138, -162, 68, 106, -6, -64, -2, 48, 0, 190, 60, 104, 20, -10, 58, -14, 132, -44, 44, -112, 22, 30, -106, -40, 156, -94, -118, 348, -120, 84, 56, 30, 130, 0, -208, -90, 142, -54, -4, 16, -66, 34, 90, 158, 192, -210, -6, 166, 330, 208, -70, 200, 328, 126, -166, 26, 66, -130, 32, 222, 40, 64, -86, -50, 88, 16, 0, 54, 114, -230, -366, 104, -56, 108, 16, -94, -56, -160, 86, 58, 90, 196, -58, -106, 24, 58, -14, 62, -68, 250, 100, 132, -160, 190, -44, 102, 72, 192, -50, 70, -48, 146, -62, 32, -130, -42, 10, 104, 40, 208, 2, 20, 18, 52, 96, 206, -76, -106, -68, 60, 298, 50, 158, 178, 104, -70, 70, -44, 100, 80, 232, 94, 68, -6, -146, -8, 204, 232, -40, 102, -284, -138, 26, 2, -170, 202, 86, -124, 228, -234, 36, 66, 18, -16, 250, -188, -38, -52, -48, -246, 44, 6, 80, 216, -54, 48, 160, 18, -170, 132, -192, 94, -42, 294, 20, -16, 134, 132, 14, 132, -10, 34, 534, 220, 170, -44, -18, -44, -318, 6, 260, 88, -28, -10, -64, 130, 236, 38, -124, -76, 68, -14, 192, -168, -14, 108, 76, -56, -200, 32, -10, -272, -56, 106, -10, 84, -104, -4, -160, 130, 168, -328, 10, -98, 96, 4, -38, -118, 32, -12, 104, -250, 30, 196, 82, -6, 304, -42, 10, 156, 54, -156, -236, -102, 170, 80, 36, -46, -152, -26, 50, 64, 112, 192, 142, 
-68, -64, 6, 130, -172, 94, -60, 148, -84, 52, -30, 12, -78, -88, 80, -58, 140, 266, -324, 204, 78, 276, -42, -344, 70, 142, 108, 164, -104, -86, 416, -128, 294, 148, 68, -10, 44, -2, -32, 280, 10, -98, 58, -126, 28, -30, -70, -114, -80, -120, -180, 182, 6, 198, -94, 140, 18, 204, 70, -56, 2, -294, 80, 126, 248, 360, -56, -84, 84, 116, -34, -38, 28, -214, 22, 20, -94, -94, -28, -84, 84, -148, -50, -320, 104, 220, 148, -82, 164, -64, -62, 78, 92, -140, -10, 42, -72, 214, 52, 62, -116, -88, -204, -30, 90, -108, 164, 34, -104, 144, 32, 154, -32, 186, -8, -96, -162, -2, -198, -10, -48, 32, 176, 154, -138, 96, -76, 126, 104, -130, -130, 16, 92, 80, -60, 216, -104, 10, -16, -96, 40, 62, -72, -22, -138, -24, -2, -68, -92, -78, -4, -76, 44, 4, -148, -66, 162, 14, 64, 132, -170, 108, 130, 8, 16, -70, 72, 78, 76, -114, -176, -52, -236, -194, 84, 92, -8, 16, 238, 178, -30, -304, 134, -206, 30, 80, 152, -164, 152, 70, -66, 94, -178, 188, 58, -286, -82, 38, 54, -18, 16, 188, -46, 30, 28, 22, -38, 116, 12, 8, 212, 42, 216, -70, 180, 122, 120, 2, 56, 42, 16, -84, -52, 296, -74, -138, -112, 226, 148, 12, 292, -58, 58, -80, -128, 10, 262, 138, -38, 78, -18, -6, 130, -208, -230, 38, 48, 18, -174, 214, 2, 96, -42, 24, -82, -46, -162, 42, -40, -56, -78, 58, 88, -56, 28, 52, -186, 200, 194, -34, 182, -10, -154, 278, 84, 58, -96, -156, -144, 244, 262, -72, 96, 232, -34, 206, 90, -24, -196, -282, 94, 102, 18, -80, -116, 264, -144, -194, -66, 94, 56, 26, 140, 24, -204, -56, 100, 64, 126, 14, 96, 58, -32, 92, 176, 332, -220, 122, -40, 196, 98, 128, -88, -304, -154, -88, -166, 116, 240, 228, -114, 78, -6, 58, -300, -46, 62, 92, 46, 202, 26, -14, -188, -154, 148, 8, 0, 16, 100, -22, -64, -48, -142, -28, -208, 18, 124, 84, 44, -176, -112, 178, -34, 124, 4, -144, 56, 72, 40, -130, 106, 220, 148, -210, 10, -194, -198, 160, 24, 140, 260, -362, -232, 70, -218, 66, 236, 208, -66, 222, -146, -138, 92, -94, 102, -106, -294, 146, 168, -74, 284, -26, 120, 142, 138, 24, -64, -34, -310, 84, 38, -36, 90, 226, -102, 206, -52, 404, -42, -194, 12, 46, -174, -12, -182, 6, -138, -396, -58, -48, 2, 44, 244, 300, 22, -318, 88, -110, -38, -32, -44, -92, -36, 230, 12, -20, 108, 178, 250, -36, -108, 34, -72, 266, 58, 160, 14, 166, 58, 6, -46, 30, 46, 122, -78, -90, 300, -30, 8, 26, -66, -36, 154, -234, 64, -54, 120, -58, 26, -32, 240, -46, -94, 6, -16, -66, 72, 96, 68, -104, 10, 194, 146, 290, 170, 82, -158, -84, -100, -84, 
-98, 210, -66, 158, 228, -186, 74, -64, -4, 80, -212, 58, 18, 226, -72, -104, 16, -242, 216, 16, -82, -414, 68, 238, -64, -36, -34, -258, 94, -98, -250, 16, -190, 52, -10, 6, -46, -8, 50, -352, 120, -18, -112, 212, -16, 80, -20, 74, 182, 250, 302, -142, -34, -140, 176, -158, -34, -144, 70, 124, -46, 292, -68, -128, -156, -214, 140, 58, 50, 170, 24, 68, 36, 114, 42, 40, 104, 204, -28, 260, 180, 248, -170, 360, -160, -238, -158, 82, -28, 104, -32, 178, -56, 86, 2, 266, 2, -120, 24, 56, 246, 258, 204, -52, -90, -6, -112, 32, 56, 30, 124, -46, 96, -258, 78, 52, 150, 242, 118, 162, 22, 34, -90, -32, 160, -184, 10, -128, -100, 80, 6, 184, -60, 10, 36, 24, 30, 164, 208, -2, -56, -18, -64, 68, -44, 60, 70, 218, 138, 54, -52, 176, 28, 128, 14, 178, 94, -24, 44, -224, 70, 14, 36, -70, -44, -22, 58, -158, 30, 164, 54, -30, 54, 166, -92, -86, 8, 170, -42, -64, -22, 122, 66, 54, 84, -26, 2, 144, -228, 18, 124, -108, 170, -114, 100, 164, -12, -26, 54, -66, 60, 16, 152, 40, -14, -136, -66, -22, -8, -36, -4, 134, -152, 74, -104, -166, -114, -42, 194, -18, -52, 18, 166, -214, -18, 196, 124, -166, -74, 54, -92, 224, -18, 286, 80, 54, -190, -80, 60, 60, 126, -54, -62, 114, 114, 252, 18, 10, 186, -188, 92, -176, 142, 30, 230, 22, 190, 230, 276, 164, 100, -100, -4, 82, 246, 118, 220, -90, 16, -58, -142, 56, 148, -138, 0, 70, 90, 150, 70, 20, 6, -2, 2, -86, 12, -12, -4, -176, 168, 98, 68, -158, 18, -6, 156, -206, 102, 170, 252, -94, -58, 134, 28, -50, 192, 38, -68, -60, 60, 104, 86, -110, 136, 70, 40, -226, 186, 104, 150, -166, 48, -158, 114, 258, 102, -206, 150, 44, -136, 72, 12, 78, -188, -18, 348, 108, 132, -134, -140, -22, 30, 14, 18, 38, -140, -6, 158, 196, 112, 62, -96, -42, 46, 28, 172, 94, -270, 16, 126, 106, 122, 138, 8, -224, 90, 4, -160, 22, 48, 148, 28, -198, -144, 220, 74, 220, 104, -68, -46, -34, -112, 158, 150, 2, -82, -4, -36, -12, -12, -82, 52, 160, 22, 60, 10, 74, 130, -54, -128, 128, -106, 12, -104, 16, -140, 62, 20, -102, 134, -116, -178, 48, 20, -102, -16, -4, 6, -228, 92, 242, 146, 24, 122, 60, -86, 50, 78, 442, -22, 208, 62, 190, -198, -222, 104, 202, -178, 202, -38, 108, -26, 172, 4, -40, -74, 66, -176, -50, -282, 94, 62, -26, 158, 0, -80, 128, -236, -178, 218, 64, 128, -156, 34, -116, 170, 220, 172, 84, -110, 106, 30, 88, -262, -34, 64, 190, -128, 206, 30, 4, -78, 34, 196, 212, -62, 40, -184, -158, 28, -90, -78, 0, -174, -36, -54, -172, -212, 158, 104, 258, 
138, -124, 224, -32, -294, 68, -98, -18, 96, 28, 384, -22, 64, 20, -66, 164, -96, 100, -188, -56, 156, 346, 66, -256, 50, 76, -22, 234, -132, 88, 162, -72, 156, 178, 56, -28, 170, 314, 22, 218, 162, 20, 32, -32, -50, -210, 22, -24, 48, -90, -130, 118, 66, 124, -184, 94, 116, -22, 182, -70, -26, -320, 88, -54, 192, 132, 146, -144, -64, -100, -64, 16, 130, -6, 20, -74, -62, 68, 218, -60, 74, -2, 132, -196, 108, 294, -54, 10, 30, 48, -52, 14, 126, -182, 88, -168, -26, 264, -6, 54, -126, -164, -138, 48, 120, 112, 104, 176, 56, -96, 148, 178, -98, 206, -122, 72, -100, -96, 124, -40, 110, -2, 4, 110, -6, 402, -106, -58, 120, 88, 44, -38, -4, -14, -48, 176, 86, -124, -38, 8, -196, -38, 138, 34, 36, 0, 10, -108, 0, 154, 82, -186, -34, -94, -178, -36, -184, 150, -18, 106, 50, 34, 152, 134, -60, 238, -74, 58, 50, -126, -12, 36, 116, -240, 124, 90, -106, -110, 112, 0, -98, -132, -202, 36, -182, -90, 120, -176, 290, -226, -16, 120, 8, 262, -58, -178, 128, 40, 6, 114, 14, 32, -50, -74, -44, 186, 124, 28, 30, -140, 20, -194, 128, -52, 92, -8, 6, -6, -144, 148, 16, 30, 0, 174, 150, -70, -246, 24, -8, 158, 202, -18, -44, -258, -18, -42, 306, 122, -82, -90, -176, -92, 42, -230, 50, -18, -18, -34, -116, 96, 92, -4, -122, -94, -316, -38, -44, -172, -226, -26, -32, 152, -20, -58, -82, -104, -152, 50, -22, 4, 220, -4, 94, 140, 40, -20, -24, -90, 92, 16, -48, 134, 162, 12, -20, 56, 66, 230, 134, -80, -30, 34, 0, -6, -32, 294, 72, -156, -4, 142, -20, -32, 66, 258, -142, -2, 346, 16, -102, -80, -168, 152, -48, 94, -22, 72, -266, 44, 30, 154, 10, -30, -80, -260, -26, 134, -38, -52, 174, 8, 58, -190, 162, 26, -246, -120, 6, 84, 110, -24, -90, 208, -30, 62, 60, 48, -68, 38, -100, -76, 120, 88, -50, 22, -42, 28, 64, -112, -4, -142, 114, -140, 2, 100, -176, 130, -2, 46, 10, 34, 24, 142, 90, 36, -146, -106, -52, 42, 26, 20, -4, -194, -86, -30, 82, -90, 156, -2, -78, 76, -40, -220, 48, 26, -86, -56, 68, 106, 32, -22, 72, 204, 76, 138, 150, 50, 102, -42, -108, 240, 120, 20, 40, -88, 94, -22, 98, 48, -70, 190, -118, 172, -14, -24, -12, -138, 138, -234, 80, -110, -26, -154, 120, 224, -64, -346, 222, -38, 44, -78, 142, -128, 84, 118, 298, 140, 236, -6, 182, 104, 4, 102, -154, 158, 228, 14, 240, 346, -82, 58, -108, -8, 50, -88, -168, -210, 102, -84, 118, 214, 140, -58, 158, 24, 136, -168, 14, 2, -14, 134, 46, 122, -106, -60, 42, -130, -52, 334, 54, -60, 66, 68, 160, 118, -72, 294, 74, -144, -104, -194, 
-324, 198, -312, -20, 108, -100, 164, 58, 2, 68, -22, -54, -70, 28, 148, -78, 158, -154, 14, 116, 32, -128, 58, 222, -212, -16, -16, -210, 130, -48, -98, -20, -54, -190, 140, 22, -4, -178, -74, -150, 134, 108, 42, 182, 52, 158, -66, 116, -44, 8, -64, 106, 78, -92, 46, -88, -222, -18, 6, -118, -94, 112, 2, 16, -88, 68, -56, 208, -254, 228, 22, -80, -4, -202, 196, 120, -24, 72, -238, 62, 100, 52, -110, 16, -6, -78, 66, 130, 126, 68, 146, -64, -52, 216, -92, 232, -28, -156, 108, 30, 148, 356, 110, -76, 30, -250, -48, -146, 18, -14, -2, -152, 202, -308, 20, -94, 248, -82, 218, -202, -126, -244, -70, -40, 224, -324, 178, 58, -60, -90, -142, 42, -18, 184, 272, -146, 88, 194, -176, -74, 54, 84, -44, 128, -94, -40, 70, 36, -38, -326, 32, 138, 26, 274, 108, 122, 30, -162, -130, -94, -146, 68, -136, 24, -16, -118, -66, -190, -146, 294, 42, -48, 2, 134, -8, -128, 270, 194, -2, 88, 120, -14, 154, -38, 196, 254, -32, 70, -252, 158, 126, 4, -210, -326, 224, -56, -192, 40, 106, 42, 12, 108, -44, 186, 196, -140, -94, 2, 212, 172, 82, 188, -66, 134, -118, 80, 58, 150, 128, -16, 120, -34, -10, -156, -76, 54, 220, 2, -58, -58, -116, 224, 58, 154, 96, -90, -216, -20, -64, 128, 190, -46, -50, 186, 6, 8, 60, 134, 364, -126, 146, 88, 260, -28, 254, -20, 22, 128, 140, 58, 126, -150, 94, 74, 62, -2, 84, 32, 212, 266, -262, -36, -78, -234, 84, 32, 244, 234, 124, 24, 290, 42, 60, 90, 36, -166, -16, 8, -198, 276, 8, -70, -30, -56, 34, -40, 136, 148, 156, 12, 180, -48, -98, 12, 206, -34, -178, -62, 58, 114, 90, -214, 92, 24, -2, -42, 188, 102, 198, -56, -14, 38, 188, 136, 156, -130, 10, 104, 12, -190, -282, 250, -188, -86, 162, 142, -90, 100, -162, 40, 206, -218, -10, -32, -190, -88, 106, 26, 82, -136, -36, -86, 10, -72, -42, -54, 136, -6, -114, 150, -350, 204, 24, -32, 122, 128, -56, -108, 312, -174, 24, -70, 134, 20, 96, 96, 94, 162, -104, -14, -112, 108, -10, 178, -110, 70, -72, -20, 96, 6, 114, 396, 104, -66, 116, 72, 100, -244, 68, 96, -24, -178, 18, -214, -88, 56, -140, -12, 62, -114, -156, 52, -46, 92, -110, 20, -188, -38, 86, -86, 122, -18, 126, 288, 24, 52, -124, 168, 14, 68, 102, -6, -68, -356, -4, 346, -96, 128, -82, 134, 10, -40, -88, 12, -174, -72, -108, 44, -132, -126, -90, -22, 122, -80, -134, 114, 8, -242, 62, 298, 198, 188, 70, 18, 330, 50, 138, 50, -72, -220, 66, 322, 86, -16, -40, 136, -26, 108, 56, -6, 60, -58, -16, 4, -80, 114, 122, -160, 20, 96, 28, 64, -234, -32, 162, -72, 44, -52, 224, 148, 
220, -42, 114, -76, -112, -30, -190, -32, -276, -74, 38, -166, -38, 22, -108, 128, -60, 24, 56, -40, 6, 10, -54, -264, 164, 0, -40, 180, -30, -2, 104, 96, 74, 148, -98, 66, 30, 38, 66, -76, -2, -98, -92, -64, -252, -148, 84, -160, 112, 110, -16, 102, 96, -16, -30, 236, 100, -64, 158, 68, 68, -210, 220, -78, 34, 60, -16, -40, 22, -84, 228, 170, 28, 156, -182, -82, 22, 70, 166, 52, -14, -162, 52, 98, 62, 24, 136, 34, -32, -120, -128, 120, 82, -44, 36, -50, 172, 118, -134, 130, 68, -268, -34, 58, -30, 230, 110, 38, -70, 28, 2, -2, 98, 282, 58, -16, -28, -14, 164, 286, 272, 154, 76, 2, -330, 238, 50, -146, 314, 58, 4, 144, -122, 0, -92, 74, -16, -142, 288, 290, 268, 64, 124, 2, 92, 10, 10, 112, 26, 232, 20, -138, -124, -182, -98, -206, -54, 126, 72, 104, 110, -40, 112, -66, -36, 170, 70, -28, 140, 98, -164, 30, 210, 180, -218, 222, -54, -156, -54, 60, -66, -30, -212, 38, -24, -64, -20, -74, 196, -24, -110, 40, 136, 268, -144, 12, 66, 84, -58, -8, 120, -116, -2, 26, -148, 50, 52, 224, -110, -52, -44, -260, -54, -142, 40, 190, 62, 58, -124, -44, -20, 52, -78, 54, 26, 112, -44, 62, 94, -40, 130, -84, -86, -104, -158, 258, 112, 40, 8, -214, -154, -178, -122, 56, 30, 62, -86, -134, -192, 84, -302, -34, -112, -16, -194, 26, 146, -108, -74, -100, -42, 126, -50, -66, -40, 40, 84, 190, -72, -144, 178, 120, 50, 50, -148, -148, -52, -180, 128, -56, -186, 4, -166, -254, 106, 242, 174, -34, 310, -52, 118, -38, -12, 46, 64, 172, 110, -230, 44, 0, -174, 118, 150, -182, -50, -54, 160, 102, -44, -14, 86, 86, -80, 92, -26, 24, -42, 190, -56, -126, 146, 156, -48, 90, -140, 200, -14, -42, 28, 292, 132, -60, 238, -6, -24, -124, -94, -14, 86, 64, -236, 92, 62, 244, 106, 198, -16, -192, 2, 86, 68, 44, -122, 4, -58, 188, -70, 30, 100, -24, 94, -336, -114, -30, -8, -72, 42, 60, -272, 120, 26, -104, -108, 94, -48, -102, 54, -162, 130, -46, 48, 4, 46, -178, 232, -70, 244, -50, -274, 116, -186, -222, 4, -20, 86, 102, 56, 174, -30, -94, -26, 186, 126, 194, 56, 106, 4, 42, -38, 44, 98, -222, -24, 16, -68, 32, 308, -44, -14, 196, 142, 80, 100, -208, -94, 8, -8, -42, 116, -122, 170, 120, 238, 296, 60, -226, 62, -326, 266, 74, 40, -158, 40, -10, 142, 208, 188, 74, 174, -14, 50, -70, -182, 24, 56, 16, 120, 272, 152, -228, -10, -106, -42, -64, -70, -154, 72, -90, 100, 58, 42, -250, -52, -140, 14, -104, -32, 52, -6, -2, 116, 244, -126, -120, 152, -72, 138, 8, -66, -40, -32, -74, 6, -72, -162, 42, -10, 176, 0, -166, 
-70, 150, -96, 4, 46, 22, 144, 94, 260, 66, 68, 34, -58, -26, -8, -260, 224, -12, -80, 186, -48, -28, -154, 90, -194, 138, -76, -90, -28, -112, -76, 12, 200, -86, 154, -56, 40, 38, -96, 216, 2, 50, 60, 8, 112, 174, -174, 306, -18, -132, -16, -14, 116, -178, 82, -96, -92, 68, -170, -102, 200, 336, -28, -240, 14, -46, 32, -20, -24, 196, 8, -96, 80, -168, 136, 138, 68, 38, 110, 200, 80, 60, 14, -86, -200, 12, 80, -50, -112, 50, 98, -164, -118, 100, -104, 132, -110, -172, -46, -48, 38, 232, 34, -22, 152, -50, -186, 30, 104, -68, -74, -128, -222, -312, 106, 66, -74, 154, 4, -266, 28, 160, 130, 80, 194, 10, 298, 48, -256, -174, 24, -60, 74, 2, 196, 114, -112, 142, -208, -160, -156, -40, -28, 86, 78, -216, -68, -20, -134, -84, 162, 68, 22, -32, 50, 174, 146, -308, -94, 82, 82, 166, -74, 98, -110, -42, -98, 132, -136, -42, 206, -146, 54, -110, 160, -172, -6, 2, 150, 74, 72, 70, 74, 28, -88, 178, 72, 100, -98, -74, 278, -94, -22, -142, 200, 128, 164, -116, 78, -62, -214, 120, 132, 236, 160, 32, 122, -150, 214, -182, 88, 164, 10, 146, 4, -168, -138, 26, 72, 86, 0, -160, 214, -142, -52, 42, 178, -112, 52, -118, -84, 130, 60, 84, 46, -40, -56, 20, 134, 134, 176, 334, 182, -22, 62, 46, 86, 162, 148, 22, 288, 226, -40, 92, 50, 20, 48, 264, 48, -42, -170, -112, 124, -14, 112, -8, -240, -24, -128, -32, -158, -74, -44, -44, 140, 34, -44, 66, -38, 50, -16, -108, 150, 172, -142, -108, -244, -40, -248, 74, -144, 110, 44, -62, -44, -272, -56, 258, 10, -186, 68, -60, -20, 40, 202, 258, -100, -80, 80, -16, -140, -58, -30, 178, 86, 36, 94, -174, 48, 16, 64, 40, -80, 0, 292, -94, 6, 108, 16, -96, -16, 58, -98, 36, 340, 104, 80, 198, -28, 54, 190, -22, 6, 16, -38, 38, -32, 110, 196, 18, -12, -134, -56, 84, -52, -124, 194, 80, -110, 70, -158, 198, 164, 8, 82, 186, -2, 42, 216, 20, 68, 314, 86, -158, 162, 164, -82, 26, 66, 32, 14, -86, -114, 302, -206, 166, 20, 150, 186, -210, 192, 368, 122, 214, 166, -48, -30, 82, 190, 272, -12, 40, -38, -38, -10, -50, 20, -120, 120, 28, 26, 146, 34, -108, 138, 86, -120, -78, -122, -74, -14, 0, -110, 168, 174, 14, -24, -22, -4, 134, -262, 84, -158, -204, -58, 184, -78, 36, -114, -26, 170, 52, 106, -62, -40, -142, -108, -88, 12, 44, -10, 72, 132, 12, 44, 32, -150, -258, 8, 104, 58, 124, -100, 16, 156, 38, 158, -66, -4, -246, 14, 346, 112, 184, 28, 142, -88, -76, 118, 186, 4, -226, 106, 44, -124, -52, -88, 160, -4, -18, 114, 86, 64, 166, 198, -114, 246, -68, -2, 98, 
76, -8, 92, 62, -200, 174, -10, -32, -136, 52, -92, -144, 258, 104, -126, 148, -240, -30, 96, -8, 24, 84, -6, 110, -120, 54, -16, 100, 92, -8, 84, -62, -18, 70, -116, -12, 28, -88, 198, -68, -120, 32, -90, 44, 20, 182, 42, -26, 118, 60, 60, -80, 168, 328, -116, 154, -14, 194, 92, 18, -88, -226, -32, 120, 120, 118, -20, 24, -148, -2, 48, 250, -130, 44, 134, 12, -68, -50, 38, 88, -26, 90, 26, 254, 222, 48, -14, -34, -28, -144, 14, 28, -152, 18, 130, 100, -30, 144, 88, 178, -62, -104, -48, 54, -48, -32, 184, -82, 6, -16, -62, 50, 278, 288, -212, 36, 22, -96, 46, 270, 48, -38, 120, 16, -140, 108, -56, -38, 204, -32, 82, 72, -68, 132, -68, -94, 52, -170, 202, 232, 14, -58, 68, 84, -12, 118, -52, 170, 58, -10, -150, -102, 88, 210, -30, -70, -18, 70, 12, -74, -118, -194, 308, 114, 184, 280, 148, -284, -60, 108, -76, 416, 32, 92, -236, 142, 122, 18, 30, 16, 114, -28, -18, 64, 18, -132, -8, -94, 92, 104, -170, 70, -44, 318, -184, 14, -148, 170, -38, 102, 242, -112, -140, -138, -118, 124, -60, -38, -82, 218, -54, -68, 40, 6, -56, 124, 236, -10, -128, -72, -24, -122, -144, 150, 176, 74, 12, 118, -108, 170, 22, -146, 16, -226, 14, -6, -44, -244, -12, -120, -222, -332, -16, 52, -22, 80, -120, -2, -28, -44, -40, -80, 106, -100, 88, -24, -44, -50, -52, 68, 214, 106, 38, 8, 46, -34, 150, 0, 160, 196, -48, 216, 18, 58, -230, 146, 136, 100, 14, -146, -4, 76, 10, -158, 78, -2, 268, 50, 232, 226, 178, 128, -60, 152, -88, 166, 122, -96, 166, 160, -122, 154, 288, -132, -120, -136, -36, 46, -2, -24, 88, 108, 6, -214, -16, 30, -36, 116, 18, 16, 82, 108, 136, -30, -400, 42, -46, -150, 26, 46, 150, 46, 88, 52, -124, -92, 2, -236, 8, -14, -34, -156, -86, 108, -136, -22, 56, -122, -98, 114, 6, 236, 64, -84, 178, 118, -62, -70, 198, 54, 208, -134, -134, -160, -156, -152, 60, -126, -140, 248, -24, -176, -68, 98, 10, 24, 30, 6, -22, -28, 128, 82, 36, -156, 154, -164, 116, 16, -36, 112, -192, -200, -120, -162, -64, -28, 138, 14, -128, -256, 58, -128, 68, 90, 112, -190, 30, 134, -182, 58, 170, -256, -180, 238, -72, -18, 250, 188, 142, -18, 34, -28, 56, -128, -248, 24, 100, -58, 178, 74, 214, -90, 182, 102, -98, -134, 148, 106, 264, 186, 44, -38, -112, 202, -46, 10, 4, 38, 30, 66, -50, -16, -108, 76, 108, 154, 102, 352, 216, 64, -14, -172, 74, 84, -58, -6, -100, 124, 0, 142, 26, -316, 110, 56, 372, -6, -78, 12, -16, 8, 88, 216, -132, -102, -6, 92, -96, 40, 104, 134, -206, 24, 10, -56, -140, -172, -220, 254, -158, -164, 
-2, 10, 40, 30, -10, -252, -54, 8, 74, -56, 60, 20, -252, -68, 384, -96, 178, -122, -208, -42, -152, -174, -16, 90, 178, 140, 112, -12, -114, 112, -52, 48, -12, -42, 56, -78, -92, -16, -206, 68, -58, 94, 228, -118, 84, -24, 40, 90, -136, -84, -62, 220, -116, -54, 76, -124, -48, 66, -118, 172, 146, 110, 32, -324, -180, -240, 146, -26, 202, 122, -124, -280, 50, -12, -144, -56, 116, 142, 70, -202, 96, -144, -14, 26, -48, -6, 176, 80, -78, 30, 22, -54, 168, -136, 36, -174, 90, -16, -92, -196, 240, 112, 26, 98, 86, 150, -196, 14, 60, -20, 150, 70, 0, -276, 138, -82, 276, -100, -102, -310, -26, 108, -86, -84, 276, -180, -18, 88, -222, -168, 36, -84, 202, -76, 164, 100, -32, 280, -178, -98, -102, 88, -144, 158, -24, 66, 154, -108, -124, -30, 432, 154, -80, 112, -102, 126, -6, -232, 120, 162, 312, 170, -158, -78, -82, -174, -64, 160, -72, -144, 114, -88, 4, -48, 210, -268, 38, 98, 32, 74, 98, 184, 64, 56, -76, -12, -64, -4, -24, -60, 224, -44, 192, -206, 202, 128, 116, -154, 56, 70, -184, -28, 192, -68, 116, -26, 158, 32, 26, -296, 104, 108, -38, -70, -52, 32, -290, 44, 58, 108, 22, 124, 166, 152, 8, 166, -148, -154, 70, 148, 0, 262, 24, 288, -22, 38, -158, 220, 130, 164, 206, 174, -30, 32, 46, -168, 76, 42, 84, -2, -72, 180, -14, 168, 46, 144, 108, -94, -18, 66, 10, -126, 56, -6, -96, -114, -112, 18, -120, 24, -84, -24, -306, 186, 72, -120, -40, -28, -18, 204, 58, -142, 258, -48, 52, 132, -160, -2, -82, -240, -174, 0, 134, -30, 62, -128, -280, 38, -190, -238, -46, -32, -96, 188, 352, 206, 88, -200, 110, -110, -86, 76, 88, 104, 4, 156, 46, -32, 134, 64, -52, 74, 78, -22, 314, -50, 168, 66, 26, -50, -106, -92, -24, 198, 352, 88, 68, 322, 38, 38, 326, 98, 64, 26, -22, 186, 110, 84, 160, 16, -114, -276, 202, 32, -110, 2, 2, 98, -284, -40, -72, 296, 94, 68, 390, 74, 24, 34, 112, -192, 46, 186, 160, -38, 2, 138, 110, 104, 194, 32, -74, 4, -34, 260, 88, 206, -158, -72, 26, -86, 14, 248, 168, 100, 38, 72, 10, -8, 94, 48, 34, 40, 6, 2, -64, -32, 68, 28, -2, 172, -130, 96, 192, -88, 256, 118, 118, -188, 38, 24, 174, 102, -68, -86, 198, -22, 2, -70, 60, 96, 38, 28, 116, -130, 50, 210, -52, 10, -164, -152, 24, -48, 72, -34, 174, -16, 108, -142, 38, 226, 136, 116, 140, -38, 20, 100, -2, -266, -90, -232, 104, 86, 126, 32, -190, -44, 64, -96, 20, 40, -12, 304, -76, 138, -76, -46, 116, 162, -88, -22, -290, -54, 158, 54, 124, -164, 88, -76, -174, 10, 202, 12, -20, -132, 32, 138, 230, -70, 116, 90, 
8, 20, 72, 72, 132, 340, 140, 132, -66, -18, 162, 152, 166, 90, -206, 92, -132, -64, 54, -116, 82, 46, 110, -78, -226, -90, 90, 54, 12, -118, -144, 32, 108, 130, 80, 80, 66, 114, 184, -144, -18, -160, -14, 12, 52, 198, -4, 26, 90, 36, 88, -124, 26, 50, -102, -90, 90, 224, 80, -162, -56, -70, 18, 324, -14, 170, -10, 110, -214, -56, 194, 352, -16, -14, 10, 174, 110, -48, -32, 70, 40, -132, -152, 60, 108, -142, -42, 54, -174, 16, 20, 52, 36, 58, 70, 132, -108, 12, -8, 118, -112, -108, 72, 44, -136, 70, 38, -84, 22, -22, -204, 104, 18, 296, -128, 130, -546, 142, 286, 180, 148, 12, -40, 74, -170, 208, 74, -10, 272, 122, -90, -56, -38, 116, -72, -40, 296, -30, 130, -32, -38, -128, 74, -286, 120, -56, -68, 34, 326, 226, -226, 112, 14, 160, -36, -50, 20, 276, 132, -84, -228, -180, -24, 186, 68, 108, 164, 110, 96, 160, -28, -54, -32, 110, -252, 292, 104, 94, -116, 28, -182, -38, -24, -16, 60, -224, 110, 8, -12, 40, -210, -2, -100, 204, -80, 124, -50, -116, 180, 92, 310, -64, -36, 50, -150, 2, 24, 154, 20, 160, -18, 66, 138, -12, 48, -200, 132, 166, -12, -188, -60, -142, -226, -122, 200, -54, 260, -106, 138, 80, 10, -76, -36, -218, 44, -22, 232, 60, -90, -192, -164, 78, -44, -10, 34, 148, -44, 30, -150, 78, 196, -232, 42, -44, -96, 46, -120, 60, 42, 78, 6, -28, -46, 26, -12, 126, -42, -96, 162, -24, 68, 36, 292, 64, -204, -26, 140, -20, 148, 38, 56, 206, -216, 42, 88, -18, 240, 32, -58, 102, 248, 6, -256, 84, 22, 76, 70, 164, 190, 220, 6, 16, 112, 12, -316, -32, -112, 72, -96, 28, 154, -140, 114, 0, 12, -34, -86, 42, 4, -70, -202, -138, -98, 196, -204, 138, 18, 60, 54, 52, 244, -14, 114, -120, -336, 132, -160, 122, 6, -120, -154, 2, -144, 122, 102, -84, 184, 80, -110, -68, 66, 172, -88, -4, 178, -66, 30, -32, 22, 60, 84, -110, -118, 26, -164, -28, -102, 66, 54, 148, -12, -54, -122, -86, 116, -12, -30, 240, 72, -42, 16, -68, 206, -152, -56, -110, 234, 66, 150, 64, -90, -224, -44, -28, 46, -114, 78, 146, 140, -126, 34, -68, 198, -42, 106, 4, -130, 106, -46, 2, 306, -136, 14, 52, -244, -116, 18, 208, 48, -62, -174, -126, 102, 26, 150, 42, 244, -122, 46, -186, 20, 60, -198, 52, -194, -96, -78, -104, 46, 186, -80, 138, -30, 44, -16, 54, -90, 136, -30, -116, -178, 8, -130, 122, 34, -144, 134, 244, 122, 126, -44, 2, 112, 14, 8, 4, -100, -72, -90, -30, 76, -116, 64, 80, 30, -90, -138, -34, 8, -168, 340, -58, 114, 80, -176, 294, -264, 292, 150, 88, -144, 12, 12, -72, -8, -28, -126, 206, -96, 60, 
160, 24, -22, -46, -74, -156, -60, -76, 66, 78, -182, -162, 18, -56, 352, 14, 84, -110, 148, 42, -84, 126, 192, -122, 350, 110, -16, 90, 56, 214, 276, -86, 160, -52, -232, 20, 18, -40, -306, 120, 248, 180, 60, 56, 98, 8, -50, 128, 92, -84, -76, 202, 182, 50, 6, 136, -244, -152, 240, 260, 0, 68, 176, -210, 4, -292, 132, 52, 176, -34, -106, -214, -72, -112, -10, -88, -32, 32, 46, -6, 134, 66, 132, -98, -150, 226, 292, -36, 168, -6, 66, 152, -76, 158, 86, -94, 188, 264, 64, -44, 134, 6, -170, -146, 74, 38, -8, 186, 82, -62, 30, 190, 60, -286, 286, -26, 384, -12, -264, -170, -72, 8, -44, -98, 22, -60, -112, -104, -136, -58, -100, 64, 150, -126, -136, 64, -96, 26, -168, -64, -8, 310, -178, 166, 84, 16, 100, -16, -194, -36, -20, 22, -64, -98, 70, 94, -142, -140, 72, -8, 132, 130, 142, -124, 56, -114, -196, -170, -152, 54, -10, 104, 138, -82, 226, -206, -126, -138, 54, 80, 176, -162, 74, 210, 30, 48, -50, -124, 34, -60, 210, -72, 216, -122, 156, 16, 154, 130, -6, -118, -316, 100, 244, -36, 168, -48, -100, 38, -172, -130, -10, 22, -24, -132, -26, 182, 36, 12, 72, 296, -146, 144, 66, 134, -146, 132, -220, 130, -170, -176, 50, 172, 286, 40, -76, 80, -106, -58, -88, 82, 368, -2, 52, -98, -48, 146, -72, 218, 86, 78, -134, -68, 26, 162, -12, -56, 18, -188, 60, 64, 42, 174, 172, -202, 76, -120, -50, 146, -52, 44, -136, 84, -190, 106, 140, -52, 54, 150, -4, 16, 60, -108, 144, -194, 66, -74, -246, -142, -40, -98, -138, -16, 360, -24, -122, 48, -12, -150, -18, 8, 34, 62, -16, 50, 172, 62, 136, 132, 108, -58, 58, 24, -30, -52, 64, 110, 8, 20, -64, 58, 182, 22, 294, -274, 304, -112, 78, -106, -122, 124, -164, 144, -118, 176, 396, -88, 306, 82, 16, 202, 304, 154, 174, -26, 166, 22, -94, 58, 50, 162, -204, -16, 10, -80, -220, 50, -102, 152, -50, 26, -156, 154, -90, -108, 142, -126, -6, -244, -108, -170, 102, 58, 54, 160, -58, 52, -6, -106, -94, -64, 30, 2, -192, 168, 74, 122, 88, -68, 20, 156, 16, 30, 226, 12, 50, 184, -60, -72, -80, 290, 110, 196, 64, 170, -64, -72, 90, -58, 72, 218, -298, 154, 152, -166, 208, 260, 112, -194, -30, -116, 226, 104, -146, 124, -38, 48, -292, -72, 134, 206, -136, -196, 114, -6, 274, 94, 80, 298, -20, -116, 170, 178, -122, -34, -4, 186, 204, -118, -80, -94, 78, -66, 188, -132, -102, -10, 26, 4, -122, 6, 2, -90, -54, 40, 46, 126, -60, -142, 6, 138, -22, 16, 108, 46, 88, 22, 192, -66, -26, 46, 128, 88, 18, -112, 218, -112, 454, -200, -250, -242, 108, -34, 220, -98, -66, 20, -60, -138, -14, 90, 
-4, -60, -30, -98, -82, 204, 64, 2, 92, 74, 80, 76, -250, 180, -278, -46, -94, 94, -26, -34, 148, -2, -64, 54, -182, 6, 204, -112, -56, 32, -150, 140, -168, 48, 168, 66, 26, 132, 128, -42, -138, -274, -30, -46, 42, -50, 60, 26, 86, 6, 120, -148, -86, 98, -118, -4, -20, 98, -172, 14, -52, -12, -182, 204, 130, 236, -166, -26, -68, 14, -48, 96, 104, -22, 44, 104, -104, 160, 94, 116, 132, 84, -120, -84, 96, -10, -130, 60, -30, 134, 34, 28, 134, 60, 46, -76, -54, -82, 24, 38, -10, 54, 116, 236, -42, 48, 96, -66, 30, -22, 112, -308, 20, 260, -224, -232, -148, 30, 32, 100, 64, 22, -60, 64, -18, 26, 20, 188, 134, 198, 92, -126, -30, 140, 102, -124, 234, -20, 154, 78, 62, -116, 152, -10, 32, 268, -70, 30, 288, 56, 126, 212, 106, 10, 38, -36, 216, 224, 0, 150, -212, -62, -40, 36, -40, 14, 180, 222, -30, 230, 98, -158, 28, 6, -340, 144, 204, 156, 284, -44, 2, 4, -66, -152, -90, -144, -18, -44, -192, 166, -62, -50, 88, 66, -154, -20, -78, 184, 122, 236, 310, -38, -86, 124, -124, 0, 132, 176, 110, -68, -62, 38, -156, 70, 40, -6, 24, 64, -120, -146, 32, -42, -32, -30, 238, -100, 174, -92, 60, 296, 2, 32, 4, -24, 126, -78, -100, 174, 114, -208, -108, 52, 56, 38, 196, 100, 26, -120, -114, 20, 20, 190, 78, 26, 130, 52, -70, 84, 48, -198, 2, -118, -184, 188, 104, -64, -164, -74, -16, 110, 18, -122, 158, 4, -58, 36, 78, -10, -52, 28, 98, 76, -256, 188, 6, 100, 256, 406, 46, 292, 172, 158, -338, 2, 208, -290, -34, 204, -134, 14, 56, -62, 98, -196, -138, -278, 10, -6, 36, -10, 48, -52, 216, 74, 28, 18, -112, 18, 16, 218, -202, -98, -354, 206, -112, 86, -68, 260, 126, 164, 278, -130, -42, -8, -72, 258, -100, -158, -60, -58, -224, 94, -8, -50, -174, -128, 66, 144, 64, 54, 84, 200, 128, 0, 72, -80, 144, -172, 110, -106, 150, 72, 10, -80, -36, 76, -204, 136, 28, 6, -2, -28, -118, -96, -8, -134, 82, 38, -8, -152, -18, 120, 132, -138, 22, -88, 132, -82, 72, -52, -118, -146, -226, 92, 42, 26, 184, 142, 146, -28, -118, -118, 62, 70, 42, 70, 106, -52, 88, -4, 388, 14, -120, 178, -96, -134, -60, 216, 148, 78, 2, -176, -22, -136, 4, -4, 122, 138, 28, 44, 316, 212, -156, 90, -138, -124, 78, -108, -62, 202, 44, -124, -12, 20, -42, -158, -234, -46, 98, 76, -46, 4, -138, -116, 114, -52, -56, 102, 160, 250, 2, 218, 64, 80, -256, 20, 74, 194, -168, -86, 122, 56, -252, -226, 316, 22, 86, 4, 128, -94, -60, 4, -94, 2, -8, 64, -200, 6, 202, 230, -116, 22, -74, -40, -2, -16, 16, 188, 186, -30, 
-30, 88, 168, 212, -48, -8, 98, -62, -102, -138, 148, 30, 118, -84, 148, 54, 52, -148, -14, 162, -316, 172, 56, 108, 108, -46, 4, 6, 116, 30, 64, -94, 172, -20, -46, -32, 106, -100, -122, 54, 2, 408, 42, -6, 236, 184, -26, 44, -60, 122, -60, 146, 60, -110, 68, -62, 76, 28, 188, -2, -40, -270, -8, -152, -70, -48, 90, 166, 100, 128, -28, 98, -58, 62, -44, -74, 66, -142, -36, -26, -66, -42, 20, 126, -160, -10, 182, 28, -36, -92, 10, -60, -108, 8, 98, -70, 72, 112, -34, 72, 186, 70, -36, -178, 82, -82, -202, 70, 94, 64, 194, 298, 14, -164, 168, 272, 96, -202, 46, -238, 64, 146, 174, -12, -194, -62, -78, 14, -124, -122, -12, 18, -196, -182, 34, 136, -70, 6, -52, 48, -60, 80, 34, -16, 174, -150, 26, 76, -78, 44, -130, -100, 126, 118, 204, -42, -38, -112, -8, -268, 94, 138, -26, 196, 202, -10, -40, -114, 18, -192, 40, 338, 238, -88, 180, -162, -268, 72, -308, 56, -164, -14, 122, 186, -104, 152, -12, 166, -44, -16, -142, 138, -50, -66, 132, 54, -48, -66, -36, -128, -244, 148, -14, 200, 102, 52, 74, -314, -16, 100, -24, 22, 160, -266, -6, 6, 68, -98, 158, 126, 68, 170, -16, 142, -14, 330, -44, 184, 56, -258, 16, -26, 188, 60, -136, -58, -26, -52, 8, 210, 282, -30, -86, -12, -104, -52, -62, 84, 74, 140, 38, -158, -154, 92, -18, -8, 152, -64, -8, 224, -98, 6, 302, -86, 214, 16, 216, 172, 68, 92, 8, 200, -134, -182, 148, -50, 16, 220, 76, -70, -44, 18, 154, -268, -2, -98, -154, -238, 80, -296, -82, -18, 138, 52, -60, 380, 2, -118, 126, 40, 72, -20, -54, 62, 80, 166, -54, 104, -40, 6, 18, 28, -20, 92, -42, -138, 124, 114, 210, -44, 162, -100, 402, -30, -90, 210, -82, -12, -140, -248, 26, 162, 178, 32, -6, -128, 6, 226, 66, -178, 274, -102, 16, -168, 150, 148, -108, 86, 18, -114, 56, -36, -26, 116, -180, 124, 36, 8, -250, 118, -158, -52, -152, 104, -102, -68, 274, -172, -70, 190, -44, -46, 50, 166, 6, 170, 34, -56, -56, -28, -70, -40, -70, 138, 106, 98, 116, 120, -118, 56, 60, 214, 228, -32, -34, -134, 28, -154, 94, 14, 52, 186, -12, -104, 116, 20, 118, 50, -26, 16, -236, -120, 136, -22, 64, -18, 130, 2, -170, -36, -20, 416, -60, 134, 30, 156, -152, -64, -32, -48, -332, 24, 194, 78, -46, 134, -16, 82, 6, -222, -42, 102, 134, 156, -84, 306, 198, 154, -142, -44, -24, -30, 90, 18, -86, 234, 54, -28, -72, -122, 114, 42, -24, -68, 116, 8, -16, -202, 60, 76, -32, -212, 92, 140, -50, 28, 68, 128, 8, 56, 156, 142, 224, 4, 40, -10, -6, 200, -250, -54, 178, -240, -116, 80, -64, 12, 68, -144, -150, 2, 
220, -196, -62, -134, 140, 68, -68, 274, 114, -40, -154, 78, -124, 98, -242, -116, -52, -8, 78, 16, 360, 56, -40, 36, -142, 92, 12, -52, 74, 192, 146, 106, 28, 292, 2, 46, 66, 30, 30, 84, -220, -196, 14, 70, 2, -144, 208, -106, 110, -112, 156, 42, 92, -54, -274, 44, 208, 44, -246, -34, -14, 140, -222, 138, 56, 78, -54, -200, -102, 62, 60, -10, 64, -192, 156, 0, -118, 192, -52, 60, 52, 64, 42, 54, 72, 74, -58, 142, 36, 110, 30, 68, 70, -92, 8, 50, -2, 14, 30, -12, -28, -102, -36, 8, -80, 118, 112, -100, -44, -120, 2, 66, 68, 148, -168, -126, 90, 54, -134, 238, 170, 72, -108, 34, 284, 246, 100, -2, -34, 88, 30, -62, 62, 152, 38, -84, 26, -40, 262, -24, 110, -26, -64, 6, -194, 140, -8, -50, 52, -18, 176, 142, 88, -16, -186, 74, -22, 204, 4, 298, 66, 110, 44, -82, -226, -102, 130, 126, 168, 44, 124, -158, -72, 56, -242, 112, 166, 46, 190, 76, 130, 20, -2, -68, 42, -300, -194, 128, 90, 144, 10, 32, 150, -58, -128, 134, -64, 144, -26, 180, 150, -174, 116, -178, -44, 132, 182, 138, -190, 20, 140, 150, -140, 160, -68, -82, 166, 20, -64, -12, 54, -250, 80, 146, -72, -180, 246, -102, 4, 66, 2, 216, -122, -38, 242, 74, -76, 22, -82, -184, -306, 4, 150, 164, -32, 6, 48, -194, 20, 34, 60, -100, 126, -152, 84, 216, -146, 210, 158, -278, 222, 48, -182, 228, -230, 66, -126, -216, -40, 40, 28, -284, 158, 74, -102, 122, -188, 56, -80, 34, -8, 152, 48, 178, 8, 26, 110, 158, -168, 408, 96, -60, -88, 36, -34, -366, 28, -6, -42, 54, -120, 94, 26, -76, 168, -158, 118, 22, -78, -226, 100, -38, -34, -80, -76, -108, -212, -84, 32, -84, -90, -22, -178, 92, -102, -82, -22, -186, 212, 204, -42, -40, -112, -152, -14, 386, -140, -182, 92, 102, -108, -14, -14, -38, 30, 80, 76, 42, 50, 94, 130, -108, -86, -92, 198, -48, 32, 166, 198, 102, 256, -98, 110, -158, 70, -48, -66, 98, 56, -126, 222, 220, 154, 20, -2, -206, 152, 50, 44, -2, -110, -130, 258, 106, -94, 22, -74, -36, 88, 234, 34, -130, -196, -84, 0, 96, 56, 292, -38, 126, 84, -132, 150, 318, 76, -32, -100, -110, -58, 108, 216, 40, 74, 0, -182, 100, -178, 16, -56, -70, 84, -216, 8, 28, 204, -86, 154, 6, -12, 122, 312, -104, -284, 36, -44, -40, -8, 162, 74, 178, -16, -56, -244, 52, 38, -258, -134, -146, 152, 60, -100, -92, -116, 0, 114, -162, -48, -2, 182, 182, -204, -94, -46, 34, 26, 44, 36, 194, 58, 62, -174, 174, 220, 4, -50, -8, 44, 6, 46, -52, -84, -48, -274, -40, -2, -6, 146, -112, 152, 246, -50, 208, 106, 76, 306, 16, 18, 242, 242, -24, 
-218, 390, -10, 170, -134, 112, 26, -232, -220, 38, 426, -40, 170, 106, 258, 32, 122, -118, -282, -26, -144, -126, 26, 58, 262, 50, 104, 90, -272, -294, -52, -198, -88, -90, -102, -182, -56, 192, 20, 26, 446, 356, -110, 76, -2, 132, 48, 90, -16, 70, -36, 122, -84, 224, 276, -148, -114, 2, 200, 96, 134, 16, 242, -84, -48, 2, 240, 126, 102, 40, -116, -88, -36, 158, -78, 192, 236, 38, -14, -14, 70, -104, -180, -40, -210, -56, 184, 36, 92, -4, -28, -8, 134, 62, 206, -94, 56, -138, -104, -10, -42, 128, 186, 44, 288, 116, -82, -26, 14, 100, 12, -220, -80, -54, 102, 148, 36, 118, 28, -106, 44, 110, 286, 154, -212, -118, -116, -58, 78, 32, 152, 94, 36, 24, 106, 170, 172, 92, -172, 166, -12, -20, 220, -150, 186, -24, 28, 176, -112, 124, -162, -34, -150, -72, 326, -50, -36, -8, 0, -4, -60, 30, 48, 48, 264, 64, -16, -18, -66, 106, -36, 84, 58, 76, 206, -146, -122, -50, 58, -72, 96, -48, 58, 104, 132, 336, 182, -196, 114, 168, -228, -42, -64, 224, 166, -200, 52, 4, 136, -74, -46, 274, -246, 34, 110, -88, -146, -146, 138, -30, -156, -84, 216, -100, 78, 18, 6, -54, 110, 244, 100, 120, -318, 62, -28, 82, -100, 32, 156, -38, 32, -76, 84, 74, -54, -118, 76, -22, 212, 102, 230, 112, -6, -372, 210, 50, -104, 194, -44, -206, 94, -80, 54, 168, -68, -88, 160, -184, -162, 382, -116, -114, 274, -166, 208, 2, -134, 108, 14, -16, -66, 158, -72, 152, 112, 84, 192, -48, -90, 30, 148, 226, -14, 20, 36, -308, 12, -180, 168, -114, 136, 22, 200, 66, -86, 300, -66, -40, 66, 28, 256, 16, 34, 140, 24, 112, 48, -42, -6, 158, 148, 32, 20, 28, 76, 192, 110, 124, -38, 166, 148, 6, 86, -78, 130, 246, -48, 314, 56, -12, 24, 140, 64, 12, 62, -184, 352, 134, -22, -186, 86, 86, 30, 96, 204, 210, -82, -158, -54, 6, 18, 20, -72, 80, 16, 144, 104, 56, -112, 38, -82, 118, -212, 154, 38, 146, -34, 46, 72, 22, 24, -218, -8, -34, -56, 336, 24, -126, -244, 154, 76, 198, -166, -44, -24, 8, 102, -4, -172, -272, 42, 144, 224, 198, 116, 2, -46, -140, 282, 38, -4, -134, -186, -188, -54, 142, 222, 106, 144, -72, 54, -72, 72, -26, 26, 112, 228, 104, 220, -90, -64, 210, 78, 24, 18, -146, -14, 14, -56, -140, -304, 140, 266, 136, 78, -112, -30, -28, 0, -110, 146, 26, 70, 4, 64, 346, 142, -20, -116, 94, 114, 178, 170, 26, -30, -2, 4, -110, -96, -202, 408, -86, 212, -108, 142, 96, 44, -188, -274, 30, 236, -236, -132, 40, 122, 38, -116, 16, 142, 44, 170, 36, 40, 114, 62, 116, -182, 134, -168, -156, -132, -88, -48, 62, -324, 126, -36, -136, -294, -86, 
122, -326, 8, -114, -6, -56, 106, 174, 142, 6, -286, 30, 68, -26, -106, -56, -76, 54, 70, -6, 256, 206, -100, -102, -200, 50, -16, -252, 172, 148, 66, 74, 0, 44, -120, 48, 240, -40, -84, 74, -352, -350, 28, 16, 304, -102, 176, 192, 12, 110, 146, -28, 54, -188, -164, 168, -92, 24, -286, -160, -10, -4, -88, -10, 118, 34, -50, -126, -228, 14, 244, 118, 106, -140, 124, -120, -230, 6, -44, -182, 120, 148, 358, 54, 134, -66, -30, -116, -44, 92, 180, 42, 0, -106, -108, 274, -80, 140, 178, -172, 142, -72, -64, -162, 66, 46, 218, 30, -12, 28, 92, 104, -70, -24, -22, -30, -68, -4, -100, 38, 70, -24, -188, -122, 224, 18, 128, -110, 72, -2, -150, -24, 64, 186, 56, -140, -192, 212, 152, 28, 58, 36, -4, 200, -22, 156, -46, -146, 234, -44, 290, 112, 84, 4, -88, 158, 62, 78, 156, 62, 52, -168, -72, -42, -52, 50, 46, 102, -132, -44, 60, -138, -38, 94, -114, 146, 254, 114, 2, 368, 36, 182, -76, 0, 62, 22, 78, -246, -88, 90, 186, 136, 50, -104, -24, 286, -12, -106, -176, 44, 18, -320, 224, 124, -110, 18, 122, 100, -60, -120, -18, 70, -286, -154, -272, 0, -16, 72, 16, -44, -228, -82, 12, -24, 166, 102, 30, 228, -104, 162, -58, 150, -50, -24, 140, -24, -176, 10, -140, 102, 40, -56, 2, 344, -144, 10, -24, -146, 152, 154, -64, 110, -232, -88, 62, -60, -14, -78, 212, -180, 126, -14, -302, 146, -64, -32, 52, -30, 68, 80, 62, -68, 40, 30, 16, -126, 96, 48, 246, -118, -24, -114, 78, 58, 112, 272, -148, 34, -214, -80, -170, 102, -170, -316, -108, -36, 158, 66, 44, -34, -130, 322, -30, 2, 180, -60, 168, 36, -48, -38, -210, 114, 18, -84, 108, -164, 152, -96, 104, -160, -110, -86, 22, -16, -160, -124, 92, -224, 48, 180, 94, 48, -18, 6, -114, 94, -260, -100, 144, 202, 122, -200, 46, 22, -22, -58, 80, 78, 144, -26, -52, -116, -18, 36, 244, -80, 94, 272, 294, -20, 24, -70, 236, 36, -74, -78, -14, -14, -152, 82, 48, 146, -120, 222, 52, -274, -56, 300, 50, -84, -12, -176, -22, -96, -38, 122, -140, 28, -28, 196, 70, -214, -34, -128, 6, 6, 68, 100, -242, 42, 10, 100, 320, 178, 10, -302, 36, -92, -90, -208, 108, 78, -114, -50, 60, -92, 16, -18, -178, 260, 300, -278, -86, 58, -44, 240, 146, -60, -90, 166, 390, -16, -186, -14, -128, 238, 102, -84, -24, 44, -108, 30, 60, -98, -110, -126, -104, -196, 98, -18, -46, -156, 28, 136, 56, 56, 2, 160, 230, 150, -234, 180, -34, 66, -82, 138, 24, 292, 70, -146, -282, 72, 104, -150, 70, -88, 108, 76, -36, 76, -224, 50, 72, -240, -100, -80, -24, -126, 136, 190, 116, 54, 18, -94, 42, -102, -64, 86, 162, 152, 
138, 226, -100, 156, 70, 112, 58, 36, -72, 32, 180, 20, -56, 190, 56, -16, 130, -58, 78, 154, -64, -18, 256, 10, 82, 78, -192, 60, -152, 20, 76, 256, 52, 110, 144, -64, -62, -42, 88, -62, 298, 26, -104, 116, -100, 50, -196, -78, 8, -82, -202, 28, 102, 48, 284, 40, 56, -62, 312, 224, -46, 100, 42, 124, -44, -76, 156, 92, -4, 54, -42, -114, -220, 204, -138, 74, -14, -32, 30, 110, -322, 98, -312, -356, 108, -56, 40, 98, -12, 90, -32, 18, 76, 50, 134, -170, 70, -148, 0, 36, 56, 212, 132, 166, -54, 72, -72, 46, 136, -118, 48, 96, 72, 26, 24, -46, -56, 282, 108, 16, 178, 168, 188, -64, -14, -88, -20, 30, 32, -232, 282, 152, 54, -210, -96, 80, 192, -12, -78, 76, 80, 108, -14, -224, 86, 82, 110, 196, -132, 2, -246, 46, -20, 76, -140, -68, -58, -24, -44, -162, 148, -166, -12, 260, 218, 80, -80, 104, 270, 138, -124, -146, 52, -18, 150, -196, -164, -158, 182, -192, -110, -188, 30, -4, -26, 118, -84, 8, 16, -48, -218, -60, 78, 118, 40, -172, -56, 254, 274, 24, -54, 252, -212, -84, -80, -84, -90, -74, -34, 36, 40, -26, 8, 100, 246, 130, 170, -130, 90, -74, 208, -18, -66, 46, -10, 180, 6, -46, 88, -100, 174, -78, 98, 46, -56, 8, 96, 84, 190, 12, 42, 138, 6, -182, -70, -134, -60, 64, -2, -164, 18, -164, 310, 140, -120, 290, 40, 148, -74, 108, -66, -128, 142, -74, -18, -52, 14, 170, 86, 12, 66, -30, -62, -112, 150, 14, -8, -84, -130, 168, -72, 250, 146, -220, -238, -70, 134, -94, 142, 2, 132, -194, 202, 178, 20, -24, 64, -98, -36, -118, 188, -120, -70, -66, -134, 80, -204, -34, 256, 26, 98, -38, 174, 94, -366, 184, -82, 180, 58, 282, 180, 72, 108, 254, 156, 168, 124, 74, -50, -78, 314, -40, 18, -172, 142, -6, 302, 82, -70, -112, -106, 100, 82, -20, 38, 60, 332, -74, 6, -8, 158, 112, -44, 56, -374, 140, 10, 20, -158, 174, -132, 182, 62, -50, 170, 194, 36, -4, 150, 130, 20, -132, 258, 66, 174, 254, 18, -150, -98, 152, -6, -24, 208, -68, 54, -88, 160, 54, 144, -136, 92, 424, -48, 282, -62, -92, -40, 134, 240, 104, 124, -50, -142, -36, -30, 194, -128, -70, 140, 160, -14, 22, 40, 110, 0, 100, -120, -58, 240, -142, -92, 266, 124, -16, 194, -160, -58, 8, 138, -40, -144, 128, 296, 138, 108, -220, -8, 132, 12, 78, 40, -36, -46, -24, 46, 6, 96, 108, -186, -6, 48, 82, -242, 30, -16, -244, 114, 22, -188, -148, 276, 58, 90, -100, 102, -168, -70, -42, -60, 80, 256, -124, -10, 184, 32, 60, -64, 144, 32, 84, 368, 12, 20, 72, 98, 300, 238, 150, -42, -242, -84, 12, 86, 172, -174, 60, 74, -90, -216, 4, 
-166, 8, 138, 68, 14, -72, -32, -126, 44, 98, -178, 8, -142, 50, 168, -20, 110, -34, -104, -82, -76, -8, -2, -30, -64, -222, -14, 86, 226, 36, -6, -80, 14, 66, 214, -44, 76, 194, -6, -92, -246, -108, 138, -46, -74, -24, 126, 10, 72, 84, 356, -14, 132, -52, -186, -32, -38, 196, -60, -66, -90, -64, 180, 16, 68, 136, -114, -32, -80, 122, 0, 82, 218, -174, 68, -20, 58, 92, -72, 154, 262, -54, 228, 294, -200, -214, -86, -204, 10, -198, -72, -20, 10, 86, -42, 292, -8, 122, -28, -38, 26, -70, 40, -194, 22, 4, 116, -138, 2, 34, 46, -100, -64, 112, 20, -18, 34, 10, -132, 56, -84, -78, -52, 4, 102, -72, 170, 106, 22, 96, -108, -114, 298, 18, -70, -56, 4, 118, 38, -26, -44, 84, 118, 90, -86, -102, -182, 32, 220, 202, 258, 76, 110, -94, 10, 182, 24, 62, -170, 116, 24, -32, 124, -66, -150, -48, 72, -50, -126, -118, -36, 16, -164, -104, -22, 106, 84, 218, 6, 316, 92, 102, 48, 82, 126, -18, 240, 2, 68, 90, 212, 54, -98, 206, -40, 2, 122, -288, -182, 48, 298, -82, 94, -72, 110, 332, -90, 72, -76, -118, 108, 196, 22, -118, -306, 164, 66, 160, 12, -66, 74, 64, 96, 134, -102, -48, 78, 132, -56, 8, 52, -8, -186, 0, -56, 162, 12, -216, 28, 50, -6, 10, 86, 210, 142, 2, -108, 68, 110, 214, -92, 156, -58, -86, 14, -164, -58, -96, 28, -130, 50, 4, -142, 2, 24, 2, 30, -84, -142, 2, -40, 16, -16, 86, -42, -116, -56, 232, 156, 18, 94, -20, -14, 252, 156, 38, 0, 224, -64, -158, -232, -30, -118, 0, 66, -86, -8, 158, -18, -78, -352, 164, 140, -42, 74, -28, 136, 14, -122, 88, 174, 110, 58, -106, 270, -70, 164, -82, 28, 2, -262, -2, -124, 14, -74, -186, 210, -88, -78, 220, -168, 52, -22, 182, -2, 32, 54, -74, 24, 202, 130, -62, -76, -4, -120, -166, -198, 40, -162, 6, -146, 172, -6, -138, 288, 160, 52, 90, 22, -82, 270, -44, 44, 78, 4, -52, 30, 124, -76, -26, -52, 188, 40, 16, -64, -132, -118, -42, 222, -208, 92, 24, -96, -108, 166, -4, -42, 36, -234, 62, -90, -206, -30, -236, 0, 122, 90, -138, 92, -220, -8, 70, 48, 78, 84, -144, 336, 26, -46, -56, -12, -64, 30, 16, -22, -26, 64, 204, -168, 98, 170, -24, 16, 110, -120, 210, 200, 20, 40, -42, 82, -22, 84, 44, 24, 196, -192, -60, -86, -198, 4, 146, -150, -10, -292, -88, -14, -290, 264, -124, 168, 130, 40, 72, -84, 8, 4, -2, 134, 28, -228, -210, -146, 190, 70, 108, -8, -92, -184, -50, -262, 68, 64, -58, -20, 216, 116, -30, -102, 174, -240, 114, -44, -114, 88, -178, -206, 198, 20, 284, 174, 42, 44, -8, 244, 28, -98, 226, 282, 80, 
270, 196, 16, -182, 130, 78, -76, 108, 78, 108, 208, 4, -44, 6, 114, -8, -82, 176, 130, 110, 210, 210, 124, -36, 232, 194, -80, 32, -54, -18, 148, 84, -38, -28, -80, 4, 82, -178, -10, -2, 312, 112, -4, 144, 74, 28, 12, 114, 28, -208, -152, -24, 288, -2, 104, 22, 78, -112, 50, 108, 250, 34, -92, 270, 26, -50, 116, 142, 126, 76, -2, 12, -38, 136, 140, 24, -120, 160, 168, -52, -190, 24, -134, -60, 38, 288, 138, 200, -80, 32, 28, -16, -52, -82, -100, -210, 98, -8, -160, -74, -76, 40, 108, 252, 8, -54, -66, 132, -2, -32, 36, -38, 184, 52, -58, -176, -64, 10, 84, -36, 140, 122, -14, 26, -52, 132, -158, 26, -32, -64, 198, -14, -26, -34, 98, 70, 126, -118, 106, 182, 80, 24, 28, -84, 198, 30, 322, -18, -222, -278, -76, 38, -78, 144, 16, -50, -28, 20, 188, -72, -166, 178, -90, 12, 116, 124, 226, -12, 158, 204, 20, -130, 212, 288, -184, 90, 8, -138, -28, -16, -42, -160, 90, 46, -204, -68, -220, -16, -10, 56, -186, 52, 158, -78, -30, 26, -14, 208, 274, -146, -250, 20, -38, 112, -112, -376, -70, -12, -100, 246, -94, -274, -184, 2, 122, -30, -148, -20, -8, -22, -102, -90, -256, -4, 172, 174, 80, 68, 122, -60, 8, 50, -26, -14, 38, 112, -44, 160, 128, 88, 158, 144, 178, -102, -94, -88, -50, -244, -126, -30, 116, -102, 88, 38, 118, -2, 114, 28, 152, -114, 222, 310, 198, 20, 6, -48, -4, 16, 124, -16, 104, -98, 0, -20, 28, 126, 228, -238, -118, -54, -22, 76, -180, -120, -26, 62, -60, -90, 128, 126, 78, 144, 146, -150, 32, 116, 114, -118, -120, 92, 220, -24, -78, 38, -78, -40, 226, -10, -160, 12, -96, -28, -90, 256, -118, 46, -138, -16, -102, 76, 68, 116, 56, 108, 172, 276, -168, 140, 176, -166, 188, 36, 110, 98, -12, 40, 104, 196, -158, -72, 26, 36, 134, 10, 98, 310, 280, -22, -82, -40, 32, -108, 52, 172, -196, -12, -30, 8, 214, 158, -46, 110, -154, 110, 70, 128, 74, -80, -76, 116, 198, -26, -144, -146, 84, 122, -22, -32, 24, 378, 48, 110, -86, 244, -62, 38, -264, 138, 32, -2, 60, 16, 58, 200, 44, 56, 156, 196, 40, 72, 56, 132, 8, -36, 90, -74, -440, 10, 126, -4, 24, 278, -96, 74, 46, 92, -176, -104, 158, -36, -86, -152, -72, -150, 208, 92, 112, -44, 22, 30, -60, 168, 74, 24, 44, -94, -36, -140, 34, 70, 12, -66, 100, 14, 114, 102, -164, 168, -6, 134, 108, 178, 70, -6, 62, 78, -48, 28, -40, -126, 128, 180, 246, 2, -92, 72, 38, -84, 170, 132, 106, 30, -24, -4, -92, 98, 68, 16, 166, -54, 118, 4, 92, 58, -100, 98, 324, 46, 8, 18, -80, -126, 12, 222, -304, 24, 134, -86, -256, 30, 
-244, -68, 50, -72, 22, -38, 28, 2, -158, -140, -92, 22, 126, -30, -42, 144, 226, 52, 108, 166, -100, -40, -120, -64, 86, -132, -88, -96, 70, -60, 0, 50, 264, -176, 108, 74, 34, 156, 88, -12, -190, -168, -28, -100, -72, -46, -126, -12, -42, 104, 116, 146, -156, -86, 198, -22, 102, -2, 42, 80, 92, -80, 96, -218, 44, 94, 28, -56, -32, 270, -54, -72, 90, -8, 10, 144, 148, 38, -72, 246, 216, 50, -78, 126, -20, -208, -64, -116, -26, 240, 20, 4, 98, -96, 46, 196, -38, 256, 292, 98, 92, -64, -68, -206, 146, 184, 16, -150, -214, -14, -10, 142, -6, 0, 138, 136, -138, -74, -116, -104, 74, -58, -96, -2, -60, -194, 156, -112, 14, -6, -156, 62, 114, 30, -156, -4, -2, -210, 120, -104, -108, 6, 38, 142, -48, -34, -54, 150, 42, 198, 110, -50, -70, -66, -44, 172, -84, -2, -36, 174, -74, 80, 86, -132, -76, 18, -114, 150, -18, -318, 48, 32, -204, -138, 42, 152, 100, 42, -74, 90, -22, 170, 94, -76, 22, -164, 222, -42, -4, 52, 82, 78, -84, 200, -108, -52, 90, -86, -24, 112, 82, -82, -8, -40, 40, 106, -110, 174, -86, 80, -66, 174, 192, 6, -52, -26, -146, -58, -108, -36, 180, 128, 166, 222, -184, -134, 4, 22, -230, 20, -162, 76, 98, -78, 52, -86, -2, -182, -176, -212, -126, -4, 108, -70, 42, -42, 134, 8, 210, 122, 52, 246, -78, -112, -192, 24, 64, -126, -276, 174, -72, -128, -176, 42, -16, 252, 88, -76, -8, -26, -16, 34, 70, 144, -18, 18, -378, -12, 242, 32, -76, 48, 16, -68, 84, 166, 72, -182, 120, 46, -146, 6, -144, 102, -4, -214, -134, -32, 26, -114, -38, -34, 222, 118, 178, -4, -232, 6, 202, 32, 14, 120, 168, -136, 80, -98, 166, -60, 212, -88, -54, 32, -22, 156, -32, -148, -126, -44, -252, 230, 36, -124, 96, -68, -40, 90, 54, -64, 94, 154, 136, 88, -182, -72, -52, -232, -132, 36, 150, -4, 170, 276, -276, -144, 232, 28, 262, 234, -214, 90, 358, -14, 176, -60, -4, -40, 52, 96, 80, -222, 48, 158, 350, 176, -20, 178, 66, -52, 160, -282, -132, -228, -12, -8, 84, 84, 330, -70, 12, 6, 86, -118, 48, -134, 104, -90, 60, 58, -118, -202, 66, -288, -32, 88, 62, 62, 336, 132, 162, -136, -6, -214, 64, -114, -24, 54, 64, 142, 78, 46, 84, -46, 10, 234, -32, -260, -144, -50, -8, -10, 188, -366, 168, -46, 134, 52, 84, -42, -8, 114, -18, 50, -314, -44, -64, -130, 178, 14, 52, -104, -192, -164, 4, 124, 16, -38, -26, -52, 126, 234, 2, -96, -146, 2, 218, -52, -100, 98, 178, -100, -30, 40, -26, -6, -92, 60, 142, 78, -46, -84, -218, -24, -28, -86, 80, -88, -416, 100, 86, 48, 114, 268, -96, -144, 164, 80, -20, 58, 64, 78, 
66, 32, 116, -72, 112, 256, 54, 52, 76, 18, 118, 152, -180, 36, -34, -28, -324, -206, -92, -218, 76, 0, 100, 72, -90, -60, 284, -30, -62, 82, 22, 96, -132, 144, -32, -30, -22, 104, -168, -32, 144, 150, 98, 86, 98, 86, 62, -8, 240, -170, -142, 68, 242, 74, -186, 142, 54, 6, 94, -150, -168, -54, -80, 276, -20, -4, 30, 6, 124, -340, 66, 180, 88, 28, 62, -146, 8, 62, -60, -176, -204, -104, 52, -110, 110, 48, 164, 110, 4, -132, -66, 212, -154, 66, 80, 4, -112, -178, -154, -22, 26, 86, 100, 198, -18, -92, -108, -24, 150, 44, 70, -90, 24, 36, -16, 58, 24, 206, 6, 178, -60, 56, 104, 108, 54, 100, -186, -10, 152, -80, -14, -40, -18, -194, 208, -42, -20, 342, -120, -234, 24, 40, 30, 50, 266, -126, 72, -70, 26, -80, -86, 134, 100, 32, -88, 68, -2, 20, -46, -218, 56, 116, 20, -168, 58, -14, -42, -106, 56, 208, 148, -38, 166, 82, -70, -128, -182, -38, 92, -68, 54, 148, 18, 48, 190, 210, -38, 132, 94, -70, -34, -122, 142, -222, 58, 142, -168, 90, -22, -50, -28, -14, 186, -36, -150, -36, 76, -156, 84, -78, 76, -208, -170, -52, 120, -8, -120, 48, 304, 2, -216, -118, 154, -142, 302, 202, -104, -82, 310, 116, 310, -286, 46, -88, 130, 62, 62, 90, 96, 36, 96, 44, 52, 180, -88, 22, 6, -136, 82, -14, -138, -112, -110, 126, 282, -44, 68, 96, 308, 32, 2, 110, 146, -92, -36, -4, -72, 72, -10, -18, 24, 92, -250, -96, 82, -16, 386, -74, -190, 54, -8, 68, 34, 58, -154, -180, -36, 278, -4, -88, 170, -148, 392, -42, -38, 144, 152, -32, 44, 148, 0, 126, -184, 30, -72, 100, 152, -30, -110, 2, -174, -70, 78, 186, -284, 338, -116, 226, 104, 58, 62, 32, -28, -56, 128, 72, 268, 40, 350, -104, -14, -128, 156, 120, 74, 8, -88, 116, -150, -66, -70, -68, 172, 238, -156, 126, 132, 6, -258, 94, -10, -282, 282, 184, -28, 82, -112, -44, 166, 184, -104, 206, -122, 40, 104, 150, -40, 72, 0, 264, 156, -126, 48, 4, -50, -194, -34, -118, -10, 248, 142, 326, 18, 66, 8, 8, -76, 78, -16, 16, -24, 126, -6, 64, -196, 74, 174, -84, 10, 264, 92, 240, 40, -60, -16, -4, -238, -54, -34, -2, 62, 144, -116, 64, -46, 154, 32, -88, -114, 40, -40, -108, -80, -42, 88, 64, -38, 170, -30, -30, -56, 230, -86, 36, -62, 90, 26, 18, 140, 90, -18, -132, 366, 146, 122, 138, -12, 38, 138, 64, 174, 114, -64, -146, -126, 70, -50, 142, 36, -142, -122, 180, 154, -146, -128, 156, 66, -122, -146, 64, -176, 8, 98, 4, 88, -34, -188, 40, 84, 310, -6, 82, 208, 110, -42, 32, 346, 22, -112, 14, -188, -170, 160, 94, -126, -16, -126, -160, 116, -106, 
-98, 184, 28, 46, 22, 18, 44, -116, 8, -74, -62, -100, 172, -22, 60, 146, 328, 186, -66, 34, -24, 36, -58, -162, -4, 70, -156, 46, -34, -138, -108, 12, 138, -74, -80, 38, 104, 186, 130, -56, -324, -108, 54, 56, 64, -2, 0, -24, -154, 122, 284, -138, -98, -64, 184, 166, 78, 180, -236, 294, -2, 272, -72, 28, -38, 132, -98, 160, -254, 200, -98, 96, 4, -108, 46, -168, -60, -248, 80, 36, 170, 172, -106, 228, 22, 30, -182, 34, 58, 280, 102, -84, 118, -16, 10, 64, -58, 166, -34, 94, 118, -182, -188, -192, 174, 214, 184, 118, -12, -16, 116, -42, -60, -42, 32, 82, -154, -272, 10, -142, 224, 112, 152, -170, -6, 14, 202, 98, 52, 112, -4, 76, -24, 204, -120, -106, -40, -276, 168, 142, 10, -20, 148, -148, -310, 300, 26, 192, -130, -68, -32, 10, -52, -128, 84, 40, 36, 52, 54, 394, -98, -90, -32, 38, -14, 202, -136, 22, 14, 94, -150, -94, -54, -196, 118, 176, 260, -142, 24, 160, 62, 112, 30, -104, -240, 22, 86, -156, -4, -72, 86, 158, -282, 108, 118, -58, 224, -110, -50, 192, 34, 0, -134, 48, 138, 148, 72, 262, -116, -96, 32, 288, 132, -12, -34, -144, 68, 16, -302, 86, 376, 134, -124, 222, -38, -112, 82, 110, -218, -34, -116, 238, -34, 294, -156, -202, -220, -64, 64, -126, -90, -2, 16, -216, 38, -22, 38, 218, 36, 156, 142, 276, -140, -274, -48, 356, 20, 38, -10, 160, -114, -46, -132, 196, 124, 146, 44, 166, -150, 142, 18, 28, 114, 88, -212, 104, -266, 142, 102, -104, 80, 186, -116, -80, 48, 236, 180, -326, -116, 46, -110, 66, -212, 14, 46, 30, -114, 78, 212, -26, -170, 20, -20, -122, -64, 166, 70, 106, -48, -44, 90, -114, -118, -106, 252, -260, 214, -50, -60, 136, 6, -82, -138, 84, -278, -156, -106, -80, -132, 16, -122, -2, -22, -50, 318, -164, -56, -54, 28, 40, 136, 70, 166, -228, 212, -266, -84, 28, 86, -20, 8, 124, -48, -114, -34, 34, 176, 160, -32, -216, 154, -14, 258, 34, -120, -112, -30, 60, -18, -162, -6, -112, -100, 16, 24, 200, 120, 4, -88, -184, -30, -354, 118, -98, -134, 26, 48, 66, 54, 42, 280, 70, 150, -104, 218, -138, -98, 112, 38, -204, -20, -6, 4, 6, -16, 106, 90, 82, -62, 92, -80, 116, 158, -128, 44, 0, -74, 40, 186, 42, -148, 86, -112, 92, -120, -44, 52, -90, 144, 172, 24, -56, 316, 52, -126, -16, 66, 50, -124, -78, -10, 138, -126, -4, -10, -56, 22, 68, 48, 20, -242, 74, 116, 2, -54, -38, 90, -248, 74, 116, 288, -158, -38, -38, 268, 108, -2, 140, 198, -34, 54, 134, -100, -38, 68, 96, 244, 34, -6, -250, 136, 50, -100, 60, -176, 156, -366, 0, -98, -102, 322, 180, -152, -86, 244, 6, 306, 232, -136, 118, 
-116, -72, -10, -156, -2, -106, -76, 134, 46, 50, 36, 34, -188, -56, -32, -26, -430, -10, 54, -126, -12, 142, 114, 238, 78, 44, 88, 42, 190, 10, 222, 34, 88, -26, 50, 12, 76, -102, 24, 158, 216, -46, 46, 118, -8, 4, 54, -16, 194, -66, -216, 182, 60, -72, -200, -58, 116, -234, 176, -44, 178, -234, -12, -42, 40, 12, 36, 58, 212, -148, -48, 4, 10, -62, 12, 46, 94, 236, -162, -156, 42, -50, 20, -32, 42, -32, 52, 18, 46, -66, -16, -78, -62, 24, 22, 98, 132, -158, 106, -96, -208, 24, 280, 136, -108, -116, -194, -110, 330, -30, -68, 60, 54, -76, -80, -102, 8, 314, -30, 148, -170, -80, -182, 112, -32, 108, -306, -102, -90, -16, 78, 94, 74, -80, 130, 204, 40, 308, -144, 96, 10, 234, -330, 116, 160, -222, -74, -198, 42, 182, -58, -148, 42, 80, -14, -28, -90, -180, -62, -262, 160, 198, 120, 144, -36, -88, 102, -136, 30, -104, 192, -26, -66, 412, 14, 22, -28, 82, 2, -84, -10, -194, 108, 158, 202, -98, -36, 122, 18, 174, -40, 14, 164, 76, -20, 128, -80, 66, 22, -102, -80, -144, 92, 146, 74, -134, -178, -230, 218, 48, 92, -160, 12, 84, 116, 36, -82, -18, 132, 30, -90, -8, 22, -110, 174, 196, -88, -52, 246, -132, 50, -40, 120, -290, 168, 198, 128, 36, 84, 68, -28, -18, -12, 262, -82, 16, -14, 26, 82, -42, 16, -244, 32, 374, 192, -106, -66, -48, 78, -12, 172, -146, 20, -126, -32, -100, 74, -90, 48, 36, 186, 92, -120, -168, 70, 62, 306, -36, -16, 4, 102, -192, -34, 6, -98, -136, -28, 234, 262, 90, 22, -52, 274, 92, 52, -6, 194, -90, -256, -112, 86, 100, 212, 90, -54, -112, -110, -26, 74, 154, -130, 72, 100, 60, -18, 290, -18, 30, 38, 60, 62, 36, -20, -156, 152, 142, 12, 56, 62, -54, 26, 18, -142, 236, -172, 236, 48, -54, -104, -190, -110, 12, 2, 272, 30, 290, 54, -4, 2, -76, 58, 116, 76, 26, 28, -28, 8, -140, 52, 166, -94, 80, -194, 86, 146, 112, -58, -132, 24, 146, 100, 54, 150, 82, -18, -94, 32, 182, 222, 124, -42, 332, -14, 238, 16, -34, -112, 12, 164, 116, -194, 40, -80, 64, -172, -18, 126, 22, -18, 126, 106, -208, 26, 62, -32, 0, -138, 6, 128, -72, 176, 146, 188, 106, -162, 256, 64, 210, -128, 40, 280, -132, 48, 24, 30, 100, -90, 132, 74, 96, -78, -82, -164, 70, 216, 12, 8, -44, 10, 114, -8, -176, 106, -4, -18, 186, 104, 28, -12, 54, 220, 0, 86, 74, 124, 74, -36, 160, -38, 4, -218, 120, 16, 36, -174, -132, -18, 58, -42, 54, -8, -176, -62, -18, -46, -36, -108, 82, 0, 184, -132, -50, 160, -40, 142, -144, 206, 108, 212, 196, -482, -48, 336, 102, -276, -218, -2, -144, -10, -84, 
34, 148, 58, 198, -144, -76, -24, -78, 22, 102, 86, -76, 158, 130, 20, 100, 262, 20, -4, 330, 214, -88, -44, -122, 146, 80, -82, 78, -194, 106, -262, -10, 124, 24, 176, -22, -82, 100, -44, -2, -192, -94, -70, -68, 70, -42, 114, 60, -84, 62, 274, -190, -118, -70, 54, 60, -138, 344, -204, 174, -170, 192, 56, -44, 154, 82, -12, 86, -142, 80, 152, 128, 108, 238, -62, -208, -2, -122, 182, 232, -122, -132, 68, -28, 18, 24, 42, 94, -202, 246, 122, 178, 96, 88, -8, -62, -126, 122, 2, 86, 202, 40, -14, -102, 56, 164, 132, 24, -122, -80, 56, -98, 54, 76, 248, 116, -168, -278, 72, -164, 182, 102, 150, -102, 126, -2, 82, 200, 74, -24, 60, -228, 174, 204, -114, -160, 78, -178, -32, -62, 56, -80, 270, -48, 40, 340, -38, 188, -54, -48, 86, 312, -182, 12, 156, 166, 208, 128, -108, 360, 22, -96, -286, -72, 8, 164, -68, -42, -28, 94, 12, 50, 108, -238, 42, 106, 72, -18, -16, -14, -50, 102, -216, -124, -222, 28, -50, 100, -10, -142, 84, -46, -162, 96, 58, 46, 238, 16, -166, 230, 18, 272, -30, -102, 66, 52, 14, 234, -180, 92, -134, 86, 64, -38, 14, -54, 80, 136, -212, -18, 198, 90, 132, 136, -130, -218, 36, 116, -324, 6, 112, 90, -160, 112, 2, -148, -24, 84, 48, 24, 0, 178, 132, -278, 76, -42, 30, 32, 68, 16, 42, 274, 82, -168, 32, 102, 118, 4, -16, 78, -180, 86, -30, 48, -26, -26, 8, 84, -96, 78, -182, 56, 66, 174, -274, -10, -252, 220, 26, -106, -88, -14, 162, -42, 54, 254, 214, -72, -122, 72, 78, 84, -258, -24, -156, -168, -276, 124, 170, 82, -98, -146, -168, -140, 130, 94, 170, -128, 84, -24, 0, -122, -208, 150, -22, -94, 242, 82, 68, -42, -68, 244, 158, 124, -76, -102, 180, 152, 38, -80, 22, 80, 108, -96, 18, -112, 56, -144, 148, 164, -42, 52, -16, -40, 124, -154, 20, 264, 12, 186, -160, -68, -52, -40, 22, 82, 2, 176, -212, -66, 246, 18, 186, -144, -44, -92, 158, -62, -40, -108, 280, -150, -114, -100, 2, 262, -2, 34, -160, -52, 72, -294, 80, -94, 94, 72, 246, 42, -130, 14, 176, 64, 48, -72, 98, 50, -76, 52, -4, -32, -94, 104, 24, 22, 68, -6, 156, -80, 30, -54, -58, 84, 20, -30, -76, -124, 164, -30, 28, 114, -140, 180, 76, -40, 166, -96, -50, -16, -108, -6, 246, 28, 62, 242, -160, 154, 84, 280, -18, -28, 30, 96, 2, 148, 44, 28, -16, 140, 34, 22, -128, 116, -10, 70, 120, 84, 114, -134, 52, 126, 134, -78, 26, 34, 86, 128, 128, 76, 22, -2, 108, 90, 150, 112, 154, 144, 106, 102, 46, 22, -120, -42, -84, -76, -78, 108, -160, -184, -282, -72, 378, 124, -138, 2, 196, 172, 210, 100, 182, 22, 
-76, 38, -56, -178, -32, -28, -12, -2, 90, -42, 22, 8, -66, -32, 102, -118, -56, 32, 74, -220, -232, -28, 54, 268, -108, 28, 116, -202, -40, -24, 136, -96, -14, 4, -168, -202, 22, -2, 108, -180, 68, 60, 188, 174, 22, 176, -268, -80, -30, -78, -164, 84, -38, -26, 166, 2, 222, -190, 156, 86, 338, -88, 10, -6, -60, 54, 32, -158, 258, 36, -108, -116, -4, -198, -82, 178, 0, -76, 50, -222, -28, 130, -126, 122, 52, -170, 100, 48, 240, -124, 138, 178, -4, 120, 102, 110, 84, -104, 68, -176, -58, 132, -52, 214, 48, -122, -144, -48, 38, 134, 174, 6, -46, 84, -86, -8, 166, 48, -96, 144, -74, -42, 66, -48, -66, 78, -190, -60, 96, -6, 30, 126, -228, -106, 72, 258, 8, 24, -34, 90, 0, -46, -86, 138, -26, -66, 92, -178, 12, -114, -28, -106, 130, -26, -290, -130, -16, -200, 18, -224, 212, 182, 312, 76, 74, -94, 22, -116, 196, -2, -146, -64, 66, 176, 98, -184, 94, 196, -28, 92, 140, -98, 160, -42, -138, -94, 312, 66, -88, 6, -46, 38, 148, -118, -34, 16, -68, 52, 234, -312, 30, -60, 122, 216, 68, -64, 72, -172, 74, 86, 96, 80, -122, 40, 158, 54, 12, -148, 222, 70, -138, 4, -58, -172, 6, 162, -62, 150, 236, -174, -38, -116, 136, -228, 128, 62, -90, 74, -66, 62, 34, -30, -104, 210, -100, 0, -4, 10, 84, -24, -128, -256, -72, 220, 132, -142, -4, 152, 90, 238, 222, -46, 48, -82, -138, 110, -22, -56, 32, 42, 66, 122, -118, -12, 36, 154, 114, -18, -100, 236, 32, 40, -188, -58, 48, -252, 64, -16, 184, -58, -170, -212, 260, 174, 226, 206, 196, -20, -58, -92, 196, 2, 258, -50, -196, 34, -160, 310, -272, 130, 48, -4, 166, -56, 154, 176, -82, -46, 80, 202, 40, 18, 40, -52, 200, 306, -48, -114, 22, 16, -92, -40, 2, 34, -82, 86, -202, 200, -172, -30, -26, 16, 44, -10, -104, 304, 54, 20, -90, -180, 8, 138, -84, -2, 40, -92, -82, -186, 154, 108, -124, -56, -18, 142, 46, -50, -122, 106, -54, 128, -144, 60, 14, 312, 66, 48, 80, -20, 148, 212, -304, 168, -14, -122, -26, 28, -182, -12, 150, 24, -46, 90, -100, 68, 192, -44, -56, -38, 30, 20, 222, -88, 172, -42, 88, -34, -60, -44, -78, 184, 156, -178, 30, 76, 42, 126, -36, 56, -134, 38, 270, -188, -22, 188, -114, -60, 110, 64, 200, 346, -320, -144, -76, -108, 86, 40, -106, -160, 158, -96, 52, -194, 160, -120, 18, 140, -52, -142, 54, 4, 18, 44, 16, 42, -154, -72, -260, 88, 104, -90, -136, 66, -152, 188, -44, 68, -60, -132, 68, 18, 42, -50, 24, 64, -88, 96, -72, -44, -110, 20, 116, 34, 118, 20, 68, -86, 46, 24, 316, 76, -138, 154, 112, 62, -168, -256, -228, -32, -56, -32, 
158, 56, 62, 316, 94, -86, 14, 84, -230, 56, 14, -38, 164, -18, 6, 70, -84, -100, 44, 148, 44, 20, 38, -246, -8, -8, -138, -22, 62, 114, 8, 232, -82, -32, 92, 252, -12, -32, -54, 56, -126, -86, -102, 32, -68, -230, 206, 250, 90, 24, 126, 148, 138, 146, -110, 130, -20, 198, 12, -52, -176, 46, 214, -20, 60, -136, 142, 134, -50, -126, 104, 192, 116, 166, -8, -94, 150, -62, 94, 68, 46, -256, 26, -244, 154, 166, -28, 80, -298, 222, 6, -16, -116, 46, 26, -156, -2, 116, 56, 196, 120, -114, 62, -116, 144, 94, -64, 76, -6, -62, 98, -2, 6, 258, 134, -96, -74, -98, 188, 2, 206, 2, -58, 38, 102, 16, -86, 168, 8, 52, 30, -10, 128, 70, 60, -236, 150, 52, -48, -80, 212, 120, 70, 12, -54, -50, 48, 82, 92, 22, 24, -2, -50, 148, 240, 124, 210, 344, 22, 198, 38, -30, -128, -32, -46, 72, -84, 176, -188, 106, 162, 302, -94, -46, -48, 224, -92, 30, -96, -82, -134, 96, 26, -58, 48, 210, -356, -94, -98, -28, 152, -124, -4, -150, -152, 74, -12, 146, -262, 304, -218, 28, -42, -248, -2, 200, 114, 276, 72, 12, -36, 10, 88, -46, -80, 146, -8, 194, -68, 142, 6, 22, -38, 126, -36, -44, -24, -82, -22, 120, 252, 262, 16, 128, -156, 90, 76, -120, 110, 122, -42, 36, 68, -272, 42, -118, 114, -76, 66, -26, 78, 272, 278, -8, -30, 196, -26, -48, -86, -58, 8, 172, 94, -24, 208, -26, 8, -80, 114, -158, -136, -134, -34, 210, 34, -212, -30, 52, 80, -26, -46, -108, 90, -72, 2, 38, -92, -44, 52, -182, 44, 150, -198, -62, -154, -192, -216, -6, 74, 146, -248, 18, 6, 210, 186, -44, -14, 6, -16, -154, -166, 42, -44, 72, -94, -198, 72, 74, 56, -148, 14, 142, 12, -82, -108, -2, 198, -52, 50, 116, 88, -70, 128, -172, 108, -74, 150, -106, 152, -56, 226, 0, 226, -10, 88, -118, 68, 34, -170, 264, 14, -100, -16, -16, -6, 88, 14, 110, -216, -58, 260, 114, 330, -142, -12, -6, 308, -188, 12, 64, 140, -124, -36, -174, 2, -54, -54, 24, 84, -204, 136, 24, 28, 236, -10, -110, 202, 16, -106, 0, 28, -100, 110, -78, -78, 22, -32, -106, 64, -100, -454, 156, -180, 104, -194, -34, 0, 76, 290, 36, -148, 124, -76, 134, -56, 68, 124, 168, 206, -56, -30, -82, 80, -24, 124, 38, -124, -230, -128, -344, 358, -88, 114, 256, -198, 12, 128, 14, -32, 104, 52, 248, -214, 170, 156, -150, -78, 68, -96, -62, -42, -122, 110, 78, -58, 70, 252, -56, 2, 74, 278, 24, 60, 50, 114, -166, 24, 4, 298, 16, 132, -118, 28, -58, 142, -4, 32, 16, 202, 164, -76, 50, -98, 4, 204, 136, -88, 60, -216, 200, -50, -74, -134, -104, 108, 110, 176, -46, 148, 90, 
-206, -112, 142, -78, -76, 82, -94, 60, 120, 34, 38, 196, -86, 82, 68, -76, 204, 112, -20, -294, 54, 92, -74, 200, 68, 164, 24, 74, 14, -74, -24, -156, 206, -74, -14, -156, 66, -82, -88, -44, 206, 10, 130, -72, 236, 306, -150, -294, 72, 94, -124, -102, -50, -30, -22, 160, 144, -88, -90, -26, 68, -136, 0, 22, 62, 200, 154, -96, 100, 0, -20, -208, -210, -156, 108, 82, -206, -2, -36, -52, 22, 186, 162, 302, 16, -180, -38, 148, 128, -256, -88, 30, 172, 0, -96, -8, 112, -70, 64, -102, 20, 24, 142, 122, 6, -50, 102, -64, 56, 214, -94, 70, 38, -354, -48, 68, 134, -18, 24, -40, -142, 74, 38, -128, 18, 114, 146, -54, 102, -4, 26, -112, -148, 24, -50, 158, -116, 108, 68, 130, -138, -118, -172, -116, 192, 22, -8, 106, -50, -34, 74, 18, -70, -192, -310, -128, -308, -132, -56, -72, -120, -40, 76, 8, 176, 88, 4, -218, 96, 2, -20, -220, 186, -24, 92, -4, 16, -30, 180, 76, 162, -232, 94, 46, 52, -110, 318, 70, 38, 20, -174, 208, 94, -72, -44, -250, -84, -146, 366, -170, 278, -14, -10, 158, 4, -76, -22, -216, -86, -180, 36, 218, 32, 160, -18, -176, -26, 66, -44, -200, 142, -32, -66, -84, -56, 106, 200, -64, 98, -60, -60, -214, -118, -220, 290, -6, 12, 92, -188, -96, 196, -92, -60, 126, -116, -18, 68, -2, -36, 196, 6, -286, -186, 2, 14, 14, 90, 116, 126, 12, 22, -230, 0, 26, -204, 52, -30, -88, -112, 102, 248, 70, 52, -116, 46, 268, 198, 96, -66, 118, -28, 256, -50, 18, -72, 38, -32, 156, 264, 200, -140, -294, 348, 272, 56, 72, 308, 188, -108, -166, 116, -100, 44, -100, -118, 56, 90, -6, 90, 204, 222, -36, 200, 0, 126, 24, -14, 66, -42, 54, 116, -136, -30, 206, 338, -106, -118, 86, -124, -176, -110, 108, -68, 146, 52, 50, -14, 84, -56, 124, 16, -182, -96, -36, -186, 72, 4, -36, 344, -162, 108, 284, -24, 52, -32, 2, 136, -106, 94, 54, -122, -164, 62, 136, 32, -54, -248, 114, -60, -52, -254, 52, 122, 52, 142, 66, 116, 22, -52, 86, -146, 176, 8, -24, 116, 148, -76, -34, 218, 100, -72, 186, -162, 156, 14, 50, 80, 206, -40, 134, 282, 8, 92, 2, 182, 24, 12, 58, 46, -12, 16, -48, -10, 88, 76, -146, -148, -122, -62, 126, 74, -40, -106, 112, -112, 126, 36, 192, 58, 252, -198, 252, -192, -182, 162, 56, 48, -12, -66, -134, 82, -64, 206, 66, -130, 196, 132, 26, 184, -2, 76, 150, 122, -148, 152, 126, -70, 96, 154, 128, -188, -8, -12, 190, 48, 106, -132, 4, -392, 60, 104, 258, -14, 40, -78, 220, 4, -18, -116, -166, 58, -42, 132, -94, -58, -172, 34, -134, 198, -240, 44, -136, 74, -30, -88, 36, -58, 60, -70, -8, 
200, 56, -50, 154, 224, -6, 288, -52, -102, 72, -76, -216, 162, 38, 248, -6, -20, -58, 38, 192, 64, -134, -86, -176, 138, -150, 134, 96, -24, 138, -36, 110, -92, -44, -16, 240, 126, 138, 276, 170, 0, -142, 96, 216, -20, -192, 56, 248, 168, -96, 204, 230, -16, 98, -62, -156, -20, -8, 124, 44, 0, 166, -20, -42, -36, 12, 64, 22, -94, 22, -24, 174, 240, 182, -100, -104, 118, 82, 30, -50, -86, 46, -112, -268, 32, 194, -36, 60, 96, 262, 206, -128, -74, 86, 212, 128, -88, 194, -178, 122, 20, -128, -10, -16, -120, 124, -100, -142, 140, -66, 132, -82, 16, 314, -76, -54, -118, 90, -34, -46, 210, 4, -12, 122, 128, -112, -214, 174, 40, 270, 78, 172, 210, 26, -10, -18, 182, 66, 62, 28, 314, 184, 108, -76, 106, 54, 60, -182, 38, 94, 24, -30, 144, 18, 310, 184, 140, 50, 4, 62, 170, -2, 62, -52, -28, 4, -16, 86, 180, 56, -114, -18, -136, -26, -142, 124, -54, 260, -114, -4, -28, 280, -6, -12, 198, 338, -250, -78, -62, 14, 234, -240, -186, -14, -22, 146, 70, 140, -316, 160, -232, -32, 140, -144, 22, 12, 16, 262, 160, 192, -8, 12, 160, -132, 146, 232, 114, -24, -20, 238, -130, 64, 40, 6, -2, 96, -64, 202, -52, -140, 152, 250, 252, 186, -96, 30, -10, 68, 118, -76, -172, 42, 14, -82, -26, 170, 198, 68, -58, -222, -32, 120, 214, 124, 80, 30, 20, 34, 0, -22, 156, 170, -54, 96, 242, 24, 112, 142, 54, -108, -82, -34, 56, -46, 184, -244, -126, -102, 140, 74, 172, -190, 198, 172, -154, -158, 122, -12, -226, 84, 4, 396, -352, -480, -42, -80, -150, -88, -22, -116, -84, 30, 22, 158, 146, 0, -64, 14, -16, -76, -140, 162, 38, 76, -32, -90, 84, 70, 66, -106, 74, 74, 10, 30, -342, 128, 12, -260, -42, 68, 112, -22, 50, -34, 156, 76, 62, -130, 86, -12, -82, 38, 164, -104, 28, 50, 36, -50, -148, 80, 62, -86, -42, -198, 88, 202, 134, -4, -42, -10, 70, 170, 34, -110, -6, 82, 184, -20, -22, -34, 126, -154, 8, -76, -100, -110, -68, -70, 60, -128, 82, -100, 92, 82, -12, 128, 0, -96, 74, -118, 12, -308, 376, -68, 72, -54, -162, -170, -26, -156, -114, 86, -128, 70, 38, 8, -12, -20, -18, 92, -30, 48, 124, -102, -170, 186, 52, -20, 64, -34, 228, 38, -30, -100, -26, -234, -34, -62, 8, -216, 346, -98, 314, 170, 192, 148, 110, -6, 170, 156, 196, 38, -164, 128, 84, -150, -124, 30, 22, -56, -20, 48, -86, 30, -266, -140, -10, -58, -10, -18, 86, 186, -152, -316, 98, -70, 58, 202, 210, -8, -66, 20, -84, -48, -146, -108, -24, -138, 22, 258, -12, -48, 120, 26, 132, 160, 18, 2, -224, 290, -170, 12, -92, 60, 100, 74, 56, -20, -52, 162, 
-70, 98, 242, -320, -16, -112, -20, 128, 4, -118, 94, 144, -86, 18, -58, 320, 36, 114, 148, -64, -18, 168, 70, 290, -216, 246, -32, -96, 154, -102, 36, -170, 154, 26, 74, 80, 164, -254, -84, -156, -134, 118, 158, -8, -4, 136, 86, -90, 68, -42, 48, -44, 112, -100, 54, 240, 220, -52, -2, 184, -76, -132, -24, -112, 52, -48, -70, -114, -22, -26, 118, -22, -126, -120, 262, 112, -76, -100, -14, 78, 34, -70, 38, 244, -74, 36, -36, 126, -20, -72, -208, 174, 36, -110, -56, -60, 76, 56, 126, -128, -92, 266, 158, -2, 184, -268, 42, 212, -150, 112, -40, 172, 64, -124, 226, 106, 212, -16, 146, -14, 82, 84, 60, -10, -110, 96, 94, 50, -14, -42, 86, -38, -290, 0, 264, -96, -118, -4, 80, 64, -198, -66, -70, -78, -40, -106, 48, 172, -172, -76, -54, -90, -202, 42, -126, -102, -138, -50, -8, 116, -112, 66, -28, 76, 56, -196, -130, -72, -170, -118, 78, 92, 170, 56, 224, 120, 134, -186, 112, -28, -4, 50, 96, -76, -92, -130, 230, 122, 118, 158, -222, 278, 12, -78, 156, -86, -28, -10, 198, -262, 160, 44, 38, 248, 176, -32, -70, -196, -146, -142, 258, 32, 132, 232, 56, -228, -10, 174, 182, -146, 78, -78, -34, -62, 36, 102, 68, -68, -50, 106, -60, -86, -32, -110, 48, -116, 72, -82, -144, 60, 148, -38, 84, -34, 110, -6, 24, -198, -20, 242, 140, -96, -266, -88, 54, 34, 10, 68, -20, -30, -78, -72, 44, 58, -158, 48, -122, -56, -224, -40, 130, 30, 100, 92, -162, 112, 212, -22, -124, 36, -100, 88, -224, -94, 86, 148, -116, 2, -8, -18, 54, -102, 102, 348, 44, 214, 192, 96, 106, -8, -4, -2, 40, -98, -86, 114, 86, 46, 12, 148, 224, 66, 46, 118, -18, 72, 54, -50, -34, -76, -146, 32, -72, -124, 184, 8, 138, 22, 130, -160, -86, -50, 106, 66, 12, 2, -192, 282, -174, 108, 110, -116, -66, 116, 176, -134, 110, 22, 112, -112, -144, 216, 22, 58, 14, -84, -116, 42, 224, 60, -62, -178, 138, 18, 20, -220, -188, 100, -80, 204, -16, 136, 28, 156, 86, 54, 102, 10, 270, 172, 24, 144, 88, 32, -172, 170, -86, -74, 84, 118, -64, 220, -142, 6, 96, -176, 44, 132, -12, 134, 14, 30, 144, -72, -86, 246, 74, -10, 206, -56, 10, 162, -196, 96, 324, -220, 84, 278, -40, 282, -96, 2, 64, 140, -62, 148, 160, -72, 28, 26, -180, 78, -112, -110, 42, -10, -102, 76, -116, -68, -258, -110, 42, -46, 44, 98, 210, 150, 56, -52, 22, 6, 194, 40, 208, -86, 74, -38, 88, 20, 4, -50, 130, 200, 116, 114, -74, -168, -136, 262, 106, 70, 208, 216, 194, -66, -110, 178, 130, -110, 34, 180, -134, -42, -12, -94, -46, 94, 160, -156, 36, 136, 98, -138, 244, 42, 144, -60, 92, 0, 
-2, -98, -176, 268, -28, 2, -42, -34, 154, 48, 16, -158, 158, 60, -110, -192, -24, 152, 14, 32, 72, -158, -20, -96, 168, -232, -96, 32, -264, -22, 64, 78, -272, -76, -174, 86, -8, 52, 46, -2, 78, -40, 30, -80, -86, 54, -122, -26, -8, -18, -82, 228, 42, 154, -228, -248, -72, 58, 2, -194, -56, 108, 144, 202, -12, -100, 140, -46, 36, 50, -104, -74, 56, 6, -94, -228, -14, 170, -68, 118, -10, 138, -48, 18, 150, 102, 30, -168, 88, 86, 202, -98, -128, 124, -8, 230, -116, -2, 28, 122, 40, -82, -114, 40, -144, 92, -38, 82, 94, -108, -92, -138, -36, 158, -150, -250, 138, -18, -56, 132, 54, -228, -76, 80, 46, -214, -12, 90, 62, 18, -82, 154, 188, 98, -178, 120, -34, 112, -44, -30, 60, 104, 122, -34, 200, -36, 66, -70, 156, 30, -36, -28, 50, -156, 40, 196, 116, -52, 140, -44, 94, -38, 22, 104, -6, 160, 164, 138, 234, -94, 68, -214, -114, -134, -164, -86, -52, 224, -48, 44, -28, -144, 14, -14, 28, -76, -78, 4, -24, -150, 260, -20, -144, 106, -128, 144, 130, 162, -188, 140, -56, -186, 38, -66, -74, 42, 14, 306, 60, -10, -16, 8, 24, -50, -256, 94, 166, -136, -122, 92, 84, 204, 88, 88, -244, -54, -126, -44, 32, -116, -8, -80, -136, 18, 98, -40, -88, 98, 146, 34, -166, 44, -14, 202, -76, -100, -92, 230, 8, 102, 172, 58, 220, 204, 118, 122, -62, 42, -198, 40, 32, -150, 48, -74, -104, 180, 238, 122, -18, -64, -300, -12, -6, -22, 96, 28, -190, 142, 192, 28, 146, -38, 206, -108, -28, -144, 186, 106, -16, 202, -112, 184, -236, -406, -30, -36, 56, 30, -50, 120, -64, 146, -222, -40, 108, -254, 186, 206, -30, -38, 10, 64, 112, -14, 112, -74, -128, 4, 56, 64, 4, -192, 80, 196, 154, 80, 72, 66, -4, 128, 42, 16, -6, -34, 38, -8, 206, -176, 94, -170, -46, 34, 150, -100, -210, 40, -82, -64, 124, 128, 154, -36, -54, 40, 84, 4, 74, 64, -92, 22, 126, 180, -256, -4, -120, 190, 16, -78, 150, -36, -172, 30, -14, 84, -244, -18, 20, 126, -50, 126, 122, -198, 48, 220, 62, -46, -98, 150, -240, -58, -42, 74, 78, -148, -74, 92, 4, 194, -82, -10, -18, -104, -162, 84, 80, -24, 56, 60, -90, 64, 4, -126, 248, 184, -224, 150, -40, -160, 274, -166, -52, -84, -110, 126, 196, -178, -28, 26, -86, 90, 290, 22, -4, 52, -30, -76, -22, 4, -102, 70, -6, -100, 128, 170, -20, 0, -180, -220, -62, 40, 166, -50, -126, -92, 166, 220, -150, 134, 4, -42, 96, -188, 0, -170, 130, -64, 160, 136, 16, -176, 68, -22, -252, -62, -312, 200, 134, -218, -80, 34, -116, 186, 24, 134, 30, -14, 80, -112, -88, 180, 80, -46, 20, 64, -28, -6, -68, 170, 136, -6, 
-80, -78, 112, -160, -56, -64, 178, -72, -290, 0, 2, 150, -198, -92, 102, 146, 88, -276, 94, -82, -152, 238, 162, 130, -246, 136, 14, -32, 184, 180, -14, -114, 4, -26, 38, -270, -46, -116, -28, -32, 2, 80, 18, 44, -62, -14, 122, -36, 192, 48, 66, -192, -102, -138, 120, 232, 300, 128, 94, 104, 72, -200, -78, -148, 84, 106, -46, 116, -178, -66, 272, -54, 132, 60, 100, 248, 192, -152, 18, 36, -8, 6, 162, -20, -76, -100, -58, 144, 68, -102, 82, 20, 202, -48, -42, -36, 40, -46, -24, -118, -116, 206, 200, 8, 174, 8, 154, -110, 32, 46, 136, 184, 122, 54, 54, 52, 176, 90, 148, -244, -12, 120, 138, -172, -4, 298, -46, -64, -20, -180, -24, -168, -64, 42, 254, 114, -52, -268, -22, 124, -28, -64, -2, 208, -176, 190, 76, 24, -130, 66, 92, -32, 114, 220, 68, -58, 4, -34, 120, 188, -60, 80, 116, 142, 120, -154, -158, -22, -136, 198, -224, 62, 174, 96, 144, 82, 122, -84, 156, 20, -80, 62, 60, 184, 32, -20, 168, 16, 152, 152, -182, 104, 156, -4, 162, -80, -116, -64, 252, -160, 82, 82, 92, 104, 214, 60, -44, -182, -106, 84, -64, 28, 108, 98, 72, -50, -76, 318, 214, -14, -76, -64, -100, 46, 216, 52, 266, 4, -42, 256, 72, 50, 94, 12, -170, -132, 30, -74, -14, 202, 60, -84, 18, -48, -68, 2, 230, -246, 30, -182, 16, -4, 36, -286, -134, -60, 48, -12, 328, 10, -58, 48, -130, -46, 284, -146, -102, 4, -82, 52, 316, 60, -136, 2, 14, 78, 36, -22, -164, 142, -4, 122, 14, -6, 28, 170, -180, 110, 184, -236, 196, -14, 74, 352, 24, 26, 62, -144, 96, -10, -26, -148, 52, 54, 100, 240, -292, -60, 62, 128, -2, 38, -64, 50, -60, 42, 180, 28, 94, -80, 58, 156, 56, 6, 14, -48, -30, -154, 160, 16, -30, 46, 38, 14, -234, -16, -294, 96, 94, 250, -38, -60, -66, 110, 160, 212, 136, 172, -74, 38, -74, 114, 152, 94, 104, -50, -108, -18, -80, 196, 140, -200, 276, 100, 318, 50, -190, 82, -246, 122, 150, -62, 84, 72, 52, 120, -96, 14, 106, 88, -10, 206, -82, -132, -134, 206, 60, -52, 26, -26, -32, -82, 54, 36, -100, -2, 68, 38, 88, 60, 112, -54, 46, 122, -104, 176, 40, 166, 134, -194, 14, 150, 2, -40, -18, -86, -26, 312, 90, 94, -42, 62, 32, -102, -156, 366, 126, 8, 76, -18, -106, -52, 228, -40, 30, 42, -168, -116, 18, 58, 50, 34, 24, 62, 40, 168, 70, 104, 272, -158, -208, 54, 16, -50, -52, -240, 74, -26, -46, 150, -28, 52, -116, 106, 70, -12, -198, -260, -4, 308, 104, 120, 138, 6, 266, -152, 56, 156, 96, -10, 202, -156, -88, -32, -30, 196, 14, -44, 174, -152, -88, 30, 204, 168, 40, 110, 156, -208, 0, -64, 
142, 62, 48, 252, 0, -108, 2, 96, 158, -160, -54, 58, 164, 104, 12, -200, -142, 244, -68, 68, 22, -326, -174, -88, 260, -52, 12, -40, 44, -98, -74, 200, 44, 116, 26, 302, 210, 28, 142, -28, 12, -120, 68, -346, 64, -6, -56, -150, -242, 10, -108, 136, 210, 240, -104, -64, -220, -386, -266, 28, 60, 174, 142, 140, 54, 166, 66, 156, 92, -72, -200, 28, -124, 178, 8, -174, -16, 104, -110, -4, 202, 4, -128, -36, 72, 126, -18, -232, 20, 50, -204, 16, -158, -32, 2, 2, -92, -48, 134, 132, 116, -4, -146, 106, -40, -66, 188, -34, 84, 88, -148, 4, 66, -12, 60, 26, -128, 26, 40, 4, -32, -246, -120, 172, -22, -124, 22, 146, 256, 58, 86, 184, -64, 150, -128, 108, 152, 146, -20, 82, 40, -44, 234, -208, 192, -198, -180, -234, 158, 42, -40, 70, -80, -130, -54, 146, 104, 56, 232, -168, -30, 136, -158, 144, -168, 54, 158, 10, 6, 64, 194, -18, -46, -256, -14, -74, -122, 364, 90, -90, -90, 4, -170, -30, -88, 94, 74, 152, -126, 38, 354, -118, -178, 302, -222, 242, 112, 238, 14, 4, -38, 42, -194, -100, -162, -74, 160, 332, -32, 162, 304, -6, 46, 180, -70, 168, 72, -434, -126, 88, 202, -94, 62, 0, -154, -46, -306, -112, 66, -380, -144, 94, 104, 42, 356, 118, -240, 104, 196, 24, 188, 234, 130, 212, 30, -80, -128, 288, 178, 44, 278, -4, 36, 326, 214, 242, -116, 124, -248, 124, 64, -8, 168, -100, -30, 126, 68, 28, 300, -174, 86, 74, 170, -62, 168, -204, 142, 12, 46, -134, 16, -144, 16, 102, 96, 104, 76, 22, -218, 84, -16, -6, -48, -260, 36, 90, 30, 186, 46, 6, 108, 230, -66, 50, 66, -176, 76, -116, 8, -4, -30, -8, 226, -84, 80, 76, -2, 120, 76, 114, -130, -144, 2, 92, -38, 152, 56, 180, 72, 200, 150, 150, 44, 78, 208, 158, 338, 34, 132, -194, -164, -70, 110, -12, 8, -114, -104, -18, -70, -72, 10, -28, 150, -74, 16, -10, -30, 144, 18, -28, -50, 194, -168, 104, -120, 72, 254, -64, 244, -38, -76, 192, -10, -18, -104, -218, 154, 178, 100, 152, 48, -68, -24, 138, -78, -262, -124, 56, 32, 4, -16, 36, -104, -194, 112, 90, 76, -6, -156, 98, -146, 94, -6, -30, 280, 50, 12, -90, -12, 46, 2, -124, 28, 156, -6, 92, 32, 98, -58, -44, -166, 148, 16, 120, 114, -246, -64, 100, -56, -38, 172, -60, -80, 14, 110, -78, 316, 134, -26, -72, -124, 56, -124, -122, 68, -44, 200, -10, -92, 12, 226, 254, -112, 10, 234, 378, 160, 44, 106, -96, -38, 2, 126, -210, 28, 242, 248, 312, 64, -404, -360, -134, -22, 76, -282, 152, 66, -234, -32, 124, -92, 62, 174, 38, 40, -130, -62, 98, -146, 10, -122, -42, -90, 26, -110, 88, 44, 184, 22, -80, 
-220, -40, -10, -244, 20, 74, -90, -208, -24, 30, 52, 18, -108, -16, 68, 132, 146, -234, 84, -112, 30, 220, 236, 294, 74, 86, -106, 86, 76, 16, 28, -108, -14, -52, -152, -158, 104, -212, 32, 88, 176, 156, -68, 58, -154, 120, -46, 66, 94, 14, 20, -100, -56, -162, 74, 168, 226, 284, 168, 66, -100, -72, 46, 192, -78, 72, 54, 58, -204, 198, 276, 120, 8, -84, 18, 42, 64, -42, 56, 0, 32, 56, 120, -32, 58, 84, -30, 110, 36, -182, 114, 86, -122, 42, -10, 18, 90, -36, 80, 12, 70, 148, 76, -136, -132, 46, -52, 76, -26, -80, 152, -82, 16, 64, -216, -66, -38, 6, -78, -146, -2, 140, 96, -212, 112, 190, -260, -62, -244, 120, 4, -74, -124, 132, -74, 52, 28, -136, 16, 202, -4, 66, -294, 30, -314, 150, 184, 146, -50, -58, -38, -42, -14, 230, 76, -18, -224, 4, -110, 174, 54, -22, -130, -22, -44, 28, -16, 66, 14, 74, -120, 184, -62, 76, 12, 104, 68, -418, -12, 124, 230, 194, 240, 46, 68, 154, 62, 38, 234, -164, -230, 170, 78, -144, 304, -292, 18, -196, 152, -34, 184, 20, 4, 152, 42, -28, -238, -264, -156, 58, -350, -52, 32, -178, 226, -98, -130, 448, 70, 90, 190, -124, 80, 122, 128, 304, 174, 174, 14, 360, 152, -114, -208, 18, -8, 202, 216, -54, -240, -100, 32, -174, -4, 68, 122, 198, 46, 58, -32, 44, 2, 102, 90, -220, -224, -166, 48, -118, 240, 74, -32, -110, -86, 40, -38, -172, 176, 122, -82, 90, -10, 98, -106, 168, -8, 96, -8, 36, 76, -102, 96, 292, -116, 24, -130, -232, 22, -36, 118, -66, 38, 88, -66, 170, 6, -114, 66, -144, -170, 88, 30, 12, 20, 224, 20, 188, -60, 202, -44, 108, 112, 238, -218, -24, -34, -158, -136, -42, -142, 56, 170, 190, 14, -100, -104, -182, 202, -76, 44, -122, -176, -8, 38, -194, 10, -14, -150, 158, -22, 10, 154, 216, -50, -132, -70, 58, 192, 168, 162, 106, -166, 50, 76, 230, 62, 128, 118, 10, 98, 24, 260, -258, 70, 68, 142, 12, -192, -30, -162, 270, 162, 22, 242, 12, 80, 310, 42, -44, -24, -96, 32, 76, -44, -22, 114, 154, 144, 10, 40, 38, -178, 56, 228, 128, -170, -114, 6, 206, -4, -112, 112, -62, 176, 136, -162, 134, -174, 8, -172, 8, 16, -6, 196, 6, -16, 10, 10, 126, -42, -30, 8, -46, 138, -20, 118, 48, 168, -8, -98, -48, -86, 8, -132, 100, -224, 116, -226, -104, -98, 132, 70, -168, 124, 112, 124, 140, -44, -18, 170, -44, -136, -114, 174, -114, -78, -236, 12, 36, -84, 306, 112, 158, -50, 126, -20, -140, -102, -200, 22, 456, 158, 212, 112, 44, 280, -58, 58, 134, 244, 136, 2, 144, 78, 24, -160, 200, -4, -112, -26, 32, 110, -16, 32, -100, 0, -138, 164, 30, -10, 222, 
10, 46, -28, 98, 24, -28, 106, 192, -42, 92, -88, -128, 200, 262, 128, 14, -56, 196, -142, 216, -36, -128, -50, -108, -176, -246, -34, -88, -62, 60, -98, 122, -76, -20, 198, 46, -130, 274, 2, -20, 38, -194, -96, 20, 100, -170, -112, -196, -16, 12, -26, 272, 80, 164, -102, -16, -136, -234, -144, -18, 200, 94, -50, -60, 150, 40, 76, -182, 176, -142, -234, -74, 80, -74, -78, -58, 62, -106, 36, -46, -106, -92, -122, -38, -114, -30, 32, -142, 52, 98, -46, 0, 148, 58, -50, 38, 26, 116, -30, 188, -66, -106, -80, 94, -74, -6, -204, -126, -30, 160, 4, 268, 102, -160, 28, 102, 68, -58, 244, 162, 140, -248, -74, 60, -106, -48, 188, -38, 324, -42, 102, -44, 34, -42, 88, -140, 80, 150, -98, -154, -194, 48, 262, 22, 182, -22, -294, -202, 182, 224, -152, 96, 102, -40, -98, 100, 206, -16, 158, -2, -80, 148, 74, -82, 232, -30, -2, -242, -12, -36, 6, -234, 10, -36, 122, 46, -90, 498, 16, -66, -136, -88, -62, 28, -58, 214, 202, 120, -260, 36, 290, -172, -20, 98, -110, 40, -62, 264, -84, -2, -202, 78, 52, -42, -14, -138, 32, 16, 198, -52, 354, -28, -48, 176, -282, 196, 108, -394, 8, -22, 76, 48, -60, 146, -42, -210, -22, -22, 60, -108, 78, 54, 128, -12, 106, -110, -72, -80, 132, 106, 228, 238, 6, 48, 32, 68, 180, -136, 184, 152, -72, 90, 90, 142, 16, 90, -60, 24, -204, 144, 28, 170, 18, 356, -12, 202, -328, -18, 84, -18, 206, 76, -34, -66, 138, -144, -42, -112, 70, 56, -224, -114, 148, -72, 108, 142, 198, -26, -204, 90, 92, -62, 28, 86, 120, 28, -124, 86, 218, 70, -60, -56, -30, -242, 132, -122, 0, -196, 56, -50, -26, 30, 152, 90, 24, 14, -68, 154, 150, 28, -196, -72, 84, 216, 12, -114, 2, 4, 58, 106, 160, 110, 42, 142, -110, 54, 94, -48, 146, -88, -148, -2, 36, 74, 80, -160, 0, -12, -62, 120, -222, -118, 178, -130, -18, -14, -122, -106, 44, 116, -186, 26, -94, -132, -126, 26, 96, 88, 112, -140, 60, 102, -34, -74, -4, 34, 78, 206, 36, 174, -146, -18, 28, 30, 164, -10, 8, -272, -96, -120, 98, 56, -296, -44, 54, -206, 102, -122, -96, 256, 16, 124, 18, -240, 112, 88, 176, 72, 106, 258, -124, -16, -146, 24, -10, 76, -96, -336, 14, -136, -34, 110, -206, 170, -44, -88, 136, 150, 56, 26, 56, 18, 102, 90, 74, -10, 82, 174, 144, -30, -72, 130, -30, -30, -44, -174, 134, -104, 60, 20, 112, 68, -32, 180, 242, 256, 92, 184, 76, -314, -140, -164, 16, -62, -52, 80, 170, 122, 24, -262, -252, -206, 54, 154, 40, 124, -26, -146, -140, -146, 8, -80, -158, -14, 52, -188, 78, 224, 14, 146, -76, -52, -68, 74, -92, 326, -42, 88, -140, 32, 
-84, -52, 130, -14, -24, -106, -104, -38, 66, 126, 92, 254, 10, -202, -76, -94, 64, -206, 22, 10, 68, 152, 90, 120, 122, 230, 50, -10, -28, -84, 132, -146, 60, -6, -46, -96, 254, -44, 96, 18, -20, 124, 60, -80, 30, 210, 58, 196, 104, 70, -70, -118, 10, -26, -20, 52, 86, 44, 68, 52, -82, 38, 232, 78, -4, -40, 152, 50, -58, 152, 230, 254, 0, 232, 16, -42, 98, 132, 46, 120, 110, 4, 138, 56, 12, 164, -46, 168, -224, -8, -2, -50, -144, -10, 74, -34, -64, 16, 86, -36, -2, 112, 14, -52, 0, 54, 230, 94, 102, -76, -160, -160, -40, 110, -112, -202, 48, 132, -150, -148, 40, 276, 68, 206, 138, 50, -64, 202, -286, 182, 86, 52, -108, -44, 146, 108, -124, -2, -12, -20, 92, -188, -58, 242, -88, -98, 412, 176, -12, -214, 102, -102, 42, 132, 148, 22, -102, -128, 0, -18, 98, -130, -68, 152, -138, 64, 94, 234, 14, 114, 132, 94, 128, 172, -8, 20, 94, -248, 112, 44, 16, 2, -82, -82, 102, -88, -166, -2, 142, -40, -240, 36, 22, -54, 96, -70, 210, 30, 58, 10, 238, -30, -60, 48, 164, 52, -166, 130, -86, 140, -90, 82, 150, -142, 54, -138, -110, 270, -44, 52, 144, -66, 76, -220, 22, 66, -2, 76, 102, -36, -106, -32, -32, 4, 120, 326, -18, 220, -20, -218, -276, -288, -58, -94, -14, -166, 18, 54, -236, -52, 252, -4, 84, -42, 10, -216, 28, 78, 232, 104, -96, 46, -2, -248, 58, 10, 262, 204, -80, -60, -106, -18, 224, 4, -112, 52, 122, 122, -52, 44, 158, 56, 62, 250, 0, -74, 26, -38, 416, -176, 48, 46, 112, -26, -26, 48, 100, -118, -4, -62, -154, -78, -10, 150, -88, 30, 106, 4, -162, -32, -66, 110, -128, -80, -68, -14, -74, -42, -76, -22, 22, 90, -216, -38, -74, 156, -138, -124, 24, -74, -34, 114, 84, -92, 40, -16, -96, 68, -102, 134, 166, 58, -130, -214, 12, 64, -152, -46, 228, 150, 284, -98, -152, 132, 90, -46, 54, -70, 26, -134, 112, -220, 76, -4, 106, -162, -54, -270, -36, 202, -20, -110, 48, -40, 190, -80, -52, 24, -116, -94, 166, -84, 158, 80, -52, 62, -20, 124, 150, -8, -256, -202, 62, -30, 82, 176, -16, 96, 268, -186, -100, 12, 142, 180, -86, 150, 194, -106, -76, -242, 38, 50, 210, 166, 94, 12, 216, 248, -18, -44, 282, -50, 160, 114, 32, 162, -102, -144, -92, 92, -80, -218, -48, 84, 8, -6, -88, -158, -68, -14, 10, -96, 62, 44, 58, 74, -14, 56, -80, -164, 22, -66, 96, -104, -128, -282, 42, 64, 6, 174, 86, 26, -76, 208, 190, -130, -156, -140, -194, 202, 172, 146, -142, -62, -34, -34, -26, 14, 22, 24, 34, 124, 148, -2, 2, 216, -70, 42, -116, -22, 188, 70, 150, 68, 6, -156, 160, -54, 222, 154, 
146, 20, -40, 18, 62, 146, 150, 166, -202, -20, -26, -70, 52, 144, -142, -94, 8, 158, -24, 118, -2, -168, 110, -42, 148, 26, -10, 114, -26, -52, -108, 240, -136, 124, 192, -58, -136, 98, -26, 70, 92, 134, 66, 12, -42, -190, -130, -198, -102, 6, -88, -98, 54, -82, -18, -22, 184, -150, -8, 60, 120, 94, -242, -114, -34, 70, -182, 96, 122, -240, -16, -102, 56, -8, 90, 82, -8, 40, -46, -2, -156, -16, 42, 106, 26, -28, -136, -70, 124, 246, 96, 0, 232, -140, -52, 172, 34, 166, -88, 64, -70, -48, 12, -38, -6, -68, -166, -30, 22, 74, 216, 206, 108, 26, -14, 124, 90, -52, 266, 224, 36, -134, 142, 86, -44, -76, 46, -226, 74, -58, 70, 72, 10, 156, -102, 50, 166, -66, -24, -134, 118, 344, 88, -88, 32, 270, -114, -210, -50, 42, 20, 158, -106, -62, 158, 160, 158, 68, 232, 18, 48, 120, 144, -54, 44, 52, -116, -412, 26, 106, -128, 156, 96, -158, 118, 54, -54, 60, 168, 80, -60, 104, -28, 114, -42, 82, 154, -62, -266, 98, 154, -156, 86, 94, -188, 78, -276, -54, -8, -96, -22, 170, 166, 72, -174, -26, 238, -32, 32, 44, 142, -130, 34, 184, -20, 212, 76, -216, 140, -4, -148, 168, -68, 206, 244, -22, 70, 138, -70, 4, -4, -210, -24, 124, -128, -338, -104, -96, -90, 250, 48, 254, -74, 74, 106, 70, 282, -26, 110, -34, -2, 6, -16, -10, 24, 142, -136, 96, -184, 70, 86, 44, -10, 216, 76, 152, -144, -60, 230, -64, 120, 236, -94, 44, 242, 62, 8, -36, 176, -36, -120, -180, -126, -150, 20, 84, -114, 130, -172, 144, 70, -160, 36, -66, 32, 126, 146, -90, 88, 212, 114, 20, 98, -318, 32, -42, -50, -162, -38, 148, 204, 40, 234, -4, 146, -32, -62, 122, 66, 116, -54, -216, 16, 132, -20, -146, -108, 188, 6, 154, 40, -190, -176, 200, 30, -48, 80, -60, -160, -28, -66, 96, 42, -4, 174, 58, 232, 176, -94, -126, -164, 12, 256, -96, -92, -8, -26, 60, -16, -52, -142, 132, 254, 86, 88, 20, 264, 128, 58, 108, 70, 154, 22, 40, -82, 36, -170, -18, -38, 26, -14, -46, -28, -86, 112, -80, 0, -76, 6, -76, 238, 260, 28, -26, -166, -128, 50, 70, -186, 94, 148, 16, -4, -210, 152, -232, -12, 134, 80, 358, 6, -76, -178, -4, -64, 16, -110, -140, 164, -110, -22, 264, -30, -14, -78, -178, 20, 314, 292, 192, 78, 156, 146, -28, 82, 186, 102, -94, 118, 26, -158, 46, 14, -58, -50, -56, 110, -134, 134, 122, 144, -36, -18, 94, 26, 106, -38, 44, 2, -28, -24, 8, 24, -20, -216, 158, 58, 80, 224, -192, 174, -192, -8, -40, -30, 50, 34, 120, -40, -42, -92, -106, -134, -22, 82, -258, 60, 8, 314, 138, -68, -56, -94, -126, 140, 264, -98, 128, -136, 28, 
-166, 114, 38, -24, 106, 102, -96, 64, 412, 146, -10, 108, 38, 18, -166, -10, 184, -168, -34, -64, -8, -54, -66, 240, -20, 166, -34, -148, 180, 216, 128, -100, 220, -118, -220, -168, 156, -48, 44, -126, 0, 100, -50, 28, 82, 96, -184, 288, 278, -56, 46, 36, -50, 62, 108, -36, -26, 200, 32, -102, -54, -36, 246, 70, -122, -46, 212, -38, -96, 208, 4, 110, -12, 50, 132, 22, -44, 216, 68, 74, -24, -22, -4, 170, 28, 88, -72, 82, 84, -204, -14, -122, -32, -86, 142, -62, 0, -222, 118, 60, 82, 72, -180, 36, 302, 28, 78, -156, 148, -208, 60, -134, -8, 96, 110, -46, -140, 46, -126, 26, 60, 4, -100, -28, -62, -138, 80, 128, 134, 152, 14, -28, 26, -20, 22, 32, -160, -30, 158, -2, 0, -240, 96, 26, -18, -328, 88, 32, 16, 118, -32, -26, -4, -18, -160, -58, -92, 16, -268, -18, -2, -88, -32, 66, 74, 10, 202, 82, -84, -86, 12, -178, -124, 160, -46, -68, 42, -92, -136, -54, 194, 32, 14, -86, -72, -70, -70, 34, 114, -102, -172, 120, 4, 196, 458, 52, 244, 86, 106, -8, 88, -12, -100, -36, 412, 100, -132, 334, 86, 46, -146, -12, 16, -170, -80, -178, 28, 266, -20, -160, -74, -38, 130, -158, -212, -86, -50, -124, -58, -172, 12, 182, 72, -62, 118, 164, 32, 70, 102, -26, 52, 106, 154, 14, -106, -156, 0, -72, -180, 110, -14, 128, 86, 60, 44, -52, 128, 42, -60, 100, 26, 0, 62, -142, 182, -70, 10, 42, -224, 182, -148, -14, -176, 38, -152, -94, 16, 76, 106, 34, -32, 42, 366, 84, 72, 74, 132, 44, 158, -94, -172, -16, -90, -2, 88, 66, -52, -20, -22, -320, -118, -106, -36, 262, 172, 160, -26, 92, -30, -50, -176, 32, -200, 146, -4, 228, 146, -76, -50, 2, 60, 226, -64, -166, 178, 120, 142, -108, -252, 68, -102, 208, 22, 24, -6, 68, -48, 38, 24, -44, 68, 20, 18, -48, -76, 162, 70, -44, -76, 244, 134, 90, -58, -58, 106, -6, 244, -16, 20, -96, 108, -86, -158, -70, 16, 32, -152, -132, -10, -180, 88, -56, -28, 28, 190, 30, 262, 26, -72, 50, 32, -72, 152, 82, -94, -130, 168, 120, 100, 114, -212, -70, 48, 22, 318, 236, -38, 70, 222, -60, -70, -194, 126, 72, -96, 138, 28, -316, 72, -68, 4, -84, 150, 88, -66, -50, 246, 132, -8, 86, 140, -126, 54, -30, 178, 244, 14, -396, -158, -190, 76, 142, -152, -150, 104, -184, -54, 86, -52, -28, 80, -38, 26, 192, -52, 22, -82, 62, -142, 64, 74, -62, 6, -244, -48, 142, -46, 158, -94, -52, -6, -80, -116, 162, 108, -74, -194, 112, -22, 42, -262, 110, -4, -54, 140, -28, -8, -30, 198, 90, 280, 90, 108, -8, 48, 10, 72, -102, 10, -74, 64, 120, 50, 86, -224, -210, 20, -16, 228, -22, 
102, -218, -192, 20, 74, 66, 70, -8, -236, -132, -8, -88, 42, -78, 284, 22, -194, 112, -8, 22, -74, 112, -18, -172, -36, 132, 94, 240, 214, 114, 142, 104, -104, 108, 168, 150, -122, 54, -46, 200, 226, 146, 132, 98, 230, -276, 60, -28, -64, 192, -42, -14, 258, 66, -74, 76, 26, 70, 154, 154, -12, 174, -232, 90, 132, -108, -54, 12, -38, -100, -46, 118, 146, 44, -170, -18, 98, -180, 88, -208, 94, 210, -48, 12, -20, 32, 144, -152, -4, 64, 18, 192, 12, 262, -134, 166, 62, 10, 68, -20, -30, -6, 192, 132, -260, -28, 0, 84, -134, 190, 4, 150, 208, 42, -54, 142, 66, -252, 94, 40, -208, -98, -22, -54, -138, 120, 70, -42, -52, 142, 178, 80, 180, 102, -160, 24, 220, -166, -110, -10, -112, 174, -18, 92, 254, 234, -136, 40, 32, 142, 76, 70, -48, -138, 136, -28, 34, 194, -4, 124, -24, 320, 140, -16, 134, -216, -126, -68, 166, 100, -2, 136, 110, 74, 156, 50, -148, 96, 204, 90, -124, -40, -46, 44, 66, 96, -72, 24, -64, 102, 62, -168, -50, -122, -156, -38, 20, -142, 72, -222, -100, 80, 336, 78, -350, -20, 218, -148, -38, -120, 18, 104, 56, 90, -286, 22, 156, -160, 108, 120, 62, 194, -84, 116, 216, -42, 164, 0, 130, 128, 102, -178, -80, 160, -40, -124, 50, -104, -56, -64, -84, -172, -168, 118, 16, 294, 74, 42, 84, 22, 172, -24, 20, 110, -112, -84, 100, -4, -72, 38, -2, 130, 124, 198, 22, 42, 20, 22, 172, -52, 92, -26, 72, -180, 230, -8, 86, -68, -38, -160, 198, -98, -372, -46, 196, -50, -92, 104, -212, -66, 194, 58, 88, 154, 8, 26, 14, 172, -34, 478, 256, 176, 4, -174, -144, -102, 168, -78, 72, 16, 208, -152, 330, 32, -218, -160, -4, 42, 224, -132, -70, -62, 28, 70, -112, -214, -90, 146, 184, 16, 124, -112, 14, -70, 132, 56, -28, 132, -138, -70, 116, 86, 144, 218, 92, -236, -120, -26, -2, -90, 6, 128, -34, -6, -42, -54, -118, -24, -42, 112, -172, 2, -10, 2, -98, -122, 274, 116, 32, 264, -76, -170, 166, -52, -356, -20, -156, 188, 0, -100, -12, 70, -80, -66, 206, -28, -88, 10, -44, 126, 236, 106, -196, 102, 70, -106, -146, 120, -130, 134, 44, 84, 90, -50, 44, -134, -84, 292, -74, 194, 104, 152, -34, 98, 72, 38, -216, -4, 66, -124, -24, 148, -58, -8, 78, -214, 52, 162, 196, -60, -18, 110, 174, 140, -136, 292, 24, 84, 14, -66, -64, 0, 94, -12, -12, -28, 268, -106, 54, 14, -22, 32, 102, 118, -20, -104, -102, -110, -66, 142, 28, 158, -16, -118, -26, -16, 266, -74, -24, -112, 212, 122, 32, 270, -34, 14, -6, -60, -64, 82, 40, -140, 4, 102, 48, 88, 4, 148, 156, -66, -100, 56, -134, -2, 274, -28, 40, 156, -164, 146, 
52, 104, 82, -62, -24, 8, 28, 210, 98, 6, 42, 110, -86, 30, -196, 270, 42, -18, 234, -48, 22, -84, 2, -128, 180, 80, -128, -62, 32, 22, -4, -280, 206, -260, 4, -20, 172, -130, -40, 116, -232, -6, -122, -158, 6, 310, -16, 44, 88, 8, 240, 12, -174, 46, -28, -62, -46, -158, 14, -174, -122, -156, 90, -162, 114, 4, 158, 152, -104, 120, 94, -52, -144, -144, 86, -60, 24, 120, -200, 18, 82, -130, 6, 202, 120, 106, -148, 82, 16, 40, -52, -248, 84, -224, 186, -42, -82, 26, -240, -86, -48, 104, -66, -98, 166, -82, 0, -86, 290, 2, 32, -42, -92, -4, -188, -104, 20, 186, -96, -26, 152, 40, 42, 90, 228, -46, -134, 128, 60, -10, 28, 200, -40, 82, 234, -70, -60, 198, 292, 160, 120, -142, 120, 18, 18, -334, 202, -102, -120, -38, 108, 58, 26, 218, -126, 82, 86, -172, -26, 28, -108, -74, -164, -126, -74, 272, 0, -142, 168, -140, 200, -246, -278, 46, -78, 90, 206, 36, -258, -2, 46, 168, 54, 94, -120, 130, 76, -56, 96, -112, 40, 148, 138, 74, 54, -52, 112, 210, -120, 206, -18, 12, -256, -242, 174, 126, -126, 104, 12, 144, -40, -108, 120, 10, 138, -238, -112, 106, 68, -198, 142, 96, 166, -12, -172, 58, 170, -90, -66, -14, -100, 100, 118, -74, 118, 36, 76, 148, -64, -18, 114, 342, 132, 76, -24, -222, -76, 172, -12, 142, -256, -54, 90, -26, -6, 108, 68, -128, -30, -154, 106, -76, -2, -132, 80, 198, 32, -58, -84, 58, -26, 80, -226, 220, -42, 20, -166, -58, 72, -44, -48, 20, 208, -62, -128, 34, -200, 8, 178, 64, -120, 44, 118, -180, 70, -144, -12, -202, 32, -288, -232, 14, 94, 132, 128, 192, -102, 84, 34, 60, -244, 46, -278, 178, 106, 130, -68, -50, -4, 210, 176, 188, -242, -154, 146, 88, 246, -64, -206, 190, -162, -38, 242, 26, -166, 56, 82, -16, 346, -64, -12, 84, -194, -38, 106, 116, 176, -34, 4, -8, -26, -20, -96, 28, 74, 90, 66, -56, 114, 12, 220, -82, 154, -38, 60, 6, -42, -22, 98, -90, 76, 48, -238, 94, 322, 14, -4, -46, -48, 22, 40, -92, -36, -6, -240, 86, 38, 146, -60, 24, -52, -28, -34, -114, 98, 54, 208, -144, -60, 88, -30, 130, 12, 144, -154, 130, 42, -58, 232, -270, -14, -148, 54, 18, -64, -106, -6, 80, 6, -52, 148, -150, -2, -78, -86, 146, -42, 56, -40, 58, 54, 94, -46, -116, 208, -62, 24, 4, -2, 58, 62, -34, 90, 16, 36, 116, -140, 170, -180, 32, -2, 24, 156, 132, -124, 46, -12, 56, 142, -78, -94, -52, 108, 166, -154, -80, -56, 22, 60, 60, -152, -50, 88, -230, 32, -54, 108, -38, 70, -102, -66, 230, 38, 46, 8, 0, 122, -132, 2, -60, 46, 24, -86, 204, -68, 26, 28, -80, 106, -146, 
-82, 14, -18, 40, 36, 10, -4, -124, -38, 46, 122, -82, 148, 0, 156, -128, -110, 90, -136, 76, -158, 102, -166, -64, 70, 154, 72, 160, 72, -54, -144, 90, -324, 206, 0, 28, -84, 156, -44, 16, 82, -26, 54, 22, -86, -362, -16, 104, -64, -30, -128, 68, 96, -130, -16, 108, 64, 180, 120, 74, 38, 202, -52, 104, -80, -162, -72, -90, 56, -74, -224, 126, 12, 116, -10, -124, -96, 48, 272, 100, 26, 52, 94, 72, -56, 176, -10, 138, 144, -24, 222, 272, 0, 160, -136, 100, 276, 146, 184, 102, -26, 52, 52, 80, -44, 0, 0, -50, -130, -56, 316, 102, 160, 104, 64, 86, 298, -84, 32, 254, -66, -160, 18, -204, -218, 148, 254, -54, -138, 50, 46, 32, 246, -8, -254, 182, 152, -266, -88, 70, 120, 154, -88, 68, 98, 258, 6, 98, 120, 134, 40, 222, 162, -74, 242, 116, -36, 146, 130, -128, -16, 248, -26, 194, 120, -138, -50, 262, -50, 276, -30, 186, 304, 154, 60, 74, -52, -76, 196, 30, 24, -66, -6, -26, 104, -202, 40, 188, -136, 52, -130, 30, -96, 48, 88, 204, -36, -10, 66, -128, 132, -118, 370, 178, 8, -82, 14, -62, 84, -16, 4, 282, 116, -50, -140, 204, 34, -64, 134, 134, -230, -74, -170, -62, 56, -54, 66, -26, 142, 52, 38, -240, -136, 48, -128, -80, -38, -20, 58, 146, 28, -412, 12, 118, 134, 158, 6, -224, -4, -64, 166, -74, -118, -78, 40, -54, 18, 6, 32, -4, 74, 204, 118, -86, 10, -10, 58, 44, 64, 156, -14, -216, 276, -154, 106, -8, 266, -44, 88, 246, 94, -72, 26, 88, 270, -18, 44, -72, -172, -144, -88, -142, 58, 56, 74, -38, 46, 142, 126, 234, 12, -20, -50, -164, -48, -80, 116, -104, -102, -10, 42, -108, 298, -122, -32, -144, 84, -66, 74, 66, -128, -96, 164, 212, -74, 188, -70, 154, 40, -144, 30, 142, 2, -56, 140, 24, 238, -84, -44, 100, -72, 4, 218, -116, 70, -80, -174, 62, -52, 38, 214, 132, 98, 130, 62, -68, 128, 20, -136, -6, -364, 30, -102, 118, -26, -82, 62, -94, -224, -26, -130, -28, 304, -198, -62, 146, 8, 88, -14, -6, 46, 14, -60, 12, 188, -36, 70, -64, -108, -74, 136, 172, -2, 106, -2, -6, -168, 150, -32, -32, 116, -10, 150, -72, 6, -100, -188, 150, -246, 274, 248, 0, -36, -176, 124, 124, 36, 88, 24, 142, -194, 110, -138, 238, 32, 54, -20, 22, 26, 112, -116, -92, 52, 0, -110, -52, 174, 120, 66, 18, -168, 130, -140, 0, -64, -20, 230, -152, 280, -238, 54, 106, -150, 22, 138, -64, -50, 68, -20, 166, 36, 58, -286, 10, 236, 212, 14, 146, 116, 158, 62, 78, 28, 242, 98, -38, -48, 30, 132, 82, 98, -102, 172, -44, -14, 178, -46, 106, -8, -110, -30, 90, -190, -34, 40, -104, 90, 218, 22, 258, 
154, -36, -70, -22, -66, 100, 292, 114, 58, -158, 112, 78, 22, 156, -18, 42, 10, -226, 50, 92, 182, -46, 80, 86, -148, -20, 154, -70, 200, 94, 156, -72, 120, -208, 108, -78, 72, -88, 24, -4, -8, -60, -230, -44, 136, 320, 32, -24, 80, 32, 136, 34, -104, 54, -140, -70, 48, 114, 4, -16, 82, -284, 108, -108, 40, 132, 82, 178, 30, 150, 212, 36, -16, 146, -72, 134, -4, 8, -286, -120, -220, -40, 170, -14, -16, -162, 92, -34, 76, 284, -112, -14, 268, -50, 70, 62, -228, -6, -12, -108, 220, 34, -96, 56, 146, -20, -64, 52, 112, -10, -126, 80, 20, -58, -52, 46, -252, 154, -162, -216, -170, 84, 8, 82, 122, -138, -196, 46, 20, -196, 206, -116, 22, 12, 96, 28, -50, 328, 20, -60, -42, -134, -22, 148, -134, -76, -158, 26, -78, -160, 82, -242, -38, 66, -128, 106, 42, -272, -30, 106, -66, -126, 114, -186, -82, 102, 42, -230, -10, -254, 262, -124, -108, -40, -174, -26, -34, -14, -64, 14, 154, 184, 102, -46, -88, 22, -200, -242, 200, 40, 156, -138, 30, -52, 42, -126, 18, 116, -42, 100, 0, -22, -274, -154, 46, 84, -14, 168, 4, 42, 120, -28, -20, 102, 156, -108, 182, -118, -46, -126, 410, 42, 128, 134, 124, -48, -2, 94, -194, 108, 206, 90, 90, 62, -12, -26, 152, 74, -38, -26, 26, 386, 66, -120, 92, -182, -10, 78, -88, 100, -18, 66, 84, -114, 78, -52, 54, 6, 10, 54, 106, -164, 10, -204, 66, -124, -92, 2, -56, 48, -96, 94, -152, 162, -146, 34, -60, -108, 20, -118, -182, 184, -110, 44, -238, -16, 20, 132, 178, -22, 134, 204, 158, -136, -30, 50, -10, -78, -144, -6, 36, 68, 122, 66, -74, 214, -100, 30, 94, -30, 14, 164, -236, 98, 162, 98, -184, 66, -118, -10, 122, 252, -68, -194, 86, -96, 158, 62, 102, 50, 106, -26, 34, 106, 24, 90, -98, -68, 94, 72, 68, 8, -288, 262, -162, 216, 90, 56, -60, 60, -136, -4, -108, -14, -200, 120, -264, 64, 24, 42, 270, -202, -16, 136, 272, 126, -18, 44, 280, 26, -10, -28, -264, 118, -18, -78, -60, -70, -6, 74, -122, 14, 70, 208, -64, 180, -114, 70, 138, 278, -114, -254, 168, 58, 206, -62, 162, -34, 104, 52, -84, 90, 8, 62, 0, -30, -42, 48, 220, -178, -110, 90, -70, 194, -42, 46, -64, -86, 304, -74, 274, 42, 160, -110, -134, -2, 28, 2, 232, 82, 136, 30, -30, 114, 88, 332, 24, 18, 150, 38, 42, 20, 248, 40, -44, 30, -76, 222, -70, 236, 148, -138, 212, 48, -256, 86, 122, -140, 50, -44, -56, 94, 18, 10, -190, -288, -40, -282, 80, -238, -84, 112, 104, -404, -208, 152, 182, -24, -190, 102, -16, 300, -88, 124, 8, -30, 62, -150, 196, 190, 54, 218, 280, -116, 192, 404, -22, -28, 136, -180, 
-178, -64, -54, 154, 100, -160, -88, -164, -58, 86, 116, -74, 68, -148, 124, 134, 18, 16, 178, -132, -10, 70, -148, 16, 44, -38, -60, 68, 26, 124, -116, 96, -18, 68, 40, -30, 162, 74, 72, -140, 232, 126, -162, -38, -16, -194, -182, 48, -164, 182, -232, 64, 196, 90, 142, -4, 64, -18, -6, 6, 160, 176, -48, 44, 8, -182, -48, -116, 148, -166, -198, 16, 42, -76, 156, -82, 136, 234, 356, 102, 54, -136, -24, -86, 22, 160, -44, -18, -44, -38, 18, 180, -34, -20, 36, -114, 220, 10, 2, 164, 2, 60, 212, 30, -90, 84, -272, -38, -92, -68, 168, -156, 88, 68, 200, 60, 182, -138, 198, 166, 216, 56, 48, 12, 66, 240, -52, -120, 158, 2, 14, 16, -14, -22, 84, 118, 248, -152, -44, 6, 54, 130, 4, -24, 36, 110, 108, -200, 52, 118, 182, 220, 108, -160, 90, -98, 0, 94, 216, -212, -120, 342, -144, 180, -24, -10, 98, 258, 112, 84, -174, 94, 112, -14, 66, 198, 8, -92, -50, 154, -168, -64, -6, 100, -120, 140, 238, 218, -112, 78, 60, 62, -154, 184, 22, -54, 78, -58, 66, 82, 14, -6, 284, 48, -24, -80, 68, -180, -26, 60, -4, -10, 74, 106, 0, 130, -56, 98, 124, 90, -258, 22, -24, 26, -78, 44, 78, -110, 248, 80, -32, -90, -246, -4, -166, 68, -192, -82, 4, 94, -20, -208, -96, 26, -22, 236, 80, -30, 132, 10, 24, 50, -130, 176, -14, -126, -152, -102, 0, -24, -6, 142, -10, 170, 64, 282, 68, 94, 8, 36, -6, -118, 260, 42, -106, -22, -10, 78, -204, 158, 224, -30, 140, 90, 184, 42, -44, -186, 82, 54, -242, 126, 0, 82, 18, -128, -64, 198, -88, 32, -2, 146, -34, -80, 228, 18, 212, 32, 114, -60, -222, 66, 254, -78, -298, 20, 180, -142, -10, 102, 20, -178, 64, 190, -168, 54, 34, -310, 22, 24, -2, 42, -158, -100, -36, 186, 22, 136, -120, -46, 66, -118, 202, -12, -102, -88, 40, 36, 234, 36, 252, 98, 80, -2, 88, -284, 248, 226, -158, -86, -122, 38, -94, -236, -70, 104, -104, 10, -330, -32, 322, 26, 170, -92, 120, 22, 134, -26, 60, 88, 152, 104, 98, -70, 96, -176, -2, -94, -14, -174, 270, 236, 44, -54, -140, 168, -46, 108, 26, 204, 4, 8, -24, -124, 2, 384, -6, -106, -120, 166, -80, -38, 122, -94, -2, -86, -12, 90, -108, 162, -110, -162, -150, 238, 200, 86, 24, -96, 36, 64, 38, -80, 104, -232, -4, -120, 18, 88, -74, -12, 84, 18, -194, 46, 220, 114, 144, 42, 78, 34, -102, 44, -114, 16, 148, -40, -28, 76, 136, 78, 152, 108, 302, -144, 96, 212, -12, 222, -50, 252, 10, 10, -68, 244, 72, -148, -48, 64, 86, -208, 4, -232, 56, -8, -148, 206, 24, 374, 2, -230, 42, -60, -108, -2, -126, -238, 134, -4, 26, 246, 
50, -98, -36, 30, -220, 30, 122, 152, 108, -78, -100, 124, -94, 264, -14, 4, 66, 108, 6, 244, 24, -30, 160, 86, -50, 66, 146, -134, 124, 84, -24, -44, 144, 30, -54, -56, -142, 26, 32, 198, -74, -28, -4, 40, 114, 8, 162, 50, 336, 32, 234, 2, -66, -116, -4, -150, -44, 348, -18, -44, -68, -142, 166, 84, 70, 12, 54, 12, -218, 30, 110, 70, 78, 40, -120, 104, 0, -48, -336, -28, -94, 38, 328, 66, 234, -76, 86, -58, 124, 64, -46, -166, 138, -14, 50, 116, -180, -68, 4, -226, 56, -128, -236, 86, 38, -38, 136, 26, 168, -52, 126, 60, -82, -104, -130, -212, -118, 36, -242, -188, -182, 52, -172, 160, 54, -38, 240, 270, 146, -116, 110, 86, 22, 202, -156, 94, -92, -18, -12, -24, -12, -74, 76, 70, 48, -188, 50, 50, 2, -212, -128, -124, 104, 52, -80, -8, 54, -158, 26, 100, 102, -192, 56, -50, -18, 66, 18, 78, -70, -60, 40, -28, -86, 44, 36, 54, 56, 78, -26, -54, 148, 30, 186, 30, 210, 4, -220, -134, 68, -16, -164, 74, 94, -90, -254, 46, 172, 130, 102, 166, -62, 18, -116, 58, 156, -162, 40, 282, 46, -50, 136, -62, 184, -232, 280, 122, -56, -64, 12, -80, 54, -34, 134, 8, 106, -116, -40, 20, -196, -162, 120, 156, 112, 88, 212, -202, 250, 26, 86, -76, 46, 118, 68, 190, 92, -130, 38, 34, -74, 14, 138, -82, 208, -88, 162, 158, 364, 180, 128, -46, 40, 86, 88, -16, -82, -94, -226, -136, 208, 174, -60, 160, -116, -110, 60, 152, 230, -38, 114, 0, -178, 182, -58, -32, 24, 186, 88, 204, 74, -144, 356, 104, -22, 10, 98, 184, -34, -164, 136, -116, 190, -28, 62, 148, -260, 296, 92, -56, -42, 224, 112, 156, -24, -12, 92, -66, -108, 240, 132, 30, 168, 184, 10, -154, 184, -172, -34, 264, -54, 78, 58, -36, 312, 234, -16, 30, 124, -38, 34, -42, -120, -28, 12, -124, 48, 182, -150, -100, -208, 152, -26, 4, -52, 48, -140, 68, -40, -42, 116, 0, 166, 70, 136, 8, -4, -106, 80, 70, 180, 14, -188, -70, 50, 134, -180, -136, -136, 124, 66, -138, -180, -82, -148, 82, 12, 116, 110, 58, 56, 212, -278, -32, -54, 112, 170, -144, -78, 2, 4, -190, 66, 138, 94, 56, 18, -390, 40, 86, -20, 54, 170, -20, -22, 226, 26, 104, 14, 74, 174, -116, 166, -90, 210, -240, 30, 108, 38, 46, -8, -4, -26, 18, 34, 48, -156, 110, 180, 180, 124, 192, 60, 82, 88, 84, -58, -68, -14, 82, 110, 100, 84, -66, 14, 140, 100, 20, 200, -10, -86, -38, 14, -70, -140, 66, -158, -168, -44, -302, 114, -178, -90, -156, 70, -346, -242, 132, -114, -102, -32, 200, -142, 40, 72, 126, 122, -76, -84, -26, 46, 260, -238, -36, 152, -12, 276, 180, -122, 32, -28, -114, 
34, 108, -60, 266, 162, -150, -38, -10, -114, 66, 226, -86, 254, -208, 14, 134, 48, -276, 118, -184, 26, 108, -132, -72, 104, -274, -96, -20, 38, -102, -2, 54, -50, 92, 258, 224, 154, 60, 38, -142, 184, -56, -2, -8, -90, -22, -18, -30, -24, -92, -138, -10, 16, 132, -4, 60, 126, -214, 48, 0, -42, 146, -14, -60, -8, -76, 316, 46, 250, -98, -130, -24, 0, -72, 56, -66, -38, -64, 292, -62, 218, 26, -104, 78, -274, 60, -36, 18, -120, -50, 80, 112, -96, 26, 84, 62, 130, 40, 162, 146, 94, -114, 288, -100, -4, 82, 104, -44, -276, 110, -26, -170, 116, -28, 56, 174, 166, -14, 150, 186, 100, -76, 86, -94, 132, 88, -256, -110, -182, 10, -86, 48, 90, -70, 184, -10, 52, -114, 140, 50, 110, 52, -320, 18, -118, 124, -40, 174, -150, -54, 256, 34, 30, -176, -76, -192, -116, 326, 194, -26, -84, 192, 174, 136, 14, -54, -2, 22, 66, -48, -148, -8, 134, -26, -32, 116, 60, -52, 0, -8, -144, 24, -40, -20, -42, -38, 198, 118, -64, 108, 312, -12, 90, 82, 56, -256, -202, 36, 182, -268, 70, 6, 132, -108, -88, 126, -24, -220, -34, 128, -8, -34, -104, 200, -190, -22, -22, 196, 6, 196, 242, -48, 18, -104, -96, 48, 44, 74, 162, 254, -80, -26, 12, -36, -54, 164, -208, 120, -16, 266, 10, -28, -192, -54, -2, 284, 106, -92, 190, -92, 0, 48, -50, 114, -86, -26, -196, -4, -80, -10, 44, 40, 104, 186, 196, 234, 272, 124, -100, -202, 100, -18, -106, -2, 48, -128, -148, 194, 30, -22, 258, -8, 52, -50, 70, -128, -68, -134, -90, -226, -338, 230, 8, 240, -78, -112, 30, 42, -48, 206, -224, -2, -76, -60, 58, -262, -78, -54, 54, -218, -6, -122, -80, 240, -146, 0, 124, 16, 158, -134, -96, -236, -38, 200, -304, 72, 10, -228, 124, -26, 72, 232, -144, -106, 210, -64, -52, 36, -30, 28, 40, 22, 40, 188, -362, 138, 90, 50, 230, 30, 18, 138, 150, 156, 78, 68, 228, 16, 26, 130, -282, 78, -184, 206, -54, 68, 92, -130, -76, 176, 118, 270, -10, -112, 30, 18, 184, -216, 158, 224, 38, 172, 106, -150, 104, 26, -208, 92, 20, -18, 92, -52, 116, -262, -92, 212, 74, -70, -104, 214, 44, -56, -78, 134, 0, 332, -32, -124, -18, -112, -18, 188, -72, -84, -32, -122, -38, -36, -26, 30, -64, -124, -234, 242, 92, 40, 190, 72, 56, -84, 36, 136, 106, -14, 186, 44, -112, 24, 128, -118, -134, -66, -220, 94, 10, 244, 176, -126, -16, -98, -22, 26, 102, 14, -86, -102, -26, -38, 130, 102, -42, 98, 104, -14, 152, 220, 310, 336, -30, 160, -32, 98, 14, 78, 258, -58, -94, 174, -44, -114, 104, -206, -6, -158, -4, 170, 124, 132, 56, -182, 10, -28, -106, 136, 130, -52, 78, 130, -18, 138, 
-18, 118, 134, -306, -64, 22, -40, 160, -12, 192, -186, 60, -180, 18, 50, -108, -104, 150, -12, 198, -62, -246, 54, 188, -10, 56, 20, 152, 40, 124, 84, -74, 120, -40, 44, -124, -8, 6, -34, 202, -48, 148, -172, 50, -10, -10, 40, -34, 58, 52, 198, -126, 64, -256, -100, 30, -74, 150, 0, 92, 138, -10, -122, -68, -132, 126, -14, -76, -118, 72, 114, -98, 28, -2, -166, 24, 62, 98, -38, 68, -86, -152, 168, 30, 76, -90, 88, 138, 186, 182, -22, -36, 130, -20, 12, 12, -84, 76, -144, -58, 46, 150, -214, 102, 44, -106, -128, 68, 368, 60, 18, 206, 0, 32, 32, -138, -2, 104, 14, -52, -114, 96, 236, 58, -40, -172, 118, 192, 120, 8, 48, -52, 282, 162, -56, -106, -52, -28, 30, 66, 46, -86, 220, 4, -40, -68, 136, 8, 40, 244, -40, 70, -88, -104, -60, 218, 0, -6, -94, 206, 110, -136, -40, -196, -66, 52, 104, 20, 44, 0, 262, -16, -70, -90, 62, 46, 162, 2, 134, 92, 146, 68, -34, -122, 146, -4, -198, -134, 84, -110, -274, -8, 180, -134, -22, 306, 254, -232, -174, 138, 28, 92, -68, -4, 72, 30, -8, 118, 110, -140, -12, 30, -38, -88, 168, -172, 124, -74, 4, -106, -52, 78, -124, 28, 90, 54, 214, 0, -160, -224, -68, -40, -128, 78, 218, -250, 186, -80, 58, -196, 160, -14, 180, 46, -28, -294, -92, 120, -128, 144, 46, -58, 14, 154, 152, 158, 142, 76, 32, -98, 152, -10, -32, -190, 40, 82, -124, 2, 108, 94, 212, 172, 36, 46, -174, 36, 82, 42, 104, 60, -298, 46, 140, 130, -106, -76, -124, 138, 120, 268, 208, -136, -18, -82, 96, 262, 4, 146, -102, -136, 30, 144, 152, 118, -60, 146, 258, 2, 34, 220, 142, 104, 172, -106, 100, 32, -60, 6, -182, 106, -82, -12, -182, 56, 202, -68, -26, 222, -80, -18, 110, -116, 176, 244, -94, 166, 158, 0, 12, 10, -104, 34, 14, -64, 92, 22, -114, -74, -222, -12, -90, -144, -54, -40, -62, -42, -24, 6, -230, 2, 184, -124, 200, -76, 218, -256, -14, 270, 152, -10, -34, -110, 22, 16, -238, -22, -52, 224, 48, -90, -56, -230, 144, -66, 112, -76, -52, 162, 18, -50, 12, 220, 14, 250, 202, -52, 4, 22, 36, -134, -20, 106, 80, -150, 14, -234, 114, 160, -106, -36, 2, -292, 170, 46, -64, 170, -72, 108, 56, -20, 206, 6, 62, -76, -196, 90, -128, -18, -86, 56, 78, -68, -126, 2, 26, 10, 176, -82, -180, 38, 154, -38, 370, -74, 42, -250, -112, 136, -52, -2, 152, 128, -20, 66, 82, 264, 28, 316, -134, -24, 96, -78, -136, 256, -26, -216, -288, -168, -26, -62, 176, 54, -58, -190, -268, 144, -82, -60, -34, 82, 90, -24, 36, 104, -80, -86, -116, -30, -148, 92, -28, 188, 132, -20, -126, 86, -198, 136, 12, -58, 
-96, -56, -234, 234, 98, 188, -12, -212, -16, -136, 2, 166, 196, 212, 94, 204, 198, -152, -50, -380, 30, 130, 62, -108, 222, -8, 110, 188, -60, -38, -128, 128, -12, 54, -6, 118, 86, 44, 66, -132, 158, 44, 94, 14, -24, 134, 118, 92, 92, 58, -120, 176, 92, 6, 120, 216, 98, -196, -66, -32, -108, 72, 156, 70, 144, -22, 168, 56, 20, -88, 70, -32, 6, 104, 98, 6, 46, 162, 40, -112, 118, 46, -64, 150, -84, 234, 196, -138, -136, -272, 172, 120, -56, 22, -64, 22, 40, 40, 84, 28, 126, -50, 18, -170, 108, 132, 114, -126, -244, -134, 104, -102, 176, 70, -34, 54, -12, -46, 54, 250, 120, -60, -20, -52, -166, 148, -22, -74, 96, 86, 34, -34, -114, -48, 50, 130, 48, 206, -66, -20, 112, -104, -292, -56, 206, 50, -134, 70, -80, -162, -112, -42, 58, 136, 110, -72, 52, 248, 56, -104, 154, 168, -80, 222, 186, 44, -200, -58, -20, 170, -198, 46, -78, 116, -88, 74, 38, 132, 200, -52, -116, -82, -144, 228, 32, 246, 138, 156, -256, 166, 80, 80, 68, 368, -44, -222, -62, 124, -6, -168, -36, -90, 156, 38, -142, -96, 162, -16, -66, 250, 50, 18, 24, 220, -16, -10, 26, 246, -22, 226, -6, 16, -42, 28, -96, 54, 2, 114, 238, 172, 46, 12, 40, 74, -96, 124, -204, 8, 132, 110, -166, 150, -28, -86, -14, 218, -78, 68, -44, -106, 80, 130, -64, -336, -24, 78, -50, 44, 54, 80, -226, -86, -68, 278, 38, -112, -56, 24, -110, 20, -290, -220, 58, 52, 212, -54, 68, -10, -70, -42, 298, -60, -106, -136, -104, 6, 82, -66, -202, -272, -52, 264, -12, -86, 50, -62, 100, -58, 56, 98, 8, -102, 114, -130, 120, -182, -206, 36, 40, -242, -218, -142, -330, 146, -76, 102, -108, -48, 6, 78, 140, 0, 128, 208, -178, 120, 28, -148, 106, 16, 30, 228, -146, -88, -46, -56, 130, -54, -84, 0, 290, 250, -102, 92, 144, 8, 112, -86, 32, -58, 56, 94, 48, 100, 108, -4, 2, 54, 310, 46, 10, 8, -44, -62, -72, 98, -72, -36, 62, 174, 134, 108, -4, 90, 88, -98, -76, -294, -170, -2, 140, 108, -92, 152, 78, 50, -68, -24, -54, 300, 206, -142, 76, -92, -66, 124, 18, -6, -14, 14, -12, -228, -172, 170, -18, 248, 24, -52, 2, -174, 62, 120, -22, 30, 26, 48, 40, -112, 2, 56, -44, -86, 82, 42, -10, 74, 56, 48, -38, 152, 12, 74, 72, 78, 64, 32, 62, -80, 182, 90, -230, 60, -252, 76, -104, 302, -84, -66, -114, 44, -84, -34, -68, 154, 46, 34, -2, -306, -26, 102, -158, 118, 178, -106, 60, 352, 120, 146, 74, 190, -30, -102, 22, 56, 174, -206, -90, 132, 60, 38, -26, 216, -124, 40, -50, 70, 280, 204, 64, -40, -80, -112, -36, 134, 66, -132, 176, -146, -138, 218, 
132, 14, 112, -230, 40, 64, 48, 148, -38, 32, -46, 74, -92, -62, -200, -26, 76, 226, 230, 240, 36, -114, -16, 142, -108, 18, -202, -112, 112, 118, 260, -108, -74, 96, -8, -112, 82, 104, -132, -14, -150, -26, -44, 54, 106, 14, -66, -84, -144, -16, -182, -184, 64, -58, -142, -80, -120, 106, -176, 142, 120, 90, -134, 4, 108, 136, -202, -120, -106, 38, -188, 164, 184, -122, -210, -12, -12, 56, 150, 306, 8, -98, 298, -120, 28, -156, -138, 72, 72, 64, 20, -34, 98, 152, 16, 40, 106, 108, -92, -20, -24, 90, -60, -82, -140, -168, 28, 198, 162, 88, -32, 30, -170, 36, 76, 48, 44, 34, 12, -108, 38, 78, 260, 266, 0, -430, 44, 144, -4, -28, -6, 28, 52, 92, -4, -120, -26, -50, 84, 160, -150, -80, 328, -70, -114, 60, 154, -18, 206, 130, 32, 228, 4, -14, -90, -126, -142, -18, -82, 54, -270, -132, 34, -126, -122, -268, 292, 26, 124, -206, 40, 72, 54, -236, 72, 136, -104, -192, -100, 52, 262, 92, 34, -86, -88, -110, -8, -80, 238, -200, 60, 84, -250, -100, -2, 134, 148, -82, -70, 214, 176, 18, -18, 54, 132, 116, -44, 56, -48, -144, 20, 98, -34, -24, 62, 16, 170, -176, 174, -70, -46, 14, -78, 58, -14, 160, 178, -94, -70, -126, 56, 0, 78, 26, -14, -164, 90, 86, -156, -108, 182, 94, 74, 176, -144, -86, 116, 14, 46, -58, 0, -146, 152, 332, 28, 132, -152, 8, 100, -34, 260, -10, -108, -170, 112, 128, 162, -6, -102, 112, 290, 220, -36, -92, -84, -90, 28, 18, 238, -86, -250, -18, 116, 138, 198, 22, -102, 52, 96, 70, 32, -264, 116, 28, 6, 114, -16, 40, -36, -42, 72, 228, -54, 80, 114, 70, 218, 76, -80, 230, 146, 84, 394, -102, 100, -118, 86, 122, -54, 72, -76, 62, -44, -26, 154, -186, 4, 182, 166, -52, 204, -88, 26, 44, 130, -24, -148, 102, 170, 104, -116, -250, -88, -30, -122, -46, 96, -44, -128, 24, 110, -32, -30, -72, -86, 120, -116, 62, 8, 18, -92, -68, -30, -50, -46, -18, 78, 78, 90, 74, -186, -58, 108, -20, -54, 98, -58, 174, 84, 12, -54, -48, 130, -98, -104, 62, 30, -316, 150, -264, -50, 168, -198, 20, -74, 10, 8, -44, -46, 22, 28, -62, 306, 6, 24, -26, -130, 100, 12, 60, 126, 26, -14, 274, 78, 22, 182, -84, -120, 52, -32, 288, -10, 70, 54, 16, 10, -78, 214, 18, -66, -22, -10, 102, 36, 44, 36, 94, -62, 124, 76, -108, 64, -20, -96, -124, -94, -12, 104, -72, 50, -30, 68, 42, 24, -26, 56, 128, 64, 104, 54, 48, -158, 118, 220, -178, -198, -122, 6, 26, 18, -100, 12, 80, -20, -38, 20, -140, 26, 184, -38, -58, 130, -106, 58, -118, 54, -10, -114, -74, -10, 98, 128, 56, -34, 30, -166, 188, 48, 100, 
58, 40, -42, 228, 18, -76, 228, -162, 90, 116, 46, 0, -50, 146, 288, 38, -26, -182, -126, -262, -36, 90, 12, -264, 210, -54, 174, 232, -166, -34, -218, 208, 172, 10, 224, 36, -112, 202, 152, 20, 208, -62, 58, 104, 156, 110, 20, 82, 6, 174, 170, 106, 52, -22, 154, 150, 80, -110, 102, -210, -92, -44, 16, 16, -64, 158, 36, 118, 124, -70, 80, -42, -170, 130, 106, -20, 176, 162, -176, -138, 92, 78, -174, 234, 54, 186, 180, -14, 288, -78, 132, 104, -14, 20, 2, 28, -140, 104, 150, 60, -14, -80, -48, 120, 248, 198, 6, -36, -92, -82, 78, 24, 250, -126, -34, 108, -120, -34, 136, 90, 44, 122, -192, -64, 34, 318, -110, 54, 48, 4, -106, -64, -22, -4, 86, 78, -70, 78, -2, -196, 256, -60, -102, 236, 16, -72, -80, -18, -42, 26, -166, -264, 102, 2, 56, 74, 50, 114, 10, 6, 226, 20, -104, 86, 214, 126, -52, -2, -100, 158, 58, 78, -98, 38, -78, 62, 180, 20, 210, 118, 14, 128, 68, 174, 292, 192, -18, 108, -100, 166, -22, 72, 78, 2, 2, 14, -130, -108, 226, -90, -34, -144, 142, -142, -232, -104, 266, 94, 142, 106, 24, 196, -52, 84, -26, 166, -114, 80, -78, 108, 22, -36, 100, 34, 166, -168, -76, 168, 18, 126, -86, -60, -8, -44, 118, 226, -110, -98, 104, 62, -68, -186, -72, -214, 142, 22, -290, 120, 54, 170, -94, 104, 64, -186, 118, -60, 232, -152, -252, -66, -198, 148, 200, 12, -102, -52, -98, 142, 32, 66, -212, -34, 72, 16, 18, -62, -120, 22, -4, 130, 220, 4, 38, -130, -188, 66, 98, 8, -106, 32, 54, 350, -66, 96, -22, -86, 232, -24, 14, -140, -118, -52, 270, -172, -138, 92, -32, -36, 240, 26, -38, 76, -262, 52, -30, 62, 54, -288, 126, 164, 88, 36, 92, -12, -118, 264, -98, 170, -84, 48, -18, 88, 68, 246, -184, 58, 130, -56, 8, -422, 184, 240, 4, -2, 140, 182, -48, 150, 170, 356, 228, 18, -2, 48, 212, -32, -54, 20, 160, 100, 160, -22, 138, 2, -158, 98, -144, 36, 46, 80, 130, 10, -180, -256, -136, -100, -8, -184, 60, 264, 32, 68, -142, -50, 118, -48, 142, 170, -14, 332, 238, -8, 250, -78, 22, -112, 102, 68, 16, -74, -120, 60, -142, 38, -144, -90, 94, -170, 68, -2, 86, 110, 92, -32, -104, 30, 86, 24, 68, 78, 82, -192, 106, 258, 108, 94, -74, 198, -74, -212, -156, -56, 16, -126, 74, 180, -164, -86, -66, -134, 58, 178, -50, 12, 242, 20, 106, 64, -66, 88, 28, 60, 16, -4, 116, -28, -22, 126, -68, 70, -82, 108, -32, -12, -120, 150, 156, 202, 42, -234, 20, 170, 84, -28, -20, 124, -76, 172, 176, -152, -72, 160, 160, 130, 26, 428, 14, 36, 262, -22, 130, -142, 78, -42, 42, 130, 340, -26, -26, 88, 
74, -80, 60, -20, 44, 36, -260, -100, -30, -68, 156, -108, 72, 62, -98, -38, -82, 96, 234, 386, 190, -170, 84, -46, -98, 64, 56, -184, 12, 22, 316, -312, -92, 72, -108, 154, 74, -128, -90, -26, -32, 188, -24, -224, -240, -4, -26, -8, 140, -4, -22, 72, -84, -62, -114, 14, 22, 152, -10, 168, -14, -28, 40, -30, 136, 24, 20, -86, -26, -38, 78, 114, 264, 34, -162, 134, 22, -126, 220, 160, -38, 68, -220, -4, 80, -232, -98, -96, -160, 16, -14, 42, -6, -20, 170, -108, 116, -134, -98, 18, -26, 164, 84, -4, -118, -102, 86, 92, 90, 90, 50, 18, -178, 8, 204, 118, 50, 96, -24, -132, 36, -162, 312, 52, 200, -154, 156, 0, -32, -20, 76, 24, 226, 166, -4, -62, 34, -66, 76, -2, -162, 36, 216, -56, -164, 106, 72, 160, 44, 2, 106, 162, -148, 176, -26, 32, 20, 4, 50, -36, -154, -106, 58, -44, -168, 50, 64, 80, 100, -38, -6, -46, 80, 50, 130, -56, -18, -124, -60, -242, -54, -162, -110, -104, -260, 152, 56, -86, 76, -210, 134, -64, -48, -108, 30, -52, 118, -100, -168, 74, -4, 176, -208, 146, 160, 156, -410, -20, -28, 44, -98, -158, 226, -114, 92, -146, -6, -84, 254, 106, -84, 72, -66, 28, -196, 224, -118, -256, -94, 70, 68, 162, 20, 152, -86, -68, 68, -74, -48, -354, 144, 222, 42, -8, -88, 32, 78, -58, -70, -24, -22, -198, -200, 236, -40, 66, -362, -34, 58, -48, 242, 20, -164, -44, 296, 78, 80, -6, 116, 26, 144, 84, 32, 28, -94, -44, 88, -160, 34, 148, -138, 54, -42, 132, 2, -38, 16, -112, 120, -170, -126, -10, -48, -82, 28, 138, -246, 82, 96, 302, 62, 236, 158, 48, 56, -116, 58, 130, 36, -94, 88, -178, 30, -40, 56, -44, -88, 210, 50, 54, -20, -112, -132, -6, 186, -208, -14, -26, 170, -118, 40, -120, -120, -238, 168, -92, 164, -110, -36, 266, 40, -138, -6, 20, -96, -136, 118, -76, -166, -184, -138, 236, 8, 86, -96, -34, 18, 204, 132, -156, 56, 110, 40, 106, 70, 78, 150, -104, 96, -84, -40, -58, 188, 56, 56, 130, 150, 124, -108, -102, 112, -98, 118, -34, -122, 50, -196, -16, -142, -58, -140, 0, -140, -80, 64, -48, 36, -8, 76, 176, 2, -16, 126, -64, 58, 130, 42, 12, -182, 34, 56, -60, -76, -136, 188, 34, 262, -72, 66, 142, -64, 324, -14, -24, -62, -130, 62, -122, -4, 288, -12, 146, 240, 276, -140, 124, 154, -28, 198, 96, 124, -32, 154, -88, -30, 34, -4, 44, 54, 2, -8, -146, -16, 16, 30, 28, 60, 40, 72, -64, -82, -128, 16, 34, 58, -296, 64, -68, 142, 94, 124, -162, 6, 160, 124, 178, -82, -60, -232, 194, -30, -64, -10, -20, 6, -270, 80, 254, -130, 260, -12, 60, -18, 328, -74, 76, -330, 54, 196, 88, 
146, 38, -126, 60, 96, 20, 120, 52, 48, -18, 76, 50, 68, -142, -20, 162, 138, -88, 100, -230, -274, 42, -80, -180, 108, -130, 208, 114, -46, 26, -306, 378, 176, 24, 92, -122, -92, 216, 118, 106, -78, 30, 100, 158, 352, 30, 42, -26, -84, 2, 126, 10, -16, 136, 64, -4, 70, -206, -180, -74, 26, 88, -190, 4, 22, -40, -50, -14, 112, 136, 98, -70, -208, -8, 46, -176, 136, 100, -142, -158, 154, -88, 136, -20, 64, 216, 238, 8, 252, -96, 118, -130, -180, 48, 142, 56, -196, 134, 132, 164, 126, -116, -162, 108, 160, -28, 34, -80, 54, 118, 58, 92, 192, 168, -22, -208, 78, 32, 214, 240, 124, 254, -174, -26, -16, 100, -106, 20, 118, 114, 2, 154, 86, 42, -272, -198, 54, -142, -54, -80, 30, 240, -142, 100, 110, -44, 46, 46, -132, -36, 46, -76, 50, -124, -104, -4, 46, -96, 218, 100, -22, 336, 144, -112, 82, 36, 134, -134, -114, -126, -72, 116, -136, 208, 48, 20, 12, 122, 88, 152, 168, 94, 60, -146, 254, -196, 48, 64, 114, 192, -34, 10, -60, 180, 70, 196, -32, -24, 164, -38, 92, -36, 176, -56, -302, -2, 270, 126, 114, -46, 106, 188, -242, -4, -6, 228, 16, 100, -298, -36, 220, -112, 42, -6, 86, -14, 60, 186, 44, 90, 60, 16, -100, -80, 108, 120, 142, 20, -6, 398, 98, 8, 138, 110, 128, -142, -28, 88, 122, 4, 12, 298, 94, 64, 80, -112, 234, 186, 146, 144, -262, -72, 204, -164, -148, -62, -104, 92, 36, -76, -34, 110, 164, 72, 162, 302, 2, 114, -200, -36, 104, 16, 22, -24, 74, 144, -298, 126, 46, 146, 66, 104, 120, 148, 166, -284, 262, 26, 14, -246, -30, -162, -66, -30, -154, 142, -58, -262, 72, 44, 22, 278, -122, -132, 2, -78, 226, -66, 54, -22, 130, 52, 6, 78, -156, 38, 180, 104, -316, 134, 76, 28, 86, 246, 10, 100, -48, 106, 42, -246, -88, 104, 116, -42, -78, 250, -110, -28, 22, 208, 86, -118, 184, 86, -28, 124, 94, -18, 174, 84, 110, 82, -18, 96, -148, -14, 96, 308, 22, 134, 64, 8, -76, -72, 22, -148, -8, 250, 152, 122, -160, 44, 80, 238, 128, 32, 48, -74, 84, 180, 186, 86, 234, 206, 6, 96, -16, 126, 6, -104, 100, -12, -124, -44, -166, 58, 128, 186, 230, 60, -124, 170, 138, 76, -88, 170, -220, 150, -104, -170, 224, -124, 112, 116, -126, 80, -126, 166, 32, -176, -18, -32, -120, -46, 30, -82, -92, -192, 44, -18, -30, 164, -2, 86, 206, -82, -32, -22, 30, -132, -72, 92, -6, 130, 66, 62, 66, -108, -130, 220, 262, 204, 30, -48, 62, 348, 112, 112, -56, -30, -112, 264, 94, -120, -6, -60, 128, 14, 190, -156, -34, 182, 60, 146, -56, 214, -8, -226, 120, -144, -132, 46, 0, -58, 294, 88, 164, -34, -256, 22, 
-292, -36, 204, -70, 104, 100, -160, 20, -154, -66, -124, 106, 38, -4, 52, -232, 20, -62, -98, 244, 294, -130, 30, 76, 84, 0, -254, -32, -42, -298, 100, -162, -68, 70, -84, 110, 78, -162, -78, -282, 50, 26, -142, -242, -138, 2, 64, -44, 86, -282, -82, 50, -36, -370, 96, 168, -138, 14, 170, 126, 138, -16, 56, -32, 2, 278, -60, -68, 18, -60, 2, 144, 122, 74, -36, 78, -134, 6, 208, 10, -188, -20, -50, -68, -42, -200, -278, 120, -4, 198, -70, 32, 172, -10, -106, 24, 140, -192, -174, -178, 168, 144, 182, -68, -84, 208, -92, -22, 52, 18, -206, 134, 62, 148, 126, -42, -102, 2, -118, -100, -44, -230, -8, -4, -48, 30, 14, 160, -12, -22, -76, -154, -134, 32, 230, 174, -74, 340, 160, 64, -16, -90, -20, -84, -78, 2, -28, -38, 218, -40, -190, 112, -60, 172, -58, 152, -68, 120, -188, 26, 166, -116, -268, 78, -38, 74, -78, 52, 0, 36, 152, 142, 42, 130, 36, -4, 182, -56, -26, -100, -100, 36, -120, 172, 8, 122, -56, -238, -90, 8, -158, -50, 160, 38, 92, -94, 80, -6, -170, 98, -90, 72, -52, -90, 276, 130, -180, -40, -50, -2, -128, -116, 274, -18, 150, 60, 126, 52, 260, 130, -94, 114, 186, 42, 20, -2, -122, -120, -148, -126, -10, -168, 68, 10, -94, -250, -118, 32, 8, -36, 8, 6, -108, -176, 46, 100, -126, -6, -58, -90, -52, -218, 52, -38, -22, 86, -186, -2, -144, -6, 104, 20, -116, 174, 360, -4, 54, -78, 20, 124, -10, -76, -60, 78, 84, -186, 36, 18, 120, -10, -50, 56, 94, 38, 98, 18, 190, -4, -96, -40, -176, 30, 80, -100, -194, 140, -160, 124, -24, 360, 10, 142, 22, -128, 66, -92, 92, 46, -92, -102, -24, -86, 174, 176, 16, 102, -88, 188, -22, 8, 128, 186, -20, 0, 172, -78, -38, 126, 328, 10, 40, -50, -60, -108, 46, -36, -12, -174, -108, 170, 120, -80, 44, 10, 152, -174, 184, 136, -84, -144, -64, 58, 12, -156, 50, 40, -94, 120, -86, 14, -96, -118, -62, -44, -30, 36, -18, -122, -110, -36, -12, 68, 208, 66, -30, 76, 124, -160, 20, -16, 98, -126, -32, -282, 40, 68, -50, 40, -68, -146, 114, -44, -140, -92, -22, 6, 116, 6, -102, 278, -96, 142, 72, 4, 120, 40, 94, -60, -112, 42, 106, -170, 46, -22, 62, -90, 16, 22, -96, 150, -168, 168, 14, 46, 262, -42, 126, 24, 118, -80, 130, 104, 164, 140, 54, 178, -50, 200, 24, 0, 116, 146, 38, -8, -118, -38, 52, -202, 48, 128, 148, -96, -20, 86, -54, -178, -254, 174, 168, -98, -110, -116, -26, -120, 54, -324, 58, -160, 142, 128, 190, -72, 6, 134, 152, 22, -38, -22, 82, 70, -18, -106, -88, -102, 20, -74, 18, 146, 150, 56, -10, 66, -62, -18, -78, 166, -120, 0, 16, -40, 
126, 290, -66, -6, -238, 202, 180, -34, 58, 42, 96, -100, -64, -88, -56, 314, -112, -46, 52, -214, -90, 92, 36, -74, -8, -278, 140, 6, 136, 230, 30, 8, 12, 276, 154, 56, 138, 44, -6, 104, -82, -32, 124, 220, -12, 90, -58, 38, -184, 198, 96, 8, -18, 230, -14, -322, 120, -46, 90, -132, -258, 4, 16, 44, -44, -100, 18, 112, 96, 94, 58, -42, -156, -36, -28, -112, 104, 40, -176, -92, 132, 104, 152, 174, 18, 352, 82, 58, -42, 150, 176, 232, -90, -42, -14, 120, -64, 156, 14, 212, -12, -12, -196, 12, -64, -54, 46, 138, -2, 166, 8, 48, 4, -34, 90, -30, 36, 240, -40, 58, -108, 340, -54, 94, 134, -94, 146, -26, 252, 146, 170, 64, 210, 182, -170, -264, 88, -200, -84, 60, -76, 144, 18, 52, 164, 156, 50, 20, -166, -20, 264, -90, -20, -22, 36, 174, 136, -156, 166, 120, -132, 160, 302, -56, -54, 30, -226, 110, 32, -36, 98, 18, -152, -18, 6, -110, 54, 268, 146, 320, 108, -38, -20, -136, 104, -146, -44, 80, 114, 60, 272, -38, -210, 52, 66, 176, 48, 86, 168, 60, 150, -38, 140, 164, -282, -192, 192, 134, 78, 116, 292, 76, -108, 88, -224, -40, 190, 98, -216, -46, 194, -12, -138, -86, -114, 48, 40, -34, 120, 82, 156, 158, -20, 68, 202, 298, 60, -70, 72, 48, -80, -30, 198, 134, -118, -86, 254, 0, -152, 90, -42, 86, -10, -4, 48, -64, 88, -24, 252, -90, 50, -4, 152, -26, -156, -42, 118, -52, 110, -18, 180, -40, 164, -42, -224, 222, 140, -46, -72, -42, 150, -130, 102, 120, 50, 84, -108, -14, 114, 76, 134, 88, 96, 32, 136, -76, 30, -108, -60, -396, 32, 32, 70, 102, -76, 24, -204, -138, 108, 146, -56, 70, 0, -162, 88, 90, 34, -198, -24, -170, -198, -226, 154, 142, -262, 96, -18, 80, -250, 102, 78, -132, 110, 48, 244, 54, -28, 60, 44, -128, -134, 110, 88, -8, 114, 32, -104, -44, -92, 26, -102, 8, -4, 40, -48, 96, -6, 144, 40, 50, 110, 74, 60, 314, 84, -38, 8, 146, -120, 190, 40, -64, -174, -58, 6, -28, -100, 128, 38, -160, 10, 86, 24, 310, -116, 64, 222, -54, 60, -8, 14, -118, 218, 116, 182, -98, -34, 170, -58, -194, 108, 10, -24, 0, -46, -96, 44, 58, 32, 42, -110, 54, -48, 116, 24, 42, 0, 30, 96, -40, 134, -98, 114, -22, -158, 116, -80, -46, 50, 232, 84, -80, 0, 38, 172, -178, 64, -170, 142, 78, 26, -72, -32, 106, 138, 150, 44, -6, -10, 78, -20, 262, 46, -4, -166, 38, 98, 54, -192, 154, 86, 206, 88, 38, 112, 302, -58, 98, 24, -84, -112, 138, 10, 28, -66, 26, 46, 40, -80, 40, 0, 78, 270, 156, -72, 128, 2, 68, -104, -188, 74, -8, -50, 192, 174, 14, 240, 56, -102, 6, 
-88, -258, -114, -4, 210, -154, -2, 66, -56, 8, -104, 122, 94, -20, 50, -316, 106, -40, -80, 122, -8, -88, 58, 86, -52, 340, -180, 64, -146, -106, -36, 44, -20, -312, 4, 228, -284, -42, 140, 34, 152, 90, -114, -110, -106, 136, 146, -192, -38, -62, -66, -138, 82, -84, 88, 232, -140, -20, 92, 40, 26, 176, 0, 56, 44, 298, -20, 78, -44, -138, -108, 174, 92, 62, 14, 76, -6, 16, 102, 44, 184, 18, -60, 12, 100, -168, 6, 30, 88, -82, -68, -80, -16, -18, 188, -92, 132, 38, -20, -40, -64, 98, 90, 140, 52, 272, 60, -152, -90, -96, 92, 20, 124, 198, -220, -42, 126, -182, 42, -110, 258, -146, 6, 110, -56, 102, -84, 66, -104, 30, -20, 114, -356, 76, 110, 256, -90, 178, 114, 40, 126, -166, 100, -176, -16, 152, 30, -18, 130, 172, 70, 210, -62, 60, 122, -206, 24, 252, -62, -184, 166, -32, -174, 24, 32, 64, 146, 24, -108, 182, 80, 184, 140, 226, 72, 18, -96, -116, -84, -172, -160, -84, 4, 258, -96, 104, -78, 106, -38, -12, 4, 132, 182, -102, 8, -186, -60, -148, -82, -56, 0, -6, -238, -180, 266, 20, -138, -102, -196, -104, -144, 14, 180, 46, 0, 102, -44, -78, 102, 116, -112, 148, 138, 122, 216, -20, -2, 56, -6, -186, -56, -58, 44, -58, -186, 96, 0, 100, -134, 16, 192, 188, 36, -204, 130, 166, -266, 72, 122, -164, 236, 10, 10, -38, 160, 306, 64, 198, -178, 166, -10, 56, -62, 134, 98, 20, -6, 128, 86, 150, -138, -66, -170, 80, 188, -30, 24, 182, -52, 170, -188, -8, -2, 18, 106, 54, 212, 176, 38, -28, 78, 40, -176, -148, -170, -126, -2, 102, 104, 260, -74, 80, 68, -196, 70, 24, 84, 84, 108, -202, 180, 80, 94, 258, 144, -100, -164, 52, 54, -24, 118, 40, -58, 88, 136, 54, 152, 108, 154, -58, -138, 178, -188, -84, -140, 196, -46, -2, -12, 152, 84, 6, -34, 58, -90, -130, -16, 152, -90, 66, 58, -16, -68, -114, 30, -228, 72, -192, -228, -8, -80, 72, -178, -26, 4, 96, -22, 74, 172, -240, 80, 122, 84, 98, -126, -2, 124, -158, -62, 190, -246, -126, -208, -38, 44, -38, -128, -88, 28, 102, 152, 150, 154, -70, -68, 270, 90, -192, 132, 130, -84, 10, 58, 200, 24, -154, 102, -56, 4, -16, 6, 52, 148, -78, -62, -26, 8, -74, -36, 148, -154, 94, -74, 232, 56, -78, 184, 262, 0, -34, 172, 106, -230, 0, -4, 38, -76, 142, -122, -22, 26, 34, 30, -24, -76, -176, 38, 138, 68, -168, 68, -128, 22, 6, 178, 210, 22, -100, 88, -42, -80, -4, 62, 82, -72, -124, 162, 8, 96, 76, 78, 110, -6, -122, -146, -36, -40, 106, 30, -128, -42, 64, -128, -180, -48, 28, 120, -210, 106, 96, 288, 16, 102, -110, 72, 112, -198, -32, 226, 84, 
98, 56, 132, 80, -76, 10, 186, -152, 98, 82, 68, -68, 94, 192, -120, 280, -140, -84, 132, -42, 58, 28, 120, -124, 200, -54, 106, 142, 148, -12, 22, -48, 152, -6, -56, -370, 52, 2, -226, -80, -56, 10, 84, -18, 160, -132, -90, 180, -96, 12, 206, 428, 130, 232, 32, -64, 272, 52, -62, -14, -30, 54, -94, 26, 146, -114, 66, -102, 92, 278, 142, 22, 156, -42, 52, -112, 138, 54, -222, -68, -204, -16, 190, 68, -116, 208, 196, 8, 26, -32, -28, -10, 72, 140, -216, 194, -110, 88, 106, -114, 50, 24, 64, 2, -128, -52, 92, 210, 134, 66, 26, 32, -18, -100, 168, 100, -108, 186, 118, 50, -184, 58, 110, -172, 212, -100, 22, 72, 94, 250, -148, 144, 330, -128, 24, -124, 10, -146, -152, -108, -78, 138, -68, 140, 62, 10, -144, 58, -34, -64, 56, 52, -46, 0, -188, -38, -138, -66, 188, 170, -4, 70, 204, -52, 56, -84, -182, -86, 150, -42, 32, 66, -140, -42, -42, -110, 142, 206, -14, 298, 128, 44, 146, -126, 132, -110, -38, 96, -2, 92, 124, -80, -102, 180, 30, 276, -10, -42, 154, 36, 18, -6, 94, 198, -74, -24, 88, -32, 156, 124, 114, 56, -82, -16, 8, -34, 172, -16, -14, 46, -36, -50, -224, -46, 64, 82, 46, -222, 8, 188, 132, 164, 130, -2, 38, -104, 98, 58, 256, 36, -310, -84, -64, 150, -38, -272, 228, -114, 162, 12, -60, 44, 116, 36, -54, -218, -98, -56, 26, -162, -126, -62, 44, -130, -60, -208, 70, -72, 54, -170, 194, 38, 250, 58, -34, -28, 48, -20, 176, 34, 22, -6, -72, -152, -180, 26, -56, -212, 66, -72, 26, 150, 270, 128, 126, -28, 286, 146, 78, -174, 66, -48, 56, 150, -26, 98, -26, -38, -42, 30, -94, -156, 286, -172, -282, 50, -60, 38, -86, -22, -66, -20, 214, -120, -62, -170, -22, 30, -132, 112, 208, -78, 138, 112, 164, 54, 64, -32, 76, -98, -244, -48, 60, -8, 202, 80, -98, -124, 68, -52, -128, 44, -26, 54, 48, 250, -4, 20, 344, 100, 228, -8, 76, -22, -60, 6, 128, -44, -132, 206, 30, -90, 44, 8, 130, -10, 42, 114, 78, -22, 198, 112, 112, -48, 94, 252, 22, 72, -2, -74, -98, -30, -104, -38, 84, 4, -120, 198, -90, -16, 112, 222, -110, -170, -184, 28, 58, 160, 30, 62, 22, -132, -32, 90, 206, 42, -4, 34, 2, -152, 80, -106, 142, -42, -50, -8, -76, -36, -36, -96, -78, 14, 176, -54, 122, -54, 222, -98, 28, 50, -32, -2, -44, 32, 16, 172, 96, -68, -22, 132, 162, 266, -66, 64, -240, -72, -22, 80, -108, 48, -98, -10, 60, -104, -92, 2, -190, -42, -140, -16, -132, -30, 56, -44, 216, 158, 70, -128, -126, 60, 138, -58, 38, 314, 152, 104, -8, 194, 18, 100, -92, 144, 66, 28, -78, 16, 232, 4, -108, 34, 
-102, 60, 22, -10, 160, 26, -48, 156, 22, -54, -142, 152, 4, 44, -16, 30, 158, 100, -98, -96, 18, -116, 8, 34, -168, 160, -76, -136, -66, 80, -8, 0, -94, 178, -186, 368, 114, 42, 94, 134, 194, -8, 80, 88, -2, 40, 190, -198, -40, -94, -50, -162, -246, -80, 28, -14, -100, 22, 74, 68, -2, 52, 78, -22, -6, 58, -154, 110, -116, -46, -22, 16, -136, 110, 4, 84, 64, 50, 138, 26, 82, 90, 52, 64, 88, -82, 2, 28, 24, 118, -90, -24, -98, -128, 134, 40, 146, -76, 62, 124, -18, -14, 66, 40, 36, 140, 34, -200, -110, -142, 46, -40, 64, 58, -196, -14, 18, -260, -96, -22, 346, -10, 204, 88, -182, 154, 100, -104, 86, -276, 90, -26, -168, 50, -6, 44, 66, 64, 82, 94, -22, -44, -12, -24, 108, 60, 104, 42, 52, 146, -52, 102, -78, -42, 166, 60, 314, 100, -48, -214, 100, -186, -144, 68, -4, -84, 108, 58, -34, -58, 6, -88, -10, 158, 184, 166, -60, 16, 112, -272, -6, 150, -144, 232, -104, 246, 62, 114, -122, 0, 0, 208, 306, -100, 76, -38, 120, 134, -26, -118, -136, -90, 30, -40, 138, 30, 60, 140, -140, 14, 12, -12, 46, -74, 74, -30, -142, 100, 120, 212, 146, 46, 56, 50, -122, -34, -118, 192, 38, -190, 62, 14, -12, -70, -38, 158, 14, -34, -162, 52, 302, 74, -54, -116, 40, 160, -62, 42, 62, 110, 100, 14, -100, 152, 38, 194, 168, 222, -244, 232, 20, -22, -72, 86, -144, 94, -42, 32, -144, 32, -32, 80, -318, -126, -2, 68, -58, -66, -58, 166, 6, 26, -12, 112, 114, 4, 42, -64, -46, 140, 180, -26, -74, 88, -34, -6, -76, -140, 48, 274, -40, -4, 56, -114, -56, 70, 106, -72, 62, -12, -36, 210, -188, 28, 82, 218, 202, 174, 112, 58, 12, 122, -222, 240, -70, -32, -60, 12, 394, 228, -66, 226, -170, -56, 50, 92, -38, 184, -70, 214, 272, 6, 124, 78, 12, 48, 18, 188, 142, 28, 28, 16, -46, 74, 16, -80, -196, 16, -224, 40, -402, 142, -34, -38, 34, 4, -72, 132, 118, 20, 48, 272, 72, 152, 16, 282, -12, -180, 94, 92, -132, -258, -166, 14, -2, -66, 300, -148, 10, 20, 36, -58, 6, 146, -134, -66, 32, 8, 42, -52, 74, -102, 150, 196, 2, 32, 34, -164, 16, -40, 54, -30, 140, -58, 46, 88, 180, 268, -92, 108, 34, 166, -80, -16, -26, 90, 88, -88, 220, 196, 200, 84, -28, 194, 74, 96, -90, 30, -114, -50, -42, 28, 6, 54, -12, -116, 66, 166, -54, -84, -74, 22, 216, -80, 148, 176, 38, 58, -2, -38, 112, -8, 22, -148, 28, 226, 34, 42, 180, -48, -26, 360, -124, 126, -264, 100, 28, 238, -106, -230, -26, 22, 34, -292, -44, -86, -30, -100, 54, 24, -132, -308, 46, 176, 210, 76, -62, -92, 152, -102, 
226, -58, -76, -42, -140, 60, 128, 2, -146, 94, 76, -52, 66, 114, 28, -40, -44, -24, -176, 78, 20, 188, 98, 30, 232, -190, -34, 188, 18, 16, 108, 120, 70, 20, 230, -244, -32, 70, -118, -8, 24, -26, -50, 92, -154, -114, -50, 166, 110, 222, 160, 50, 110, 50, 100, 152, 200, -116, -64, 0, 4, -2, 44, -24, 130, 20, 58, -54, 300, -94, -42, 20, -64, -80, 134, -150, -8, -108, -66, -34, 50, -50, 38, -54, 0, 136, 200, 14, 78, -180, 144, 60, 44, 182, 6, 90, -88, -34, 22, -18, 74, -52, -72, -164, -116, -108, 134, 154, -14, 148, 50, 180, 202, -82, -18, 86, 16, 16, 58, 28, -268, -64, 14, 224, 276, 66, -72, -20, 66, 196, 114, -110, 120, -200, -86, -270, -16, 28, 62, 96, -60, 172, 88, 0, 140, -116, 4, 100, -6, -8, 56, -114, -18, 22, 66, -16, -16, -182, 26, 60, 144, 172, 160, 24, -220, 232, -28, -56, -36, 76, 74, 142, 6, -60, -72, -132, 146, 44, -132, 256, 100, -128, -2, -190, 28, -240, -68, 34, -50, 48, 88, -208, -72, 200, 16, 16, -176, -94, 56, 90, 118, 160, 178, 94, -78, 12, -128, -80, 98, 22, 156, 132, 38, -24, -116, 248, 242, -86, 60, -196, 16, -22, -132, -62, 172, 56, 258, -270, -78, 230, 24, 24, 32, 22, 108, -90, 24, 12, 114, -52, -274, 34, 100, -24, 0, 54, 114, -92, 226, -172, -48, -292, 64, -58, 48, -142, 24, 0, 268, -38, -122, -160, 186, -182, 126, -28, 168, 124, 214, -34, 122, 26, 230, 356, 150, -82, 156, 162, 164, -50, 14, 32, 90, -130, -104, 104, 26, 62, 126, -18, 122, 12, 102, -20, -4, 14, 64, 284, -12, -272, 76, -34, 8, 104, 108, -84, -52, 226, -140, 56, 234, -104, 262, -50, -70, -30, -84, 78, -20, 154, -120, 26, 234, -112, 94, -38, 126, -64, -242, -10, 60, -244, 150, 112, -122, -50, 234, -176, 156, -66, -156, -50, -110, 4, 32, 116, -48, -172, -18, -70, 70, 70, -2, -90, -118, -6, 188, 84, 194, -36, 416, -58, 130, 24, 42, 138, 12, -40, -106, 254, -88, -76, -4, -170, 172, -136, 44, 260, 34, -126, 88, 174, -138, -54, 250, 26, -226, 214, 18, -10, -104, 48, -112, -2, 252, 106, -188, 218, 102, 142, 32, 270, -30, -170, 12, -68, 34, 82, 62, -40, -66, -10, -120, 22, -24, -2, 96, -220, 164, -88, 36, -188, -86, 124, 20, 56, 4, 54, -274, -208, -210, 20, 6, 2, -96, -50, 114, 166, 124, -188, 12, -100, 76, 62, 172, 30, -138, -134, 102, 198, 186, -4, -328, 172, 6, -100, -62, 164, -32, -88, -180, 0, -208, 40, -100, -148, -194, 148, -82, 194, 194, -376, 208, -8, 232, 40, 60, -82, 280, 296, -38, 56, -114, 154, 146, 34, 96, 62, 66, 52, 146, 178, -70, -54, -144, -88, 188, 198, 38, 130, 
-14, 216, -20, -104, -46, -74, 8, 64, 126, -132, -50, 178, 76, 8, -62, -124, 114, -34, 106, 110, 6, 14, -22, 66, -158, 106, 38, -84, 6, -194, 98, -8, 36, -122, 22, 170, -40, -230, 58, 162, -44, 28, 74, 354, 210, -26, 104, 106, -42, -158, -314, 42, -36, -90, 10, -124, -48, 22, -30, -74, 188, 52, -172, 14, -136, 190, 174, 100, -232, -38, -66, -24, 154, 62, -60, 242, -84, 64, 60, 98, 38, -18, -124, 98, 442, -52, -78, 192, -74, 206, 78, 138, -86, -194, -52, -72, -28, 68, -12, 58, 34, 78, 212, 152, -50, 166, -174, -16, 8, -112, 24, -102, -92, 218, 94, -54, -64, -86, -74, 10, 250, 52, -78, -72, -110, 68, 62, -56, -210, -20, -120, 8, 22, 132, 208, 92, 32, -32, 120, 188, -254, -182, -178, 156, -156, 110, 102, -160, -78, 58, -160, 4, 28, 28, -2, 70, 18, -8, -22, -66, -84, -56, -110, 72, 108, -124, 82, 84, -96, -98, -20, -112, -2, 184, 152, 148, -222, -50, 128, -44, -210, 104, 8, 64, 96, 184, 234, -20, 44, 50, 52, 220, -74, -142, 82, 6, 284, 166, 24, -212, -118, 72, -60, 134, 60, -4, 160, -22, 50, 196, -34, -82, 50, 132, 90, 20, -82, 240, -172, 394, 220, 174, -10, 2, -164, -98, -194, 200, 76, -92, 108, -168, -60, 0, 76, -124, 82, -58, -136, -146, 254, 112, -142, -16, -226, 124, -100, 212, -124, 172, 112, 152, 16, 70, -32, 142, -46, 10, -204, -2, 16, 78, 18, 92, 16, -48, -220, -64, 4, -126, 126, -86, -90, -178, -116, 148, -52, -138, -46, 48, -4, 30, 38, -216, 148, -106, 224, -152, -2, 4, -140, 50, -94, 100, 122, 6, 20, -130, -10, 66, 84, 40, 30, 270, 118, 68, -6, -70, 38, -112, -348, 108, -218, 88, -50, -28, 230, 6, -56, -50, 300, 92, -82, 136, 58, 196, 2, 12, 56, -34, 86, 192, 160, -128, 32, 0, -20, 68, -166, 72, 122, 32, 52, -28, 106, -242, 154, 86, 78, 182, 10, -12, 6, 180, 184, 134, -70, -290, -156, 144, -242, 64, -56, 68, -46, -314, 44, 56, 40, -174, 58, 104, 52, 228, -56, 144, -264, -28, 106, 78, 116, -26, -28, 14, -58, -40, 28, -66, 6, 52, 46, 186, 176, -124, 0, -40, 64, 66, 14, -44, 36, -136, 118, 172, -272, 310, -44, -110, 28, 58, 132, -86, 252, -34, -4, 94, 0, 184, 4, 272, 28, 112, 140, -238, 38, 38, 296, 46, 176, 144, 122, 152, 50, -8, 102, 62, -186, -40, -74, 142, -2, -102, -36, 122, -78, -86, -14, 200, 76, -120, 16, -170, 278, -70, 30, 320, 76, -212, 136, 120, 198, 46, 210, -2, 66, 294, 128, -12, -12, -78, -210, 202, -2, -84, -42, -266, 30, -26, -78, -218, -66, -50, 10, -96, -262, 8, -108, -70, -26, 130, -82, -40, 92, 122, 174, -68, -8, -76, 16, -212, 
118, -186, 138, 14, 58, 16, 62, -52, 80, 228, -124, 42, -98, -48, 174, 178, -90, 0, -100, -96, 4, 18, 144, -40, -56, -116, -64, 238, 78, 100, 82, -52, 36, 144, 6, -62, 172, 164, 62, -122, 224, 234, 102, -298, -72, 94, 108, -2, 14, -38, 172, 162, -52, 158, -150, 40, -58, -132, 8, -32, -134, 40, 242, -48, 352, 0, -170, -92, 150, 14, -56, 50, -188, -106, 138, -186, 160, -182, -84, 82, 26, 2, 228, -160, -384, -44, 12, -88, -96, -78, -94, -18, -84, 106, 44, 108, 66, -114, 100, -58, 6, -36, -120, -84, 82, -240, 66, 108, -48, -20, -58, -36, -76, -102, 8, -6, 46, 244, 164, 190, -278, -60, 60, 98, 270, 48, 42, 70, -34, -30, -22, 36, -94, 28, -48, -120, 6, -36, -136, 94, 150, 116, 48, -246, 298, 72, -240, 12, 40, -170, 138, -64, -128, -90, 16, -2, -18, 70, 146, 134, 92, -20, 8, 8, 14, 184, 50, -100, -12, 124, 82, -150, -50, -162, -38, -36, 176, -30, 42, -88, 158, -170, -100, -66, 76, -56, -164, 186, -66, 200, -208, -192, 64, 172, 8, -64, -80, -32, -56, 154, 122, -116, 178, 42, -22, 16, 24, 104, -42, 154, 8, -108, 108, -84, -34, 30, 162, -164, 184, -258, -78, -208, -92, 20, 224, 92, -20, -130, 32, 94, -166, 182, 144, -108, -172, 132, 26, 60, 62, 70, -22, 20, 108, 158, 148, -150, -42, -150, 118, -292, -58, -56, -4, 8, -36, -412, -24, 264, 160, -18, 54, 18, -86, 164, 80, 170, 160, 54, 94, 36, -40, 42, 198, 230, -18, 44, 88, 272, 94, -38, 276, 62, 112, 80, -36, 284, -100, 42, 120, 180, 194, -74, 116, 20, -158, -188, 330, 86, 116, -42, 10, -4, 114, -196, -2, 76, -76, -64, -36, 36, 236, -66, 348, 14, -16, 142, -152, 126, -28, 130, -270, -50, 104, -94, -8, 0, 2, -50, -24, -20, -154, -222, -50, -2, -128, 32, 70, -24, 50, -26, -88, -114, -74, 120, -60, 98, -28, -156, 204, -130, -42, -6, -114, 116, 66, -60, 196, 256, 132, -110, 66, -236, 182, -148, -2, 176, 74, 66, -6, 110, -20, 164, -30, -200, -12, 56, 266, 150, -226, 226, 96, 140, -42, 110, 106, 128, 36, 16, 58, 26, 142, 66, 2, 260, 12, -168, 56, -26, 24, -90, 112, 64, 46, 84, 170, -84, 20, 134, -20, 182, -206, 88, -280, 30, 8, 152, -90, -188, 20, -172, -82, -94, -76, 194, -34, -86, -214, -62, -54, 42, -162, 90, -18, 202, -34, -96, 98, 28, -74, -88, 174, 186, -106, 54, 134, 96, 198, -54, -12, 142, 58, 282, -64, 88, -10, -162, -218, 250, -274, -192, -68, 32, -8, -166, 32, -234, -70, 60, 26, 102, 148, -274, 110, 180, 160, 332, 84, 100, 92, 120, 156, 116, -30, 196, 14, 228, 192, -102, 188, 116, -36, 34, 30, -210, 120, -34, -54, 82, -46, 70, 
-40, 144, 88, 48, 50, 154, -72, 134, 230, 26, 82, -372, 238, 116, 116, 100, 346, 64, -20, 246, 34, -20, -68, -36, 48, 26, 64, -142, 150, -68, -104, 66, -110, 202, 110, -30, -138, -60, -42, 70, -146, -42, 36, 220, 16, 148, 10, -38, 58, 86, -164, -152, -72, 20, 52, 0, 34, -40, 176, 140, 34, 36, 2, 144, -258, 66, 242, 170, -66, -168, 66, -18, 168, 264, -28, 336, -10, 98, 134, -120, 72, 266, -268, 164, 434, 178, 38, 96, 56, 96, 82, 104, 246, -108, 80, -64, -12, 174, 40, 96, 10, 92, 144, -20, 14, 248, -8, -58, 162, 80, 46, 188, 80, 192, 146, 58, 94, 72, -304, -164, 152, 222, -10, 10, -294, -148, -14, 56, 86, 210, -18, -130, 102, 172, 40, -28, 138, 372, 98, -106, -200, -76, -116, 220, -124, 86, 282, 10, 26, -46, -50, -32, 52, 306, 16, 32, -6, 218, -136, -180, -94, 128, -32, 78, -22, -170, -52, 50, -30, -116, 6, 74, 72, 80, 6, 162, -224, 88, 68, 128, 76, 156, 116, -70, -160, 76, 36, 164, 100, -4, 84, 174, 122, -118, 166, 122, -22, 60, 74, 244, -38, 96, -174, 128, -132, -142, -50, -34, 208, 42, 78, 26, 34, 226, 160, 48, -16, 198, -180, 104, 138, 206, 102, -20, -148, -94, 88, 64, 18, -6, 158, -176, -58, 64, 42, -92, 102, -8, 2, 72, 152, 158, -82, -144, -64, 30, 6, -2, -94, 166, -46, 32, 82, -254, 22, 378, -6, -198, -162, 184, 120, 24, 30, -32, 160, -128, -8, -100, 22, -58, -66, -190, 42, -58, 86, 90, -6, -306, -122, 98, 158, 26, -2, 28, 174, -78, 84, 182, -78, 0, -104, 122, 142, 158, 72, 184, -232, -64, -72, -80, -248, 14, 78, 174, 104, -24, 94, -32, -76, 190, -222, 250, -212, -38, -90, -28, 148, 62, 84, -126, 132, 288, -44, 124, 248, 108, -102, 38, 52, 54, 146, 250, 60, -26, 76, -66, -122, -78, -74, 26, 84, 206, 110, -312, -188, -176, 30, 364, 38, 88, 6, -58, 68, 38, 102, -6, -24, 12, 2, 42, 52, 124, 18, 244, -96, 104, -18, -120, -102, -84, 46, -130, 142, 224, -56, 28, -120, -20, 214, 12, -10, -50, 34, -34, -78, -140, -64, -46, -186, 142, 52, -8, 86, -280, 210, 88, 36, -100, -12, 74, 62, -58, 108, 58, -162, 182, 196, -58, 110, 120, 218, -80, 134, 80, -134, -82, 22, 178, -172, 274, 240, 278, 98, -186, -190, -90, 122, -50, 24, -116, 80, -106, 136, -146, -76, 48, -92, 178, 72, 126, -106, -284, 158, -180, -132, -122, -298, 68, 110, -12, 74, -178, -56, -150, 48, 154, 56, -106, 248, 156, 80, -36, -74, 158, 26, 194, 134, 8, 88, -168, -4, 218, 90, -116, -110, -218, -114, -82, -84, -74, -106, -196, -52, -34, 60, -122, -162, -6, -22, 32, -42, 144, -16, 116, 20, -26, -54, -50, 108, 82, 
104, -186, -120, 54, 212, 14, 298, 64, 6, 148, 214, 288, 54, -82, -254, -258, -132, 18, -36, 6, -84, -54, 148, 54, 68, -54, 64, 54, -182, 226, 18, -72, 78, -30, -16, 316, 84, -2, 156, -106, 84, 168, 90, -92, 174, 12, 284, 282, 98, 76, 166, 190, 44, 86, -130, 106, 28, 264, -162, -84, -66, 100, 124, -258, 222, -216, -208, -110, 44, 138, -150, 88, -206, -278, 92, -214, -78, -120, -136, 248, -8, -146, 200, -26, -316, -12, 12, -64, 20, -158, -80, -16, -28, 84, 46, -30, -44, -86, -142, 18, -112, 82, 44, 74, -228, -136, 148, 4, -76, -160, -70, 62, -4, 6, 150, 82, -74, -88, 420, 188, -222, -70, 58, -56, 294, 120, 90, -170, -84, 8, 88, 54, -6, 62, 22, -84, -72, -254, -52, 0, 28, 110, 250, -312, 88, 6, -210, 30, 194, -2, -12, 42, 60, -22, 76, -46, 78, 30, 180, 110, 168, -58, -56, 6, -38, 258, 80, -236, -222, 192, -4, -18, -50, -284, -100, -206, 52, 78, 26, 178, -148, 104, -94, 156, 170, -68, -76, -160, -188, 26, -276, -166, 66, 138, -196, 138, -22, -64, -218, -130, -28, -80, 222, -20, 116, 2, -6, -40, -122, 94, -40, 10, 114, -102, -22, -6, -12, -80, 104, 34, -6, -132, 4, 116, 174, 110, -14, 96, 102, -18, -74, 40, -44, -30, 36, 44, 62, 14, 14, 192, -80, -14, -18, 112, 102, -132, 194, 116, 148, 30, 156, -24, 16, 164, 168, -256, 40, 68, 92, -64, -96, 314, -20, -160, -12, 240, 158, -24, 14, 110, 160, 160, 94, -4, 42, 18, -96, 238, -28, 46, -100, -48, -18, -88, -28, 100, -58, -180, 34, 98, 84, -86, -112, -86, 52, -68, 238, 170, 52, -134, 212, -92, 92, -132, -132, 110, -42, 78, -32, -26, 158, -102, 96, -64, -16, 218, 68, 34, -40, 326, -232, -86, 48, -124, -186, -152, 52, -8, 70, 108, 6, -76, 48, 0, -12, 142, 200, 122, 110, 216, 2, -400, 10, 24, 52, 126, -10, -134, 122, 6, -50, 46, -106, 44, -28, 192, 164, -52, 12, 74, -68, -120, -18, 8, 242, -108, 82, -90, -62, 202, -92, 48, -130, -18, 48, -98, 80, -152, -136, 32, -40, 2, -128, 84, 80, 138, 98, -76, 208, -12, 194, -6, -162, 102, -110, 102, -98, 296, -174, -66, -126, 40, -18, -144, 140, -274, -176, 114, -168, 34, -28, 104, 42, -72, 166, 48, 134, -172, 166, -330, -72, -144, -10, 234, 118, 60, -52, 112, -42, -140, 56, 174, -76, 60, 86, 68, -126, -164, 38, -2, 148, 124, -164, 278, 168, 0, 212, -28, -98, 58, -186, -4, 226, 80, -4, -222, 34, 186, -270, -2, -180, 138, 154, -250, 58, -14, -58, -116, -30, -44, 130, -150, 102, 108, 186, 130, 48, 136, 196, -18, -12, 142, 150, -54, -74, -68, 32, 2, 10, 138, 114, -160, 68, 120, -144, -62, -106, 192, -20, -6, 
-48, 44, -52, -174, -388, 66, -22, -92, 78, -106, -328, -64, 2, -82, 198, 176, 310, 62, -72, 130, 86, 56, -20, 190, -130, -70, -42, -132, 30, -208, 34, 160, 26, 66, 220, -332, 28, 6, -146, 64, -38, -122, -22, 12, -64, 4, -142, -16, -70, 124, -52, -40, -74, -194, -2, 110, -8, -132, 152, 88, 44, -62, -40, 122, -20, -46, 124, 170, 40, -108, 100, -168, 132, 82, -138, 118, -68, 98, 84, -192, -56, 142, -180, 108, 46, 106, -60, 38, -16, 84, 36, 88, 216, -106, -38, 284, 152, 20, 154, -130, 130, -76, -12, 6, 314, 170, -96, 90, 62, 38, -162, -10, -58, -24, -100, -80, 238, 18, -172, -92, 126, 110, -32, 118, -264, -46, 14, 30, 30, 36, 126, -4, 192, -198, 28, -12, 148, 238, -12, -18, -68, -70, -172, 158, 8, -38, 100, -94, -122, -32, -76, 14, 34, 152, -84, 24, -176, 26, -266, -16, -108, 252, 134, 136, 350, 2, 80, 220, 210, 38, -228, 46, 6, 158, 208, 24, 2, 32, 94, 34, 182, -76, 364, -32, -164, 84, 44, -80, 174, 28, 192, 90, 248, -164, 30, 10, 112, -96, 258, -64, 50, 12, -302, 156, -44, 122, 84, -12, 78, 46, 224, 42, -116, 140, 82, 68, -84, 52, -14, -10, 62, 18, -130, 20, -112, -54, -12, 190, -182, -24, 30, -174, 96, 72, 192, -8, -10, 114, 244, -82, -50, 88, 58, -122, -186, 210, -202, 50, -34, 154, -188, -88, 14, 132, -24, 232, -112, -116, -28, 66, 34, -80, 208, 270, 26, -56, 48, 148, 166, 102, -64, -38, -78, -62, -186, -58, -78, -72, 240, -72, 4, 192, -96, 56, 0, -80, 56, 76, -194, -44, 144, 56, 190, 172, 94, -36, -4, -92, -44, 146, -130, 34, -172, 220, 114, -114, 168, 184, -38, -104, -28, 96, 164, -18, 42, -70, -6, 178, 68, -148, 342, 16, 110, 150, 172, 198, -108, -8, 2, -144, -32, 150, 16, 230, 254, -12, -74, 110, 38, -102, 82, 272, -62, 154, 32, 48, 130, 56, 172, 4, 26, -100, 318, 78, 192, -172, -10, 178, -56, 18, -46, 48, -26, 44, -52, -118, -178, -72, 194, 8, 262, 50, -90, -76, -60, 84, -20, 20, 24, -48, 200, 80, 30, 116, 0, 120, -130, -20, -102, 144, 142, -4, 2, -200, 118, -124, -12, -46, 120, -28, 128, 48, 200, 52, -62, 274, 164, -162, 84, -124, 30, -30, 80, 198, -148, 86, 184, 82, -278, 176, 14, 78, -28, -232, -52, -86, 0, 0, 72, -64, -68, 86, -4, 184, -74, -68, 14, 36, 0, -106, 8, 120, 98, -80, 32, -88, -432, 130, 190, 122, 14, 262, -272, 162, 142, 150, 74, -36, 288, 10, 344, -128, -228, 222, 162, 12, -38, -8, -66, -102, -72, 80, -162, -26, 76, 16, 78, -92, -256, 168, 38, -276, -132, 186, 134, 74, 24, -144, 8, -76, -122, 28, -40, -14, 50, 22, 86, -268, 74, -120, 
10, -118, 194, 252, 210, -216, 90, 298, -114, 32, 200, 214, 68, 242, -30, -54, 50, -144, 248, -230, -74, 120, 146, -48, 140, 14, 56, 114, 120, -80, -34, -98, -46, -24, -242, 394, 168, -46, 26, -26, 70, 198, -52, 38, -180, 222, 142, 4, 122, 68, 62, 18, 156, 208, 156, 146, 30, 168, -28, -84, -18, -8, 114, -188, 162, 0, -170, -184, 100, 142, 18, 356, 34, -150, 116, -92, 160, -122, -170, 246, -32, -64, 202, 20, -138, 18, 100, 170, 66, -174, 114, 106, -38, 212, -64, -194, -186, -184, -162, 24, -110, -132, 318, 206, -204, -14, 180, 152, -142, 2, 290, 86, 384, -174, -6, 56, -128, 154, 114, 172, -34, 28, 44, -74, 122, 104, -350, -40, 92, -126, -102, 172, -112, 176, 70, 42, -202, -146, 246, 54, 106, -70, -4, -30, 22, 30, -166, 86, -72, 30, 70, 220, -18, -116, 150, -108, 124, 18, 148, 144, 148, -122, 58, 160, -188, 2, 0, -8, -116, 32, 70, 158, 26, -158, -26, 94, -104, -12, -2, -22, -38, 86, -90, 106, 202, -40, 58, 26, -134, 32, -140, 26, -6, 144, 130, 20, -116, 114, -354, 16, 162, -86, 214, 4, 28, -222, -88, 96, -232, -108, -172, 38, 178, -20, 174, -14, 188, -118, 92, 226, -72, 58, 28, -6, 110, 22, -30, 18, 242, 2, -58, 198, -76, -38, -42, 62, 24, 60, -96, 274, 76, -64, -82, 148, -64, -242, 52, -182, 86, 4, -90, 82, -66, -14, 138, 62, -72, 238, 86, -160, -32, 90, -92, -204, -174, 18, -70, -112, -138, 26, 32, -38, 90, 120, 274, 138, 264, -62, -156, 56, -4, -228, -36, 44, 42, 210, -92, 108, 192, 2, -58, 40, -198, -190, -20, -28, 96, 66, 56, -100, 62, -106, 136, -316, -14, 168, -32, -124, 72, -104, 74, -106, 52, 102, -82, 252, -104, -348, -28, 124, -100, -74, -190, 66, -48, 56, 214, -136, 70, 156, 40, 208, -58, 78, 32, 34, 146, 0, -54, 170, 18, -122, 170, -122, -32, -90, -86, 156, 48, 6, 54, 96, 4, -42, -170, 236, 120, -146, -26, -110, 154, 100, 84, -36, -10, 130, 178, 148, -110, 102, -264, -64, 172, 56, 140, -82, -144, -62, -72, 284, 24, -136, 56, -6, -4, -120, 126, 102, -184, -156, -280, -128, 102, 62, -14, 14, 118, -10, -60, 24, -110, 8, -44, 144, 118, -56, -36, 102, -116, 56, 36, 34, 92, -52, -62, -54, -186, -52, 248, 0, -242, 140, -104, 70, 166, 98, 46, 92, -152, 284, 114, 22, -102, -138, -32, 162, 50, -22, -84, -130, 58, -88, 106, -188, -80, 162, 212, 104, -224, -36, -88, 40, 254, -138, 2, 194, 2, 98, -358, -42, -304, -4, 184, -148, -152, 20, 0, 22, 168, 94, 142, 118, 174, 46, -44, 80, 104, 128, 192, 60, 108, 278, 122, -8, -62, -72, -12, 402, 8, 98, 152, 12, -42, 70, 68, -82, 82, 202, -34, 120, 
-224, 22, -162, -106, -208, 202, 90, -88, 94, -98, -118, 38, -110, -56, 38, 32, 14, 266, -162, 262, -46, 34, 84, 30, 100, -32, 132, -118, -72, 226, 32, 14, 50, -36, 168, -312, -118, 172, 46, -80, -52, -66, 230, 46, 212, -194, 60, -126, -14, -40, 110, 6, -96, -32, -80, 74, 66, -192, 170, 166, 10, 80, -66, 46, -142, -6, 0, 334, -10, -70, -120, -224, 100, 276, -30, -28, 148, 52, -42, -202, -28, 186, -94, -10, 154, 128, 32, 76, 94, 96, -6, -42, 116, -124, 124, 124, 170, 152, 16, 154, -10, -42, -252, -126, 50, 88, -54, -66, 76, -30, -106, 0, -398, 162, 140, 6, 284, 40, -160, 32, 32, 160, 112, 118, -94, -76, 150, 56, 2, 280, -94, -218, 140, -204, -86, -92, 94, 86, -112, -98, -62, -82, -44, 0, -18, -12, 202, 40, -38, -104, -80, -204, 48, -4, -18, 224, -156, 6, 36, -106, 20, 60, -68, -314, 78, -58, 138, 30, 26, 174, 50, 26, -46, 16, 26, -278, 86, -52, 26, -88, 52, -32, 8, -172, -86, -62, -36, 16, -90, 10, 230, 224, 92, -144, -116, 118, 54, -116, 290, 84, -72, -66, -152, 104, -72, 160, 30, 138, 210, 230, 92, 84, -218, 166, 62, 82, -102, 128, -54, -186, 172, 26, 14, 66, -150, -28, 206, -98, -108, -104, 100, -146, 66, 74, 148, -48, 110, -96, 74, -256, -116, 18, 202, -12, -24, 212, 106, 256, -62, 156, -108, 60, 102, -132, -28, -168, -128, -308, -70, 4, 116, 8, 120, 410, 102, 78, 144, 102, -86, -70, 2, -48, -140, -136, -22, -190, -96, 108, 204, 44, -74, 48, 144, -212, -100, 10, 144, -64, -138, -154, 152, 104, -80, 168, -62, -10, 42, 52, -156, 156, 104, 108, -50, 290, 54, -96, 158, 160, -44, 144, 180, 198, 96, -64, -80, -174, 212, -8, -70, 22, -90, -80, 158, 70, -28, -56, -296, 38, -146, 16, 172, -166, 88, -146, -50, -138, -104, 34, 18, -86, 64, 178, -190, 10, 96, 142, 136, 6, -6, -122, -2, -40, -32, 16, 132, -132, -22, 310, 2, -36, -16, 66, 112, 62, 288, 8, -166, -278, 160, 24, 214, 14, -190, 104, -204, 30, 66, -30, 56, -86, -34, 108, -124, -64, 140, 176, -50, -88, -88, 158, 52, 142, -98, -40, 108, -46, -24, 170, 218, -10, -46, 200, 98, -208, -208, 110, 300, -204, 118, -84, -4, 176, 52, 290, 82, 166, 180, 170, -92, -40, 262, -118, 30, -206, -44, 62, 46, -20, 34, 2, -74, 184, 138, -72, -112, 12, -68, -6, 174, 130, -40, 76, -22, 66, 116, -122, -172, 30, 208, 172, 54, -168, -124, 8, 98, -14, 106, -110, 302, -30, 248, 22, 26, 38, 150, -136, 174, -12, 94, -120, -32, -186, -26, -104, -80, -216, -12, -16, -20, 68, -30, -208, 24, 54, -24, 68, 20, -104, -44, -12, -68, -36, -160, -130, -162, 2, 112, -192, -116, -126, 
12, 170, 152, 108, 134, -130, -4, 84, -30, -76, -62, -6, 36, 220, 80, 70, 112, -40, 512, 108, 54, -20, -84, 108, 46, 180, -84, 130, 88, -150, 36, 108, -42, -44, -88, 210, 218, -150, -38, 40, -46, 224, -120, -84, -156, 150, 94, 164, -48, 142, -8, 66, 184, 156, 30, 66, -62, 274, -246, 58, -56, -20, 74, 48, 154, 18, 36, -128, -84, 200, 20, 116, 72, -248, 146, 60, 26, 68, 178, 162, -184, -92, 26, 30, -106, -132, -146, 106, -176, 14, -104, 34, -26, 108, 38, 46, -10, 20, 4, -76, -66, 178, 106, 186, -8, 118, -68, 6, -204, 56, 122, -82, 258, 66, 12, -32, -254, 86, 56, -74, 12, -14, -82, -138, 120, 176, -30, 30, 2, 76, 298, 148, -214, 162, 172, 128, -4, -86, 108, -130, -20, -42, 164, -38, 2, 124, -158, 160, 106, 202, 166, 66, -24, 54, 12, -104, 154, 168, 190, 130, 52, -226, 246, 354, 34, -14, -130, 166, 42, 90, 62, -160, -12, 64, -218, 198, -120, 158, -20, 64, 2, 42, -2, 62, 108, 82, 12, -94, 20, -20, -24, -194, 70, -40, 90, -66, 8, 328, -110, 56, -138, -24, 204, -54, 222, -52, 140, -148, 50, -94, -162, 58, 296, -56, -4, -60, 34, -32, -84, -72, -110, 30, -48, -56, 148, -42, -68, 110, 40, 108, -84, 26, 2, 84, -90, -70, 84, 80, 50, 252, 206, 12, 52, 186, 180, -12, -102, -338, 70, 100, 244, 10, -54, -24, 62, 12, 304, 200, 114, 94, -8, -60, -164, -284, 192, 130, -56, -42, 44, -22, 14, 160, 68, 126, -74, 178, 96, -278, -230, -62, 134, -176, -232, -84, 174, -22, 4, 158, 178, 106, -46, 88, 86, -148, -82, -118, 40, -158, 72, 26, -84, -108, 46, -34, 134, -30, -84, -144, 30, -6, -96, 26, -54, 54, 34, 114, 16, -44, 84, 4, 220, 114, -26, 10, -62, -64, 372, 78, 170, -16, 28, 128, -60, 114, 108, 320, -140, -16, 20, 186, 64, 124, 130, -40, 254, -190, -84, -186, 120, 88, 54, 42, 26, 16, 8, 136, 172, -164, 56, -4, -80, -126, 6, -142, 24, -78, 330, 248, -74, -76, -160, 208, -50, -40, 14, 4, -86, 74, 88, 36, -54, 64, -58, 56, -148, -74, -128, 92, 46, -164, -126, -174, 122, 16, 34, -158, 112, -4, -284, 98, 120, -226, -70, 330, 80, -62, 18, 202, 6, -268, -138, -86, -78, -294, -78, 46, -48, -140, 170, 62, -2, -20, 38, 56, 20, -200, -128, 0, 66, 40, -98, -88, -192, 28, 230, 78, 60, -146, -212, -6, 10, -40, -134, -48, 22, 156, 46, -76, 20, -356, -54, 188, 120, -36, -78, 20, -96, -232, -130, 124, -134, 138, 88, -80, 140, 66, -32, -36, 64, 50, 86, 66, 12, 104, -156, 274, 210, 102, 48, 76, -50, 208, -18, 60, 80, -72, -44, 28, 228, 12, 124, 22, 64, 68, 172, 108, 58, 184, 32, 192, 
50, -156, -154, 48, -12, -46, 98, 2, 170, 160, 204, 122, -94, -118, 30, 28, -304, -32, -308, -54, -26, 34, 248, -48, -12, -232, 18, -86, 46, 58, 100, -12, 150, 148, 40, -46, -4, 438, 12, -8, -56, -54, 216, 46, 74, -80, -80, -210, 222, -54, 148, -34, -28, -102, -222, -34, 128, -250, 88, 54, 140, -8, -14, 10, 22, 12, 4, 116, 178, -98, 80, -4, -48, 56, -44, -6, -16, 68, -10, -216, -82, 192, 150, -22, 218, 98, 4, -54, -12, -8, 114, 60, 146, -34, -106, -146, 68, 82, 32, 194, -18, 200, -54, -38, 42, -36, 36, -106, 68, -48, -134, 112, -24, -22, 44, 44, 176, -48, -98, 178, 56, 38, -122, 222, -100, 86, 116, 20, 44, -26, 42, -154, 244, -42, 36, 60, 172, 14, -38, 132, -16, -168, -84, 88, 66, -18, 198, -192, -114, -12, 24, -42, 138, -98, 4, -108, -46, -186, 52, 20, 114, 54, -84, -124, -76, 4, 126, -60, 40, -122, 28, 136, 82, 104, 106, 34, 102, -202, 58, 230, -38, -158, 164, 24, -102, -42, 82, 110, -50, -90, 80, 334, 202, 180, -66, 146, 38, -104, 98, -28, 2, -176, -252, -6, -148, 228, -136, 270, -40, 164, 162, -238, -230, 2, 32, 36, -56, -62, 216, -86, 190, 68, -40, -22, -98, -16, 180, -30, 8, -152, -20, -186, 152, -84, 82, 110, -10, -40, -172, -96, -208, -176, -152, 6, -10, 174, 50, 296, -108, -80, -88, 252, 24, 242, 20, 100, -130, -62, -146, -48, -12, 48, -10, 302, -134, -62, -170, -2, -20, 150, 50, -124, 132, 12, 112, 94, -8, 298, 50, 144, -204, 256, 64, 172, -16, 56, 66, -198, -56, 84, 56, 140, 194, 224, 20, 176, -54, 92, -8, 76, -98, 14, -38, 148, -88, 150, 106, 24, 184, -14, -48, -152, -32, -28, -36, -34, -4, 38, -40, -24, -124, -94, 138, 234, 240, 114, -238, -10, -92, -78, -148, -242, 210, -90, 108, -268, 40, -32, 30, -100, -22, -2, -166, -186, -92, 54, 164, 88, -2, -58, -78, 210, -212, 42, 290, -48, -82, 200, 22, 0, -26, 48, 14, 302, -48, 144, -188, -238, -186, 110, 32, -98, 106, 86, 16, -54, -44, 122, -80, -46, 194, 104, -66, -58, -2, 40, 52, 42, 172, 72, 64, 0, -6, 142, 132, 122, 60, -10, 204, 6, -104, 88, 58, -264, 54, 52, 36, -4, 32, 172, 126, 110, 174, 356, -24, 172, 78, 162, -98, -120, 220, 126, 62, -102, 42, 138, 168, 42, -50, 38, -110, 90, 114, 180, 2, -140, 88, 158, 64, 104, -110, 116, -90, 20, 104, -124, -238, -28, -28, 360, -60, -370, -226, 74, 26, -74, 200, 210, 268, -80, 158, -128, -130, -46, 34, -214, 86, 46, 72, -46, -58, -36, 26, 112, 98, -92, -170, 30, -14, -16, 152, -96, 44, 204, -6, -100, 94, 56, -94, -88, -186, -112, -220, 42, 100, 22, -68, -82, -156, -146, 
58, 162, 138, -128, 70, 112, -162, 194, -54, 36, -8, -78, 12, 68, 204, -182, 180, 80, 414, 132, 28, 12, 34, -38, 2, 98, -112, 24, -138, -100, 4, 204, 72, -94, 176, 104, -24, -250, 22, -120, 138, 154, -232, -34, -112, 126, 158, 76, 72, 104, -130, 88, 168, 234, 172, -102, -22, 286, -42, 196, -82, 0, -118, 32, 92, 0, -76, -186, -60, 66, -12, 4, 236, 118, 20, 164, 12, -94, 66, 102, 72, -202, 56, 176, -182, -138, -44, 176, -102, 26, -72, 192, -58, -30, 72, 118, -164, -18, 62, -8, 150, 50, 36, 132, -182, 126, -52, 216, -20, 150, 84, -114, 224, 148, 104, -6, -12, 244, -30, -184, 90, -122, -86, -76, 122, -88, -194, -118, 58, -34, -26, 42, -248, 120, 64, 146, -84, 122, 180, 76, 14, -12, 100, 128, -96, 14, -162, 232, 102, 74, 58, 62, -46, -6, 156, -6, -78, 216, -110, -62, -164, -54, 150, 144, 92, 44, -16, -80, -38, 196, -34, -66, -74, 68, -72, 38, -52, 106, -28, -134, 60, 278, -154, -108, -154, 4, 46, -28, 60, 162, -164, -220, -128, -180, -42, -156, -174, 152, -90, -4, 104, 90, 260, 6, -12, -70, 136, -226, 80, -68, -40, 206, 94, -28, 84, -32, 178, -116, -180, 28, -146, 36, 110, -68, 50, -88, 16, 24, -12, 34, -12, -12, -66, 80, 72, 68, 10, 26, 64, 14, 100, 10, 202, 152, 66, -22, 56, 16, -28, 272, 190, -104, -48, -272, 56, -68, -6, 196, 304, -20, 14, 134, 132, -178, -58, 186, 342, 144, -86, 116, -16, 78, 98, -44, -98, -56, 66, -114, 14, 50, 28, -10, -18, -190, 140, 16, -18, -48, 86, 210, -30, 16, -160, -142, 88, -148, -40, -130, -60, -44, 46, -8, 36, 116, 80, -58, 4, -4, -130, 8, 86, 126, 156, -48, 2, 120, 18, 84, 186, 84, 138, 376, 4, -250, -240, -42, -18, 32, 206, 106, 34, 188, -44, 144, -178, -36, -92, -16, 104, 226, 40, -126, 200, 158, 196, -40, -156, -34, 96, -92, 36, 114, 114, 76, -302, 50, 160, 128, 24, 148, 88, 62, 16, -360, 138, 64, 248, -64, 44, -68, -38, -96, 172, 66, 6, 20, -100, 58, 100, 222, -40, -28, 216, 78, 56, -86, 46, -206, -12, -34, -52, 66, 64, -114, 54, 10, -66, -166, 58, 178, 142, -130, -112, 310, -78, 64, -120, -32, -78, -18, 36, -18, 18, -158, 2, 58, -32, -40, 114, 192, -220, -38, 64, -88, 188, -162, -226, -44, 42, 198, -16, -178, -74, -122, 8, 172, 46, -8, -160, 164, 82, 20, 214, 50, -36, 212, 10, 142, 184, 80, 44, 252, 240, 172, 44, 98, -90, -210, -182, 66, -36, 126, 84, 214, -212, 246, 16, -166, 52, 72, 298, 80, -146, -204, -276, 166, 136, -196, -84, 124, -88, 136, 58, -198, 48, 76, 40, 62, 98, -18, 162, 60, 204, 194, 16, -100, 40, 30, 212, -22, 
68, -160, -34, 194, 34, -152, 266, -50, 18, -12, -214, 76, 64, 10, -252, 128, -270, 6, 94, -54, -8, 130, 104, -154, 100, -248, 28, -48, 72, 44, 88, -154, 128, 2, -30, -206, -26, 298, 68, -34, -174, -122, 222, -20, -74, 100, -98, -114, -48, -120, 160, 16, -36, -212, 16, 242, 46, -70, -30, 70, 74, -72, 32, -152, 150, 32, -30, 232, 78, 120, 102, 126, 90, 28, -30, -76, -82, -14, -96, 144, 240, 396, 12, -2, 342, 70, 30, -126, 154, -52, -38, -166, 244, -68, -108, -12, 156, -182, -158, 6, -112, -118, -6, -156, 110, 60, -72, -152, -48, -96, -28, 184, -8, -76, -80, 64, -16, -146, 0, 104, -76, 192, -204, 140, 74, -138, 64, 270, -120, 166, 40, -306, 164, -180, -82, -52, 122, 30, -142, 194, 64, -10, 90, -150, 182, -92, 60, -278, -160, -8, 20, -198, -34, -56, -104, -180, 42, -136, 84, -14, 98, 44, 30, 86, 44, 22, 116, 128, 144, -84, -62, 148, 14, -32, 82, -118, 112, 32, 146, 136, -64, -74, -8, 76, 136, 0, -194, 96, 106, -170, 176, 52, 150, 170, 62, -8, -72, -174, 90, 150, 20, -82, -158, -62, 196, 210, -158, 170, 96, -4, 32, -134, 0, 132, -90, -2, -110, 224, 176, -98, -84, -94, -52, -4, -32, 118, -132, -86, -46, 90, 58, -22, -164, -122, 84, 46, 162, -92, -40, -104, -60, 18, -212, -174, 20, 68, 220, 242, -44, -178, -2, 200, -44, 258, -52, 110, -14, 110, -166, -70, -48, -152, 204, 118, 26, -160, -222, -20, 124, -122, -18, -66, 28, -4, 90, 8, -62, 158, -130, 68, -70, -38, 60, 190, -216, 32, -82, 62, -6, -34, 22, -16, 158, 12, -110, 82, 32, 330, 220, -138, 10, -50, 10, -130, -72, 172, 48, 26, 126, -192, 88, -48, -70, 200, 98, 46, 8, 230, -46, 68, -66, -164, 108, 216, 312, 44, -28, 4, -84, -146, 22, 0, 112, -30, 108, 20, 128, 258, -20, -154, -88, 98, -260, -120, -24, 66, 136, 44, 74, 142, 176, -216, -2, 208, 196, -32, 24, -124, -26, -70, -24, 70, 78, 208, -24, -180, -296, -40, 98, 286, 50, 22, -2, -34, -22, 62, -102, 130, -92, -118, 24, 114, -172, -46, -90, 22, -136, 118, -100, 54, -32, -120, -98, 122, -42, -48, 210, 64, 62, -22, 10, 258, 152, -196, 46, 36, 4, 58, 104, -98, 102, 22, -54, -38, -36, 124, 86, 44, 22, -26, 138, -20, -68, 160, -120, 84, 366, -96, -102, -76, 30, 76, 240, 90, -4, 12, 10, 28, 90, -238, -130, 144, -126, 14, 74, 80, 110, -134, -138, -128, 22, -58, -72, -106, -30, -160, -66, 230, 246, -132, 66, 174, -104, -166, 208, -166, 86, 208, -108, -30, -126, -110, 24, 146, 254, -50, -92, 90, 96, 46, -88, -24, 168, 286, -124, -44, 30, -50, 90, -176, 168, 104, -120, -222, -34, 148, 122, -4, -176, 26, 
-68, 166, 110, -200, 72, 92, -190, -48, -22, 30, 216, -100, -48, 34, 150, 22, 256, 44, 0, 98, -44, -36, -52, 112, -146, 226, 70, 4, -62, -66, 114, 190, 120, 24, 10, 150, 100, -4, -136, -50, 386, 126, -204, 120, 170, 42, 96, 72, -72, 184, -52, -58, -34, 152, -200, -310, 204, 30, 48, -154, -54, 96, -56, 126, 16, 4, 60, -266, -104, 36, -150, -112, 26, 50, -22, 108, 100, 124, 74, 0, -122, -218, -138, 80, -142, -8, 90, 230, -8, -82, 262, 136, 94, -38, -30, 172, -58, 168, 126, 106, 30, 66, 60, 92, -46, 138, 102, -68, 126, 116, 130, -194, 30, -14, 80, 22, 126, 242, -74, 8, 40, -182, 180, -50, 118, 88, -46, -42, 206, -64, -102, 250, -4, 78, -36, 8, -114, 38, 186, -168, -26, -30, 38, 12, -216, 198, 114, 44, 166, -28, 84, 86, 42, 130, -124, 64, -24, 38, -70, -52, -66, -160, 70, -190, 114, -54, -2, -76, -54, 18, 72, -80, 178, 86, -116, 182, -106, -22, -88, -4, 16, 32, 116, -36, -90, 8, 210, -44, 28, -34, -138, -46, -86, -186, 84, -124, -100, 114, -226, -80, -54, 56, 68, 94, -92, -18, 286, -84, 32, -4, 42, 30, -116, 48, 30, 34, 272, -192, -112, 92, 126, -38, 280, 58, 0, -150, 92, 112, 146, -10, 78, -112, 158, 116, -60, 156, -110, 168, 134, 212, 164, 10, 82, 60, -76, 0, -120, -170, -66, 164, -10, -100, 126, -210, 142, -174, -50, -32, 32, 122, 144, 232, -204, -130, 96, 178, 216, -74, -142, 12, -32, 190, 60, 0, -24, 18, 302, -2, 138, -26, 42, -20, -158, -110, 108, -4, 166, -150, 120, 154, 100, -12, -48, -74, 262, 86, -92, -22, -88, -34, -118, -66, 300, 36, 80, -62, 36, 144, 88, 204, 50, 98, 172, 32, -50, 30, -44, -164, 80, 64, -74, 6, -224, -108, -206, -4, 14, 30, 144, 112, -58, 56, -200, -72, -160, -116, -196, -296, -104, -8, 188, -88, 84, -16, 164, 4, -204, -180, -40, -70, -106, 38, -74, -10, -124, 2, -20, 136, 204, 176, 80, 54, -6, -268, 20, 6, 328, 120, -74, -202, -90, 152, 12, 66, 54, 70, -46, 0, 50, 238, -110, -56, 204, -14, 14, -150, 182, 92, 214, 66, 162, 166, 104, -188, 226, -18, -54, -18, -42, 64, -112, -56, 84, 64, 200, -126, 72, -42, -194, 108, -80, 88, 66, 172, -48, -172, 136, 30, 178, 26, -116, 94, 10, -150, 38, -12, -272, 180, -20, 28, 78, 34, 18, 102, 38, 204, 48, 38, -124, 248, 174, -6, 194, 110, -64, 92, -80, -70, 14, 26, -132, 184, 6, 254, 68, 110, -46, -26, -156, 62, -260, 96, 208, 208, -176, 150, -50, -152, 8, -14, -20, 112, 84, 48, 50, 26, 18, -92, 42, 64, 136, -26, -44, -180, 142, 138, 106, 44, -134, 116, -36, 20, 2, 228, 148, 40, 42, 164, 284, -66, 
88, -120, 72, 252, 26, 40, 224, 140, 86, 96, 18, 114, 168, -112, 24, -68, -174, -28, 16, -92, -48, -42, 78, -98, 50, -86, 32, -68, 14, 66, -76, -44, -54, -56, 42, -62, 202, -10, 220, 140, -346, -82, 302, -98, -168, -8, 42, 196, 82, 76, -154, 22, -80, -54, 154, 122, 32, 48, -12, 80, 170, -184, 110, -78, -66, -68, -64, 278, 348, 44, 158, 48, 100, -142, 128, -60, -18, -52, -42, 222, 8, 168, 14, 182, 38, 156, -176, -34, -64, -64, -94, -50, 90, -46, 108, -78, -52, -156, 16, -14, -50, -66, 60, -148, 148, -212, -188, 118, -30, -56, 70, 70, -76, 6, -258, -54, -6, -222, 58, -44, -220, -80, -122, 24, -36, 10, 28, 86, -86, 88, 68, -132, -96, -124, 58, 32, 114, 110, 8, 36, 162, 112, -12, 92, -60, -340, 12, -34, -86, -106, -120, -58, -68, -140, 86, -28, -204, -54, 190, 124, -4, 70, 38, 88, 50, 160, 162, 18, -28, 54, -12, 236, -130, 118, 156, -128, 92, 44, -48, 10, 68, -110, 144, 12, -56, -128, -182, 94, 68, -2, 86, 26, 212, -78, 46, 210, 78, 134, 252, 296, 26, -132, 26, -14, 122, 176, -300, 132, 24, -40, -28, 20, 150, -18, 52, 0, -284, 202, 238, -196, -90, -36, -140, -80, 28, 174, 18, 170, -30, 68, -72, -2, -72, -84, 26, 30, 258, -150, -158, -136, -226, -90, -112, 144, -28, -76, 130, 72, -24, -162, 30, 126, -116, -124, -124, 122, 24, 44, 210, -36, -160, -2, 70, 302, -10, -308, -100, 34, 146, -60, -68, -52, 32, 148, 114, 80, -68, -64, -54, -22, 184, 144, 356, 150, -104, 72, -144, 100, -116, 66, -42, -30, 78, -54, -220, -112, -128, 28, 246, 66, 242, 144, -180, 40, -118, 198, -28, -52, -156, -140, 64, -74, -190, 10, 38, 14, 80, 174, 136, -16, 24, 100, 150, -78, 318, 92, 4, -88, -6, -166, 40, 34, 126, 92, -12, 228, 236, 20, 222, -34, -176, -12, -126, -134, -92, 120, 172, 234, 110, 160, 60, -32, 40, 170, 110, 132, 162, 44, -46, -78, -86, -72, -28, 256, 2, -28, 20, -58, 234, 240, -106, -34, 10, 96, -64, 78, -160, 184, -4, -12, 132, 42, -226, 106, -124, 56, -92, -24, -72, 106, -24, -30, 60, 342, -116, -18, 238, 144, 158, 140, 60, -2, -102, 126, 74, 76, 186, -2, 214, 130, 228, 32, 140, -138, 216, 148, -60, 230, -82, -4, 186, -200, -60, 134, 24, 16, 192, 6, 158, -38, 32, -34, 106, -132, -156, -206, 34, 8, -10, -282, -16, 68, -44, -62, 98, 60, -34, 20, 52, 80, 152, -314, -54, -236, -228, 48, 86, 8, 252, -32, 200, 102, -88, -202, 212, 70, 92, 174, -4, -4, 34, -126, 122, 50, 150, 54, 18, -22, -56, 18, -38, 40, 78, 248, 78, -22, -50, -66, 84, 42, -36, 70, -126, -248, -50, -144, -68, -36, -150, 166, 
-52, -44, 138, -222, 52, 88, -166, 166, 34, -2, -22, -160, -118, 126, -32, 86, 14, 102, -18, 30, 30, 64, 46, 30, 112, 80, 10, 128, 12, 30, -28, 88, 42, 84, -218, -32, -100, 38, -192, -162, 210, 92, -148, -68, 66, 114, -112, 8, -126, -112, -122, -36, 6, -6, -14, 10, 54, -22, 98, -76, 74, 338, -184, 64, 54, 210, -10, -210, -324, -76, -170, 48, 78, -22, -228, -38, 94, 146, 0, -12, 152, -106, 84, 124, 126, -162, 248, 54, 154, 56, 200, 200, -12, 28, 100, 18, 122, -108, 96, 116, 54, -58, -182, 106, -172, 184, 72, -128, -22, -242, 34, 62, 50, -64, 194, 80, 48, 150, 118, -140, 54, 152, 68, 0, 262, -132, -48, -96, -176, 102, -50, 190, 276, 234, 36, -66, -98, -80, 112, 88, -46, -4, 78, -218, 310, 300, 202, 62, 56, 188, 98, 244, -98, 70, -144, -46, 114, 232, -94, -84, 204, 42, 114, 2, 50, -152, -14, 82, 46, 40, -218, -336, 58, -12, -106, 188, 178, 56, -62, 8, 4, 160, 112, 0, 44, 260, 146, -4, 66, 242, 14, -38, -86, 124, 30, -32, 80, -104, -244, -124, 68, 288, -186, -26, -224, -264, 182, -156, -2, -114, 150, -10, -138, -64, 182, 6, 262, -148, -228, 194, 104, 230, 272, 174, -168, -176, 34, -182, 112, 102, 16, -14, 222, 118, -68, 30, -142, 66, 280, 46, 290, 158, 12, 6, 110, 52, -42, -24, 60, 124, -70, -18, 172, 10, 198, -74, -168, -64, -170, 116, 104, -24, -108, -190, -70, 306, 0, -68, 212, 50, 44, 126, 44, -6, 70, 224, -36, -16, 42, 108, -128, 44, -250, -50, 44, -64, 122, 64, 90, 58, -12, 182, -22, 80, 352, 94, 58, -28, -8, -188, -292, 62, 76, -136, 22, -150, 52, 132, -16, 112, -92, 66, 162, 28, 54, -44, -106, -26, -94, 42, 82, 66, -290, 10, -232, -100, -138, 276, 92, 26, -98, 26, -166, -16, -76, -404, -166, -44, -74, 58, 104, -100, 76, 94, 172, -72, -170, -166, 0, -188, -210, 204, -202, -150, -126, -208, 14, 68, 42, 92, -62, 152, -72, -80, 26, 204, -18, -132, -52, -190, -104, 94, -58, -100, 26, -56, 206, 50, 8, 212, -66, 30, 130, -12, 102, -118, 226, -136, 200, -74, 246, 270, -62, -114, 48, -14, 54, -96, 24, -160, -82, -6, 230, 54, -74, -38, 12, 60, -254, -38, -174, -26, -128, -52, -26, -34, 72, -56, 64, -212, -76, -162, 22, -50, -16, 66, -96, -6, -174, 20, -50, 78, 68, 188, 186, 138, 90, -216, -50, 180, 120, -322, -106, -50, 34, 140, 120, 24, 38, 30, -232, 214, 28, 98, 220, 220, -96, 90, -112, 66, -170, 28, 28, 392, -166, 76, 124, -138, -16, 154, 150, -80, -86, -116, -44, 288, 84, 36, 126, 144, 54, -128, 58, -162, -24, 120, 98, 52, 32, 106, 70, 44, 22, 172, -68, 78, 16, 52, 166, -226, 
154, -126, -100, -10, -26, -332, 150, 128, -112, 194, 66, 188, 178, -106, -8, -16, 144, -74, -144, -40, -38, -134, 78, 110, -90, -98, 26, -188, -78, 254, 88, -140, -58, -116, 208, 34, 56, 102, 50, 72, -4, -142, 30, -32, -134, -90, 242, 156, 80, 228, 36, 94, 160, 0, 114, 18, 118, 84, -16, 38, 150, 14, 206, -20, -32, -128, -6, -16, 76, 132, 216, 30, -44, -94, 66, 198, 28, 86, 14, -44, -18, 254, 82, -160, -112, 138, -252, -126, -150, -94, -72, -164, -98, -118, -100, -144, 128, 134, 120, -146, 50, 104, 332, -24, 44, 110, -172, 124, -56, 186, 202, 74, 90, -10, 6, -6, -138, -72, 122, 182, 72, 24, 178, 126, -112, 90, -2, 116, 14, -94, 144, -106, -86, -256, 250, 124, -12, 10, -184, -12, -100, 108, 38, 74, -190, -192, -112, 138, 142, 2, -76, -62, -66, -4, 84, 74, -120, -118, -46, 192, -196, -26, -182, 154, 64, 64, -124, 12, 194, 40, 256, 180, -4, -92, 266, 110, 2, -32, 82, -16, 228, 162, -70, 166, -144, -266, -112, 18, 134, -172, -40, -14, -6, -44, 120, 60, -124, 116, 154, 188, 38, -150, 208, 6, 40, 238, 40, 156, -114, 176, 162, 132, 128, 154, 80, 54, -238, 344, 110, -206, -104, -26, -60, -72, 252, 158, 48, 58, 30, -26, -326, -56, -490, 64, 170, 114, 66, 60, -46, -70, -220, -40, 12, 118, 42, 96, 36, 236, -74, -156, 50, 90, -18, 162, 118, -138, -50, 156, 136, 76, -46, 250, -68, 256, 32, -198, 10, 150, -130, -48, -232, 36, -166, -38, -192, -82, 32, 140, -10, 164, 46, -50, -94, -2, -54, -46, -52, -42, -72, 168, 140, -230, 272, -166, -342, -56, -38, 96, -62, 104, 40, 78, -38, -64, 20, 156, -60, -270, -26, -150, 44, 254, -26, -66, 38, -36, 44, 80, -108, 92, -158, -92, 238, -148, 294, -66, 46, 34, -212, 20, -76, 28, 10, -6, -24, 206, 78, 44, 28, -72, -84, 46, -54, -58, 6, 44, 206, 86, -66, 168, 60, -80, 82, 16, -46, 94, -60, -74, 38, 22, -20, -26, -138, -8, 126, -72, 58, -70, 190, 10, 106, -136, -82, 128, 130, -124, -46, 80, 28, 24, 144, -148, -20, -70, -40, 192, -158, 48, 12, 132, -110, -138, -18, 48, -22, 10, -164, 28, -40, 172, 98, 180, -52, 118, 190, 144, -232, 58, 248, 270, 44, -2, 160, -22, -28, -38, 50, 10, 72, 350, 46, 136, 186, 106, 254, 48, 46, -32, 34, -58, 32, 38, -62, -28, -222, -56, -116, 116, -58, -68, 90, 222, 244, 48, 122, -88, -190, 120, -164, -58, 74, -212, 98, -74, -98, -104, 20, -70, 114, 34, 280, 96, -164, -312, 62, -100, -46, 42, 12, 126, -208, 94, 72, 222, 166, -176, -88, 16, -140, -44, -2, 52, 0, -16, 134, -214, -108, -188, -20, -166, -58, 130, 236, -86, 106, 46, 4, -58, 32, 172, 
38, 286, 26, 6, 106, 244, -48, -118, 72, -194, -282, 80, -142, 124, 132, 100, 150, -120, 208, -58, 14, 128, 68, -56, -106, 106, 274, 14, -210, -162, -102, -98, -68, 172, -128, -192, -18, -72, -136, 220, -48, 280, 80, 30, 88, 162, -242, -54, 38, -228, -62, -180, -78, -40, -6, -28, -102, -40, 6, 12, -98, -60, 66, 220, -58, 166, -38, -12, 94, -78, -50, -164, -42, 218, -180, -114, 52, 36, 54, 90, 36, -76, 54, 118, 186, -114, 30, -76, 32, 62, 154, 106, 44, -68, 152, -10, -82, -266, 46, 42, -14, -72, -180, 86, -52, 42, 86, -170, 58, -192, -160, -134, 42, 40, -16, 50, 46, 24, -146, -82, -20, 26, -20, -72, 134, -82, -20, -112, 50, 158, -196, 40, 116, 164, -214, 134, -14, -46, 86, 46, 24, -94, -70, -30, 220, 34, 164, -262, -64, -148, 148, 154, 20, 56, 30, -136, -22, 70, -194, -234, 216, 80, 316, 118, 28, -174, -114, -10, 90, -20, -104, -80, 162, 48, 54, -108, 108, 160, -148, 158, -28, -218, 136, -280, 186, 294, 140, 108, 32, 134, -46, 100, 100, 160, -18, 18, 152, -152, -132, 18, 12, 150, -134, -76, 32, -80, -172, -70, 72, 22, -266, 4, -220, -238, 48, -132, 296, -328, 14, 12, 162, -36, 74, -60, -192, -84, 52, -16, 0, 132, -14, 130, 394, -6, 58, -122, -34, -26, 236, -74, 14, 242, -110, -150, -58, -68, 192, -182, 164, 244, 12, -60, 174, -126, -16, -86, -82, -62, -380, -78, 44, -196, 184, -56, 170, 312, -20, 26, -78, 78, 234, 82, 170, 18, 184, 100, 140, -24, -40, -70, 74, 140, 40, 76, -36, 96, 40, 28, 96, -200, -90, 136, -342, -130, 302, -62, -46, 30, -70, -60, 144, -4, 146, 150, -196, -114, -12, 80, 20, -8, 46, -210, 60, 76, 36, -68, -126, 54, 72, -4, 298, 170, -122, 322, -136, -32, 212, -70, 158, -40, 196, 44, 72, 30, 26, 6, 68, -26, 82, 94, 174, -18, 258, 0, -98, -20, -268, 60, 178, -206, -86, 176, -148, -10, 20, -72, -102, 74, -224, 222, 24, 146, 216, 58, -310, 150, 92, 90, 72, 72, 140, 86, 114, 60, -122, 374, 28, -2, -78, 38, 60, 178, 92, 30, 234, 160, 34, -152, 78, -80, 96, 10, 116, -88, 104, 106, 158, -18, 174, -52, -108, -22, -84, -276, 46, -178, -88, -112, -66, 76, 74, -54, 16, 66, 28, 94, 56, -16, -16, -112, -8, -38, -164, -44, -198, -38, 264, -194, -164, 56, -92, -32, 52, 208, 94, 24, 66, -100, 90, -98, -66, -76, -98, 168, 96, 100, 192, 30, 82, 218, 46, 32, -64, 10, 38, 270, -90, 16, -30, -32, -184, 2, 70, 304, 32, 98, 142, 178, -54, 26, 212, -44, -120, -14, 2, 76, 244, 44, 106, -66, 80, 134, -24, -22, 82, 232, 200, 94, -48, 160, 2, -42, -122, 144, 76, -58, 56, -130, 108, -170, 
84, -240, 156, 0, -126, -174, 142, 156, -46, 138, 212, -114, 102, 24, 0, -18, -58, -58, -78, 210, 132, -84, 218, 60, 218, -68, 28, 8, 164, -62, 112, 92, 196, -244, 186, 292, 198, 76, 130, -40, 46, -148, -48, 14, 84, -102, -32, -28, -10, 112, 158, 92, 18, 138, 210, 48, 156, 170, 134, 38, 36, 90, 138, 6, -146, -60, -28, 66, 24, 200, 204, 96, -4, -128, 202, 96, -8, -102, 110, 16, 2, -100, 26, -16, -188, 120, -24, 144, 2, 46, -58, 126, 146, 44, -14, 76, 30, 180, 146, -72, 10, 120, 98, -156, 74, -26, -26, 198, 110, 128, 304, 106, -40, -92, -32, 114, -56, 274, 126, 36, 62, -96, 10, 152, -222, -58, 58, 20, -66, -62, 178, -96, -54, -98, 122, 46, -98, 120, -122, 32, -28, -34, 170, 34, -230, -294, -106, 308, 206, 66, -138, -216, 22, 114, 24, 106, 98, -52, 212, 304, -212, 178, -20, 86, 52, 76, 126, 64, 46, -22, 214, 106, -110, -20, -152, 90, -88, 14, 194, 76, 16, 100, -290, 192, 54, -84, 68, -32, 104, -38, 108, 62, -158, -36, 130, -106, -90, 92, 198, 144, 2, -148, 216, 66, 14, 174, 164, -72, -236, 98, 216, -26, 350, 136, 78, 68, -172, 382, 122, -246, -188, 54, 44, 6, 224, 4, 34, 12, 50, -222, 152, -20, -224, -6, -34, 162, 4, 108, -224, -40, -50, -260, 62, 104, -18, 166, -34, 168, -118, 16, -92, 118, -44, 70, 206, 24, 140, 144, 272, 84, 24, 120, -110, 116, -64, -160, 248, 202, -72, -84, -188, -108, -10, -134, -252, -34, -80, -2, -28, 80, 200, -194, 76, -346, 106, 18, 44, -52, 34, 56, -188, -76, 182, 198, -194, -54, -10, 64, 22, 34, 100, 16, 124, -124, 6, 132, 118, -110, -14, 96, -40, 140, -32, -12, -98, 50, 216, 28, 42, -174, -44, -16, 2, -90, 268, -176, -80, -60, 120, 60, -72, -190, -42, 6, -44, 30, -30, 182, 54, 2, -80, 16, -302, -100, 138, -126, 228, -54, -48, 172, 94, -156, -12, -146, 196, 128, -20, 16, 148, -260, -40, 146, -188, -18, 216, -232, 74, -46, -14, -68, -88, -48, -38, 28, 162, -304, 14, 48, 152, 164, -38, -236, 50, -14, 42, -218, 50, 74, -88, 26, 0, -78, -6, -50, 104, 4, 68, 76, -188, 262, 224, 46, 64, 120, 92, 120, 170, 26, 42, 54, 66, 128, 10, -74, -64, -96, 182, 16, -64, 246, 16, 112, 24, 78, 192, -46, -186, 134, 242, 106, -14, -8, -68, -58, -158, 30, 110, -42, -88, 182, -66, 218, 140, 22, -36, -98, -134, 56, 98, -130, -48, -54, 52, 50, -174, -186, 194, -78, 134, 26, 80, -6, -86, -262, 78, -120, 72, -154, 56, 286, 56, -56, 186, 52, 38, -6, -78, -10, 8, -28, -50, -34, 58, 74, -44, -162, -130, 12, -30, -236, 12, -54, 222, -18, 142, 160, -18, 244, 94, 168, 
-38, 32, -36, 52, 224, 102, -164, -34, 42, -34, -178, 226, -108, 206, 220, 160, -54, 18, 100, -50, 50, -54, -184, 34, -168, 134, -6, 46, -66, 160, -106, -90, 74, 382, -300, -126, -108, -132, 6, 144, 80, 326, 98, 210, -54, 18, 44, 40, -104, -102, 42, 182, -128, -88, -26, 358, -92, -206, -50, -96, 104, 60, -110, 190, -224, -78, 2, 116, 74, -280, 56, -150, 48, 110, -194, -144, 136, 66, 52, 120, 0, 84, -190, 40, 158, -54, 32, -314, -112, 34, 164, -50, -290, -96, 36, 108, -14, 40, -64, 108, 78, -14, -48, 252, 232, -58, -122, -152, 70, -72, -192, -130, -12, -30, 86, 98, 54, -188, 44, -174, 22, 148, -46, -254, 40, 40, -202, 18, -14, 284, -206, 160, 194, 192, -116, -50, 110, -112, 248, 160, 82, 28, -114, -70, 198, 206, -16, -50, -44, -156, 122, 186, 50, 174, 90, -66, -6, -14, -96, -126, -22, -72, 70, 10, -50, -104, -26, -48, 12, -160, -160, -96, 20, 52, 244, -32, 256, 230, -138, -68, 232, -64, 132, -26, 2, 146, 82, 24, -32, -132, -8, 2, 194, 78, -18, 90, 152, -40, -76, -66, -40, 58, -14, -150, -38, -84, 12, -6, 70, -124, -76, -68, -222, -104, 38, -6, 200, 78, 56, 166, 18, 24, 80, -110, -120, -36, -30, -132, 64, 116, -214, 282, 138, 68, 148, -48, 26, -180, 124, -2, 16, 98, -206, -134, 112, -314, -184, 152, 210, 46, 82, 80, 44, 8, -188, 92, -46, -236, -62, 170, 48, 44, -30, 96, 216, -2, -118, -60, -24, 22, 158, 4, 130, 78, 234, -94, 144, 140, 82, 12, -198, 142, -22, 230, -90, 140, 112, 86, -38, -86, 26, -136, -176, -190, 116, -76, 32, -94, 62, 172, 68, 28, -98, 18, 46, 118, 46, 112, 152, -56, 32, -46, 190, 0, 28, 142, -108, 68, -58, 40, -106, 50, 190, 202, -188, 204, -26, 82, -166, -30, 26, 284, 42, -78, 106, 8, -26, -142, -198, -56, 188, 2, 22, 6, -108, 290, -86, 78, 18, -86, -214, 114, 158, 78, -108, -176, -24, 74, 66, 214, 56, 28, 54, 36, -104, 144, 80, 78, 10, 388, 176, -76, -34, -170, -22, 266, -54, 54, -210, 78, 2, 232, 26, -226, 230, 142, 136, 4, 118, -148, 34, 26, -190, 226, -20, -42, -106, 14, 144, -12, -280, 140, 52, -82, 34, -46, -248, 132, -28, 152, 116, -30, 40, 104, -58, 268, 8, -130, 192, -46, 72, 8, -34, -40, -176, 118, 208, -72, 12, -66, 128, 98, 6, 16, 224, -14, -56, -56, -98, -6, 172, -6, -104, -100, -76, 68, 6, -18, -230, 80, 90, 228, -144, 70, 142, 298, -108, 6, -94, 54, 4, -84, -40, -8, -100, -122, -310, -32, 134, -152, 112, 42, -146, -4, -134, -68, 134, 62, -80, -2, 184, 158, 86, -2, 160, 266, 106, -86, 136, 150, -86, -66, -108, 180, 26, -198, 198, -192, 20, 2, 
50, -32, 70, 2, -108, -256, 260, 66, 44, 40, 78, -128, 148, -138, 0, -150, 116, -174, -92, -152, -248, -34, 206, 48, 134, 24, 28, 154, 64, 120, 144, 102, -88, -156, 262, 4, 242, 206, -112, -30, -18, -132, -152, -22, 92, 64, -10, -14, 120, 14, 94, -260, 134, 56, -36, -142, 206, 298, 176, 88, -28, 136, -94, -44, 216, 250, -184, -108, -4, 164, 86, 50, 116, 90, 300, 68, -138, -114, -2, -106, 80, 40, 122, -36, -142, 58, -70, 76, 124, -44, -132, -74, 326, 164, -154, 60, 122, 0, 198, 150, -96, -110, 60, -102, -210, 180, 8, 160, -148, 0, 236, 196, 144, 234, -8, -76, -74, 182, 50, 336, 76, -106, -2, 230, 2, 28, 76, 8, 82, -84, 182, 36, -74, -64, 106, -28, -124, 162, -194, -90, 58, 58, -14, 102, -18, -176, 52, -62, 104, -4, -104, 16, -40, -240, -42, 160, 6, 64, 238, 72, -10, -50, 88, 124, 154, -58, 100, -178, 124, 194, 108, 18, -18, 14, -124, -60, -138, -352, -16, 342, -24, 20, -76, 4, -46, -196, -82, -80, -44, 132, -94, -54, -46, 84, 122, -134, 50, 160, 176, 170, 28, 20, 158, 160, 122, 180, 130, 118, 26, 16, 30, -68, 330, -6, -38, 84, -128, 62, -66, -150, -22, 30, -56, 40, 156, 116, 42, 130, 108, -168, 76, -24, -56, 156, -96, 60, -40, 170, -38, -44, -36, 30, -82, 130, -28, 218, 346, -110, -50, -8, -60, 32, 98, -28, 232, -82, 14, 148, -30, -110, 214, 122, 92, -108, 50, 126, 28, 136, 98, 296, 72, -54, -202, -64, -52, 126, 64, -14, 12, -30, 146, 130, 14, -106, 94, -84, -114, 10, -44, 162, -218, 28, 84, 80, 38, 158, 188, -56, 146, -42, -64, 76, 266, -176, 66, -44, -24, -86, -98, 42, 128, 20, 14, 90, 54, 6, 86, 104, 234, -94, 110, -84, -74, -58, 148, -52, -42, -164, 138, 110, 72, -100, -48, 158, 90, -52, 44, 48, 84, 162, -120, -82, 108, 46, 96, -154, 26, 12, -42, 274, 350, 60, -154, 42, 166, -30, -46, -178, 166, -178, -44, -98, 30, 84, 176, -124, 6, 4, 2, -174, -96, 116, -54, -2, -72, -88, 110, 150, 40, -46, -26, -214, -50, 136, -82, -12, 84, 168, -36, 176, -54, 74, 352, -302, -74, 32, -46, 120, -78, -32, 70, -218, 16, 106, 264, -20, 130, 42, -198, -142, -160, 14, 32, -48, -6, -216, 44, -14, -348, 190, 42, 88, 2, 66, 152, -66, -24, 96, 60, 168, -38, -132, 134, -126, 44, 92, 166, -34, 74, 10, -112, 184, -16, 8, 66, 32, -64, -2, 198, 64, -52, -142, 156, -124, -118, -226, 78, 120, -108, 90, -14, 60, 162, -176, -96, -12, 66, -58, -6, 260, -70, -90, 100, 82, 186, 116, 100, 74, 26, -112, 28, -46, -22, 94, -204, -164, 60, 200, 60, -240, 202, 238, 126, 4, 2, 148, 172, 124, 18, 14, 
-104, -110, 22, 158, 116, 114, 94, -94, -68, 34, 28, 106, -86, 74, -56, 172, 194, 140, 58, 12, 144, -66, -166, 94, -116, -94, -82, -66, -48, 92, 124, -168, 260, 22, -210, -126, -30, -226, -112, 156, 164, 118, -72, 14, -112, 118, 140, 154, 18, 14, 58, 188, -196, 0, -20, 108, -134, -190, -64, -58, -10, -96, 122, 34, -72, -296, 90, 84, 6, -230, -150, -150, 186, -66, -182, 84, 194, 206, -10, 142, -108, 90, 158, -54, 22, 338, -58, -80, -76, 36, 44, 112, -198, -86, 174, 108, -220, -38, -142, -50, 176, 132, -26, -74, 156, 72, 36, 24, 442, -146, 44, -160, -20, -80, 58, 22, -10, -234, -6, -178, 82, -124, -74, -118, 160, 82, -18, 148, -86, -58, -210, 274, -28, -56, -36, -2, -82, -158, 102, 88, 84, -216, -68, -180, -4, 192, 88, 224, -116, 64, 182, 24, 270, 196, 96, -268, 104, -124, -350, 48, -14, 92, 68, -180, -120, 70, 134, 80, -84, -8, -150, 6, -82, -138, 178, 248, 102, 214, 52, -194, 84, -52, -10, 230, 200, 130, 46, 26, 30, 80, 10, -124, 270, -78, -48, 232, -54, -52, 80, -98, -236, -10, -172, -132, -114, -102, 66, -176, 32, 38, 88, -122, -166, 70, 236, 60, 102, -126, 42, 88, 32, 6, 6, -34, -16, -110, 104, -60, -20, 236, -12, 24, 182, -42, -46, 72, 26, -274, 98, 82, 38, 30, -156, -60, 86, -198, -92, 142, 72, 68, 56, -122, -12, 4, -136, -74, 20, -100, -72, 50, -52, -182, -108, -28, -14, -136, -212, 86, -98, -114, 50, -6, 122, 148, 82, -208, -92, -64, 132, 16, -8, -108, 48, 94, -60, 182, -10, 40, 46, 0, 144, 50, -70, 72, -120, -236, -4, 108, -8, 198, -94, 32, -216, 126, -54, 126, 110, -44, 76, 44, -176, 158, 110, 2, 94, 34, -112, -142, -150, 80, 16, 96, 68, 124, -50, -84, 6, 244, -54, -86, -56, 38, 82, -126, 14, -16, -120, 32, -342, 6, 184, 384, -92, -30, -106, 184, 28, 8, 94, -198, -232, 138, 174, 62, -2, 170, -56, 156, -6, 96, -106, 60, 154, 164, -246, -36, -196, 104, 66, -2, 206, -188, 40, 12, 110, 18, 84, 182, -88, 138, 96, 130, 130, 62, 124, 60, 106, 54, 30, -38, 58, -42, -268, 414, 130, -14, -128, 84, -116, -18, 2, 208, 142, -120, -110, -104, -94, -106, 38, 112, 102, 14, 84, 100, -10, 138, 206, 36, 106, 18, -80, -72, 44, -94, 2, 112, 60, -64, -36, -182, 44, -90, 6, -34, 222, -176, -218, 180, -120, 44, 0, -280, 20, -244, -56, -28, 350, 30, 24, -134, 192, 32, 0, 86, 10, 214, -14, -198, 134, -60, 126, -120, -84, 326, 74, -92, -26, 90, 124, -70, 18, 124, 88, -38, -160, 140, -246, -118, 86, 134, -12, -60, -92, -78, 86, 64, -172, 86, -74, 252, -208, -198, 2, 64, 152, -6, 70, -60, 22, 244, 
128, -16, 60, -142, -22, -120, 4, 2, 76, -178, 2, 44, -44, -194, -168, -212, 18, -80, -196, 50, -48, 152, 68, 166, 148, 110, -8, 108, 26, 68, -112, 264, -194, -72, 236, 126, 36, 350, 124, -74, -196, 20, -12, 58, 28, -146, -46, -188, -80, 108, 118, -244, 124, 118, -84, -30, 66, 200, 158, 86, -136, 214, -90, 76, 0, 240, -58, -78, 98, 124, 188, -106, 108, -84, 308, -88, -48, -62, 26, 42, 136, -76, -88, -36, 192, -124, 180, 168, 172, 56, -14, -116, 292, 152, 48, 12, 338, 180, 60, -4, 120, 106, -110, 192, 88, 32, -32, 204, -132, 112, -112, 124, 134, -64, 10, 88, 80, 260, 26, 106, -268, 186, -238, 16, -128, 78, 62, 174, 10, 26, 42, -240, -160, -134, -4, 52, 208, 178, -16, -124, 182, 234, 222, 142, 30, 80, -66, -56, -56, -90, 2, 4, -144, -138, -174, 28, -36, 26, 334, 48, 24, 50, -200, 166, 232, -122, 116, -62, -94, 228, 54, -120, 8, 10, 0, -34, 46, -118, 6, 338, -20, -114, -140, -242, -130, -194, 100, 128, -64, -166, 178, 48, -206, 136, -72, -18, 22, 44, -76, 182, 220, 94, -2, 376, 212, 142, -126, 124, -94, -164, 30, 134, 94, -102, -110, -26, 50, 88, -18, -18, 106, -92, 66, 34, 40, 48, -134, 216, -38, -148, 154, 104, -138, 296, -124, 8, -56, 264, -228, -236, 124, 80, 72, 10, -30, 154, 22, -264, -98, -16, -164, 138, -36, -4, 250, 124, -116, 166, -126, -2, 68, 288, 168, 36, -80, -112, 190, 4, -58, -26, -230, 72, -202, -296, 178, 138, 206, -4, 62, 56, 104, 264, 12, -94, 114, 44, 20, -42, -50, 196, -48, -30, 94, 44, -34, 294, -44, 128, -116, -318, 56, 56, -16, 18, -84, -194, -10, -42, -80, -160, -24, -190, 26, 114, -8, 64, 10, 226, 154, -18, -94, -68, -210, -166, 148, 214, -118, -18, 16, -72, 140, -82, -150, 4, 230, 84, -62, -14, 282, -110, -80, -8, -122, 164, 158, 46, -16, -6, -134, 114, 114, -62, 42, -86, 98, -132, -78, -286, 52, -58, 94, -78, -2, 68, 284, 126, 214, 86, -76, -230, -206, 82, 36, -32, -258, 6, 90, -102, 40, -30, -120, 40, -166, 16, -44, -90, 146, -84, 66, 30, 10, -6, 184, -224, -94, 240, 138, -10, 138, 16, 124, -92, -310, 4, 146, 146, 236, 62, -104, 106, -10, -52, -194, -84, 82, 54, 8, 56, -42, 44, 90, 200, -110, 166, -12, -78, 32, 14, 4, 68, 110, 54, -74, 282, -76, 170, 376, -52, 188, 124, 94, 212, -114, 230, -170, 66, -150, -142, 84, 88, -52, -178, 94, -138, 90, -16, 28, 320, 60, 116, -42, 30, 56, -86, -102, -10, 4, -6, -42, 112, -156, 32, -104, 98, 188, 64, 124, 152, 112, -32, -40, 44, 246, 70, -14, -138, 64, -72, 322, -310, 60, 194, 106, 20, -82, 94, -200, -98, -22, -62, 
-122, -156, 214, 90, 14, 176, -52, 244, 26, 370, 230, -260, 52, 292, 248, 34, 60, 240, 222, 48, 6, -100, -176, -90, -160, 6, -54, -144, -2, 70, 238, -16, 200, 76, -84, 32, -24, -232, 10, 20, 136, -38, 42, -96, -70, -18, 178, 54, 56, -14, 36, 176, -70, -138, 218, -32, -18, -54, 98, -8, 194, -200, 40, 30, 148, 32, 146, 74, -86, -132, -120, 46, -98, 166, -26, 8, 76, 228, 28, 76, -190, -28, 212, 28, -62, 138, -194, -52, 4, -34, -120, 150, -306, -100, 34, 70, -196, 138, -96, -40, 66, -26, 92, 54, -6, 8, -14, 2, 120, -152, 46, -58, -48, 88, -70, 136, -6, -124, 44, -44, 168, -146, 204, -110, 116, -58, 6, 24, -142, -100, -14, 238, 100, 86, -116, -8, -92, 52, 56, 44, -32, -94, 0, -114, -116, -162, -48, -118, 276, 88, 90, 152, 8, 60, 88, 106, 6, -72, -100, -26, -184, -98, 156, 100, -232, 82, -120, -2, -42, -196, -78, 40, 112, -108, -94, -142, -26, 194, 90, -8, 174, 48, 30, -14, 74, 138, 124, 52, 122, 286, -42, 148, 172, -28, -54, 46, 30, -54, -104, -144, -210, 30, -90, -226, -60, -26, 52, -90, -32, 230, 134, 26, -8, 68, 164, 220, -92, 46, 64, 178, -52, 102, 72, 136, 40, -116, 82, -202, -24, 372, -28, 70, 182, 68, 40, 60, 106, -254, 232, 150, -66, -58, -58, -80, 62, -22, 12, 68, 120, 66, 38, -72, -180, -96, -142, 80, -78, 0, 274, 124, -14, -136, -116, -148, 66, 170, -134, 68, -54, -36, 176, -198, 166, 218, -84, -156, -68, 78, -24, -116, 180, -276, -124, 4, -106, -86, -72, 0, -142, -166, 192, 144, -18, 92, 86, -190, 36, 58, 158, 310, -22, -118, 94, 76, -104, 124, -12, 186, 0, 168, -30, 390, -56, 94, 14, -184, 10, -40, -42, 72, -4, -54, 74, 140, -186, -92, -8, 26, 8, 160, -254, 52, 96, 46, -148, 300, -2, 8, -278, 78, 210, 88, -28, 56, -108, -56, 82, -30, 94, -154, 20, 40, 68, 100, 134, 178, 56, 278, 0, 98, 158, 52, 24, 114, -262, -42, -264, 22, 108, 434, 132, -72, 76, -54, 252, -58, 80, 214, 48, -4, 220, 34, 106, -64, 54, -34, -128, -14, -112, 18, 68, -10, -216, 114, 170, -322, -78, 22, -54, 170, -48, -46, 286, 40, -190, -32, -38, 28, -38, -180, -72, 40, 6, 74, -54, -10, 0, 138, 62, -44, -20, -108, 200, -114, -40, 190, 196, -22, -86, 226, -136, -212, -52, -182, -178, 38, -264, 18, -142, 32, -202, -172, 108, 74, 106, 2, 186, 82, -72, 6, 58, 256, -26, 64, -6, 68, 36, -192, -104, -24, 96, -130, 76, 0, 170, -14, -76, 24, 214, 14, 174, 134, -58, 22, -92, -50, -42, 150, -116, -34, -16, 44, 6, 188, 12, 8, 142, -20, -56, 216, -254, -160, -152, 174, 124, 20, 50, 122, 146, -134, 
218, 320, -98, 26, -88, 136, -62, -196, 0, -196, -158, 502, 88, -100, -32, -16, -66, -228, -42, -126, 172, 132, 138, 82, 66, -48, 136, 112, -152, 192, 64, 270, -274, 86, 72, 84, 64, 246, 134, 134, -102, -86, 100, 144, 68, 46, -262, 160, 172, 220, 166, -154, 10, 84, -262, 54, 22, 220, 52, 176, -166, 338, -104, 22, 26, -16, -184, 46, 96, 150, 78, -36, 64, -42, 22, -96, 46, -152, 96, -72, 96, -90, -92, -54, 236, -34, 272, 204, 64, 172, 126, -12, 266, 76, 54, 78, 264, -134, 266, -26, 142, 170, 22, -6, -56, -124, 30, -54, -134, 168, 8, 136, -82, -134, 88, -10, 108, 78, 38, 48, 60, 44, -94, 250, 66, 136, 72, -48, 162, 132, 62, -164, 22, -32, 238, 20, 0, 38, 30, 28, -70, 122, 194, 132, 94, 178, 150, 122, -64, 52, -64, -272, 40, -120, -90, -162, -78, -70, 114, 14, 98, 14, -258, -28, 244, -24, 66, 32, -142, 136, 42, -22, -78, 92, 96, 90, -58, -6, -36, -24, -72, 88, 78, 200, 100, -12, -54, -14, 48, -362, 170, -188, -216, -116, 50, -48, -18, 40, 134, 44, 190, 136, 100, 282, -6, 230, -32, 118, 232, -192, -88, -76, 36, 0, -92, -154, 20, 12, -246, 16, 10, 26, -126, -30, 46, 38, 92, 206, 36, -336, 210, -44, -94, 52, 66, -44, -230, 316, -260, -270, 122, 270, 56, 212, -90, -86, -88, -164, -24, -46, -42, 76, 8, 112, 86, -246, 164, -48, -110, -202, -26, 92, 268, 128, -90, -202, 72, 78, 180, 18, -82, 196, -22, -264, 144, 112, 96, 76, 188, -16, -118, 68, 46, -12, -50, 148, 40, 62, 370, 158, 132, 2, -70, 98, -50, 208, -134, -84, -60, -338, 76, 116, -24, 164, 184, -218, 50, -120, 78, -158, 138, -286, 34, -12, 84, 302, -62, -56, 66, 8, -20, 98, 46, -10, 202, 94, 54, 8, 98, 150, 310, 194, 10, 2, 102, -112, 152, -118, 20, 60, -26, 64, 52, 122, -92, 118, 106, -26, 54, 124, -30, 122, -46, -12, -62, -104, -28, -128, 168, -102, -132, -64, 42, 138, 236, 18, 102, 80, -228, -170, -74, 70, 64, 108, -124, 144, -34, -286, 118, 66, -132, 18, -50, 148, 144, 36, 182, 54, 70, 62, -14, -146, 242, -26, -172, 336, -130, 6, 76, -26, 116, 24, -80, -100, 274, -96, 94, 74, -52, 290, -146, -56, -110, -40, 224, 104, 68, 38, -212, -192, 52, 6, -90, 288, 72, -152, 22, 136, 76, -224, 112, 126, 2, 236, 14, 4, 206, 62, 82, -120, 150, 80, 110, -60, 20, 192, 64, -134, 108, -14, 68, -132, 118, 32, -42, 104, -48, 152, 24, 288, 76, 282, 80, -10, -170, -4, 318, 6, -24, 204, -36, -42, -96, -224, 28, 88, 24, -32, 4, 192, 150, -76, -2, -118, 42, 52, 26, 86, 78, -190, 232, 78, 48, 40, -258, 28, -82, 78, 16, 110, 
-56, 30, -52, 36, 16, -36, 38, 200, 10, 346, 32, -294, 6, -8, -70, 180, 68, 302, 100, 90, -218, -74, 200, 218, 40, 120, 66, -44, 280, -236, -120, -192, 156, -102, 182, -50, 44, 6, -300, -152, 104, 230, -188, -58, -2, -142, -32, 74, -154, 212, 128, 46, 140, -198, 124, -28, 34, -98, 90, -98, 88, -240, -24, -82, -70, 110, 304, -226, 68, -184, 76, 80, 62, 78, 72, 104, 8, 152, -112, 110, -28, 108, 280, 230, -350, 102, -238, -186, -26, 108, -68, 20, -242, 56, 14, -24, 10, 94, -384, -98, 4, -112, 124, -40, 194, 156, -16, 56, -24, 50, 160, 114, 86, 42, -70, 78, 58, -112, 16, 8, 14, -172, 160, -240, 30, 178, -2, 122, 70, 12, -108, 2, -22, -110, -162, 98, -2, -30, 2, -86, 50, -94, -166, -110, -92, 0, -192, -184, -14, 0, 252, 282, -106, 12, 102, -74, 22, -74, -116, -2, -34, 122, 108, -118, -246, -36, -108, -154, 286, -136, 132, -80, 156, 160, -54, 44, 170, 18, -74, -22, 160, -14, -352, -24, -174, 48, 38, -86, 82, 166, -16, 256, 132, 38, 162, -94, 82, -50, 220, 54, -78, -16, -6, -158, -60, -62, 50, -50, -86, 192, -46, 162, 62, -26, 210, 98, 178, 20, 194, 102, -40, -36, 150, 216, 60, 70, 86, -44, 4, 210, -260, 90, 94, -54, -8, -60, 122, -208, 68, 240, -66, -142, 14, -52, 214, 198, 114, -20, 22, -16, 222, 32, 52, -94, -106, 90, 104, 20, 78, 258, -18, 70, -60, -174, 4, 50, 70, -238, -12, -100, 180, -86, 62, 102, -24, -52, -76, 38, -146, 90, 68, 66, 22, -30, -10, -100, 302, -20, -96, -268, -204, 106, 292, -194, 106, -10, 342, 44, -54, 252, 56, -46, 86, 98, 88, 194, -100, 138, 20, 204, 42, 142, 152, 92, -20, -282, 236, 182, 88, 58, 142, 0, 108, 324, -176, 64, 80, 10, -64, 80, -432, -6, -192, 120, -278, 262, -6, 330, -16, -64, -122, 16, 4, 40, 62, -66, 48, -6, -76, 50, -72, 48, 176, -10, 58, 260, 26, 108, -108, 16, 196, 60, -24, 162, 62, 112, 118, -10, 146, 224, 48, 34, 124, -16, 232, -168, 52, 244, 90, -2, 74, 114, 26, -182, -24, -150, -92, 286, 60, 12, -8, -34, -24, -40, 120, -382, 72, 56, -82, 312, 74, 30, 196, -90, -162, 194, 106, -104, 216, -164, 264, 90, 182, -50, 16, -16, -46, 26, 162, 50, 30, 206, 56, -102, 28, 46, -2, 100, 40, 262, 52, 190, 96, -28, 80, 90, -138, -36, 14, 84, 38, -92, -78, 92, 142, 4, -162, -36, 134, -120, 0, 50, -36, -56, 80, 16, -14, -10, -114, -128, 14, -282, -30, -8, 72, -106, -286, 108, 154, -52, 32, 204, -86, 112, 54, -114, 34, 20, -16, -128, -52, 98, 76, 170, -96, 152, -108, 24, 20, 46, -264, -124, 104, -152, 72, 28, -166, 140, -86, 166, 
-34, 126, 10, 0, 78, 128, -22, 6, -266, -280, -120, 54, 108, 186, 76, -144, -44, -270, -162, -56, 216, 112, -260, -138, 106, -108, 134, -100, -188, 84, 126, 236, 38, 2, -204, 164, -98, -10, 292, 102, -142, -128, 76, 22, 260, 218, 56, -38, 48, -182, -144, 236, 74, 156, 18, 90, -96, 80, 60, 66, 46, 366, 126, 212, 272, -12, -234, -14, 44, 80, 0, 38, -20, -52, -22, 6, 12, -134, 24, -220, 90, -28, -138, -130, 228, -2, -50, 174, 48, -246, 72, 42, 154, 64, 108, -64, 64, 92, 214, 80, -30, 92, 24, 84, -190, -122, 36, -38, 10, 16, -56, -164, -254, 38, -18, -18, 26, 194, 10, -162, -146, 190, -96, 254, -50, 58, 82, -76, 62, -166, 188, -58, 94, 188, 312, -144, 48, -76, 2, 330, -110, 62, 44, 24, 14, 180, 300, 40, 50, 98, -68, -34, 28, -178, 168, 188, -34, 40, 206, 66, -116, -106, -92, 110, 278, 80, 88, 128, -248, 82, -168, 82, -58, 8, 190, -80, -116, 46, 236, -56, -214, -8, 118, 178, 188, 26, -34, 94, 100, 40, 46, -302, -256, -40, 42, -56, 142, 190, -152, -76, -90, 22, -66, 178, -62, 26, -132, -22, 180, -38, 50, -50, -74, 2, -232, -118, 42, 2, -40, -150, 200, 260, -86, -14, -128, 88, -88, -132, 26, 140, 160, 82, 142, 152, 110, -158, -216, 350, -54, -208, 194, 104, 2, 174, -104, -326, -104, 74, 42, -16, -212, 156, 162, -102, 274, 92, -106, 152, -72, -62, -90, 58, 94, 134, 44, 78, 22, 326, 20, 138, -194, 134, -34, -254, -10, 40, 92, -104, -2, 10, 104, 96, 70, -36, 112, 164, -104, 36, 294, 244, 172, 60, -42, 160, -202, 156, -166, -144, 114, -124, -302, 56, -172, 54, -144, -30, 52, 102, 84, -48, -36, -130, -250, -72, -58, 34, 110, -202, -78, -230, -78, 50, 114, -18, 18, -74, -130, 6, -116, 146, 364, -182, 178, -20, 160, -36, -116, -308, -114, 22, 94, 76, 68, 28, -120, 310, -74, 122, 52, 162, 190, -84, -62, -22, -152, -62, 120, -90, 248, 128, -94, 0, -4, -140, -146, -170, -92, -80, -52, -92, -216, 122, 42, -18, -174, -72, -106, -134, -112, 200, 56, -112, 64, 226, 58, 178, 178, -106, -18, 116, 74, 72, 48, 106, -86, 340, -92, -146, -32, -84, 136, -84, 36, 152, 22, -168, 152, -36, -226, 30, -142, -116, 34, 114, -86, -16, 42, 54, -126, 68, 94, -294, 30, 174, -216, 86, 36, -68, 86, -264, 44, -116, -4, 34, 10, 14, 200, 84, 54, -24, -74, -80, 96, 148, 226, 146, 142, 24, -130, 356, 68, 86, -16, -98, -62, 186, 16, 2, 44, 198, 18, 406, -28, 8, 14, 140, 256, 38, 30, 38, 8, -46, 208, -232, -110, 48, 64, -76, -68, 150, 280, -88, -54, -126, -42, -80, 150, 110, -44, -76, 170, 264, -6, 142, 32, 42, 198, -6, 144, 30, 
102, -4, 186, 14, 14, -34, 80, 6, 304, 336, 36, 74, -108, -278, -60, -50, 72, 214, 276, 166, -222, 40, 246, 250, -110, 132, 108, -50, 254, -56, -46, -156, 30, 96, 186, 148, 96, 90, -166, -134, -40, 28, -330, 124, -124, 0, -150, 100, 12, 220, 26, 34, -42, -14, -8, -224, 168, 6, -8, -58, 22, -86, 114, -130, -230, 52, 156, 24, 86, -92, 26, 122, -54, 178, 28, -70, -44, 4, -50, 286, -38, -146, 222, -96, -24, -86, 142, -282, -48, -30, -100, -34, -32, -240, 54, 102, -202, -26, 48, -76, 60, -52, -88, 6, 188, 18, 14, -44, 102, -50, -40, 166, 180, -36, -122, 148, 28, 22, 122, 158, 166, 62, 184, -162, 96, -94, 76, 96, 134, 102, -28, 90, 10, 18, -266, 178, -92, -96, 108, -410, 10, 92, 180, -84, -94, -38, -278, -68, 34, -90, -20, -98, -26, 16, 32, -16, 358, -28, -216, -140, 28, -40, -16, -244, -202, 96, 10, -22, 278, -72, 48, -114, -52, -106, -174, -24, 68, -124, -164, -64, 66, 2, -68, -68, -8, -4, -94, -192, -42, -92, 222, 262, 374, -42, 64, -4, 12, -138, 94, 180, 192, 160, 58, -46, -60, -104, 78, 30, -182, 34, 78, 228, 40, 8, 248, 74, -34, 52, 106, 172, -44, -152, 124, -114, 168, -128, 40, 146, -144, -86, -136, -154, -76, 58, 90, 30, 76, -98, 138, 412, -104, -70, 60, -78, 82, 180, 80, -150, -48, -44, 208, -132, -130, 84, -124, -170, 82, -142, 92, 260, -58, 6, -64, -32, -46, 22, 204, -118, 124, -50, 254, -62, 36, 286, -170, 172, -148, 40, -106, -8, 80, -98, -60, -16, -176, -50, 126, -38, -200, -230, -298, -40, 272, -254, 94, 6, 152, 20, -16, 100, 326, -68, 162, 122, -4, 64, -80, 96, -172, 52, 120, 154, 306, 66, 142, -84, -172, 188, 92, 358, -106, -26, -38, -60, -112, 46, 18, 86, 236, 94, -168, 234, -140, 82, 96, 48, 112, 58, 120, 58, 68, -86, -128, 266, 112, -176, 80, -94, 158, -48, -246, 104, -112, 72, 48, -6, -148, 42, 0, 104, 54, -34, 222, -62, 88, -12, -28, -18, 98, 96, 194, -222, 38, -58, 102, -212, 54, 102, -56, 118, -128, 44, -116, -200, -78, -114, -86, 52, 28, -56, -100, 66, -44, -24, 138, -180, 218, 192, 8, 30, -96, 96, -60, 6, -60, 106, -74, 86, 162, -4, 158, -106, -128, -118, 234, 102, -56, 102, 246, 82, -54, 254, 28, -132, 274, -118, 14, 168, -32, 282, 158, 32, 260, 170, -90, 42, -84, -76, -46, -60, 130, 112, -222, -14, -132, -128, -100, -80, 160, -236, 164, -106, 142, 30, 178, -92, -24, 10, -80, -44, 16, -252, 144, 114, 134, -2, -108, -100, 68, -54, 84, 6, -38, 332, -40, 156, -92, 210, 200, -116, -46, 40, -86, -26, 142, 132, -128, -126, 38, 30, -96, -12, 96, 80, 48, -122, -60, 10, 102, -196, 
-56, 114, 52, 194, -112, 80, -68, 46, 84, -132, -8, -84, 252, 110, 152, 160, 90, -76, -184, -52, 118, 42, -250, -166, 60, -102, 58, -58, -12, 8, -26, 158, -32, -80, -68, -84, -74, 76, 168, 94, 236, -100, 208, -38, -236, -36, 164, 14, 196, -118, 48, -104, 176, 126, 34, 302, -136, 98, -74, 154, 212, -22, -114, 166, 218, -32, -88, 156, 118, -22, 6, 92, 40, 120, -52, 352, 94, -6, 26, -134, 154, 60, -182, 120, -100, 16, 104, 250, 258, 120, -66, 180, 46, 232, 14, -18, 128, 32, 10, 76, -36, 42, -62, 72, -56, -192, -114, -40, -84, 268, -80, 22, 28, 176, -14, -196, -12, 164, -116, -56, -298, -64, -148, 246, -266, 70, 58, -108, -56, -6, 322, -96, 20, -144, 172, -144, 58, 192, 14, 296, -136, 30, -128, 94, 40, 86, 106, 214, 30, 26, -20, 108, 210, -10, 38, 44, -96, 10, 222, 50, -66, -8, 188, 32, 158, 156, 10, -52, -134, 246, 8, 86, 142, 204, -4, 254, -86, -90, 184, 96, -172, 58, -6, 54, 146, -64, 276, 216, 0, 168, -50, -288, -252, -44, -18, 64, -64, 178, 26, -194, -94, -142, -22, -80, 176, 176, 20, -80, 184, -22, -16, -178, -118, 6, -82, 114, -124, 144, -116, -28, 66, 116, -144, 160, -192, 74, -78, 114, 200, 66, 2, 40, 174, 34, 22, 26, -122, 198, 88, -194, -22, 32, 192, 94, -100, -66, -38, 48, 184, -108, -116, 230, 120, 44, 274, -74, -216, 4, -106, -58, 96, 86, 208, 120, 158, -154, -84, 6, 112, 18, -128, -60, 276, -168, 148, -50, 94, 92, 284, -18, 132, 62, 202, -92, 92, 70, -32, -80, 192, 192, 124, 72, -160, 84, -14, -26, -84, 258, -98, 170, -138, 204, 52, -188, -6, -46, 24, -64, 180, -58, 88, -8, -202, 8, -186, -8, 170, -64, 106, -258, 118, -12, 94, 72, -46, 30, -72, -136, -80, 84, 118, 20, 6, 40, 206, -8, -128, 6, -12, 138, 80, 114, 140, -12, -90, 358, -120, 32, -190, 42, 440, 28, -12, 86, 10, 100, 308, -60, -14, -52, 124, 122, -280, 146, -40, 78, -32, -18, 2, -86, -240, 208, -62, -26, -164, 252, -134, -54, 144, -60, 34, -234, 160, -114, 230, 110, 104, 142, 66, 2, 284, -128, 94, 42, -54, 286, -106, -142, 102, 70, 44, -60, -80, -22, 114, 58, 44, -18, -36, -92, -22, 190, -114, -6, 58, 36, 206, -190, -112, 18, 172, -218, -212, 132, -170, 206, 52, -134, -82, -262, -178, 126, -204, -10, -66, -98, 218, 18, 152, 232, 56, -62, 60, -26, 84, 152, -104, 138, -110, 224, -70, 200, -34, -52, -166, 222, 124, -100, 76, 102, 4, 188, 52, 58, -264, -88, -86, 102, -50, -14, 28, -112, 6, -314, 22, -34, 138, -100, -342, 50, 244, 20, 238, 72, 28, -140, 50, 200, -42, 20, -82, -2, 46, -2, 26, 130, 74, -124, -22, 180, 
-26, -82, 60, -88, 62, -6, 50, -84, 20, -2, -26, -10, -218, 140, -148, -180, 38, 152, 140, 62, 158, 144, 106, 114, -38, 192, 76, 86, 4, 232, -104, -24, -24, 178, 224, 112, 246, -84, -246, 8, -148, 170, -78, 266, 128, 106, 24, -76, -212, 76, 78, 226, 178, -38, 184, -96, -14, 40, -114, -134, -200, -10, 188, -70, 86, 40, -96, -210, 82, -118, 8, 70, 48, -92, 206, -342, -70, -12, 100, 12, 250, 56, 84, -116, 204, 60, 4, -102, -154, 72, 58, -172, 100, -68, 68, 36, -164, 136, -36, 116, 380, 366, -38, -28, 124, 18, 140, 40, 22, -130, 170, 40, -14, -28, 270, 238, 58, -74, -34, 132, 326, 42, 178, 104, 140, -82, -2, 178, 40, -108, -424, 26, -68, 12, -142, 56, 46, -222, -10, -278, 72, -22, 58, -140, 54, -20, -60, -16, 18, 50, 0, 50, -164, 64, -124, 78, 46, 22, -12, 108, -6, 130, -242, -104, -128, -144, 68, 178, 178, -82, 30, -160, 4, 64, 36, -282, 72, 116, 84, -166, 194, 2, 36, 90, -166, 50, -164, 14, -54, -48, -74, 186, 190, 128, 132, 28, 36, -260, -8, 102, 228, 86, 10, 84, 50, -172, -66, 114, 76, -40, 62, 364, -60, -78, -32, -42, 154, -286, 190, 130, -212, -148, 192, -262, 168, -26, 218, 174, -72, -32, 32, 178, -42, 156, 54, 46, 320, -148, -194, 172, -136, 220, -230, 158, 192, -78, 8, -170, -12, 170, -8, 22, 34, 132, -46, 4, 148, -92, 288, 22, 126, 132, -44, 68, -108, 48, 42, 142, -26, 28, 242, 40, -318, 236, -32, -70, -162, -82, -152, -140, -148, -136, -166, 104, -232, -4, 102, -84, 18, -102, -198, -62, 148, -36, 234, -48, 42, -174, 122, -156, 88, -224, -20, 102, 48, 46, -234, -84, -158, -54, -152, -12, 200, -44, 86, 76, -234, 50, 188, 182, 100, -24, -70, -2, 192, -82, -42, -26, 86, -108, -188, -108, -10, -150, 138, 0, -22, -16, 124, 22, 120, -14, -120, 78, 128, -160, -52, -38, 312, -118, -282, -172, 62, 22, 2, -160, -106, 98, -42, 92, -120, -218, 142, -182, -34, -88, 344, 188, 92, 192, 342, -152, 20, 32, 100, -170, 38, 202, -4, -60, -56, 230, -76, 62, -218, 172, 10, 42, -124, 62, -144, 96, 140, 102, 56, -322, 190, 126, 276, 106, 36, -22, 144, 106, -76, 14, 44, -102, -56, 76, -14, 8, 186, -50, -12, 6, -230, 34, 136, 80, -264, 258, 84, -120, 212, 68, -40, -86, -18, 64, -128, 94, 88, 250, 106, 246, -114, 4, -170, -214, -104, -46, -26, -36, 240, -6, 98, -102, 88, -288, 110, -212, 186, 24, -136, -276, -62, 18, -162, -20, 22, -122, 120, -14, 192, 110, 126, -142, -14, -126, -44, -192, 66, 206, -44, 24, -72, -2, 86, -10, -128, -166, 12, 48, -86, 106, 22, -78, 230, 68, 234, 98, -56, 60, 4, 8, 98, 24, 112, -78, 
86, 34, 2, 190, 0, -160, 104, 50, 80, -36, -178, 74, 154, 138, 66, 52, -52, -90, -222, -40, -38, -66, -192, -234, -292, -48, 52, -168, -4, -46, 54, 94, -36, -130, 82, 70, -4, 166, 128, -244, 88, -8, -18, -324, -26, -52, -68, -106, 212, 36, 140, -38, -122, -110, -142, -14, -142, 68, 248, 194, 170, 98, -24, 38, -60, -10, 296, 108, -26, 166, 148, 50, 74, 84, 2, 424, 62, -72, -8, 58, -68, -82, -152, 132, -180, 30, 124, -22, 236, -10, -8, 20, 6, 140, -14, -76, 204, 48, 36, -76, -82, -84, -94, 170, -52, -164, -72, -40, 156, 94, -144, 42, 48, 64, -120, -126, -82, 286, 108, -408, -290, -134, -150, -180, -176, 72, -86, -30, 82, 182, 326, 80, 50, 98, 44, -86, -18, 208, 132, 62, 34, -38, 2, -20, -4, 108, 138, 40, -90, -78, 34, 28, 234, -166, 154, 20, 94, -88, 128, 10, -76, -154, 322, 16, 62, 150, -32, -106, -36, 92, -60, 210, -188, 92, 250, 106, 16, -212, 28, -72, -208, 228, 66, -188, 142, 78, 20, 20, 144, 32, 26, -20, 74, -116, -152, -30, -166, 314, 20, 34, -122, -46, 122, -90, 68, 98, 112, -144, -14, 118, 26, -126, 18, 8, -6, 102, -82, 188, -166, 36, 76, 20, -264, 308, 188, 60, -144, -52, -4, 56, -54, -96, -72, 56, -134, 18, -60, 196, 224, -66, 154, -220, 58, -158, -222, 150, 18, 180, 64, -76, 140, 130, 36, 96, 4, 26, -66, 8, -66, -142, 40, -270, 102, 72, 72, -26, -56, -234, 252, 90, -22, -106, 228, -170, 58, 208, 148, 146, 214, 26, 2, -50, 170, 56, 174, 34, -122, 106, -42, 250, 368, 230, 22, 166, -206, -24, 10, 136, -264, 146, 122, 64, -122, 96, -8, -34, 226, 136, 86, -170, 82, -120, -168, 158, -82, 2, 190, 30, 98, -28, 24, -42, 46, 124, -88, 188, 142, 0, -94, 166, 102, 48, -32, 158, 72, 32, 90, 92, -56, 44, -256, 206, 222, -206, 80, 76, 104, -130, -254, -58, 432, -16, 26, -98, 70, 28, 140, 12, 48, -74, 66, 290, -124, 124, -56, 18, -142, -142, -72, -108, -240, 226, 34, 44, -64, -58, -50, -66, 54, -64, 196, -236, 120, 80, 276, -128, -22, -92, 276, -16, 104, 80, 16, -84, 30, 192, -142, -10, -102, 22, -146, 28, 82, -30, 84, -4, 138, 10, -60, 152, 194, 14, -112, 188, 46, 134, 84, -62, -106, -120, 140, -18, -30, 16, -4, 22, -48, 76, -62, -68, 186, -12, -52, -254, -110, 40, 24, 320, 144, 250, 50, 134, 14, 202, -76, 2, -12, 124, 156, 590, -62, 118, -168, -24, 116, 154, -146, 68, -36, 32, 146, 220, -108, 240, 8, -238, 60, -28, -98, 216, 40, 212, -60, -96, 130, 228, 96, -50, -52, 60, 54, 16, -16, 78, -42, -40, -158, 90, -152, -26, -130, -196, 34, 10, 108, 86, 74, -96, -282, -74, 
108, -30, 364, -16, 94, 142, -94, 10, -136, 78, 280, -26, 270, 106, 66, -182, -46, 80, 156, -14, 94, -28, 250, 176, 176, 18, -170, 110, 78, 112, -66, -212, -4, 100, 22, -58, 18, -180, 134, 132, 12, 22, 188, 160, 146, 18, 76, -74, -30, 26, 8, 250, 54, 88, 60, 82, 62, 76, 36, -36, 8, 34, 50, 74, 62, -160, -114, -106, -10, 106, -68, -154, 102, 204, -88, -350, -58, -26, 112, -78, 94, -46, 158, -44, 160, -36, 2, 28, -44, 148, 220, 96, -62, -86, -46, -144, -148, -58, -20, -118, 56, 210, 6, -126, -26, 38, 150, 102, -158, -8, 138, 52, -268, 120, 186, -6, 124, -180, -280, 484, 204, 110, 184, -2, 56, -120, -118, -122, 130, -90, -86, 90, -78, -86, -8, 122, 64, -230, -102, 84, 154, 178, -8, 20, -28, 184, -72, 204, 128, 228, -124, -164, -120, 206, 94, 28, 36, 132, -194, -64, 258, 124, -176, -18, -4, -110, 168, 204, -100, 34, 18, -38, 124, -28, 92, -114, 174, 178, -76, -70, 38, -32, 134, 176, -94, -60, -148, 4, -160, 22, -42, 70, -86, 130, 132, -14, 170, -136, 66, -212, 174, 70, -62, 190, -12, 40, -200, 104, 56, 36, 132, 250, 130, -54, 48, 54, 44, -40, 226, -88, -42, -38, 212, -160, -84, 24, 132, -110, 62, 24, 92, 136, 230, -42, 46, 12, 130, -106, -186, -130, -26, 226, -22, 198, 184, -112, 42, -100, -10, 160, 132, -318, 84, -102, -32, 66, 188, -246, 68, 236, 162, 140, 156, 26, 6, -72, 208, 220, -128, -176, 144, 168, -340, 132, 20, -180, -62, -36, -42, -26, 44, -64, -92, 190, -26, 278, 14, -50, 74, -202, -104, -226, 110, -198, 250, -104, -6, -102, 152, -106, -132, -80, 98, -276, 82, 12, -120, -148, -178, 96, -22, 244, 192, -6, 212, -92, -72, 142, 182, 42, -86, -102, 112, 78, 68, 4, -150, 100, 8, -26, 20, 28, 102, 66, 8, -22, -76, -120, 102, 32, 224, -156, 66, 306, 66, 18, -62, 192, 66, -76, -240, -38, 16, 122, -52, 90, -32, 100, 2, -40, 22, -60, 150, -70, -50, -258, 242, 186, 6, 318, 296, -230, 26, 244, -78, 114, -114, 140, 182, 100, -146, 104, -222, -14, -14, 110, 122, 180, -274, 228, -100, 22, -88, 150, -42, -14, -28, -42, 262, 118, -28, -58, -66, -66, 14, -78, -134, -46, 44, 8, -182, 50, 208, 92, 188, -96, -102, 54, 216, 124, -34, 172, -18, 142, -72, 138, 48, -146, 136, -54, -74, 52, 86, 242, 128, 138, -30, -204, 4, -176, -126, 94, 2, 84, 56, 8, 104, -22, -40, -280, 76, -70, 332, -66, -178, 56, 202, -20, -10, -158, -52, -16, 188, -40, 226, 234, 16, -38, 86, -232, 92, -140, -46, 152, 30, -66, 60, -14, 144, 50, -152, -6, 184, -64, 190, -102, 80, -142, 124, 170, 84, 90, 18, 4, -66, -22, 144, 148, 254, 84, 
18, -206, -180, 10, 146, -194, 114, 128, 196, -74, -184, -20, -122, 108, 18, 114, -2, -22, -26, 8, -98, 10, 16, -166, -76, -58, 2, 132, -84, -264, 52, 292, -82, 56, -106, 98, 46, -4, -300, 2, -40, 80, -36, 6, -38, 148, -80, 4, -168, -160, 106, 56, -30, 32, -82, -94, -122, 164, -30, -10, 68, 94, 200, -8, -50, 126, 212, 232, 120, 48, 36, 228, -28, -96, 124, 186, -134, 36, -18, 296, -102, -48, -118, 48, -138, -14, -98, -64, -22, -4, -178, 30, -2, 246, 116, 158, 254, -16, -136, 336, 12, 24, -180, -8, -30, -14, 10, 234, 228, 54, 42, 14, 134, -40, -36, -174, 144, 92, 172, -124, -214, 12, 74, -6, 6, 170, 156, -30, 0, 60, 128, -82, 112, 146, -46, -40, 122, 136, 14, -58, -222, -108, -22, 22, 102, -62, 112, -122, -240, 80, 16, 66, -22, -230, 100, 78, 210, 52, 30, 148, -74, -130, 52, 128, 70, 190, -154, -32, -10, 140, 20, 232, -150, 58, 80, 52, -68, -278, 78, 178, 82, 18, -142, -78, -138, 276, 54, -66, 232, 42, 82, 2, 46, 160, -50, -208, -64, 92, -96, 290, -100, -146, 16, -132, 176, -40, 144, -20, -78, -268, 8, 36, -64, 66, -252, -68, 4, 162, -76, 132, -106, -70, -122, 46, -12, 276, 28, 28, 4, 12, 100, -74, -230, 158, -88, 130, -88, 42, 192, 162, 100, 36, -48, -52, -204, -90, -54, 30, 14, -130, 116, 254, -14, 130, 80, 138, -140, 388, -44, -134, -44, 26, 46, -52, -116, -40, -138, -4, -54, 164, -118, -40, 412, -104, -80, 232, 82, 82, -84, 26, -74, 56, -40, -256, -2, -146, 72, 124, 60, 282, 72, 152, 78, 186, -334, -84, -40, 182, -156, 60, 52, 102, 54, 158, -10, 38, 162, 236, 166, 18, 68, -2, -306, -62, -210, 62, 8, -66, -282, 146, 18, 134, -68, -4, -18, 128, 358, -172, 26, 70, 4, -64, 14, -186, 10, 84, 104, 16, 54, -138, -214, 132, 196, -170, 150, 74, 36, -170, -220, 94, 148, 230, 92, -10, 286, -210, -200, -178, -22, 24, -72, 120, -62, 90, -64, 148, -132, -136, 72, -154, -48, 106, 166, -322, 48, -202, 84, 60, -60, -18, 206, -142, 116, -34, -2, -158, -78, -62, 148, -26, 50, 46, 352, -46, 38, -14, 162, 40, -160, -102, 134, 16, 44, -26, 90, 152, 198, -14, -126, -126, -8, 68, -206, -4, -64, 78, 148, 158, -54, -88, 132, -82, 64, -116, -20, 8, -286, 46, 46, 68, 78, -36, -20, -74, -8, -180, -10, 196, -134, 130, 138, 12, 178, 156, 52, 20, -176, 42, 96, 216, -32, 190, -176, 284, 58, 6, -78, -178, 140, 122, 2, 62, -130, -120, -94, -52, -48, 152, 20, 62, -130, 164, 158, -200, -84, 26, 74, 158, -196, 94, 20, 84, -342, 62, -62, 160, 74, 94, -46, 12, 120, 114, 42, 80, -82, 144, -84, -26, -182, 70, 
26, 86, 158, 22, -90, 82, -94, -24, -332, 178, 230, 104, 2, 54, -108, -104, 40, 156, 24, -10, 154, -76, 78, 88, 122, 126, 328, -152, 4, 38, -70, -146, 92, -128, 132, -132, -66, 54, 118, 116, 320, -82, 70, -174, -124, -80, 86, 182, 178, 178, -60, 20, -56, -208, 232, 44, 160, -158, 62, 146, -96, 56, -206, -6, 138, 40, -48, -206, -78, 6, 60, -148, -50, 44, 66, -222, 168, 2, -6, -258, 198, -6, 150, -122, 108, -18, 138, 148, 14, 74, 198, -18, -96, -212, -20, -78, -246, 160, 44, -132, 46, -8, 198, 60, 78, 164, -34, -34, -212, -54, -32, 22, -10, -40, -94, 54, -26, -14, -146, 188, 92, -44, -20, 252, 32, -158, -100, -88, 154, -70, 8, -106, -52, -56, 88, 126, -76, -46, 0, -74, 144, 148, -28, -42, 4, -50, 64, 30, 52, -14, -96, -160, 152, -24, -242, 22, -6, 40, 132, -70, 184, -30, 50, -78, 110, -198, 94, -6, -42, -136, -16, -290, 196, 284, -136, -326, 6, 310, -68, 48, -124, 20, 2, 60, 202, -182, -174, -178, -124, 104, 158, 156, 38, -36, 186, 88, 298, 100, -18, -142, 218, 110, 174, 14, 36, 70, 102, 14, 194, 196, 146, -136, -106, -58, 358, 32, 32, -92, 82, -30, -24, 38, 68, 60, -92, -174, 72, -332, 140, -48, 62, -18, 10, -98, -48, -188, 26, -54, -52, -152, 84, -26, 126, 302, 194, 104, -12, -114, -36, 68, -114, -164, 92, -44, -22, -140, 314, 64, 86, 326, 26, 56, -86, 12, 34, -44, -26, 6, -250, 58, 20, 230, -312, 218, 62, -36, -186, -18, -40, 14, 44, -78, -16, 96, 266, 222, -90, -206, -154, -214, -26, -100, 0, -278, 148, 64, -56, 122, 18, 106, -4, -74, -60, -80, 102, -100, -100, -274, -90, 40, 140, 92, 370, -174, 188, -250, 158, -30, 62, -70, -42, -122, 128, 6, 100, -72, -406, 96, 12, -42, -42, 6, 158, 36, 96, -102, -38, -28, 118, -38, 302, -124, -76, 84, -106, 94, -162, 272, 228, 4, -60, -346, -54, 32, -120, 172, 52, 102, 220, -24, 240, 100, 76, -18, 14, -154, 72, 188, -144, 238, 32, -84, -22, 198, 72, 138, -12, 2, 100, 156, 42, 126, -140, -96, -142, 116, 242, 72, -22, 154, -130, -80, -256, 48, -40, 56, -72, 12, 128, 100, -290, 44, -122, 90, -126, -130, -196, 86, -116, -6, 108, -56, 18, 8, 208, 50, -96, 48, 30, 140, -132, -44, 80, 136, 70, -62, 226, -104, 8, 48, -82, -36, -8, 300, 190, 30, -190, 78, 242, -146, 24, 196, 16, -44, -120, -106, 146, 36, 164, -166, 24, 70, 110, -238, 20, 126, 102, 66, -212, -78, -52, 4, 140, 72, 142, 166, 118, 20, -70, -102, 72, -180, 16, -6, 32, 82, 62, -54, -82, -48, -26, -136, 84, -168, 140, -180, -158, 58, -40, -62, -174, -70, -82, 8, 94, 48, 90, -86, 156, 104, 
40, 120, 6, 40, 92, 74, -86, 34, 252, -186, -162, -66, 56, -144, 114, 76, 44, -90, -176, -78, -82, 42, 72, 42, 24, 48, -108, 132, -270, -24, 52, 180, -14, 0, -26, 164, -46, -16, 6, 12, -174, 36, -20, 88, 236, 194, 60, -22, -94, -82, 216, -20, 226, 156, 6, 26, -62, 84, 16, -34, -20, 196, 96, 58, -178, 6, 158, 300, -24, 82, -172, 34, -18, -62, 36, 52, -2, -56, -104, 140, 40, 108, -118, 36, -194, 198, -150, -14, 150, -166, -60, -140, 216, 222, -72, 270, 258, -218, -152, 36, 0, -240, -18, -30, -270, -112, -52, 144, 382, 74, 54, -38, -30, -6, 64, 6, -56, 94, 244, -156, -232, -84, -88, -98, -118, 106, 88, 42, -70, 24, -20, 204, 102, 250, -54, -60, 128, 222, 194, 70, -44, -48, -74, -142, 26, -42, -72, -28, 62, 16, -50, 40, -126, 58, 14, 18, 106, 82, -4, 282, 194, 38, 58, 230, 34, 116, -48, -48, -40, 224, 252, 280, -180, -188, 10, 304, 18, -190, 82, -56, 162, 78, -14, 176, 48, 130, 264, 344, 134, -56, -220, -146, -236, 44, 142, 18, -2, 54, 50, 0, -40, -80, -92, -76, 78, 240, -84, -82, 144, -34, 22, 92, 124, 56, -76, 82, 44, 12, -48, 232, -84, 70, 86, -4, -86, 146, 138, 116, -140, -206, -30, 144, -14, 138, -116, 122, -82, 122, 86, 264, -12, 106, 28, -266, -120, -94, -18, 54, 4, -156, -4, 44, -44, 20, 8, 50, -250, 10, -166, -200, -24, 16, 198, -164, -82, 40, 118, -108, 352, -152, -224, -236, 30, -124, -24, 26, 106, -118, 234, 116, 26, 252, 118, -360, -114, -204, 186, 180, 278, 44, -22, 178, 188, 264, -82, 74, 120, 44, 82, 66, 20, 240, 44, 198, 96, 66, 108, 346, 294, 32, -74, -76, -178, 38, -170, 100, -112, -158, -90, 112, -14, 106, -26, 6, -152, 232, 220, 96, -170, 48, 46, 206, -10, -18, 4, -146, -58, 80, -32, 4, -228, -68, -22, -80, 128, -50, 146, -218, -222, -124, 132, 278, 36, -66, 116, -64, -92, 118, -38, -96, -288, -158, -290, -2, 56, 60, 90, 88, 42, -126, -82, -102, 108, -108, 26, -12, -44, -96, 124, -76, -2, -66, -52, 50, 252, -178, -130, -98, -112, -120, 180, 68, 222, -2, 104, -48, 80, 94, 124, -2, 220, -40, 272, 10, 188, 100, 238, -274, 60, 242, 8, 126, 30, 82, 22, 40, -32, 42, 42, -308, 216, 16, 16, -60, -78, 38, -222, 20, -116, 60, 56, -76, -16, -54, -54, -88, 218, -2, -80, 148, -178, 38, -122, -44, -40, 12, -172, 124, 70, 226, 82, -88, -76, 254, 246, 0, 76, 36, 322, 214, 164, 90, -78, 100, -240, -28, 62, 108, -176, 32, -4, 38, -118, 30, -180, -36, 158, 190, 108, 92, 54, 130, 92, 338, -150, 240, -16, 94, 12, 156, 260, 122, 28, -232, -90, 66, -80, 72, 48, -202, 
-106, -20, -68, -74, -48, -60, -114, -178, -100, 6, 110, 94, 14, 38, -164, 124, -18, -8, 84, -90, 186, 2, -50, 62, 42, -260, 218, 24, -24, 4, 92, -104, -20, -100, -54, -204, 24, 34, 96, 32, 70, -144, -42, -82, -168, -36, -244, 138, -50, 104, -38, 152, -252, -290, 102, 66, -30, 54, 94, -100, -28, -236, 60, -210, 24, 16, -134, -144, 204, -134, 34, 96, 40, 56, 0, 138, 242, 214, 288, -136, 290, 76, 130, -40, 224, -42, 122, -58, 26, 54, -124, 202, -4, 38, 188, -72, -58, -34, 92, -90, -6, 186, 150, 26, 268, 54, -90, 8, -222, 78, -190, 262, 88, 24, 110, 50, 32, -60, -250, 102, 172, 32, 124, 168, 46, -164, -52, 28, 14, -14, 54, -258, -92, -258, -130, 136, -54, -118, -80, 44, -72, -178, 142, 142, -88, -38, -2, 64, 98, -126, -62, 138, -2, 38, -50, 156, -2, -70, -174, 108, -232, 40, 94, -322, 110, -178, -38, 22, -28, -168, -158, -46, 212, 160, -4, -220, -96, 256, 92, -182, -104, -144, 54, -232, 136, -122, -394, -164, -152, 242, 190, 140, 262, 30, -26, -84, 48, 36, 22, 58, 50, 126, 22, 94, 68, -284, 172, 14, 84, 58, -78, 6, -24, 40, 142, 50, 118, 110, 72, -54, 124, 6, -22, -8, 100, 32, 52, 50, 220, 164, 232, -132, 128, 28, 96, 22, 16, -46, 2, -76, 70, -20, -44, 278, 154, 118, -72, 70, 112, 232, 36, 142, 22, 34, 60, 28, 184, -152, 228, 94, 120, -18, 112, 142, 208, -66, -154, 86, -126, 96, 246, 136, -32, 124, 54, -106, -76, 102, -222, -136, -18, -12, -184, 154, -20, 122, -48, -106, -32, -36, 6, -124, -250, -190, 228, -196, -36, -116, -138, 118, -40, -126, -118, -218, -148, -94, -176, -292, -138, 110, 38, 142, 146, -38, 20, -290, 216, 158, 68, 88, 8, 68, 92, 50, 78, -176, -114, -192, 106, -44, -44, -50, 84, 142, 110, 88, -74, -18, 36, 134, 20, -232, -64, -70, -28, -72, 4, 152, 62, 62, 134, -234, 40, 30, -72, 172, 174, 108, 102, 88, 280, 104, 196, 184, -118, 44, -58, -40, -52, 68, -30, -2, -48, 118, -68, -16, -36, 76, 68, -62, -136, 6, 158, 304, 30, 174, 96, -2, 158, 60, -88, 56, -188, 128, 110, -26, -222, 36, 46, 126, -138, 126, -142, -162, -60, -80, -134, 236, -58, -114, -94, -60, 76, -90, 138, -20, 100, -54, -64, 146, 8, 120, 32, -30, -38, -132, 204, -60, 100, -34, -80, 64, 188, 148, -142, 142, -146, -124, -2, -258, 30, 42, 120, 88, -132, 64, 54, -196, 8, -268, -116, 288, 226, -324, -56, -60, -98, 28, -290, -264, -72, -72, 264, -120, 380, -54, 4, -108, 118, 22, 196, 42, -34, 80, 112, 190, -160, -182, -12, 108, -36, -176, -86, -294, 180, -70, -34, 0, 54, -146, -314, -194, -4, 76, -96, 34, 22, -20, -26, 74, 
-94, 98, 60, 112, 46, -42, -86, 126, 80, 88, -132, 140, -112, -222, 132, -54, 0, 146, -6, 214, -158, -86, -210, -216, -94, 192, -148, -66, 148, -122, 62, 182, -124, 224, 246, 176, -122, -90, -6, 12, 100, 192, 18, 118, 142, 114, 152, -96, -76, -12, 44, 112, 176, 300, -148, -12, 18, -14, -52, 80, -130, 384, -32, 148, 24, 70, 24, 120, -18, 40, 22, 144, 52, -36, 38, -316, -100, 96, -214, 244, -300, 168, -20, 8, -282, 36, -74, 116, -48, 86, 280, 0, -6, -192, -88, 90, 18, 120, 32, 208, 172, 8, 88, -24, -94, 44, 6, 112, 194, 40, 114, -144, 2, -136, -62, -96, -28, 90, 230, -94, -130, -6, -60, -100, -112, 126, 112, 12, 28, 42, 54, 218, 96, 304, 116, -108, 242, 12, -90, 18, 10, 108, -196, -134, 60, 32, 8, 86, 60, 136, 36, -2, -230, -10, 76, -86, -22, -32, -36, -6, 160, -32, -216, 370, -88, 122, -152, -104, 6, 196, 126, 114, -58, -174, 162, 168, 56, -212, -84, 100, 156, 138, -8, 244, -62, 186, 172, 138, 124, -150, -212, 36, -188, 96, 18, 134, -34, 0, -4, 100, 100, -56, -176, -76, 126, 192, -58, 36, 8, -34, -50, 86, 134, -52, 102, 0, -182, -144, -102, -82, 154, 90, 170, -78, -66, 22, -134, 20, -176, -132, -88, 116, -298, -106, 24, -84, -196, 138, -16, 16, -4, 58, -146, -44, -212, -56, 92, 70, 36, -148, 18, 96, 140, 122, -90, -110, -202, -40, 58, -244, -64, 66, -228, -136, -62, 130, 64, 84, 106, -10, 18, -190, 128, -78, -8, 46, -2, 10, 70, 196, 200, -120, 128, 4, 118, -34, 156, 186, -66, 44, 18, 142, 198, 74, -86, 306, 46, 8, 12, 28, 110, 48, 124, 394, 120, 126, 264, 4, 230, 22, -52, 4, 14, -10, 18, 258, -186, -134, 208, -98, 20, -106, -14, 134, 48, 172, -8, 62, -66, 280, -16, 16, -84, -24, 20, -102, 66, -12, -14, 10, 136, 222, -102, -82, 98, -76, -62, -60, 88, 0, -378, 44, 92, 72, 192, -170, -56, -110, -52, -34, -306, -92, -78, -94, -10, -122, 248, -136, -94, -118, 68, -156, -28, -124, 178, -40, -18, -150, 16, 98, 20, -104, -134, -168, -64, -98, -218, 6, 140, -8, 116, 126, 128, -66, -124, 196, 60, 32, 8, -12, 48, 4, -36, -98, 44, -102, 128, -56, 168, 46, 62, -80, -206, 94, 42, 118, 138, 94, -6, -96, -182, -132, -44, 126, 22, 16, -96, 46, -174, 240, 152, -56, -12, -112, 166, -144, 282, 108, -130, 438, -120, 76, -50, 192, 130, 122, 92, 174, 58, 224, -100, -232, -18, 304, 214, 208, 82, -168, 56, 214, 120, 226, -8, 80, -196, -2, -34, 112, -114, 32, -82, 50, 56, -76, 82, -120, 46, 162, -26, -172, -36, 48, -70, 188, -78, 80, -18, 20, -40, 162, 116, 222, 102, 66, 222, -134, -26, 180, -50, -68, 
96, -112, -138, -80, -10, 48, 90, 8, -18, 74, 122, -38, 316, 198, -174, 222, -84, 112, 94, -184, 290, 130, 106, 118, 148, 94, 198, 340, -138, -98, -26, -150, -4, -86, -230, -184, 216, 26, 148, 52, 10, -18, -74, 52, -74, -122, -78, 102, 40, 80, 172, -134, -114, -104, 32, 136, -48, -84, -104, -122, -116, -348, -110, -50, 94, -124, 106, -16, -198, 72, -120, -44, -62, -242, -48, 282, 2, 24, 64, -70, 188, 2, 266, -110, 168, -116, 52, -62, 196, 16, -238, -4, 2, 324, 194, -78, 52, -174, -74, 34, -90, -58, 48, -16, 280, 76, -18, -80, -120, -48, 10, 96, 0, 226, -40, 120, 96, -236, -252, 88, 210, 98, 160, 50, -80, 8, -46, 70, 188, -4, 32, -18, -94, -114, -6, 176, -358, 70, 52, -66, 14, 44, 316, 214, 122, 46, -148, 128, -30, -94, -204, 156, 200, 36, -14, 190, 120, 52, 248, -104, 6, 186, 524, -316, 26, -56, 316, -118, 126, -138, -50, -260, -108, -78, -136, -170, 22, 108, 34, 48, 64, -14, 38, -258, 108, -92, 42, -170, -130, -122, 36, 50, 206, 0, 90, 60, 136, -62, 20, -122, -46, -12, 262, 68, 18, -106, 76, 196, 122, -6, -36, -72, -218, 180, 0, 48, 180, 88, 120, 2, -110, -56, -128, 180, 34, 8, 110, -34, 202, 124, 158, 24, -28, 92, -26, 106, 154, -52, -14, -118, -114, -66, 332, -64, 234, 58, 0, 92, 64, 108, -14, -48, -76, -168, 36, -40, 116, 102, 44, 260, 154, -22, 224, 344, 2, -60, -58, 0, -188, 204, 168, 126, -90, 84, 140, -16, -2, 66, -128, 72, -250, 20, 2, 10, -24, 82, -248, -50, -118, 70, -36, -92, -86, 84, 210, -76, -46, 20, 172, 6, -88, 190, -30, -158, -214, -100, -92, 136, -200, 2, -50, -138, 82, 48, -292, -54, 110, 24, 52, 70, 16, 132, -216, 56, 82, -120, 40, 146, 92, -204, -192, 8, -96, 18, -48, 114, 74, 92, 84, 64, -250, -110, 2, 208, 20, -28, -84, -16, 20, -50, 186, -140, -62, -98, -80, 240, 120, 44, 44, -64, 158, -126, 154, 254, 2, 22, -184, 32, -32, 44, 72, 74, 118, 76, -104, -30, -194, 46, -106, -176, 96, 138, 128, 18, 76, 94, 306, 24, -224, 202, -126, 14, -14, 78, -56, -138, -182, -66, -128, -100, -64, -108, 18, 68, -34, 242, -122, 16, -114, 122, -124, 136, 106, -36, 8, -212, -32, -110, 98, 198, 154, 78, 44, -126, -200, 130, -26, -4, 142, -106, -126, 50, -8, 142, -56, -80, -134, 26, 2, -224, 10, 48, 114, -34, -6, 44, -4, -182, 16, -156, 54, 212, 96, -258, -196, 8, 58, 84, -14, -326, 58, 52, 52, -14, 372, 56, -36, 78, -14, -168, 92, -84, 80, 226, 8, 162, -44, -148, -36, 72, 18, 18, 50, 2, 184, -186, 28, -152, 28, -210, -176, -142, -154, 106, -160, 196, -14, -216, 36, 164, 
-26, 182, 64, 268, -36, -212, 60, 6, -92, 54, -112, 52, -248, -152, 156, -110, 90, -38, -34, 78, -154, -102, -2, 132, 12, 22, -208, -96, 92, 86, 142, 164, 8, 132, 172, -84, -200, -52, -38, -98, 64, -102, 118, -100, 54, -38, 90, 36, 22, 26, -24, 216, 116, 2, 90, -102, 144, 38, -82, 30, 104, 222, -78, 284, -102, 92, -84, 10, 66, 56, 50, 78, 114, 182, 72, -162, -242, -44, 46, -10, -82, -2, -196, -40, -268, 152, 88, 64, 6, 116, 154, 62, 18, -176, -20, 46, -38, 120, 256, -56, 260, -26, 86, 136, -134, -116, 26, -42, 208, -70, 70, 94, 22, 14, 114, -126, -28, 282, 184, -16, -224, -102, 0, 54, 64, 72, 112, 78, -86, 28, 38, -72, 224, 88, 22, 12, 264, -124, -72, -146, 108, 64, -184, -48, 34, -116, 302, -22, -232, 136, 120, -276, -108, -166, 72, 56, 66, 6, -152, 156, -80, -166, -458, 198, -82, 120, -110, -40, -214, 84, 78, 146, 66, 72, 126, -76, -50, -30, 192, 168, 102, 68, -168, 108, 36, 10, -52, 120, 46, 154, -18, 92, -26, 106, 54, -82, -64, 96, -134, 122, 40, 120, -106, 2, -84, 84, 4, -212, 44, 238, 30, 142, 134, -94, -146, -20, -162, 68, -26, -8, -108, -86, 66, -94, 12, -142, -66, 12, -46, 86, -92, -32, 64, 90, -4, -48, 12, -54, -48, -116, 70, -76, -44, -120, -240, -38, -212, 70, 92, -74, -42, 150, 144, -46, 24, 128, 34, -38, -36, -306, -18, -100, -60, -106, -188, -52, 186, 120, 202, -138, -42, 78, 98, 48, -128, 38, 84, -36, -44, -38, 40, 36, 240, 216, -10, -32, 340, 242, 54, -8, 182, 74, -76, 50, -128, 114, -4, -22, 122, 86, 100, -118, -70, 100, -30, 102, -66, 58, 220, 158, 70, 110, -104, 14, 114, 32, -28, 8, -62, -42, 132, -70, 102, 24, 40, 254, -18, 8, -216, 102, 142, 76, -36, 126, 8, -16, -168, -158, 24, -22, 328, 164, 12, -146, -34, 46, 140, 206, -194, -2, -156, 46, 76, 356, 64, -48, 80, -90, 210, 60, -78, 50, 40, -136, -72, 22, 206, 0, -44, -12, -68, 44, 30, -44, 68, -16, -38, 54, 256, 240, -114, -72, -38, -82, 76, -12, -40, -120, 38, 26, 66, 84, -192, -108, 158, 114, 68, 164, 204, 6, 224, 18, 92, 26, 120, -222, 162, -14, -36, -38, -216, 80, 10, 4, 54, 230, 80, 162, -26, 72, -236, -36, 236, 44, 338, -194, 84, -78, -172, -52, -6, -8, 158, -40, 98, -30, 96, 156, -24, 104, -6, -26, 56, 104, -184, -144, 98, 182, -10, 204, -110, -184, -168, 368, 138, -26, -16, 54, 110, 80, 100, -150, -64, 40, -36, -142, 14, 20, 44, 164, -124, -12, 38, 22, 46, -194, 212, 178, 114, -160, -72, 50, 76, -72, -120, 100, 64, 230, -138, 178, 146, 76, 94, -270, 74, -186, -4, 126, 82, -248, 
6, -138, 168, 12, 130, 96, -52, -124, 68, 36, 140, -36, 36, 74, -140, 136, -146, 62, 70, -104, 234, 76, -76, -16, 134, 144, 248, 162, -72, 54, -104, -180, -76, 212, -20, 184, 16, 88, 72, 276, -152, 76, -102, 58, 34, -12, -62, 150, -204, -106, 92, -150, -72, -96, -86, 144, -60, -32, -16, 90, -72, -224, 4, -248, 240, 96, 144, 144, -22, 138, 34, -70, -26, 0, 58, 174, 204, 108, 102, 98, 106, 20, 216, 112, 212, -66, -162, -4, -10, -64, -122, -206, 62, -46, 100, 50, 28, -72, -196, 154, 140, 116, 82, 98, 106, 180, -36, -70, -112, 186, 40, 24, 120, 132, -176, -46, 40, -118, 106, 66, 304, 116, -108, 8, -120, -30, -164, 18, 136, 6, -116, 78, -114, -44, -30, -40, -238, 26, 160, 82, 12, -86, 50, -18, -28, 184, -112, -110, 246, -64, -48, 172, 12, 210, 166, -10, 78, 12, 104, -142, 10, 134, 344, -186, 182, -70, -36, 14, 418, -206, 74, -182, -48, 98, -118, 98, 80, -146, 56, -98, 106, -48, 146, -194, 16, 28, 164, 50, -134, -80, -18, 8, 160, -60, -56, 70, 192, 32, 24, -130, 34, 146, 84, 30, 242, -12, 16, 108, 0, -210, -132, 38, 64, 122, 244, 138, 98, -150, -66, 54, 52, 30, -2, 72, 120, 62, -28, -40, -6, -28, -58, -64, 84, -4, -84, -10, -86, 116, 52, 98, 116, -8, 156, 52, 220, 192, 126, 26, -38, 154, 166, -42, 64, -102, 154, -90, 76, -66, -44, 230, 124, 274, 138, 22, 382, 102, -116, -138, 18, 276, 130, 32, 138, 0, -58, -2, 116, 104, 48, -32, 124, 170, -38, -292, 190, 16, -266, -294, 142, 18, -302, -126, -26, 158, 322, -62, -6, 128, -196, 162, 16, 44, -76, -160, 118, 46, 80, -18, -158, -74, -6, -16, 154, 112, -258, 96, 0, 240, -30, 8, -74, -26, -114, -56, -24, 50, 24, 84, 190, -30, -16, -56, 114, -312, -124, 124, 88, 124, -22, -4, -222, -24, 94, 156, -138, 154, -122, -78, 96, -140, 128, 58, 48, -182, -28, 48, 22, 284, -72, 138, 40, 26, -10, 104, 216, -64, -168, 48, -112, -112, 60, 16, -46, 62, -106, -118, -14, -70, -90, -168, 38, 178, 110, -48, 220, 222, -26, 216, 32, -80, 150, -80, 48, 50, 76, -80, -38, -142, -14, 66, -2, -24, 58, 80, -182, 248, -178, 68, -168, 114, 212, -72, -160, -2, -96, -132, -150, -140, -48, -24, 192, -152, -118, -20, -284, 196, -236, 20, 158, 22, 192, -16, -166, 18, 16, 110, -130, -246, 190, -140, 38, 118, -152, -10, 96, 230, -108, 100, 96, -144, 144, 106, -82, -224, 8, 152, -8, 4, -54, -28, -60, 156, 92, 50, 28, 192, 160, 24, -66, 94, 154, -84, 42, 106, 128, -50, -222, -88, -14, 106, 142, 34, -30, 70, 82, 40, -118, -132, 144, -34, -80, 46, -86, 150, 14, 172, 0, -118, -2, 142, 
110, 120, -112, -122, 16, -22, 42, 126, 116, 64, -66, -42, -88, 102, -158, -196, 92, 134, 22, -70, -414, -106, 132, -70, -26, -130, -136, -180, -36, -104, 146, 114, 22, -114, 120, -156, 178, -100, 16, -68, 56, 0, -46, -104, -22, 114, 146, 64, -38, 32, -106, 74, 148, 88, 60, -68, 102, -8, 30, -142, 102, 250, -106, 376, -140, -144, 16, -152, -136, 32, 68, 20, 10, 144, -138, 76, -34, -132, -36, -28, -40, 66, -24, 36, 6, 32, 404, -52, -78, 100, 170, -12, 150, 120, -18, 82, -36, 168, 112, -44, 20, 116, -66, 60, 32, -330, -118, 156, 162, -360, -130, 206, 8, -80, 148, 146, -32, 136, -94, -84, -244, -78, 176, -52, 0, 12, 40, -102, -212, 40, -10, 12, 54, 38, 196, -82, 158, 162, 24, -140, 178, 56, -48, 110, 80, -46, 30, 18, -266, -72, 70, -258, 142, 28, -4, 2, 246, 100, -146, 218, -6, 26, -84, 110, -90, 80, 120, 106, -146, 254, -94, 124, 218, 122, 60, -150, -70, 254, 54, -16, 94, -102, -2, 162, 262, 16, -126, -56, 256, 104, -28, 132, -58, 34, -6, -132, -160, -34, -8, 80, -266, -82, -34, 272, -76, 126, -140, -72, 34, 234, 28, -44, -132, -38, 108, 88, -26, -12, -200, 16, -204, 32, 56, -68, -136, -8, 200, 36, 34, -34, 212, 50, -84, 328, -130, -32, -26, -120, 274, 52, -34, 60, -214, 48, -114, -146, 36, 86, 106, -74, -78, -42, 102, 176, -54, 52, -18, -96, 252, -226, -160, -40, -238, -182, -254, -74, 162, -102, 220, -56, -18, 44, 2, 104, -76, 132, -118, -88, 248, -46, -120, -222, -32, 68, -14, -200, 126, 260, 88, -72, 190, 8, 58, 20, -16, -80, 172, -156, 144, 26, 148, -118, -10, 160, -130, 86, 12, -8, 256, 56, -38, -32, -54, -186, 230, -54, 64, -56, 0, -284, 60, -2, -94, 6, 94, -80, 34, -6, -112, 52, 76, -132, -174, 216, 12, 66, -102, -78, 142, -6, 346, 148, 108, 130, 240, -10, 174, 152, 44, 130, -94, -34, -56, 104, 30, -194, 22, 186, 98, -32, -60, -94, -166, -96, -294, 186, 126, 74, 142, -20, 98, -66, 92, -74, 124, 352, -48, -90, 94, 180, -150, -58, 30, 190, -132, -56, 168, 20, -34, 122, -38, 160, 158, -156, -116, 188, -116, 164, 2, -114, 4, 18, -66, -2, 118, 38, -52, 118, 48, 206, -34, 112, 34, 86, -124, 318, -28, 126, 212, 136, 16, 18, 46, 76, 160, -36, 20, -128, -156, 78, -102, 100, 110, -102, 96, 148, 114, 94, -136, 120, -152, 36, 104, -80, -14, -72, -30, 22, 218, 116, 22, -58, 132, 282, 90, -38, -26, 36, 4, 164, -240, -124, 18, 136, -166, -22, -126, -48, -64, -104, 36, 140, 70, -100, 68, 152, 130, 98, -30, -36, -174, 144, 264, 6, -104, 232, 280, 160, -58, 6, -16, -132, 36, 96, 68, -78, 66, 60, 22, 120, 
-186, -70, 200, -20, 90, 110, 146, -74, 102, -86, 144, 274, -72, 2, 64, 144, -126, 52, 52, 32, 186, 202, -98, -18, 92, 70, 212, 200, 202, 160, 4, 60, 44, 92, 76, -46, -182, 42, -20, 32, -176, 46, -54, 152, 86, 76, 12, 198, 58, 32, 86, -14, -88, -28, -42, 108, -220, -62, 10, 120, -68, -172, 122, -292, -6, 86, 110, 390, 64, 86, -66, -126, 36, 54, -34, 68, 96, 136, -48, -30, -24, 68, -40, -14, 30, 32, -116, 264, 248, -80, -72, -42, -34, -200, -146, 18, 20, -124, -140, 144, 146, 92, 68, 6, 64, 180, 144, -20, -44, -12, 140, -20, 146, 224, -10, 36, 42, -162, 220, 114, 148, 48, -294, 80, 20, -140, 130, -82, 50, -94, -154, 156, -2, -104, -80, -84, -154, -82, -170, 128, -126, -150, 62, -94, 12, 92, -20, 4, 282, 110, 132, 284, -158, 48, 38, -104, -100, 8, 294, -166, 228, 100, -96, -130, 222, -32, -154, -66, 182, -174, 20, -2, -80, -80, -110, 102, 140, -184, -142, 308, -56, 24, -80, -64, -4, -32, 286, 204, -84, 58, 22, 102, 50, 112, 132, 46, 76, -10, 72, 80, 254, 76, -218, 130, 94, -66, 128, -102, -44, -178, -292, 90, 256, 186, 100, -40, 114, 60, 240, 196, 122, -14, 40, -46, 152, -126, -202, 0, 26, 110, 4, 12, 120, -128, -50, 124, -8, -38, 36, -270, 26, -32, 144, 4, 112, 12, 16, 112, -122, -46, -58, -90, -22, -74, 174, 44, 112, -42, -328, 176, 114, 76, 86, 46, 178, -148, -172, 86, -76, 248, 218, -158, -66, 62, 190, -14, 130, 196, -232, 212, 78, 152, 10, 46, 208, 150, -52, -114, 92, 56, -42, 96, 148, -34, -74, 302, -118, 132, 58, -110, 266, -54, 82, 168, 84, -62, 136, 224, -20, -256, -22, -126, 68, 268, -266, 66, 210, -118, 82, 134, 48, 54, 144, -104, 84, 188, 110, 34, -116, -28, -74, 62, 90, 16, -94, 22, 60, -16, -24, 128, -282, -10, -132, -226, -234, 310, 38, -118, -114, 32, 126, 14, 172, -138, -42, 34, -150, -74, -16, 196, 136, -280, 18, 138, 292, -202, -114, -12, -134, -34, -206, 62, 70, 132, 98, -162, -34, 80, -154, 8, 196, 186, 132, 6, 90, 4, -86, 44, 72, -104, 128, -2, -2, 6, 118, -64, 0, -58, 38, 90, -38, 36, 14, 76, 50, 8, 96, -148, -78, -32, 46, -334, 14, 4, -18, -242, 198, -184, -336, 42, 20, -6, -50, -4, 22, -26, -50, 214, 218, 8, -70, -178, 84, 138, -14, -52, -38, -58, 52, 2, 352, 84, -124, 150, 104, 134, 94, -126, -100, 212, 24, 12, 258, 4, -98, 142, 240, 6, -10, 132, 70, -76, 84, 24, 286, 208, 154, 92, 128, 160, 116, 70, -200, 6, 56, -160, 112, 126, 218, -18, 194, -80, -172, -112, -20, -60, -286, 4, 222, -48, 36, -32, 132, -4, 112, 48, -64, 30, 74, -22, 
214, 120, -64, -50, -26, -74, -178, 92, -150, 132, -212, 38, 138, -144, 68, -120, 74, -96, 38, 134, -4, -192, 14, 100, 44, -118, 36, -80, -192, -196, 36, -244, 84, 6, 68, -6, 146, 6, -142, 64, 186, 58, 50, 124, 0, 40, 34, -178, 58, -138, -118, 38, 82, -110, 262, -52, -28, 76, 264, 180, 114, 106, 26, 310, -72, 28, -44, -194, 14, -14, 60, 4, 82, -62, 16, 84, -4, -22, 190, -140, -66, -104, 130, -182, -36, 48, 196, -50, -208, 104, 140, 72, -46, 32, 136, -50, 4, 96, -34, 34, -162, -100, 46, 34, -86, -16, 126, 40, 56, 4, -184, 248, -154, -104, -26, -74, 80, 166, -152, -102, -78, 144, 264, 248, -98, 82, -136, 152, -12, -42, 324, 52, 134, 102, 64, -18, 250, 138, 304, 86, 24, 108, 116, 46, 126, 270, 10, 110, -6, -22, -82, -48, 102, 114, 12, -40, 78, 70, -258, 84, -190, -170, -72, 178, -92, 160, 108, 100, -48, 246, 16, 48, 64, -136, 150, 32, 22, 274, 252, -294, 46, 222, 66, 40, -46, 34, -4, -180, 110, -24, -16, -222, -48, -12, -200, 18, -2, -18, -100, -208, -158, -156, 200, -40, -36, 124, -142, 230, -42, 30, 106, -96, -146, -100, -190, 148, -56, -112, -168, -94, -24, -80, 34, 54, -82, 102, 154, 122, 28, -32, -82, 96, 54, -92, -4, -44, 54, 168, 4, 232, -88, 74, 46, 24, 178, -26, 10, -142, -30, 80, 0, -20, 50, 192, -184, 76, 8, 50, -46, -54, -210, -58, -42, 6, -28, 266, 158, 182, 68, -146, -48, 130, 58, 34, -56, 188, -34, -272, 242, -190, -80, 16, 48, 0, -162, -110, 46, 70, -6, -392, 120, 0, 14, -202, 72, -116, 216, -184, 128, 120, -182, -132, -20, 36, -30, 86, -276, 94, -46, 302, -100, 88, 80, -124, 164, -50, -86, 178, -50, -114, 14, 120, 22, -40, 12, -246, -40, -98, -72, -142, 104, 26, -50, 154, 150, -114, 236, -6, 38, 20, 280, -88, 152, 274, 164, -96, -182, 108, 96, -74, -6, 134, -70, 100, 104, 78, 150, 228, 54, -100, -14, 192, 144, -14, -74, 74, 98, -44, 128, 108, 188, -116, -50, 6, 148, 358, -42, -76, 134, -48, -192, -108, -250, 58, -64, 24, 230, 76, 62, 140, -198, 56, 248, 142, -80, 146, 70, 156, -56, -30, 164, -46, 16, -114, 82, 12, 170, 84, 62, 168, 130, 220, 142, -194, 94, 154, 150, 120, 428, 176, 46, 68, 8, -40, 28, 42, 110, -102, -260, -108, 146, 212, 116, -56, 134, 178, 278, 86, -232, 30, -224, -220, 136, -8, 50, 28, -6, 12, 246, -228, 44, -68, -188, -104, 84, -58, -228, 232, 56, -42, -272, 142, 32, -154, -154, -126, 36, 236, -124, -130, 24, -152, 212, 48, 52, 114, 38, -14, -58, 118, -84, 290, 200, 206, -4, 214, 270, 14, -50, 18, -42, -32, -242, 74, 10, -32, -78, -34, -8, 30, 
-260, -202, 102, 162, -4, 46, 152, 4, -16, -112, 182, -28, 20, 114, 68, 262, 44, -212, -48, 96, 36, 216, 212, -94, -40, 216, -66, 112, 126, 118, -148, 236, 246, 48, -36, 250, -2, 38, -68, -18, -120, 40, 172, -16, -36, 68, 20, 172, 10, 22, 64, -148, -74, -28, -358, 224, 94, 60, -160, -160, -20, -104, 52, -154, 10, -238, 50, 82, 52, 144, 292, 98, 0, 180, -8, -152, 74, -62, 56, 112, 76, -20, -58, 120, 46, 98, -332, 8, 136, -162, -26, 264, 128, 36, -120, 74, 150, 114, 52, 36, 162, 242, 68, 88, -18, 102, -20, -118, 0, -40, 142, -76, 302, 168, 160, -134, -80, 68, 112, 202, 108, -126, -114, -192, 66, -6, 62, -82, 86, 10, -306, 40, 34, -100, -26, 142, -108, 26, -224, -212, -104, -146, 126, -2, 158, 4, -134, -16, -44, 58, 222, 198, 32, -18, -222, 18, 98, -100, 150, 2, 264, 150, 150, -152, 60, -58, -144, 46, 44, -112, -24, -88, -24, 254, -136, 46, -20, -170, -62, 138, -198, 2, 210, 74, 8, -26, 72, 166, -64, 212, 112, 114, 70, 76, 74, -56, -140, 66, 204, -6, 60, 142, -42, 66, -176, -88, 322, -148, -162, 80, 88, 10, -196, -112, 34, 12, 306, 62, 222, -16, 118, 234, -46, -112, 100, 60, -84, 82, -248, 10, 130, -98, -12, 66, -76, -28, 234, -140, 0, -232, 20, -6, 40, -84, 60, -66, -18, 278, 126, -106, -22, -54, -202, -118, 172, 158, 86, -30, 24, 18, -16, 164, 166, 104, -194, -290, -98, -230, -116, 76, 56, 96, 6, 120, 134, -172, 68, 302, -88, 42, -10, -14, 6, -4, -98, 114, 8, -162, 120, 88, -106, 242, 10, 154, -62, 216, -78, 140, 34, 106, 304, 8, 84, -220, 106, 128, 42, -302, 122, -168, 180, -54, -38, 288, -108, -44, 114, -126, -136, 32, 76, 132, -26, 14, 136, 244, -118, 122, 118, 250, -44, 38, 114, 12, -276, 194, 66, 74, 20, 8, -104, 20, -194, -244, -74, 182, 34, -74, -10, 88, -218, 10, 122, 62, -180, -114, -168, 2, -18, 122, 132, -226, -208, -132, 186, 168, 118, 16, -42, -44, -124, 60, 42, -196, -90, -226, 38, 22, -218, 206, 54, -8, 232, -90, 50, -90, 18, 4, -12, 82, -10, 142, 126, -118, 108, -150, -128, -142, 122, 2, -120, 38, 120, -16, -96, 2, -222, 56, 16, 4, 146, -74, -92, 100, -42, -120, -102, -96, -298, -144, 88, -118, 0, 278, -102, 98, -14, 168, 46, 92, -208, -36, 46, 0, -46, -54, -74, 16, 122, -166, 48, 262, -62, -94, -2, 64, 18, -38, -82, 148, 54, 106, 84, 80, -54, -12, 222, -16, 140, 210, 182, -138, -90, 166, 142, -18, -108, -92, 34, 44, -70, 136, -98, -108, 42, -148, 40, -68, 156, -148, 90, -374, -78, -384, 172, -118, -144, 48, 90, 28, 34, -118, -46, -174, -26, -14, 152, 86, 112, 96, 
198, 130, -14, -18, 108, -42, -116, 114, 66, 156, -208, 12, 70, 26, 134, 16, -118, 298, 138, -236, 56, -186, -54, 32, 144, -202, 130, -48, -242, 0, -28, -232, -48, -20, 26, -256, -22, 78, 238, 56, 176, -142, -102, 142, 70, 210, -26, -194, -18, 158, -54, 74, 106, 196, 126, -80, 68, -122, 18, 16, 122, 48, -92, 208, -230, 134, -74, -52, 178, -58, -108, -74, 64, 58, -54, 88, 88, 94, 2, 54, -42, 100, -154, -34, -194, 2, 444, -30, -98, -14, -42, -194, -38, -52, -114, 52, -22, -20, -190, -64, -14, 24, -28, 68, -112, -100, -104, 76, 228, 108, -196, -44, -186, 44, -76, 142, 156, -4, 54, -36, -290, 8, 174, 156, -40, 130, -170, 100, -10, 58, 158, -12, -88, 44, 168, -132, 162, 132, 112, 314, 94, 144, -10, 48, -106, 66, 50, 104, 12, 32, -82, -100, 4, 60, 166, -130, -2, 190, 66, 148, -360, -104, -196, 184, 48, -26, 192, 82, -182, 170, -78, -158, 102, -26, 286, -158, 40, 6, 122, -140, 238, -146, -60, -100, 116, 124, -42, -10, 94, -106, 4, -94, -92, 30, 34, 94, 36, 116, -122, 126, -94, -16, 96, 68, 116, 126, -168, 22, 104, 104, -94, -116, 26, 110, -36, 12, -124, -8, -92, 34, -68, -236, 86, -62, -124, 36, 152, -4, 184, 58, -42, -98, 80, 44, 124, 138, -170, 172, -26, 196, 72, -16, -48, 240, 12, 212, 136, -188, 94, 190, 106, 62, 18, 102, -158, -80, -106, -40, -232, -104, -84, -76, -250, -140, 62, 186, 30, -34, -28, -52, 56, -90, -22, -102, 106, 4, 146, -308, -220, -130, 122, 86, 106, 190, 68, 30, 114, 352, -120, -76, 26, -110, 180, -144, -4, -308, 92, -54, 8, 240, -124, -126, -162, 242, -36, 56, 84, 288, 194, 122, -198, -36, 178, -112, 96, 44, -14, 106, 40, 144, -116, -110, -130, -114, 266, -186, 28, 82, -104, -204, 214, 52, -74, 88, 200, 24, -10, 2, -48, 50, 0, 96, 96, 158, 136, -96, -118, -72, -94, -64, 92, 132, -44, 56, 240, 130, 96, -30, -14, -10, -18, -6, 302, 94, -140, -98, -204, -242, 102, 18, 226, 22, 70, -56, -4, 88, -204, 38, 156, -42, -8, 108, -284, -50, 88, 126, -80, 130, -28, 86, -6, 66, 208, -70, 116, 170, 248, 30, -14, -2, 96, 94, -106, 6, 38, 142, 226, -112, 38, 58, 6, 8, 182, 20, 126, -36, 172, 144, 126, 356, 188, 284, 270, -172, 122, -150, 40, -86, 110, -56, 192, 50, 136, -50, 186, -28, 22, 16, -30, 148, -18, -108, 40, 82, 208, -132, 100, 110, 178, 44, -126, -116, 2, -98, 180, -256, -256, 42, 0, -138, -80, -32, -18, -212, 48, 142, 204, 40, -94, -44, -64, -56, 202, 92, -28, 296, 114, 24, -166, 150, -46, 308, -16, 8, -174, 84, 102, -46, 16, 6, -50, 108, 2, 140, -60, 18, -4, -186, -38, 10, 
28, -176, 26, 72, -100, -86, 200, 138, -16, 146, 110, 48, -34, -90, 130, -186, 316, -186, 168, 270, -62, 158, 30, -142, -214, 202, -90, 0, 282, -18, 258, 130, -100, 32, 100, 250, 66, -146, -60, 22, 8, 144, 54, -66, 110, -22, 42, 236, -16, -250, -30, 148, -110, 0, -88, 124, -54, 232, -64, -174, -82, 110, -50, -124, 64, 140, 82, 64, -140, 72, -96, 104, 22, -78, -4, -82, 70, 58, 44, 116, 104, 118, 244, 42, 48, -54, -376, -76, 68, 100, -20, 176, 78, 240, 124, 16, -78, 82, 204, 116, -12, 218, -42, -190, -14, 168, -240, 68, -122, 24, 206, -236, 120, 62, 34, -182, -18, 20, -232, 164, 228, 136, -80, 112, 144, -92, 44, -156, 202, 24, -200, -22, 62, -146, 74, 222, -144, 6, -164, -118, 64, 26, -148, 30, -32, -130, -166, -90, -150, 54, 112, 144, 44, 42, 160, 278, -106, -40, -148, -122, 272, 128, 160, 24, -6, 64, -56, 64, -70, 206, -44, 84, 118, -34, -68, 48, 130, -2, 108, 126, -154, 114, -6, -50, -204, -60, 272, 176, 102, 150, -20, 198, 110, 52, 4, -112, -62, -134, 238, 76, 68, -158, 68, -64, 70, -120, 224, -116, -102, 56, 72, 146, -44, -10, 74, 76, 212, 22, 48, 74, 112, 208, -6, -30, 34, -8, 86, -72, -186, -136, 0, 176, -154, -2, -242, 0, 48, -208, -298, -52, -58, 56, -94, 10, 52, -60, 90, 314, -34, -84, 54, -34, 86, 82, 166, 166, 200, 118, -6, 98, -112, 26, 278, 192, -30, 78, 124, 88, -30, 80, 92, 192, -28, 266, -52, 200, -134, 194, 10, 46, -98, -106, -210, 100, 16, -218, -14, -152, 68, 196, 32, 170, -82, 56, 142, 226, -150, -144, -2, -32, 200, 64, 20, -202, 48, 236, -42, -158, -118, -156, 50, -10, 24, -78, -100, -48, -92, -34, -34, -216, -106, 184, 80, -120, -112, 148, -34, 16, 180, 136, -42, 130, 8, -132, -82, 34, -58, 10, 66, 102, -148, -68, 12, -54, 30, 164, 96, -4, 178, 94, -50, 4, 160, -32, -90, 24, -38, -18, 18, 70, -78, -16, -208, -56, 148, 198, 182, 166, -122, -98, -146, 192, -42, 132, 114, -176, 28, -4, 132, 92, 70, -214, 158, 56, -48, -52, -152, -10, -106, 6, -36, -118, 38, 114, 26, -30, -134, -188, -70, 72, 24, -170, 124, -72, 72, -36, 0, 212, -34, 146, 114, 54, -132, -24, 44, 24, 16, -112, -60, -166, -52, -52, -128, 144, -124, 34, 6, 24, 28, 108, -160, -86, -66, 210, -46, 164, -38, 66, 184, -48, -116, 80, 146, 10, -142, 202, -14, 0, -74, -48, 78, 96, 44, 64, -316, 368, 4, -52, 234, 136, 58, 258, 104, 262, 22, -166, 14, 6, 56, 98, 28, -64, 10, -104, 62, -246, 30, 180, -70, -18, 142, -146, 106, -46, 202, 70, 4, 152, 58, 146, 16, -96, 12, -60, -40, -44, -34, 62, 186, -136, 
82, 100, -30, -240, 68, 44, -256, 8, 98, -148, -134, -86, 156, 56, 114, 224, -46, 38, -228, -272, 232, -60, -90, 286, 326, -52, 116, 164, -338, 2, -96, -186, 206, 144, -66, -262, -70, 84, 226, -42, -98, 118, -70, 46, -128, -2, -148, -254, 124, 192, 54, -206, 144, -48, 84, 34, 74, -274, -16, 46, -2, -178, 26, 100, 58, -116, -46, 260, 84, -80, 48, -96, 12, 114, 36, 198, 56, 190, -78, 28, -32, -174, -204, 80, 24, 150, 56, 314, 76, -154, 64, 28, 200, -124, 90, -38, 152, -8, -234, -100, -66, -128, -170, 194, 158, -232, 330, -56, 54, -124, -144, 212, -144, -92, -34, 198, 92, 114, 254, 38, -154, -88, 52, -110, -48, 58, 16, 70, -148, 20, 104, 124, 142, -48, 6, -34, 68, 68, 136, -24, 14, 122, 64, 144, -46, 78, -10, 106, -12, -78, 24, -8, 26, -18, 58, -168, 222, 44, -44, -2, -126, -136, 4, -96, -38, 4, 198, 204, 64, -124, -4, 60, -26, -118, 166, -36, -174, 62, -114, -82, 114, 150, 24, -82, 158, 168, -262, 60, -300, 108, -70, -6, -10, -94, -32, 68, 46, -92, -178, -96, -46, 122, -36, 86, 16, 250, 118, 182, 114, 70, 14, 2, -64, 10, 38, -32, -44, -30, 58, -178, -34, -144, -68, 172, -54, 132, -90, 200, 98, 152, 94, -130, 66, 64, 178, 62, -60, 220, 218, 12, 26, 64, 86, 68, 30, 50, 6, -172, 68, 126, -28, 284, 112, -98, -72, 10, -186, -114, 32, -20, 58, 68, -262, -36, 162, -140, 16, 4, 210, -128, -104, -74, 54, -246, -22, 40, 210, -86, 106, 90, 58, 74, 236, -12, 0, 110, 138, 158, -62, -14, -2, -110, 268, -58, -194, -100, 144, 180, -80, 36, -126, 244, -20, 262, 58, -118, -26, 100, 88, 144, -164, 50, -80, 60, 252, 182, -120, 64, 132, 76, 130, -30, -56, 150, 236, -84, 30, 16, -52, -84, 36, 58, -16, -16, -76, 74, 118, -138, -38, -72, -16, -34, -70, 198, 6, -188, -74, 96, -116, -2, 138, 64, -34, 194, 152, 76, -80, 138, 22, 102, 180, -32, 228, 26, -8, -264, 60, -52, 152, 40, 314, -130, -18, -76, -214, 200, -20, -66, -110, 62, 114, 58, -134, 6, -186, 34, 32, -42, 22, 184, -62, -10, -120, -208, -48, 236, 36, -2, 42, 100, 44, 292, 152, 178, 22, -76, 88, -126, -52, -124, 32, 144, -76, 18, 6, -34, 132, 36, 32, 52, 206, 22, 226, -94, 50, 48, 146, 202, 182, -10, 302, 130, 10, -154, -34, -72, 154, -72, -42, 112, -10, 30, 24, -8, 84, -132, 132, -92, 46, 124, -102, 122, 88, 114, 284, -218, -82, -180, -70, -54, -2, -128, -234, -160, -232, 168, 4, -74, -146, -52, -36, -28, -60, 128, 52, 310, 224, 106, 104, 60, -178, 88, 60, 88, -134, 184, 120, 58, -162, -86, 30, -26, -18, 70, 104, -96, 8, -76, -58, -40, 
-216, -104, 110, 266, -82, -18, 210, -60, 8, 148, 130, 144, -52, 134, -4, -222, -28, -48, 172, 290, -228, 24, 30, -140, -254, -76, -76, -234, 290, -34, 106, 188, -106, -86, 44, 316, 58, -118, -132, -20, 76, 20, 100, -36, -56, -22, 88, 250, -172, -34, -20, 154, -14, -6, -18, 248, -22, 232, 104, 40, 148, 280, -8, -46, -102, 212, 158, -86, -10, 58, 58, 112, -24, -92, -22, -88, 18, 30, 232, -46, 26, 184, 132, 94, 128, -192, -158, -222, 60, 136, -10, 80, 10, 102, 72, 30, 18, 4, 212, 108, 136, 6, 178, -114, -82, 184, -88, 106, 106, 186, -46, -92, 250, 88, 74, -90, -146, -10, -246, -68, 142, 64, -208, -22, -16, 84, -150, -20, 106, 46, -68, -28, 2, 66, 10, 76, -64, 82, 204, 160, 66, -88, 212, 94, 204, 122, 42, -156, -40, 160, -158, 44, 180, 106, -208, 2, -20, -18, -50, -124, -76, 222, -74, 38, 56, 104, 58, -98, -250, 200, 92, -2, 180, 108, -164, 94, 120, -2, 120, 168, 40, -196, 84, 168, 114, -204, 242, 20, 40, -8, 64, 8, 42, 154, 220, -82, 102, -44, 208, -24, 62, -64, 216, -210, -74, -66, -90, -102, -116, -126, 14, 150, -122, 36, -14, 20, 148, -56, -90, 26, 138, 120, 124, 144, 170, -94, 38, -364, -126, -12, -6, 148, -14, -10, -82, -152, -50, -58, -200, -74, 72, -52, -104, 114, 34, 78, 30, 76, -64, 30, 34, -124, -86, 54, 74, -22, 232, 276, -32, 102, -194, -52, 16, -34, -186, 138, -102, -48, -92, 44, 12, 68, 110, 146, 144, 42, -126, 72, -150, -44, 126, -16, -68, 40, -54, 34, -212, -32, 90, 2, -28, 338, -130, 60, 40, 260, -80, -202, -72, 56, 172, -146, 32, -100, -28, 252, -34, 72, -214, -192, 328, 24, 56, 50, -16, -140, 8, -108, 166, 66, 34, 152, 36, -170, -266, -52, 84, 10, 156, 46, 88, 40, 100, -70, -118, 56, -176, -10, 16, 50, -86, 32, 122, -186, -24, 192, 226, 98, 164, -44, -32, -114, 118, 4, -20, 76, 162, 88, 184, -4, -172, -76, -70, -48, 96, 84, 232, 218, -228, -12, -192, 300, -26, -128, 44, -284, 176, 124, 158, -58, -46, -234, 100, 172, 120, -110, 38, 124, -8, -118, 36, 100, 396, 296, 198, -8, -22, 122, -58, -16, -86, -236, -40, -46, 10, 36, -42, 128, 54, 36, -70, -154, 234, 98, 70, 20, -54, -110, -6, -60, -14, 80, -106, 42, -246, -20, -66, -32, -86, 8, -172, -192, -56, 198, 34, 10, 128, 80, 20, -176, -50, -122, -32, 30, -22, 122, -88, -52, -68, -72, 242, 28, -40, -164, -138, 168, 36, 218, 102, 90, 18, 132, 100, 64, 182, 102, -106, 146, 60, 0, -16, 76, -106, 188, -84, -164, -170, -128, -8, -138, 276, 66, 110, -120, 268, 38, 12, -96, 88, 36, -14, 164, -80, 174, -98, 228, 184, -82, -20, 56, 
306, -18, -136, -268, 168, -58, -42, 54, 292, -46, -58, -72, -104, -16, -140, 278, -144, 176, -248, -76, 26, 34, -10, -20, 304, 192, 180, 334, -112, 150, -14, -78, 42, 24, -100, -36, 42, -84, 192, 164, 34, 52, -10, 46, 28, -48, -74, -274, 186, -78, 48, -194, 14, 54, -36, -4, 126, -172, -142, 118, -162, -134, 252, 48, 58, 4, -360, 4, -42, 18, 176, 38, 62, 36, 56, 58, 32, 78, -108, 118, 40, -74, 194, -46, -112, 42, 20, 246, 122, -58, 102, -26, 20, 22, -64, -58, -112, -14, -200, -84, -142, 122, -154, 226, -2, 34, 56, -108, -112, -126, 36, 188, -282, -112, -126, 126, 148, 12, 122, 80, -182, -148, 96, 200, 80, -120, 124, 32, -4, 124, 190, -60, -2, -168, 32, -10, 24, 50, -152, -192, -52, 172, -152, 106, -104, -34, -102, -4, 214, 52, 452, 146, -214, 6, 42, 38, 142, 32, -24, 22, 250, -92, -4, -116, -188, -16, -230, 110, 112, -174, -176, 22, -4, -6, 132, -78, -106, -52, 14, -32, 48, 260, -50, -94, 18, 26, -208, -46, -80, -44, 38, 24, 2, -136, -16, 50, 62, 138, -2, -8, 84, 212, -180, 166, 160, 166, 86, 12, -172, 204, 68, -82, 164, 176, -100, -90, -124, 152, 36, 94, -24, -208, -122, 6, -52, 142, 126, 412, 62, -92, -54, -28, -118, -64, 52, 172, 108, -62, 210, 0, 32, 48, 236, -142, -10, 106, 144, 76, 42, 54, -76, 80, 180, -172, -22, -110, -274, -128, 30, -246, 102, 0, -92, 104, 78, 68, 76, 36, -14, -4, 4, -344, -132, -96, -162, 54, 18, -118, 180, 72, -162, 84, -30, 18, 128, 72, 118, 104, -84, 66, 184, -28, 144, -174, -52, -338, 190, 20, -100, 42, -130, 110, -108, 10, -176, 60, 4, 60, 120, 158, -236, 118, 44, 170, -44, 22, -168, 102, -130, -44, -84, 94, -68, 308, 216, 36, -14, 58, -32, -20, -152, -82, -138, 102, 340, 16, 94, 30, 184, -68, 28, -46, 40, 196, 0, -166, -122, -30, 16, -10, -8, 78, 54, -170, 26, 66, 40, 116, -138, -136, 58, 118, 120, 206, -104, -64, -168, 8, 100, 108, 244, -140, 132, 10, -88, 234, -12, 64, -36, -124, 32, 134, -138, -120, -140, 48, 22, -36, 124, 228, -124, 4, -278, -88, -6, -190, -122, 132, -26, 76, 246, 230, 186, -2, -18, -198, 144, 28, -72, 130, -30, -40, -104, 36, 0, -116, 18, 284, -80, -84, 20, -12, 280, -46, 180, 98, -48, -2, 108, 2, 92, 190, 270, 130, -16, 32, -52, -58, -210, 124, 234, 252, 88, 40, 54, -220, -8, 126, 60, 96, -90, 30, -142, 220, 140, -158, 0, -142, -84, -102, 56, -28, -6, -28, -90, -12, 84, -32, 24, 44, 110, -2, 104, 28, 162, 364, 332, 96, 144, 140, -174, -56, -242, 120, -54, 32, 16, 82, -46, 38, 50, 178, 64, -116, 204, -132, 68, 112, -32, -176, 
-236, 68, 28, 240, -46, 136, 106, -130, -230, 50, 132, 154, 234, -122, 44, -170, 176, -58, 76, 92, 10, 100, -150, -6, -192, -116, -132, -172, 144, 88, 34, 128, 184, -10, 12, 80, -76, 64, -264, -194, -56, -54, 102, 64, -306, 16, 74, 82, -124, 256, -172, 120, -24, -104, 210, 174, -92, 204, 204, 132, 206, 8, -2, 16, 12, -122, 316, 50, 60, 80, -198, -72, -34, -76, 22, 148, -68, 86, 118, 92, 122, 92, 70, 120, 120, -16, -32, -320, -46, 132, -54, 100, 156, -60, -62, 294, 92, 60, 218, 74, 168, -140, 208, -160, 38, 86, 52, 210, 0, 114, -2, -110, 204, 170, 130, -136, -148, -268, -16, 8, 186, 68, -8, -194, -16, -50, 72, -32, -96, -4, -24, 140, 72, 216, 32, 140, 22, 12, 4, 306, 62, -220, 182, -54, 44, 136, 180, 112, -34, 44, -128, 142, 50, 56, -36, 46, 4, 50, 54, 138, -110, 6, 96, -2, 210, 52, 192, 68, -138, 226, -18, -44, 48, 126, -84, 46, -88, -62, -8, 110, 206, 22, 64, 172, -22, -22, 94, -16, -68, 72, 122, -36, -82, 238, -74, 124, -20, -80, 106, 102, -4, -182, 96, -142, -136, 46, -114, -6, -22, -40, -98, 74, -8, -142, -36, 182, 228, 26, -58, 110, 110, 56, 68, 56, 92, 66, 88, -298, -26, 198, -68, 202, 66, 206, -88, -70, -92, 132, -78, -94, -10, -112, -78, -30, -4, -82, -18, 6, 134, -78, 150, -116, -78, 384, 116, 316, 350, 120, -32, 248, -102, 14, 238, -192, -62, -108, 22, -10, 124, 18, 32, 278, 242, -32, 210, 148, 146, 48, -58, 44, 248, -134, 94, 146, -214, -110, -70, -32, -16, 100, -298, 100, -24, 144, 74, 102, -122, 10, 56, -16, 108, 68, 152, 132, 304, -36, -20, -84, 88, -16, 78, 36, 86, -88, 52, -160, -64, 62, 162, 110, -68, -128, 24, -172, -210, 48, -4, -14, 102, 22, 274, 218, 58, -182, 94, -30, -4, -54, -110, 52, 108, 56, -142, -44, -92, 52, 112, 22, 128, -168, -40, -98, 104, 208, 124, 64, 156, -190, 252, -4, 2, 60, -82, -108, 108, 120, 132, 204, -52, -46, -96, 52, -40, 246, 172, -30, -64, 8, -42, 64, -12, -124, 42, 140, 198, -20, 44, 34, 68, -80, 48, 20, 466, 38, 158, -10, 92, -176, -48, -42, -260, -116, -150, 64, 140, 264, -88, 150, 96, 18, 162, -10, 62, 32, 72, 158, 76, -128, 36, -60, 80, 100, -212, 272, 48, 4, 62, 12, 8, -106, -54, -42, -230, 152, -104, -116, 22, -132, 94, -6, -50, -22, -118, -44, 176, 96, -50, 80, 46, -16, 286, -126, 110, -40, -118, 88, -48, 172, 212, 118, -12, 52, -40, -10, 124, -212, -30, 10, -134, 86, -234, 52, -108, 100, -26, 34, -204, 74, -128, -18, 256, -24, 194, -280, 140, -14, -92, 74, -52, -32, -38, -140, -24, 208, -42, 94, -70, 16, -228, 166, 
338, -72, 144, -166, -4, -128, 108, 148, 90, -60, -24, -152, -150, -170, 44, 42, -188, 22, -38, 82, -58, 10, 144, 58, 260, 170, 188, -6, -96, -114, 82, 16, -38, -36, -4, -40, 58, 20, 346, 300, 20, 84, -234, -98, -82, 38, -28, -130, 10, -124, 262, -10, 98, 210, -20, -88, 2, -258, -108, 152, -64, -20, 228, 82, 184, -28, -34, 60, -14, 186, 250, 210, 136, 106, -36, -256, 162, -64, -148, -140, -24, -78, -80, -114, -174, 86, 60, 148, 8, -62, 104, -70, -78, -2, 50, -370, -46, -50, -138, 2, -108, 72, -174, 86, 2, -26, -46, 18, 60, 66, 132, 140, -176, 12, -32, 12, 298, 38, 242, -152, -92, -122, 32, 148, 86, 70, -52, 16, 58, 86, 40, -144, -8, 90, -50, -120, 142, -4, 88, -378, -10, 278, 110, 288, 98, 0, 130, -32, 110, -136, 182, 108, -126, -42, 10, -30, 210, 60, -72, -174, 78, 54, 106, 148, -76, -126, -88, -48, 76, -258, 130, 102, -264, 16, 112, -138, -10, 136, -48, -4, -36, 102, 68, -30, 112, 78, 6, -24, -40, -74, -188, -6, -218, -148, 100, 84, 42, 212, -102, 42, -62, 68, 128, -50, 4, 4, 42, -44, -4, 46, 60, -32, -124, 164, 94, -250, -184, 46, -56, -50, 82, 40, -84, 68, -184, 132, 28, 194, 78, -138, 42, -100, 114, -220, -14, 12, 108, 6, 242, 92, -116, 94, 110, 44, -40, 60, 26, 16, -4, 44, 162, 64, 188, -204, -58, -10, -104, -144, 12, -188, 10, 198, 26, 242, 114, 2, -188, 86, -28, -154, 56, -296, -44, 32, -64, -64, -176, 60, 88, 136, -50, 42, 82, -76, 170, 92, -8, -12, -204, 28, 170, 4, -154, -118, 28, 22, 144, -44, -32, -16, -80, -32, 52, -192, -202, 240, -4, 62, 136, 12, -228, 58, 198, -24, 8, 316, -112, -30, 14, -42, 214, 86, -2, 180, 74, -34, -40, 70, 40, 52, -102, -158, -30, 82, 66, -66, -88, -90, 194, -54, 68, -54, -18, 40, 162, -160, 6, 56, 78, 92, 8, 108, 188, -52, -102, -70, -78, 112, -248, 104, 160, 68, -40, 172, -56, -254, 142, -140, 198, 132, -136, 94, 30, -56, 74, 176, -42, 28, 152, 188, -160, 234, 100, -182, -254, 80, 0, -130, -102, 136, 18, -168, -276, -36, -78, 80, 18, 134, 56, 190, 436, -8, 54, -134, -216, -434, 98, 60, 10, 122, 160, 0, -74, 4, 118, -222, -2, 130, -20, 240, 82, -62, 66, -114, -118, -102, -126, -132, -88, 50, 114, 330, 156, 86, 242, 172, 172, 96, -56, 30, 100, 98, -68, 164, -52, -192, 128, 228, 110, 10, -286, 204, 26, 122, 130, 210, -88, -108, -90, -100, -60, -98, 66, -44, -4, 56, -86, -44, 120, 44, 200, -176, -18, 144, 72, 82, 390, 136, 296, 48, -114, -38, -154, 164, -8, -62, 74, 96, 186, 50, 86, 200, 24, 26, 66, -92, 52, 72, 246, -250, 
30, 112, -22, 214, -8, 58, 52, -144, -194, 72, -4, 232, 74, -36, 62, 26, 282, -42, 108, -36, 12, -44, -134, 20, -392, -46, -260, -88, -32, -136, 30, -68, 98, 56, -32, 260, -38, 12, -236, -190, 52, -42, 128, -38, 14, -18, 22, 98, 2, 124, 24, 96, -186, -220, 170, 96, 48, 274, 100, -54, 300, 66, -352, -4, -66, 4, 164, 74, 68, 122, -62, -94, -106, -80, -58, 342, 196, -124, 72, 58, 126, 56, 250, 86, 122, 122, -70, 84, -32, 116, -68, 208, 38, 78, 116, 438, 14, 158, -46, 14, 76, -4, 46, -58, 170, -212, 52, 116, 184, 182, -174, 20, 196, 16, 90, 64, -198, 2, -164, 20, 168, 162, -10, -170, -124, -60, -4, -16, 140, 28, 80, 64, 42, 124, 292, -48, -130, 158, 22, 228, 110, -8, -14, -20, 16, -38, -138, 76, -118, 54, 80, -28, 38, 8, 114, 46, -36, 142, 62, 14, 104, 136, 80, 28, 44, 76, 98, 76, -60, 18, 24, -172, 248, 28, -96, 8, 242, -202, 146, 26, 6, -170, -260, 136, -168, -36, 142, 80, -4, 210, 278, 12, 158, -86, -52, -172, -4, -42, -54, -16, 80, -34, -50, 60, -146, 198, -124, 0, -98, 10, 62, -22, -90, 60, 10, -74, 152, 158, 136, 142, -144, 32, 160, -104, 116, -246, -40, -88, 58, -126, -62, 100, -26, 100, 78, -152, -166, 54, -114, 40, 14, -50, -56, 90, -22, -12, -150, -154, -80, 76, 16, -86, -172, 122, 68, -24, 10, -90, 14, 196, 34, -62, -106, -134, -82, -252, 140, 112, 20, 170, -32, 140, 148, -96, -28, -74, 140, 100, 78, 60, -126, -4, 18, 24, -82, 356, -38, 186, 72, -150, 60, -122, 166, 24, -112, -20, -74, 56, -12, 0, 2, 86, -80, 36, 292, 44, 132, 68, -24, 138, 396, 24, -134, 94, -92, -46, 236, -30, -24, 156, -352, 2, -174, 110, 46, -40, 120, -28, -64, 32, -40, 34, 66, 24, 58, -26, 198, 20, -172, 144, -38, 10, -68, 176, -144, 210, 174, 14, -100, 38, -18, -92, -76, 20, -28, 156, 106, 44, 94, 42, -78, 72, 236, -210, 16, 390, -76, -132, -242, -8, 128, 62, -144, 32, -30, -120, 30, 52, -194, -162, 232, -278, 6, 0, 168, -120, -136, 322, 218, -110, -204, 252, 158, -144, 288, 6, 154, -26, 86, -110, -248, -22, 24, -20, 212, 232, 110, -80, 60, -198, -70, -122, -114, -40, -230, 228, -100, -66, 36, 94, 44, 0, 80, 80, 76, -28, 102, 102, 144, 12, -138, -246, -36, -190, -168, -126, -164, -32, 34, -130, 8, 28, 168, -28, 82, 174, -134, -28, -64, -54, 290, -196, 6, -206, -146, -180, 264, 108, -82, -134, -86, 152, -48, 112, -22, 172, 8, -30, 22, 6, -32, 176, 98, -82, -160, -92, -238, -152, -186, -24, 2, -24, 164, -20, -24, -128, -84, 16, -92, 100, -124, -60, 26, 4, 62, 60, 86, 228, -34, 274, 
76, 128, 28, 130, 70, -174, 308, 164, 126, 78, 166, -200, -28, -16, -42, 76, -234, 82, -54, -56, 102, 66, 110, -110, 324, -102, 110, 84, -56, 16, 208, 138, 130, 50, 8, -88, -6, 160, 252, 256, -28, 54, -110, 38, 52, 2, 84, 38, 88, -214, 34, 86, -50, 170, -114, 54, 98, -24, -188, 30, -58, -48, 80, -168, 86, -36, -56, -94, 60, -190, 66, 138, 200, 30, -20, -130, 0, 80, -160, -32, -122, -44, -62, -150, -14, -28, 180, 98, 102, 96, 0, -246, -72, 60, 18, -118, 4, -64, 54, 42, 44, 24, 80, 256, -104, 52, 114, -98, -220, 8, 258, -96, -34, 160, -68, 98, -12, -150, 218, 134, 40, 18, 70, 90, 130, -40, -144, 36, -58, -258, -98, -166, 2, 6, -134, 182, 26, -88, -40, -196, 84, 86, 26, 84, 54, 192, -40, -22, 104, -74, 30, 186, -136, 142, -78, 88, 140, -82, -80, -90, -32, -58, 68, -76, -96, -48, -62, 16, 112, 38, -48, 164, -84, -142, -64, -52, -82, 246, -196, -26, 146, 286, 154, -344, 202, 38, -58, -198, -38, -122, -328, -34, -6, -30, -186, 272, 52, 6, 202, 146, -146, 38, 142, 46, 22, -282, 136, -60, 70, -122, -102, 72, 38, -14, -206, 176, 156, -86, -92, -112, 302, -92, -62, 146, -36, 210, -180, 120, 142, 160, 228, 88, -22, 332, 76, 76, 118, -80, 260, -94, 40, -2, -98, 32, -66, 178, 200, 104, 6, 88, -2, 120, -36, -70, 68, -34, 48, 2, -170, -112, -52, 156, 178, 118, -28, 154, -116, 92, -104, -268, -12, 54, 104, -8, 12, 100, -166, -262, 10, 100, 116, 128, 68, 24, 110, -326, 82, -76, 54, 200, -114, 154, -40, 0, 298, 48, 34, -82, 4, 18, 48, -10, 66, 84, -198, 0, -100, 148, 34, -156, -312, -6, 26, 110, 192, 114, -130, 56, -134, -104, 468, 302, 182, -104, 168, 58, 28, -12, 68, 70, 72, 44, 188, 80, 56, 86, -12, 78, 208, -96, 202, 160, 104, -128, 110, -248, -182, -24, 72, -124, 60, 36, -54, 136, 16, -44, -2, -152, 66, 32, 14, 118, -78, 294, 42, -256, 46, -54, 52, 66, -58, -130, -124, 36, 204, 152, 14, 132, -4, 210, -36, 180, -78, -196, -60, 112, 100, -208, -8, 28, 92, -210, 98, 32, -110, -8, 70, 100, -186, 128, -76, -36, -50, 16, -172, -90, 16, 136, 204, -32, 50, -76, 54, -148, 202, -164, 140, 56, 52, -84, 0, 22, -122, 168, -72, 128, -154, -92, 130, 22, 62, 70, 112, 148, 86, 300, 20, 20, -160, 238, -2, -56, -110, 164, 104, -52, -80, 50, 156, 44, -224, 134, -80, 70, 154, 86, -360, 132, 60, 288, 110, -174, 200, 86, 40, -300, -148, 134, 50, -28, 34, -90, -98, 24, 80, 142, 220, 278, 166, -74, -2, 152, -88, 48, -16, -102, 48, 110, -120, -70, 230, 36, 152, 132, 2, 18, -102, -220, 0, -162, 
14, 24, 170, 70, -150, 28, -94, 56, -178, -14, -140, 112, 166, 38, -176, -50, 32, -82, 60, -16, -50, -152, 12, 28, -46, 116, -64, -172, 78, 20, -356, -214, 4, 42, -42, 38, 254, -154, -206, -174, -26, 62, -34, -52, 74, 244, -80, 40, -156, 152, -22, 36, 190, 32, 142, -18, -110, 72, 122, -14, 142, 60, -32, -42, -122, 198, 104, 176, 10, 206, -68, -172, -110, -56, 202, 134, -24, 4, 236, 32, 234, 198, 166, 192, -194, 66, -80, -20, 176, -84, 58, 184, -108, -216, 48, 116, 52, 78, -44, -48, 42, -20, 102, -44, 212, 22, -16, 90, 68, 70, -78, 108, -24, -172, 68, -182, -6, 410, -174, 56, -12, -88, -76, -102, -24, 222, 192, 18, -8, 148, 170, -60, 100, 60, 140, 78, 74, 2, -162, -54, 80, -122, 54, -4, -106, -60, 60, 116, -46, 204, 184, 62, 84, 102, -32, 70, -78, 114, 124, 20, -20, 28, -138, -88, 8, -58, 156, 96, -174, -78, 144, -92, -30, 30, 160, 138, 22, -138, -34, -60, -134, -218, -176, 348, -174, 136, 72, 176, 56, 92, 252, 6, 96, -16, 222, -192, -86, 232, -206, 4, 182, -4, -194, -26, -56, 222, 42, 98, -70, 118, 170, -82, -20, 86, 214, -16, -110, 32, 58, 44, -260, 158, 42, -52, 138, -56, 68, -8, -184, -130, 78, 56, 118, -244, -46, 60, -104, -4, -44, 56, -58, 56, 94, 144, 162, 86, -40, -48, 10, -166, -78, -48, -24, 68, -116, 32, 136, 96, 46, 294, 78, 48, 40, -26, 142, -172, 4, -24, 124, 178, 94, -20, -90, -164, -24, 28, 116, -20, 48, 270, -52, -26, -20, -128, 104, 216, -114, 116, 208, -180, 124, -152, -2, 78, -116, -22, -64, 218, 148, -6, -2, -158, -76, -298, 28, -28, 70, -32, -56, 158, 216, 30, 0, -186, -200, -112, -64, 76, 166, 70, -300, -46, -8, 50, -208, 0, 182, 140, -154, 228, -132, 126, -150, -68, -24, 116, 130, -192, 0, 4, 86, -30, -56, 196, 60, 258, 282, -90, 42, -30, -32, 36, 28, 96, -80, 182, 6, 222, 208, -138, 162, -96, 120, -102, 82, 206, 58, -8, 166, -18, 208, -118, 16, 40, -192, -190, -4, -98, 146, -162, 48, 46, 126, 120, -2, -80, -120, 132, -46, -84, 66, 184, -150, -158, 138, -258, 14, 242, 118, -186, 84, -32, 136, 146, 88, 152, -144, -16, -264, 166, -42, 120, -62, 126, -196, 108, -12, 26, 70, -10, -58, 106, 208, -166, 174, -308, 158, 140, 114, 70, 82, -64, 28, -134, 62, -102, -58, -182, 76, -130, 8, 18, 88, -182, -90, 124, 258, -20, -272, 36, 234, -54, 130, -238, 42, -96, 300, 88, 22, -244, -76, 144, -68, -156, -110, 214, 110, 28, -86, -110, 138, 164, 124, 118, 160, -134, -222, -272, 68, 154, -84, 30, 20, 130, -20, 92, 162, 142, 20, 208, -134, -2, -204, -118, -118, 78, -48, 312, 54, 96, 
86, -138, -154, -32, 204, 148, 132, -40, -66, 26, 184, 158, -16, -146, 280, 64, -186, 180, 90, -44, 282, 314, 66, -62, 40, 16, 22, 100, 48, 22, 304, 290, 22, 66, -74, 70, -54, 240, 114, 62, 94, -74, 126, 96, -14, -230, 28, -76, 190, -154, -72, 26, -212, -20, 16, 200, 234, -54, -136, 80, -264, 60, 156, -54, 90, 20, 32, -154, 56, 100, 82, 72, 106, 90, -112, -270, 128, 122, -90, -186, 32, -136, -18, 96, 266, -134, -106, 116, -204, 28, 78, -200, 166, 182, -72, -160, 64, -122, -26, 142, 122, 66, 38, 86, -204, -26, -56, -80, 118, 38, 242, 86, -132, 352, 46, 34, 42, -198, 84, 64, -20, 126, 110, 18, 64, -60, -26, 50, -98, -120, 34, 94, 154, -36, -164, 58, 28, 4, 36, -92, -66, 48, -118, 18, 88, 162, -50, -42, 10, -160, -116, -90, -136, -120, -132, -4, 54, -60, -38, 34, -104, 22, 156, -46, -72, 136, -92, -42, 304, 56, 12, 104, 44, -42, 62, 10, 214, 122, 26, 226, 74, 166, 146, -100, 72, -58, -22, -218, -64, -20, -328, -26, -84, 84, 28, 86, 0, -72, 184, 0, -36, 6, -88, -28, -90, -204, -188, -102, 88, -6, 26, 150, 2, 66, -28, -130, 84, 24, -96, -34, 258, -14, -46, -126, -46, -18, -34, -8, 172, 236, -162, -262, -168, 152, 108, 92, 194, 110, 50, -24, 182, -28, -4, -126, -126, -80, 112, 194, 138, 182, 118, -146, -16, -4, 122, -128, 34, -42, -110, -180, 74, 112, -226, 48, -62, 30, -328, 44, 8, 132, 164, 6, 268, 232, 116, 48, -74, 18, -66, -312, 78, 76, 138, 318, -214, -114, 156, 90, -72, 106, -72, 62, 132, -134, 210, 6, -48, -150, 60, 88, 10, 204, 118, 232, -52, -68, -110, 128, 134, -178, -210, -100, 20, 78, 242, 178, 166, 192, -160, -98, 290, 2, 70, -58, 134, 242, -76, -130, 82, -70, 160, -102, 66, 18, -102, 84, 58, 192, -74, 6, -154, 108, 42, -102, 106, -222, -116, -86, -52, 150, 18, 36, 40, 20, 100, -154, 84, -46, -170, 88, -76, 238, -6, 160, 82, -20, 108, 238, -164, 82, -186, -36, 274, -224, 42, 190, 246, 274, -76, 184, 4, -24, -42, 54, 84, 148, 80, 42, 10, -12, 184, -36, 64, 136, -90, 182, 14, -144, -126, 322, -54, 66, 16, -22, -106, -224, 134, 66, 256, -90, -102, -194, 212, -172, 136, -88, 134, -2, -84, 60, 210, -188, -54, -30, -16, 190, 10, -42, -168, 20, -144, -66, 98, 278, 68, 102, 62, 256, 96, 42, -64, 234, -200, 50, -122, -68, -266, 34, 74, -168, -40, 116, -124, 138, -72, 130, -38, 132, -18, 284, -108, -62, 20, 186, 22, -122, 8, 94, 80, 216, -164, -228, -68, 82, -100, 86, 232, 224, -256, -58, -36, -140, 80, -84, -32, -88, -78, -26, 222, -92, 206, 48, 78, 176, 58, 8, -84, -50, -140, -136, 
36, 96, 180, 12, -184, -138, -52, 144, 28, -68, -40, -130, -72, 188, -198, 114, 118, -80, 48, 216, -18, -210, 140, 62, -72, 126, -26, 104, 78, -40, -52, -222, -28, -158, 120, -42, 258, -76, -168, 98, -120, 136, 150, -36, 52, 144, 68, -62, -42, 140, 256, 146, 40, 162, -76, -208, -168, 96, 68, -174, 226, -96, 30, 84, -14, 114, -62, 242, 14, -48, -154, 68, -174, -92, 114, 326, -16, 76, 234, 146, 58, 174, 54, 24, 30, 176, 90, 66, 244, 128, 132, 58, -266, -208, -14, 128, -2, 20, 208, -110, 42, -58, -214, 102, 222, 176, 110, 212, 60, 66, -190, 146, 178, -162, -58, 156, -36, -16, -26, -58, -34, -176, 34, -30, 50, 34, 114, -236, 118, 164, 72, 2, -46, 112, 110, 10, -92, 66, -90, 64, -28, 288, 102, -38, -110, -28, -28, -32, 158, 128, 140, -78, 94, -2, 258, 134, -206, 130, -54, -24, 156, 206, -56, 110, 162, 96, -2, 30, -160, 36, -26, -186, 142, 176, -16, -54, -96, -38, 130, -248, -18, -60, -146, 40, 30, -44, 6, 30, 206, -136, 274, 40, -82, -18, -62, -198, 64, 74, -124, -96, 62, -90, -10, -54, 110, 108, 100, -168, 68, 54, -52, 202, -90, -2, 124, 138, -22, 112, 24, -52, -252, 16, -98, -118, 236, 140, 132, 70, -20, -158, 228, 108, 70, -134, -34, 26, -64, 70, -6, 170, 112, -70, -104, 92, -82, -20, -32, -130, -88, -72, -96, 190, 40, -134, -76, 88, -52, 38, 166, 166, 24, -104, 194, 254, -120, 36, 354, -64, 110, 56, -160, -12, 16, 102, -16, 246, 36, 20, 114, 334, -100, -20, -76, -248, 198, 182, -188, -48, -48, -82, -58, -8, 36, -26, -164, 70, -28, 70, -2, -68, -78, -114, 12, -2, 110, 210, -34, -60, 38, 72, 228, 238, 62, -4, -104, -272, 112, 60, 34, 250, -164, 38, -84, 162, -198, -104, 20, 24, -22, 76, -136, -54, -88, -78, 106, 52, 124, -164, 130, 50, 170, -26, -74, 122, 126, 290, 80, -6, 82, 76, 44, -32, -162, 186, -240, 176, 56, -172, 264, 90, 170, -212, 72, -198, 84, 58, 6, -126, 350, -78, 22, -36, -146, 184, 0, -2, -130, -76, 166, -2, 230, 118, 118, 36, -100, 82, 26, -2, 54, 170, -96, 56, -44, -180, 60, -130, -80, 46, 48, -4, 44, 54, -88, 74, 60, 118, 56, 114, -212, 146, 144, 42, -228, 134, -4, 100, 38, 134, 242, 134, 6, 48, 58, -130, 16, -188, -42, 80, 28, 54, 82, 236, -254, 14, -36, 18, -100, -252, 0, -82, 196, -178, 312, -2, 38, 126, 154, 104, -52, 72, -78, -178, 40, -154, 44, 128, 152, -88, 126, -338, -102, 26, 240, -34, -6, -28, 92, -190, -30, -88, 40, 78, 214, -106, 54, -40, 26, -196, 286, 26, 82, 192, -106, 72, 234, 96, 54, 88, -134, 76, -56, 100, 42, -56, 82, -94, 82, -48, 154, 134, 
12, 40, -206, -60, 108, 128, -122, -38, 40, -46, -58, 104, 10, -88, 268, -116, -132, 150, -148, -150, -32, 352, -264, -90, 168, -288, -174, -20, 20, 172, -38, 130, 90, 192, -260, -84, -74, 156, 72, -188, 162, 46, 130, 122, -38, -76, -64, 144, 22, -64, -32, -50, -60, -4, 86, 254, 112, -104, 148, -40, -294, 18, 106, -34, 260, 2, 76, -206, -152, 126, 0, -92, 150, -52, 58, -274, 134, -56, -330, -50, -38, -202, 84, 10, 84, -26, -112, -34, -292, 62, -158, -6, 214, 186, 108, -106, 276, 228, -262, 64, 98, -8, 140, 82, -122, -348, -30, -174, -166, 38, 232, -164, 84, 34, 30, 142, 78, -80, -60, -178, 18, 130, -44, -84, 22, -4, -76, 176, -84, -70, -102, -64, 120, -88, -172, -94, 94, 270, 256, 164, 14, -146, -262, -32, 176, 136, -156, 190, -96, 52, -72, 168, 18, 40, 70, -144, 104, -48, 174, 210, -112, -40, 220, -4, -122, -42, -128, 96, -16, 42, 96, 170, -238, 66, -54, 120, 84, 214, 186, 154, 4, -30, 304, -148, -42, 38, -126, -70, -104, 258, 20, 102, 42, -214, 90, 76, 38, 54, 126, 206, 18, 54, -200, 102, 228, -32, 42, 128, -18, 144, 58, -184, 158, -32, -36, -74, -112, -82, -112, 18, 160, 40, 122, 62, -38, -12, -126, -158, 26, 118, 42, -166, 38, -2, 82, 200, -78, -38, 0, 68, 104, 142, -12, -44, 38, 50, -100, 86, 200, 96, 406, -158, -68, 42, 42, 240, 218, -18, -174, -186, -74, -36, -114, -94, 124, 128, -216, 52, 46, 26, 134, 68, -136, 32, 144, -250, -50, -66, 54, -110, 90, 84, 118, 268, -78, -36, 314, 30, -8, 122, 128, -48, 58, -146, 8, -56, 112, 0, 42, -12, 214, 4, -136, 166, -14, -144, -38, 226, -168, -130, -88, -94, 26, -12, -110, 32, -184, -90, 60, -102, 50, -196, 140, -20, 242, -202, 60, 90, -124, -82, 14, 186, 60, 228, 18, 190, 48, 72, -124, -208, 100, -140, 60, 8, 120, -32, 106, -4, 114, 92, 14, 130, 260, -110, 190, -222, 28, 58, -78, -122, -88, 40, 2, 304, -254, 8, 38, 208, -338, 198, -70, 114, 86, -204, 90, -140, 32, -30, 2, -52, -110, -144, 46, 120, 22, -172, 54, 96, -124, -108, 190, 14, 192, 204, -6, -10, 32, -132, -144, 200, -22, 38, 72, -126, -132, 14, 10, -118, 356, -34, -10, 168, 126, 96, -52, -106, -34, -94, -2, 232, -78, -130, -98, 40, 20, 8, -20, 8, 88, 82, 134, -60, 138, 22, -16, 130, 148, 182, 14, 110, -112, 256, -206, -78, -34, -264, -222, 40, 74, -180, 66, 258, 102, 120, -56, -156, -94, 10, 28, 264, -44, 180, -102, -16, 52, 80, -76, 126, 28, 182, -168, -80, -144, 130, -30, 114, 140, 228, -240, 12, -4, -136, 30, -90, -194, -196, 180, -164, 192, 106, -130, -90, 80, 236, -12, 18, -162, 100, -56, 112, 
-22, -30, 36, 6, 88, 6, 40, 68, 72, 298, -64, 54, 16, 184, 20, 96, 132, -82, 138, 230, -30, -294, 120, 134, -152, 150, 142, 250, -10, -10, 80, -148, 36, -308, 168, -162, -26, -278, 46, 238, -42, -22, -76, -22, 54, 86, 192, -84, -66, 156, 42, 22, 18, -214, 8, -106, -188, 114, 64, -2, 272, 46, -112, 32, -256, -52, -164, 348, -82, -92, 38, 54, -106, -60, 16, 344, 72, 38, -24, 298, 80, 234, 218, -24, -128, 28, 80, 108, 190, 140, 210, -44, 48, -116, -138, 180, -176, -70, 354, -26, -34, -14, 26, 6, 26, 310, 0, 28, 20, -232, -130, 314, -42, -92, -64, -174, 4, 136, 28, 68, -46, -26, -42, 84, -22, 88, -132, -116, 208, -50, 52, -126, 8, 132, 88, 112, -20, 52, -72, -94, 44, 104, 240, 198, -72, 76, 324, -42, 202, -60, 96, -160, 102, -68, -52, 230, 24, 74, -36, -6, 32, -50, -122, -68, 248, 230, -8, 120, -56, -38, -72, -112, 118, 18, -58, -48, -4, -10, -174, -108, 34, 112, -310, 14, -130, -30, 22, 120, -78, -156, 14, -278, -336, 300, -70, -24, -252, -106, -66, -98, -22, 18, 132, -140, -102, -22, -48, -68, 190, 22, 26, 182, -30, 64, -30, 72, 64, 168, 110, 0, -16, -108, -202, 230, 48, -32, 148, 430, -30, -122, 6, 20, -8, -130, 0, -134, -38, 52, 48, 128, -114, -82, -72, 84, 104, -48, 40, 8, 30, 138, -138, 306, 24, 56, -42, -194, -92, -124, 94, 94, 72, -32, 266, 220, 14, 116, 120, 74, -34, -12, -216, -14, 142, 60, -56, 352, 178, 60, 78, 102, -214, 94, 10, -124, 150, 46, -190, -66, 58, -210, -54, 82, -36, 132, -94, 294, -26, 50, 26, 66, -388, -30, 40, -12, 106, 118, 54, -236, 310, 204, -148, 160, -42, -132, -20, -56, 152, 20, 0, 72, -30, 284, -124, 198, -216, 76, -14, -134, 36, 8, 30, 208, -90, -142, -18, 94, 66, -98, 54, 158, 60, 160, -188, 42, 18, 126, -92, -38, 220, 32, -50, -164, -62, 82, -116, 114, -192, -88, 20, 164, 76, 68, -62, -90, 282, -30, 46, 4, 58, -12, 12, -8, -58, 130, -44, 62, -152, 20, 244, 242, 120, 186, -114, -16, 0, 0, -100, -12, 108, -42, -22, 56, -166, 10, 24, -160, -150, -88, 46, 50, -92, -42, -128, 266, 66, 38, 228, 120, -472, 118, -132, 12, 140, 6, 16, 128, 44, 272, 52, -36, 32, 114, 6, -74, -50, 118, -60, -112, -32, -46, -86, 236, -64, 66, 102, -10, -94, -54, 120, 74, 188, -66, 130, 200, -128, 278, 278, 114, -30, 8, -34, -80, 172, -18, -64, 164, 46, -98, 8, -66, 120, -306, -18, 34, -60, -58, 260, 164, -78, -56, 206, 150, 14, 182, 42, -38, -98, -154, 332, 60, -98, 228, 46, 50, 202, 84, -66, 248, -164, -14, 182, 218, -54, -4, 158, 128, 78, -56, -2, -268, 
120, -22, 140, 10, -196, 304, 0, 114, -96, -212, 168, -150, 60, 18, -22, -80, 52, 32, -310, -36, 4, 338, -54, 14, 62, 70, -34, -272, 12, 136, -134, 82, -74, 256, -44, 202, 78, 84, -100, -126, 4, 16, 164, 112, -44, 58, -110, -38, 106, -154, -42, 8, 84, 112, 64, 168, 296, 70, -238, -196, -36, 22, 220, 94, 0, 110, 146, -20, -88, 94, -134, 122, 0, -18, 132, -80, -94, -2, 16, -176, 50, -126, -220, 14, -106, 70, 16, -18, -298, 70, -210, 36, -60, 72, 42, -120, 76, 16, -174, 110, 48, 16, -66, 38, 198, -194, -38, -72, 120, 130, 136, -106, 286, 168, 128, -18, 2, 60, -64, 220, 232, -52, 104, -8, -32, -36, -48, 130, -176, -72, 136, 142, 12, 172, 2, -30, 82, 112, 54, 102, -182, -130, -162, 116, 240, -94, -184, -124, -86, 24, -42, 110, -20, 106, 82, -308, 154, 174, -14, -20, 30, -180, 108, 70, -114, -200, 32, -116, 186, 52, 110, 4, -88, -14, 90, 164, 152, 136, 132, -52, -62, 56, 384, 46, 164, -14, 24, -36, 94, 64, -102, 186, 268, -48, 32, 216, 200, 144, 116, 156, 126, 146, -76, 78, 32, 126, 48, -76, 26, 82, -182, -128, 34, 50, 68, -268, -144, 18, 90, 32, -20, 178, 208, 10, -258, -24, -64, -104, 20, 204, 66, -60, 150, 252, -48, 38, 146, -212, -48, -260, 288, -60, 152, 68, -126, 144, 90, 14, 34, -56, 64, -188, 22, -40, 50, 226, 244, 0, 142, -28, 22, 68, -108, -264, -90, -116, -96, -18, 42, -42, 258, 26, -208, -102, 40, -162, 34, -224, 148, -292, 42, 18, 92, 126, -268, 0, 222, 100, -100, 34, 70, -62, 34, -188, 90, 20, -300, 98, -2, -134, 238, 122, 114, 190, -56, -70, 94, 54, -272, -252, 170, -36, -12, 118, -4, -4, -74, 94, -158, -114, -60, -68, 28, -132, 2, 8, 70, 254, -92, 84, -34, -52, -200, 106, -12, 14, 158, 150, -26, -30, 98, -216, 140, 96, 98, -22, 120, -114, -96, 16, 174, 54, 154, -52, 128, 44, 86, -64, -20, 56, -130, -172, 66, 130, -164, 128, -76, 62, -4, 28, 254, 114, 96, 110, 194, 74, -2, -10, -144, -206, -84, -108, 70, 90, -18, 76, 142, 68, -14, 56, -4, -10, 148, -42, -2, 26, 68, 62, -62, -192, 80, 4, 192, -214, -44, 38, -244, 8, 52, 26, 48, 42, -144, 34, -110, -26, 48, -110, 8, 44, 24, -212, -122, 222, 30, -22, 156, 112, 186, -110, 176, -192, -60, 46, -200, 130, -188, 90, -132, -34, -38, -48, -220, -168, -76, -258, -416, -152, 54, -2, -10, 30, -272, 152, 194, 40, -60, 14, 148, 258, 154, 30, -8, 112, 114, 136, -132, -164, 182, 330, -104, 100, 52, 102, -80, -4, 44, 26, -104, 4, 32, -150, 40, -88, -100, -6, 208, -352, 232, 178, -70, -54, 176, 100, 62, -126, -8, 14, 154, 234, 
-102, 70, -50, -52, 156, -56, -94, 60, -18, 30, -206, 88, -36, -34, -80, 68, 6, -110, 236, 12, 110, -308, -238, 72, 116, -14, 170, 282, 60, -110, 68, 32, -10, -88, 94, -70, -50, -170, 230, 134, 16, -92, 108, -110, 192, -54, 98, 14, -162, 214, 176, 116, -20, 48, 20, 24, -26, -80, 178, 144, 126, -64, 24, -196, 90, 30, -116, -54, 200, 150, 106, 2, 120, -6, -134, 274, 222, 58, 70, 298, 34, 34, 390, 56, 0, -50, 56, 114, 468, -32, 510, 6, 144, 164, 226, 126, 152, 10, -6, 74, -80, -16, 116, 12, -74, 180, 130, -12, -32, -46, -46, -30, -126, 74, -20, 20, -62, 52, 40, -46, -172, 18, -46, -218, 226, 64, -52, 260, 386, -12, -38, -124, 54, 32, 38, 224, 44, -2, 24, 34, -6, -62, 6, -108, -234, 26, 258, -88, 48, -98, -6, 0, -80, 90, -36, 76, -26, -30, 4, -158, 6, 314, 34, -194, -24, 106, 106, 74, -124, -78, 90, 128, -36, -98, -228, 54, -32, 154, -116, 114, 70, -106, -76, -86, -34, 156, 128, -74, 136, -60, 168, -182, -114, 64, -82, -140, -30, 24, -112, -76, -40, 58, 144, -200, -148, 10, -36, -66, 18, 56, 274, 142, -20, 108, 170, 150, 132, -110, -316, 42, 58, -200, -176, 90, 368, 126, 300, 82, -60, -164, -80, -60, -172, -28, 186, 28, -108, 280, 48, 254, -244, 192, -252, 38, 162, -132, -158, -12, -116, 66, 48, 76, -78, 46, -42, -64, -62, 88, 98, 92, -58, 4, 232, 16, 108, -134, 296, 52, 136, 2, -130, 50, 68, -30, 8, 140, 8, 260, -48, 294, -28, 12, 96, 88, 208, 30, -120, -30, -20, -44, 110, 122, -216, 120, -148, 44, 206, -108, 120, 156, -178, 40, -44, -182, 126, -134, -128, -60, 302, 202, -26, -46, 40, -78, 74, 78, 70, -214, 234, 308, 34, -18, 14, 216, -34, 218, -78, -274, 52, -14, -22, 90, 120, -72, -92, -230, 24, 92, -26, 56, -2, 224, -188, -100, -154, 28, -226, -12, -46, 78, -86, -14, -44, -150, -90, 134, -24, -46, 60, -12, 202, 168, -84, -4, 224, -222, 56, -112, 6, 74, -32, 20, -238, -252, 80, -78, 78, 126, 314, -42, -206, -96, 214, -2, 182, -20, 20, -90, 26, -48, 70, 112, -90, 96, -14, 72, -36, -134, 74, 216, -174, 100, 90, 214, -110, 196, 76, -138, 52, -92, -80, 46, 138, 168, -36, 126, -216, 102, -176, -46, -64, 182, 46, -114, 160, 250, -38, -246, 94, 58, -130, 130, -46, -118, 134, 8, 110, 8, 100, 246, 98, -20, 136, 264, 94, 246, 142, -58, -106, -6, 12, 66, 112, -178, -126, 218, 110, -98, 10, -92, 60, 88, -6, -64, -150, -104, -70, 106, -74, -136, 328, -44, -32, -88, -36, 10, 6, -98, 298, 88, 96, 176, 92, 50, 130, 216, -56, 200, -22, -54, 222, 96, -230, -14, 4, 140, -2, 18, -168, 122, 
230, 90, -50, 40, -40, -26, 190, 22, 26, 138, 202, 20, 80, 10, 116, -92, -50, 20, -56, 14, -48, 292, 228, -76, -98, 82, 32, -268, -134, 142, -18, 88, -12, -58, 228, 142, 318, 230, -394, 56, 22, 112, -88, 34, 88, 86, -118, 188, 90, -262, -204, -20, 26, -60, -108, -140, -2, 182, -84, 10, -26, -136, -152, 132, 60, 18, -56, 104, -116, -66, 46, 110, -94, 54, 18, -70, -146, -90, 18, -168, 224, -26, -306, -40, 92, 168, 66, -94, -404, 224, -312, -56, 74, -132, -48, -236, -110, -8, 58, -40, 46, 140, -120, 92, 90, -124, 68, 128, 22, 28, 50, 132, 124, -94, 146, 164, 4, -24, 24, 78, 96, 54, 242, 320, -88, 122, 80, -58, -244, 154, 44, -74, -110, -62, 72, -58, -14, 80, 188, 222, 66, 92, 42, 70, 226, 138, -84, -12, 72, 136, -122, 120, 126, -184, -82, -24, -124, 196, 134, 190, -28, -164, -2, 132, 46, -136, 92, 56, -56, -78, -120, 42, 22, 182, 268, 28, 42, -10, -2, -152, -78, 152, 142, -52, -38, -128, -128, -36, 46, 192, -10, 88, 142, -54, -60, 232, 238, 4, 190, 80, 8, 72, -96, 358, 58, -114, 80, 86, 260, 120, -332, -170, -16, 108, -240, -108, -50, 50, 86, 10, -86, 104, 200, -20, -114, -84, -108, -210, -42, 62, 6, 2, 156, 72, -22, 58, 76, -242, 16, -192, 46, -122, 192, 118, -38, -56, 120, -42, 166, -60, 238, 148, 8, 134, -6, -10, -4, -142, 152, 100, 30, -82, -148, 136, -86, 92, -328, 64, -146, -6, 274, 158, 60, 16, 26, -100, 114, -6, 62, -122, 62, -234, 24, -2, -94, -98, -14, -124, -56, 10, 138, -74, 254, -16, -38, -92, -106, 310, -140, 64, 110, -110, 74, 168, -2, 92, 118, 220, -188, -42, 4, -8, -2, 74, 56, 40, -2, 220, 12, -170, 42, -62, -100, -44, 84, 82, 154, 200, 58, 82, -20, -70, -150, -22, 12, 132, -56, -174, 84, -28, 120, -164, 68, 106, 118, -30, 204, 132, 36, 20, 86, 86, 96, -22, -72, -58, -100, 20, -50, 186, -104, -142, 38, 66, -192, 304, 58, 36, -34, -12, 156, 4, 136, 176, -80, 42, 10, -60, -342, 36, 176, 16, -70, 66, -88, -10, 30, 272, 88, -32, 4, -140, 16, -204, -24, 138, 108, 10, -258, 18, 4, -362, -64, 54, 140, -64, 86, 148, -36, 102, 146, -160, -6, -34, 216, -104, 226, 38, 58, 124, 282, -72, 16, 220, -130, -30, -60, 222, -308, -98, -100, -80, -178, -50, 100, 110, 44, -70, -56, -210, 292, 142, -20, -308, -60, -98, 92, -62, 48, 54, 182, -88, -164, 20, 58, -260, -66, 20, 82, 206, 74, -50, 120, 6, 344, 120, -104, -34, 92, 94, -394, 160, -38, 254, -40, -12, -6, -124, -178, 186, -102, -52, -112, -12, -150, -24, 252, -194, 164, 24, -124, -26, 206, 68, -160, 26, -72, -44, 98, -38, 
-108, -56, 78, 32, -166, 110, -100, 14, -20, -58, 12, 126, -48, 150, 8, -6, 8, 214, 18, 144, 94, -52, -24, 82, 24, 32, -30, 192, 86, -236, -28, -70, -102, 92, 78, -108, -240, -90, 234, -142, -24, -8, 70, -26, -150, 8, 4, -154, 122, 204, 162, 2, -120, 106, 58, 124, 158, -94, 154, -52, -62, 156, -12, -230, -48, 10, -24, 88, -64, 10, 64, 20, 258, 126, 120, 160, -8, 4, 106, 34, -228, 126, 264, 104, 122, -4, -98, 34, 306, 44, 146, 344, -196, -114, 70, 152, 18, -10, -14, -70, 202, 4, 124, -106, 34, 226, -62, -254, 58, -58, -162, 94, -160, 76, -288, -40, -196, 38, -136, 90, -14, 348, -150, -58, -22, -60, -14, 86, 264, -44, -84, 228, -38, 110, -24, 134, 52, -196, -258, -18, -40, -46, -34, 94, -132, -34, 192, 168, -42, -178, 152, -206, -102, 102, -34, -34, 96, 4, 46, 8, -36, 36, 192, -68, -214, 306, 132, -30, 180, 132, 128, -26, -76, 28, -150, 110, -62, 90, 116, 88, -26, -248, -12, -132, -56, 114, 46, -56, -62, -60, -32, -144, -44, 172, 330, -144, -48, -60, -124, 122, -102, 26, 28, -228, 110, 172, 36, 54, -208, 50, 218, 70, 140, -34, 258, 14, 120, 56, -240, 24, 218, -46, -170, -106, 174, 82, 270, 182, 72, -102, -154, -44, -190, -52, -30, 40, -98, -58, -34, 20, 8, 28, -138, -46, 108, -16, 10, -36, -144, 50, -206, -160, -50, -200, 76, -20, 46, 62, 82, -148, 162, 38, 132, -56, 40, -170, 176, -28, 138, -30, -290, -76, -172, 76, -52, 136, 30, 102, 14, 200, -18, 250, 206, -96, 158, 54, 74, -26, 142, -86, 60, -112, -146, -92, -4, 298, 280, -320, 16, 48, 2, 10, -180, -40, 168, -132, 46, -210, 260, 304, 100, 26, 54, -28, -10, 62, -8, -176, -66, 180, -12, -22, 142, 136, 96, 96, 104, -318, -20, -134, 94, -92, 78, 62, 196, -70, 34, 164, 8, -126, -36, 336, 24, -176, 16, 0, -168, -110, 74, -108, -30, -86, -184, -60, 258, 116, 198, 0, -10, -116, 250, 154, 122, -178, 116, -162, 88, 148, 182, 98, -242, 132, -44, -56, 154, -24, -236, -74, 198, 164, -118, -108, 34, -70, 92, -78, -40, -28, -50, 10, -104, 58, -32, 24, 12, -86, 92, 48, 300, -182, 8, 88, 118, 154, -136, -24, -32, -140, 150, -186, -244, 194, 216, 126, -118, 80, -164, 188, 98, -128, -206, 74, -4, -120, 96, -86, 258, -126, 132, -6, 188, 218, -66, 86, 52, 66, 30, -64, -32, 176, -170, -34, 72, 262, 60, -50, 84, 8, 26, 56, -92, 22, -20, 78, 162, 244, -118, -34, -236, -118, 62, 138, 54, 94, -92, -22, 38, 50, -154, -38, 214, -142, -16, -152, 78, 72, 210, 86, 134, -150, -58, 102, -22, 204, 40, -178, -114, 52, 88, -176, 40, 126, -96, -32, 274, -24, -42, -68, 8, 92, 
216, 120, -86, -14, 300, -118, 208, -66, 100, 76, -128, -80, -102, -42, 68, 120, 38, -64, -124, 24, -148, 66, -20, -186, 66, 176, 114, -6, 30, 286, 20, -2, -138, 164, -36, -12, 256, -100, -206, 64, 134, 132, -14, -48, 308, 52, 30, 90, 76, 58, 56, 74, 236, 2, -66, -36, -164, 22, -70, -118, 204, -86, -34, 172, 98, 136, -122, -78, -34, -78, 146, 32, -80, -104, -126, -158, 86, 164, -30, 154, 258, -90, 56, 46, 68, -22, 40, 62, -214, 28, 26, -180, 82, 18, -54, -26, -50, 186, 286, 116, -250, 138, 36, 170, 40, -76, 246, 142, 98, -114, 90, -230, 146, -16, 156, -44, 28, -168, 116, -4, 164, -60, 28, 52, 66, 38, -64, 32, 142, 128, 82, -96, 214, 22, -52, -56, 140, 16, -52, 72, 48, 56, 44, 34, 72, 4, 54, 24, -140, 296, 54, 252, -2, -38, -132, 176, 6, 118, -40, 142, 6, -4, -72, -2, 104, -78, -80, 112, -144, -34, -124, 36, -8, 42, 260, 124, 52, 136, 70, -12, 78, 238, 78, 278, 82, -90, -18, 68, 118, -174, 136, 212, -68, -208, 34, 250, 198, 52, 128, -44, -44, 38, -88, 356, 58, -94, -26, 18, 138, -110, 148, 2, -102, 62, -148, 64, 32, 30, 176, -222, -158, -48, 242, -78, -168, -52, -194, -34, 14, 228, 194, -28, 264, 260, -102, -18, 144, 106, 64, -168, 110, 44, 254, -16, -248, -18, -34, 70, 176, 138, 150, 60, 162, 248, 2, 28, -78, -112, 84, 166, -152, -96, -42, 124, 82, 256, -116, 42, -80, -160, 308, 136, 116, 148, 160, -102, -20, -82, 46, -374, -138, -42, -180, 44, 114, -98, 36, -20, 20, 158, -22, 132, 212, 80, -6, -116, -54, 320, -4, -70, -48, -116, 58, 124, -34, 160, 74, 260, -4, -174, -88, -66, 186, 58, 90, 20, -162, 212, -94, -298, 28, -58, -226, -210, -26, -118, -80, 84, -74, 132, 124, 70, -40, -56, -132, 338, 114, -126, -56, 10, 66, -96, 82, 102, 4, 72, 116, 134, 84, 240, 52, -20, 116, 264, -138, -174, -78, 86, -30, 234, -110, 84, -72, 110, -18, 270, 56, 36, -200, -36, 258, 16, 54, 162, -92, -194, 54, 4, -42, -202, 22, 206, 80, -76, -210, 26, 58, 50, 2, 166, 50, 104, -8, 64, 22, 150, 36, 152, -64, 68, 58, 62, -20, -100, 212, 202, 32, 124, 148, 186, 190, -68, -68, -94, 172, 0, 178, -152, 30, 48, 248, -172, 244, 224, -124, 56, -120, 152, -100, 136, 136, -246, 140, -32, -120, -66, 66, 96, 144, -146, 206, 136, 2, -204, -14, 44, 46, 50, 74, -22, 92, 40, 100, -22, -202, -76, 212, 174, 260, -126, -124, -46, 80, -30, 96, 44, 90, 58, 132, -174, -4, 28, 88, -72, -34, 64, -174, 18, -56, 262, 178, -192, -60, -170, 12, 172, 160, -40, 88, 288, -112, -106, 2, 222, -246, 168, 124, -50, 2, 66, 
-34, -2, -36, 124, -340, 236, -134, 208, -124, -76, 162, 256, -22, 114, -172, -162, 132, -100, 192, 176, 132, -96, -216, 228, -44, -218, 46, 110, 132, -84, 28, 64, 172, -130, 28, 98, -224, 46, 204, 20, 56, -224, 78, -12, -42, 8, 16, -100, 108, -124, 0, 82, -98, -22, 276, 30, 174, -146, 68, 98, 2, -60, 156, 22, -36, -106, 250, 108, 198, 12, -46, -68, 260, -18, 222, 22, -16, -140, 98, -146, -376, -86, -36, 0, 4, 124, -58, -60, 278, 146, -8, 102, -70, -64, 96, 44, -12, -200, -218, -6, 160, -86, -176, 76, 72, 110, -246, -184, -94, 176, -14, 148, -114, 136, -18, -150, -2, 138, -124, 104, 12, 114, 10, 98, 16, 44, 76, 60, 130, -254, 72, 68, -144, -88, 88, 150, -82, 0, 128, 62, 44, -146, -78, 148, 20, 94, -166, 4, 108, -192, 82, -256, 164, 20, 164, -70, 152, -144, 12, -142, -30, 8, 132, -22, -48, 54, 40, 90, 232, 92, 126, 58, 92, -94, 44, 88, 18, -148, 158, 92, -50, -244, 104, 14, 122, 158, 40, -144, -140, 80, 206, -146, 112, 296, -76, -166, -70, 78, 6, 14, -22, 40, 178, -238, 98, 46, -92, -120, 60, 190, -226, 6, -18, 28, 94, -140, -54, 18, 10, 262, 266, 114, -16, 76, -2, 104, 156, 80, 58, 84, 66, 138, -136, -246, 118, 100, -54, -122, -22, 156, -36, -122, -94, -8, 44, 134, 104, -72, -138, 240, -200, 52, 108, -10, 90, 68, -146, -52, 0, -70, 62, -10, 68, -180, 34, -106, 160, 40, -44, 56, -158, -40, -90, -92, 0, 18, 76, 114, -128, 248, 226, 168, 88, -34, 128, 246, -192, -204, -50, 170, 120, -164, -162, -122, 12, 136, 24, -102, 2, -2, 158, 38, -108, -42, -100, -62, 42, -242, -8, 110, 172, 182, -14, 58, -116, 72, 256, -328, -94, 492, 96, -72, 138, 36, 72, 70, 24, -170, 98, 44, 30, -126, -70, -72, 18, -272, -60, 238, 138, -2, 120, -172, -36, 184, 182, -190, 6, 0, 94, -48, 58, 102, -166, -144, 142, 62, 170, 58, 80, -76, -90, -136, 14, -72, 34, -114, 94, -84, 120, -118, -96, 148, -72, -66, -104, 142, -156, 70, -2, 236, 16, -248, 34, 16, 170, 154, 2, -150, 14, 54, 112, -226, 160, 118, 108, 88, 90, 42, 40, -18, 102, 54, 6, 70, 44, -78, 80, -178, -14, -114, 32, 46, -40, 36, 8, -32, -34, 142, -98, -64, -40, -14, -178, -180, 138, -40, 240, -46, 18, -102, -116, 234, -64, 62, 126, 152, 42, -192, -148, 146, 58, -46, 18, 42, 22, 50, -102, -52, -8, -8, -80, -22, -44, 62, -30, -60, -170, -206, -276, -2, -20, 164, -18, 128, -116, 10, 4, 14, -20, 120, 172, -24, -4, 148, 44, -154, 176, -12, 182, -258, -8, 222, -144, 256, 64, 104, -22, 200, -8, -184, -10, 64, 140, -68, 212, -28, 188, -48, 128, -78, 
76, 50, -90, -224, 220, -118, 278, 46, 146, 130, -106, -118, -68, 48, 70, 28, 44, 244, -256, -224, -92, 4, 110, -140, -18, 172, 82, 166, 24, 96, 234, -312, -20, 102, 34, -124, 194, -66, -30, 80, -24, 316, 86, 210, 82, 48, -10, 130, 16, 188, -14, 140, 138, 28, -266, -190, 28, 36, -112, -302, 98, 6, -96, 6, -120, -20, -288, -4, 8, 48, -92, 56, -84, 24, -106, 56, 82, 40, 44, 128, 262, 2, 292, -30, -146, 106, 40, 46, -56, -160, 82, -160, -4, 138, -178, 146, 152, 200, 32, -42, -142, 98, 98, -164, -202, 144, 248, 94, 222, -278, -12, -96, 208, -30, 36, 84, 56, -242, 24, 60, 6, 28, -12, -118, -118, 200, -10, 16, 138, 40, 6, -142, 228, 54, -16, -116, 8, -6, 8, 34, 156, 42, 74, -90, -40, 54, 188, 152, -36, 236, 60, 206, -82, -26, -78, 150, -218, 36, -170, 14, -62, 84, -16, 64, 46, -150, 2, 16, -284, 2, -126, -4, 46, -46, -68, 0, -4, 270, -244, -76, 52, 126, -132, 142, -192, 66, -4, 286, 74, -80, -4, 190, 82, 74, 222, 144, -6, -18, -44, 114, 24, 128, -136, 88, -4, -44, 30, 178, 4, -142, 102, 102, 16, 22, 52, 154, 68, 62, 92, -266, 66, -122, -130, -66, 96, -92, -4, -278, -144, 110, 142, 34, -30, 234, -116, 96, 52, 320, -144, -18, -24, 220, 172, -144, -38, -144, -112, 22, -112, -312, 414, 32, -54, 212, -142, 10, 114, -86, 76, 58, 60, 192, -56, 122, 172, 46, 28, -28, 16, -32, 146, -48, 46, 160, -28, 72, 34, -16, 132, -418, -168, -80, -74, -44, -150, -204, 40, 338, 40, -62, -94, 26, 192, 8, 62, -112, -96, -94, 120, -18, 146, -112, 158, 142, 116, -164, 58, -20, 88, -62, -70, -64, 128, 80, 182, -68, 100, 168, 222, -416, -94, 48, -106, 72, -50, 32, 72, 30, 172, -14, -8, 314, 250, 26, 144, 218, 208, 120, -100, 160, -54, 144, 38, -226, -102, -46, -56, 0, 18, 142, -74, 102, 146, 26, -222, -2, -210, -102, -156, 184, 24, 66, 116, 22, 0, 128, -154, 104, 90, 122, 2, -132, 50, 28, 192, -20, 162, 36, -14, 8, 12, 94, -54, -108, -194, 44, 44, 116, 42, 110, 22, 218, -128, 78, -14, 2, 38, -164, -4, -34, -66, -146, -136, -192, 136, -24, -108, 98, -46, 42, 114, -142, -32, -34, 30, 32, -104, 60, 56, 100, 84, -78, 84, 76, 88, 34, -60, 64, 66, 100, 116, -158, 148, 56, -46, 12, 80, 72, -36, -48, 158, -120, 24, -48, -40, 66, 160, -90, -186, 54, 108, -194, -60, -248, -26, 6, 116, -30, 74, 46, -74, -114, -18, -100, 194, -170, 110, 100, 2, 44, -112, -14, 42, -32, -126, 136, -64, 132, -118, 180, -4, -68, -10, -178, 22, 42, 144, -90, 44, 112, 56, -158, 18, 190, -178, -24, -116, -52, 96, 96, 
92, 146, 96, 280, 78, 38, -144, -102, -158, -192, 130, 44, 32, 52, -56, 240, -96, 40, -46, 86, 76, 136, -8, -28, 236, -26, -24, -184, 20, 50, 44, 238, 230, -108, -4, -82, -152, 86, 14, 96, 44, -196, -114, -76, 26, -24, -26, -24, 144, -56, 208, -150, -132, -62, 136, 182, -2, 56, 58, 102, -48, 2, 158, 40, 94, 54, 100, 132, 100, 180, 40, 78, 150, 66, -44, 10, -158, -58, -24, -26, -128, 88, -190, 154, -104, -112, -194, -204, 80, 116, -2, -126, 84, -360, 240, -8, -24, -176, 70, 86, 218, 136, 20, 148, 344, -114, -64, 88, -156, 260, -12, 114, -120, -36, -166, -56, 16, 90, -112, -124, -108, 190, 200, 88, 40, -132, 22, 58, -16, -100, 52, 290, -116, 198, 164, 58, 176, -90, -62, 18, 100, -62, -88, 58, -54, 104, 98, -240, 72, -166, 20, -116, 102, 120, -4, -68, 66, 258, 292, -202, -8, 50, 44, 94, -96, 98, -202, -96, 252, 176, 146, 164, -34, -92, 164, -20, 20, -146, 298, 214, 64, -178, 172, 56, 42, 154, 12, -232, 182, 4, -234, -276, 164, -12, -14, -142, -20, -44, -112, 116, -110, 70, 106, -186, -44, 54, 78, -66, 152, 132, -146, -164, -56, 68, 68, -20, -82, 114, 114, 150, -40, 134, 164, 70, -40, 40, 156, 128, 118, -8, -116, 60, 88, 40, -2, -230, -54, -44, 166, 24, -42, 14, -62, -38, 76, 8, 32, -82, 96, 358, -260, 198, 100, 12, 132, 92, -244, 112, 48, 80, -90, -208, -116, -88, -70, -182, 132, -96, -22, 2, -210, 52, -104, 22, -4, -132, 76, 140, 64, 288, 102, 34, -38, 54, 72, 158, 68, -304, -28, 100, 212, 52, -164, 94, 60, 106, 178, 108, -80, 24, -158, -114, 148, 78, 10, 150, 28, 32, 30, 192, -86, -48, -212, -34, -222, 100, -154, -130, -92, 280, 34, 80, 152, 8, 132, 28, -64, 114, -176, 16, 172, -210, -164, -54, -190, -282, -96, -10, 122, -88, 122, 58, 192, 228, 56, -32, 226, 204, -88, -174, 114, -54, -110, -72, 182, 8, 146, -20, 252, -150, 62, -76, 8, -124, 50, 10, 124, 0, -52, -30, -12, 236, 40, 34, -132, -98, -146, -104, 228, 88, 178, 10, 142, 306, 160, 34, -52, 8, -10, -24, 92, -24, 104, 18, -78, 134, -28, 148, -74, -78, 96, 196, 108, 186, -162, -4, 142, 148, 82, -4, -40, 216, 74, 216, -112, 18, 66, -20, -40, 28, 24, 36, -8, -8, 104, -80, 110, -84, -52, 72, -132, 28, -60, -174, 34, -142, -2, 10, 88, 14, -172, 272, -114, -132, 8, -94, 44, 24, 290, -30, 46, -42, -52, -6, 24, -122, -194, 82, 36, 128, 112, 204, -38, 230, -90, 32, 68, 70, -96, 8, 160, 34, 8, 188, -72, -64, 236, -24, 72, -60, -80, -28, -68, 252, -94, -126, -116, -2, -18, 168, 6, 50, 42, -56, 176, 112, 76, 16, 102, 66, 
-74, -8, -102, -114, 12, 50, 236, -126, 162, -4, -82, 58, 196, -182, 30, -304, -6, 100, 104, 76, -40, -54, -80, -6, -68, -2, -18, 48, -10, 58, 82, -124, -200, 298, 66, -6, 136, -126, -6, -76, 24, 192, -10, 196, -152, 6, 30, -118, -74, 32, -78, -50, -4, 98, 44, -116, 110, 34, 134, -70, 156, 112, -200, -12, 54, 78, -14, 54, 90, -24, -110, -188, -68, -20, 2, 268, 144, 60, -40, 70, 132, 148, 154, 114, 196, 114, 94, 166, -36, -92, 66, 176, -134, 138, -172, 138, -44, 108, 186, -66, -216, 34, -12, -134, -228, 82, 162, -180, 64, -84, 70, 8, 264, 24, 372, 150, -110, -26, 106, 118, 52, -2, -62, -104, -40, 92, -68, -32, -108, 156, -90, 110, 44, 46, -34, -104, 36, 114, -46, 12, 50, -58, 40, -36, 84, -170, -232, 306, -142, 274, -86, 100, -144, -2, 90, -82, -2, -146, -178, 292, -14, -80, 110, -90, 60, -70, 282, 46, 22, -114, 220, 28, -76, 54, -198, 166, -52, -10, 2, -34, -94, 38, -172, 6, -34, -34, 234, 208, -78, 24, 210, 156, -16, 114, -30, -48, 30, 68, 142, -8, -90, 18, -164, 152, 212, -16, -106, 146, -234, -104, 222, -26, -26, 56, -64, -74, -20, -2, 56, -142, 138, 42, -230, 34, 18, -14, -36, -36, -112, -28, 16, -72, 146, -24, -142, 408, -70, 158, -282, -168, 36, 258, 28, 78, 78, 48, -42, 28, -168, -118, 292, -48, 122, 60, -142, 40, 46, -120, 140, -60, 44, 240, 38, 214, 62, 248, 42, -94, 28, -86, 216, -22, -70, 70, -30, 212, -92, -180, 10, -194, -82, 92, -98, -148, 16, -132, -4, 300, -22, 18, 12, -146, 48, -128, -30, 82, 210, -50, -102, -46, 88, 114, 10, -136, -4, -64, -146, 204, -14, -146, 152, -84, 74, 184, 136, 4, 236, 42, 232, -142, -84, -18, -32, -20, 28, 86, 168, 22, 230, -30, -98, 108, -18, 78, -22, 14, 8, -46, -70, 100, -32, -68, -30, -206, 60, -42, -124, -84, 118, 106, 158, 104, -90, 46, -300, 72, -52, -40, -50, 184, -68, 146, -130, -16, -20, 38, 6, -42, -102, -76, 66, -178, -144, 16, 64, 20, 46, 198, -76, 142, -20, 26, -136, -252, -244, 22, 44, 8, 184, 136, -18, 36, -72, 104, -20, 38, -58, 208, 170, 106, 98, -100, -190, -128, -26, 116, -126, -80, 0, -154, -10, -152, -124, -116, 54, -106, 50, 42, 138, 72, -98, 40, -40, 18, -70, 38, -172, 46, 270, 42, 198, 52, 60, 124, 60, 190, 92, 26, 138, 42, 0, -138, 100, 42, -102, 36, -62, -104, 6, 56, 48, 70, -56, 186, -72, 210, 270, -14, 50, -40, -2, -262, 42, -176, -8, -94, -110, 138, -18, 228, -86, -32, -94, 34, -78, 286, 140, 66, -224, 28, 62, 22, 102, -122, 194, 138, 44, -70, 150, -46, 74, 94, -88, 80, -204, 64, 4, -56, 82, 0, 
208, -150, 86, 116, 90, 22, -252, 84, -62, -68, 216, -176, 2, 276, -26, 224, 206, 16, 52, 26, 24, 88, 188, -56, 122, 54, 40, 40, 118, -60, -4, -16, 118, -222, -94, -12, 36, 172, 10, 74, -46, 6, 0, -48, 268, 120, 18, 190, -2, -124, 300, -10, 200, 32, 100, 130, 12, 150, 22, 80, -176, -126, -62, -78, 42, 20, 54, 68, -72, 64, 124, 24, 150, -104, -80, -98, -198, 92, 170, -52, -14, -10, -2, 96, -140, -86, -100, 22, 218, -62, 162, -262, -52, -2, 126, -60, 128, 164, -124, -98, 122, -32, -24, 14, 204, -62, 54, 72, 56, 162, -190, 164, -220, 178, -242, -114, 40, 42, 6, 32, 78, 62, 170, -76, 50, -166, 48, 0, 112, -186, -6, 22, 120, 212, -20, 170, -34, -146, 172, 32, 24, 80, 56, 116, -6, 314, 254, 2, -22, -40, -48, -160, 72, -20, 22, 156, 84, 224, 118, -126, 184, 132, -180, 136, -32, 6, -356, 8, -36, 158, 84, -20, -16, 26, 164, -18, 74, 150, 106, -40, -176, -104, 190, 190, 176, 6, -198, -76, 318, -120, -142, -210, -2, -130, 138, 26, 76, -70, -80, 56, 20, -100, 240, -194, -80, 74, 324, -128, 208, 4, -80, 56, 132, 0, 24, 100, 104, -104, 184, 62, 148, 54, 178, -172, 46, 8, -94, 76, 166, 188, 50, 46, -102, -88, 132, -168, 40, -46, 122, 170, -10, -92, -16, 0, 84, 76, 28, -54, 14, 186, -154, -36, -128, -22, 168, 44, 50, 70, -118, 92, -58, -148, -126, -6, 122, 122, -46, 112, 8, 38, -214, -50, 266, 44, 18, -240, 110, 32, -46, 342, -104, -86, 90, 238, -16, 244, 194, -126, -36, 80, -96, 282, -42, 80, -8, -56, -278, 216, 162, 108, -206, 148, -92, 36, 210, 26, -78, -80, 26, 30, -30, 128, 118, -190, -194, 14, 30, 72, -236, -28, 148, 44, -150, -18, 34, 48, -98, 36, -26, -34, 46, 2, 108, -52, 44, 84, -20, 138, -2, 80, 68, 12, -12, 84, -168, -14, 236, 182, 36, -162, -98, -22, -100, -2, 276, -62, 60, 58, 224, -90, 36, -56, 100, -16, 94, -16, 114, 142, 48, 36, 60, 32, 216, -52, 248, 184, -58, -96, 166, -236, 6, 128, 112, 194, 248, 42, -72, -86, -92, 82, 4, -270, 168, -150, -26, 4, 58, -10, 52, 62, -204, 168, -104, 142, -40, 68, 314, 18, 98, 230, 82, -56, 224, -34, -28, 224, -134, 54, -138, -204, 6, 88, 26, -172, 88, 220, 126, -72, 144, -60, -208, -18, -138, -26, -120, -160, 38, -26, -92, 68, 88, 94, 80, 104, 202, -8, 154, 26, -80, -52, -48, -4, 90, -272, 264, -22, -126, 88, 72, 92, 16, 54, -164, 80, -8, 124, 290, -30, 26, 14, -100, 60, 152, -10, -90, -148, -156, -250, 142, -70, 14, -24, -116, -2, -64, -76, -156, 16, -76, 242, 62, -28, 38, 96, 276, 88, 120, 154, -182, -10, 
-6, 36, -8, 14, 100, -86, 188, -96, 264, 70, -170, 418, -204, -308, 216, -138, -94, -114, -64, 108, 20, 84, -90, 58, 8, -24, 156, -74, -116, 102, -154, 10, -74, 258, 50, 128, 46, -6, -14, -90, 72, -74, 86, 88, -82, -190, -58, -14, 64, 248, -150, -54, -74, -56, -108, 30, -8, -82, 60, 22, -122, 136, -6, 82, -120, 120, -110, 58, -76, 262, -194, -142, 98, 0, 246, 218, 118, 20, -54, 96, -16, 0, -182, 8, 18, 98, 118, -14, -210, 134, -152, 312, 286, 20, -172, 28, 4, -180, 96, -14, -134, -136, -36, 0, -78, 110, 4, 68, 32, -242, 26, -98, 128, 36, 444, 114, -82, -126, -104, -76, -72, -140, -54, 30, 30, 24, 4, 40, -186, 184, -78, -76, 138, -58, 124, -100, -54, 90, -360, -88, -28, -34, 268, 68, 174, -244, -106, 40, -12, 44, 14, 28, -116, -138, 80, -26, -42, 40, 4, 168, -70, 34, 380, 40, 70, 126, 378, 36, 120, -54, 226, 50, 112, 114, -128, 80, -44, -30, 18, -144, 212, 102, -140, -172, -48, 44, 254, 180, -72, 48, 226, 4, 4, 70, -22, 50, 168, -14, -116, -22, 46, 48, -138, 90, 210, 38, -48, -56, -112, 62, -66, -14, -44, 84, 150, -8, -8, 14, -120, -162, -78, -10, 20, 144, 86, -12, -50, -34, 58, -30, -88, 68, 2, 84, 142, 228, -118, 48, 116, -66, 110, 16, -28, -116, 48, 84, -218, 100, 166, -238, 74, 56, 156, 46, -326, -32, -74, 14, 16, -18, 168, 52, 178, -16, -50, -42, 62, 158, 38, 102, 218, -68, -318, -20, 50, 160, 52, -126, -10, -68, -132, 44, -168, -26, -18, 30, -94, 170, -170, -28, -52, -76, 70, 48, 36, 32, 272, -100, 24, -30, 90, 12, 222, 122, -206, 28, -4, 72, -36, 90, -22, -84, -56, 102, 78, 92, -20, -74, 258, -12, -94, 54, -18, -50, 42, -34, 66, -88, -74, 22, 6, 106, -118, -96, -78, 126, 14, -278, -178, -36, -98, -76, 144, -138, 132, -44, -174, -24, -4, 146, -54, 10, 56, -188, 20, 214, 28, -38, 32, 170, 40, 176, 174, 212, 50, 44, 18, 14, -20, -124, 212, 38, 34, 96, 40, 56, 54, 98, -120, 154, 60, -58, 78, -112, -110, -36, 106, -68, 116, -26, 10, 220, -192, 124, 64, -92, 32, 106, -4, 78, 190, -168, 80, 74, 30, -12, -272, -22, -202, -30, -44, 156, 154, -50, 118, -52, 210, 44, 144, 386, 216, -94, -140, 132, -186, -124, -172, 20, -64, 226, 294, 146, 80, 12, 250, 114, 24, 134, -4, -242, 38, -94, -44, -158, -158, 0, -158, -24, 142, 28, -66, 64, -76, 204, 38, 6, 124, -76, 140, -102, 68, 138, 64, -144, 108, -170, -286, -228, -114, 20, 162, 192, 24, 86, 128, 76, 270, 288, 50, 90, 20, 110, 128, 88, 122, 4, 118, -202, 60, -64, -2, -12, 18, -62, -360, 78, -12, -138, 62, 126, 
-106, -10, -140, -78, -6, 232, -102, 102, -226, -2, 194, -260, -90, 186, 110, 338, 60, 126, -6, 48, -70, -82, 56, 72, -8, -2, 48, 48, 138, -234, 82, 68, -26, 16, -76, 44, 82, 22, 88, 264, -174, -2, 128, 120, 102, 178, 56, 110, -46, -142, -6, 38, -88, -74, 158, 38, -138, -28, 96, -14, 160, -124, 262, -86, 102, 14, -12, 176, 84, -160, -124, 116, -68, 26, -182, -276, 52, 94, -116, 114, -148, 96, 80, 68, -118, 50, -40, -46, 278, -2, 140, -252, -162, 108, 130, 90, 178, 272, -38, -114, 246, 254, -10, -64, 158, -72, 36, -130, -18, 288, 84, 96, -168, 138, -290, -36, 42, -40, 280, -70, 78, 172, -14, 0, -40, 70, -158, -68, 322, -36, 90, -30, 106, 78, 2, 174, -28, -184, 32, 136, 36, 160, -290, -34, -72, 190, -6, 18, 30, 32, 44, 18, 14, 172, -106, 180, 182, 212, -30, 36, 142, 8, -182, 94, -22, -126, -22, 202, -34, 30, -256, 16, -212, 62, 66, 108, 196, -40, 152, 142, 66, 52, 256, 18, -20, -52, -92, -8, -130, 80, -132, 50, -16, -124, -90, -10, -6, -28, -162, -6, 84, -114, 142, 8, -40, -34, 84, 44, 262, -6, 82, 16, 56, -58, -8, 0, -32, -14, -66, 134, 4, -68, 130, -108, 146, 162, 102, 62, -128, 194, 126, -128, -26, 56, -52, -108, 150, -50, -32, -48, 84, 54, -94, 228, -78, -226, 206, -34, -20, 82, -4, 98, -106, -32, 202, 84, -20, 30, 114, 156, -236, 202, -24, 18, -122, 36, 18, -108, 4, 30, 176, -6, 434, 48, 116, -80, 200, 70, -62, 178, 248, -36, 100, 206, 66, -32, 62, -52, 150, 142, 88, 236, -58, -172, -10, -82, -140, 100, 12, 0, -60, 126, -84, 14, 88, -64, 78, -122, 6, -50, 46, 104, 96, 42, -84, 106, 244, 4, -368, -42, 118, -194, -60, -80, -32, -36, -16, 92, 20, 0, -60, -108, 28, -24, 234, -8, -48, 152, 100, 32, 30, 120, 80, 196, -36, -8, 76, 102, -60, -86, 208, 64, 42, 198, -62, -62, 88, 156, -102, 90, 56, -32, -144, -66, 18, -78, -12, -34, -112, 156, -142, -20, -48, -176, 124, 34, -192, -48, 262, -204, -84, 242, -78, 46, 130, 112, -38, 168, -142, -78, 52, 54, 80, -138, 6, 22, 36, -20, 28, 104, -116, 346, -66, -136, -22, -50, -66, 108, 256, 50, 14, -86, -58, 58, -84, 108, 6, -42, -132, -180, -136, 184, 232, -40, 90, 210, 312, -72, 152, -118, -108, -138, -6, 6, -372, -42, 74, 98, 98, 186, 150, 210, 88, 32, 56, 12, 150, 4, 10, 62, -32, -68, -90, -126, -166, 82, -30, -10, -146, 94, -46, -12, 56, -2, -2, 66, 92, 210, 74, -160, -230, -138, -20, -72, -146, 18, -298, -214, 78, 140, -16, -148, 26, -174, -216, -146, -142, 130, 110, 46, 90, -114, 2, 224, 114, -26, 148, 98, -136, -182, 
208, 92, 118, 106, -86, -74, 170, 86, 138, -46, -222, 264, 132, -226, -188, -136, 48, -22, -208, -160, 68, -38, -58, -46, 180, -10, -78, -72, 80, 160, -126, 20, 22, -150, 74, -54, -40, 42, -94, -150, 264, -12, -40, 80, -60, -16, -64, 24, -50, 138, 44, 98, -8, 160, 124, 150, 58, -46, 112, -54, -108, 52, -156, 164, 20, -86, 124, -72, 28, 220, 62, 8, 36, 188, 146, 364, 14, -24, 146, -14, 88, -24, 4, -174, 72, -132, -38, 26, -160, -86, -44, 86, 224, -212, 44, 18, -162, -262, 204, -16, -114, -162, 144, 16, -8, 152, 128, 258, 60, -230, -64, 78, 14, -72, 126, -30, -154, -36, -224, 172, -50, -116, 52, 206, 78, -110, 86, 44, -334, -46, 56, 166, -162, -6, 46, 36, -126, -12, 186, -72, -36, -130, 340, 52, 222, -98, -26, -198, 20, 68, 10, 144, 40, 40, -142, 12, 12, -114, -46, 66, -222, 86, 100, 62, 14, 70, -56, -70, 92, 2, 154, 34, 140, -76, -104, -184, -58, 168, 26, -148, -138, -106, -168, -22, -88, 108, 184, 92, 128, 94, 156, 38, -80, 72, 212, 92, -122, 104, 132, -92, 110, 114, 40, 98, 76, 126, 20, -74, -174, 32, -128, -182, 180, 136, -172, -12, -8, 36, 92, 20, -66, 92, 52, 108, 60, 34, 46, -30, 230, -226, -68, -100, 68, -72, 174, 68, -108, 42, 66, 12, -60, -54, 66, -230, 70, 122, -204, 88, -48, -164, -116, 0, 20, -6, 100, -224, -70, -34, -150, -262, 208, 22, -10, -154, 12, 34, -132, 308, 56, 86, -14, 12, -158, 38, 156, 10, -128, -30, 60, -20, -220, 142, 100, -78, -24, -72, 146, 22, 16, -190, -26, -102, 132, -46, 78, -162, 144, -58, 182, -150, 28, -26, 156, -24, 238, 268, 102, 40, 84, 114, -32, -98, -126, -48, 224, 128, -124, -46, 258, 22, -14, 84, 68, 62, 228, -180, 124, -196, 136, 142, 2, 94, 86, 204, -334, 96, 40, 34, -96, 74, 126, -26, -32, -126, 60, -98, -90, 108, 66, 126, -310, -36, -122, -136, 74, -60, 12, -34, -10, 200, -196, 112, 182, 130, 46, 72, -12, -68, 76, -134, 172, 170, 322, 46, -36, -62, 176, -18, -154, 174, 180, -174, 72, 84, 16, -98, 120, -68, 304, 16, 272, -26, -116, 134, -64, -40, 234, 70, -36, -88, 166, -142, -138, -22, 14, 96, 132, -82, -92, -84, 242, 168, -10, 164, -96, -88, -98, 210, -88, 4, 68, -254, -142, 64, -102, -114, -92, 160, -136, 46, 10, 138, 12, -112, 220, 204, -52, -88, -50, -210, 74, 4, 94, -110, -14, -108, -154, 62, -18, 96, 44, 110, 70, 282, 130, 20, -122, -6, 2, -28, -52, -26, -112, -46, -12, 172, -104, -116, -36, 34, 90, 120, 20, 110, 82, 138, 60, 264, -84, 38, 136, 144, -4, 154, 20, 46, 232, -2, -58, 0, -130, 226, 12, -22, -26, 94, -220, 80, 100, -34, 
-108, -84, 72, -150, -34, 64, 150, 38, -304, 190, 98, -84, -194, 252, 158, -80, 128, -74, 98, 184, -68, 14, 6, 72, -108, 188, 236, 258, 0, -152, 92, -108, -8, 386, 36, 118, 70, -114, 64, 38, -6, 62, -64, -28, 80, -220, 220, 14, -92, -156, -10, 10, -80, -114, 74, -148, 80, -16, -10, -76, -38, -112, 140, -116, 10, 80, 4, 168, -176, -170, 10, 70, 74, -26, -94, -270, 112, 112, 2, 78, -68, -64, -258, 278, 38, 56, 8, 6, 92, 110, -224, -240, -174, 236, 68, 186, 100, 186, 178, 4, 68, -36, -204, -58, 106, -128, -190, -206, 98, 228, -112, 114, -112, 158, -94, -92, 68, 78, 138, -164, 178, 238, 144, -154, 132, 16, 10, 96, 206, 124, 10, -234, -40, 56, 62, -94, 32, -90, -100, 26, -46, 10, -260, -28, -32, 168, -8, 80, 230, 116, -84, -112, 74, -120, 26, 46, -94, -48, -16, 64, 142, 112, 58, 18, 100, -128, 184, -156, -18, 136, -130, 162, -70, 14, 160, 14, 168, -68, 164, 236, 166, 200, 136, -206, 208, 184, 80, -128, 164, 102, 14, 174, 302, 64, -120, -92, 218, -98, -156, 26, 18, 292, -40, 106, 24, -68, 134, 24, -66, -38, 22, 206, -96, -266, -16, 156, -50, -74, -104, 14, 28, -18, -84, -34, -190, 56, 64, 98, -228, 236, 16, 22, -102, 26, -44, 2, -108, 34, 148, -6, -58, 58, -56, 198, 36, -112, 348, -64, 56, 14, 12, -44, 66, 72, 22, 258, 126, 56, 316, 144, 132, 60, 72, -24, -104, -170, 86, -166, 122, 42, -62, -12, -28, -88, -86, -24, 114, -66, 18, 48, 130, 48, -96, -122, -10, 102, -154, 50, 96, 38, -68, 78, 14, 80, 4, 322, -84, 68, -106, 50, 166, 256, -206, 26, -36, 22, 104, 12, 142, -16, 72, 138, 116, 126, 82, -136, 188, 10, -204, 98, -34, -74, 66, 40, -154, 36, -34, 178, -64, -174, -68, -14, 132, -10, 230, 228, -142, -42, -50, -188, 82, -108, 64, 120, -44, 150, 80, -64, 10, 98, 280, 100, 106, 172, -102, 86, -116, 240, -90, -174, 256, -64, -140, -226, -80, 4, 8, 62, -52, 126, -84, -180, -128, 6, 28, 44, 70, 164, 164, -132, -52, 114, -84, 24, -48, 142, -82, 106, -288, 88, -98, -34, -30, -40, 166, 64, -54, -10, 86, -14, -132, 90, 130, 36, 4, 94, -6, 24, 196, 200, -226, -48, -88, 42, 70, -34, 62, -214, 262, -170, -152, 162, 94, 26, 124, 190, 200, 60, 178, -32, 38, 50, 74, 132, -80, -266, 4, -50, 40, 106, -150, 52, -80, -8, -46, 10, 112, 44, -42, -180, -16, -92, -22, -276, -56, -152, 148, 110, -104, -30, 60, -78, 124, -24, 236, -38, -66, 170, 154, 48, -6, -232, 70, -54, 18, -134, 112, -224, 60, 170, -62, -70, -18, -132, -46, 142, -116, 106, -134, -72, 146, -40, -52, 238, -16, -58, 200, -34, -6, 64, 
-42, 4, 14, 288, 86, -26, -260, 106, 170, -116, -22, 164, 174, -308, -42, 116, -144, 158, -78, 78, -26, 212, 178, 18, -78, -48, -42, -204, 84, -52, -30, 40, -80, -306, -160, -80, -70, 222, -170, -86, -12, 82, -30, 14, 124, 216, -48, -110, 136, 218, 62, 84, 150, 148, 8, 88, -172, -128, -172, 70, 164, 66, -114, 176, 46, -20, 34, 60, 152, -76, 166, -36, -204, 176, 48, 126, 10, -114, -36, -120, -20, 18, 210, -128, -62, 12, -212, 84, -218, -30, 350, 344, -26, -168, -100, 36, -132, -82, -46, 36, 10, -74, -8, 46, -70, -8, 236, 324, 14, -146, 98, 68, 158, -84, -78, 178, -4, 130, -54, 244, -16, -106, -258, 254, -128, -118, -78, 58, -146, -116, -76, 168, 62, 94, -6, 168, 70, 4, -4, -38, 142, -2, 200, -84, 154, -278, -38, -62, -30, -86, 68, 198, 38, 104, -54, 204, -76, 136, -60, -122, 20, 34, 22, -28, -68, 34, -192, 170, -192, -62, -60, -148, -2, 18, 70, -270, -36, -64, -112, -124, -26, -168, -64, 316, -110, -114, 54, 148, -44, 70, 154, -216, -230, -118, 92, 32, 22, 108, 78, -22, 72, -338, 56, -186, 206, -78, -196, 10, -16, 22, -50, -74, 250, 370, -52, 60, 32, 292, 142, -48, -196, 82, 258, 24, 238, 16, -114, 138, 140, -262, -158, 76, 154, -88, -74, -32, -88, -44, -294, -148, 114, -132, 154, 40, -50, 198, -294, 144, -102, 94, 42, -18, -38, 36, 326, -80, 118, -18, -194, 86, -106, -158, 96, 6, -70, 132, 12, 162, -236, -100, 114, -146, 54, 42, 50, 40, -120, 34, -196, -182, -104, -138, 160, -124, 8, -138, 92, 66, 64, 114, -40, 80, 142, 58, -18, -240, 24, 30, 174, -126, -110, -84, 130, 18, 104, 44, -40, 92, 32, 88, 80, 6, -68, 168, 168, 168, -122, -6, 260, 14, 238, 148, -8, -82, 244, 58, -46, -96, 136, 106, 44, 104, -174, 238, 74, -96, 104, 58, -56, 36, 18, 40, 202, -130, 164, -64, -38, 74, 46, 32, -218, -48, -42, -106, 14, -144, 186, 34, 122, 386, -296, 100, 184, 326, 116, 38, 56, -30, -32, 64, 92, 38, 40, 64, 90, -94, -44, -124, -4, 170, 120, -72, 2, -98, 150, -8, 94, -142, 110, 2, 158, -62, 2, -18, 34, -310, 132, 8, -166, 64, 276, -252, 70, 38, -18, -118, -146, 170, -12, -160, 152, 172, 78, 76, -20, 88, 62, 238, 16, 128, 294, -112, -122, -20, 24, -26, 122, 8, -196, 72, 12, 38, -76, -132, 314, 264, 22, 94, 156, -92, 0, 12, 164, 26, 310, -74, -158, -184, 0, 210, -12, 96, 148, 166, -12, 206, -134, -18, 160, 130, 90, -38, 92, -46, 6, -32, -86, -132, -6, 72, -36, 320, -34, -112, 72, -32, 46, 290, 42, -58, 138, 152, 84, 138, 294, -78, 96, -182, -46, 138, -84, -124, 184, -446, -56, 104, -342, 8, 78, 196, 
156, -38, -102, -212, -18, 92, 180, -116, 40, -224, -62, -244, -8, 72, 154, 76, 44, -168, 144, -60, -6, -266, -142, 116, 4, 162, 48, 136, 138, 126, 86, 162, 70, 230, 158, -90, 134, -222, 122, 114, 108, -166, 16, 30, 28, -64, 156, 30, -28, -20, 94, -8, -190, 98, 6, -240, 182, 270, 110, -28, -50, -100, -56, -40, -34, -14, 34, -26, -50, -30, -298, -24, -24, -72, -36, -192, 106, 104, 46, 162, 210, 86, -210, -4, 44, -6, 212, 0, 104, 6, -356, -210, -170, 168, -78, -98, 224, 116, -34, -34, 2, 114, -64, 8, 48, -6, -18, -228, 162, 12, 58, 46, -76, 42, 70, -50, 126, -116, 164, 6, -98, 276, 240, -128, 24, -66, 102, 138, 156, 28, 26, -210, -76, -98, -246, -178, 42, -94, 38, 142, -186, -76, 50, 28, -2, 146, 126, 176, 100, -16, -232, -168, -154, 112, 124, 88, 58, 170, 40, 292, -86, -42, 66, -40, 200, -116, 178, -88, 88, 182, 0, 256, -40, 4, -88, 76, -48, 30, 132, 36, 268, 126, 16, -52, 90, 46, -228, -76, 152, 124, 10, 50, 94, 320, -142, -108, 78, -230, -138, 40, -54, 248, -186, 74, 94, -188, 158, 144, -10, -66, 52, 344, -52, -230, 124, -34, -16, 86, 72, -2, 140, -142, -56, 4, -56, -116, 82, 238, -6, 192, 170, -14, -70, 186, -16, 52, 4, 16, 132, 36, -36, 322, 6, -182, 74, -138, 228, -112, 24, -64, 8, 78, 58, -42, -86, 40, -20, 110, 120, -58, 160, 312, -110, 64, 366, 0, -20, -4, 218, 146, -12, 64, 4, 42, 74, -24, 130, -52, 296, 152, 18, 100, -174, 100, 40, 26, -82, 146, -56, 54, 170, -200, -130, -30, 26, -28, -42, 46, -186, 146, -12, 194, 66, 90, -88, 34, 102, 170, -4, -74, -60, 162, 30, -6, -136, -142, 172, 170, -54, 78, -92, -160, 90, 274, 4, -6, -14, 54, -126, -234, -8, 90, 106, -242, 98, 146, -204, -134, -206, -26, -100, -142, -48, 90, -168, 54, 26, -130, -72, -94, 114, -250, -62, 84, 128, 164, -244, -8, -8, -144, 178, 62, -292, -276, 2, 64, -14, 62, 66, -86, -38, 146, 48, -32, -136, -18, 92, 26, 88, -270, -114, -32, -12, -14, -92, 4, 98, 150, 52, -182, -232, -68, -142, 56, -38, 338, -6, 88, 178, -6, -268, 98, 78, -68, 82, 84, 158, -120, -14, 146, -74, -122, -54, 4, -54, -44, 46, -96, 58, -286, -178, 98, 190, 146, 12, -196, -28, 12, 204, 144, 42, -92, 148, 180, -98, -210, -26, -16, -176, 70, 22, 168, 34, -146, -208, 76, 12, 144, 200, -20, 64, -90, -110, -210, 66, -138, 158, 38, -2, 6, -136, 246, -74, 108, -144, 56, 202, 82, -20, -96, 46, -126, -92, 76, 76, -122, 10, -260, -116, 14, -158, -202, 76, -86, -192, -96, -8, 186, 134, -58, 56, -42, -106, 272, 84, 32, 364, -78, 24, -18, 
-192, -74, 16, 158, 94, -94, -46, -12, 78, 272, 78, 144, 58, -6, -58, 6, 110, 42, -10, 80, -20, 266, 154, 110, 16, 0, -62, -8, -252, -46, -82, -42, 88, -176, -254, 90, 66, 48, -90, 180, -248, 246, 156, 196, 44, 118, -212, 94, 150, 8, 80, 116, 36, 198, -50, 256, -8, -222, -70, 42, 206, 86, -122, -28, 144, -28, 110, -52, -4, 238, 222, 162, -98, 28, 166, 58, 64, -98, -96, 2, -94, 20, 138, 64, 56, 114, -106, 50, -22, -42, 248, 188, 232, -190, -8, 96, -96, -192, 120, -86, -60, 70, 196, -70, -14, -48, 162, 188, 42, 276, -28, -158, -6, -36, -190, 112, 18, -4, 64, 2, 230, -192, -276, 148, -48, 186, -114, -26, -186, -62, -70, 112, 2, 214, 282, 122, 116, 92, 76, -52, 142, -42, -58, -50, 32, -122, -42, -344, -16, 72, 310, 238, 308, -56, -46, 48, 34, -86, -84, -190, -86, 66, 230, 238, 64, 148, 38, -12, 118, -144, -36, -192, 172, -74, 44, -172, -102, 64, -232, 94, -234, -98, 18, 134, -80, 58, 242, 80, -156, -54, 136, -90, -136, -236, 158, 76, -72, 274, 224, -62, 18, -76, 150, -70, -160, 84, -72, -122, 114, 172, 88, 74, 64, 198, -148, 8, -44, -112, 52, 82, 0, 288, -22, 278, 200, 144, -62, -34, 106, 0, -100, -234, -28, -182, 148, -10, 216, -70, 54, 148, -34, -220, 190, 182, 46, 154, -340, 56, 200, 26, 114, -104, 28, -108, 84, 186, 50, 64, -186, 262, 22, -222, 164, -112, -304, 82, -150, 184, 70, -172, -40, -36, 148, 102, 8, -10, -242, -18, -102, 32, 14, 106, 166, 22, 94, -126, 4, -68, 20, 20, -120, 166, 244, -74, -28, 162, 74, 84, 200, 16, -74, 16, -24, -40, 72, 42, -112, -72, -76, 190, 82, -100, -40, -124, 82, 98, -246, -52, 86, -96, -32, 96, -76, -264, 46, 80, -160, 64, -10, 32, -32, 46, -64, -30, -68, -96, 92, 106, 162, -90, 174, -26, 148, -114, 74, 128, 82, 144, 0, 254, 46, 0, 48, 80, 126, -116, 304, 124, 128, 182, 76, -2, 146, 146, 46, -92, 212, -168, 96, 54, 72, -140, -36, 140, 138, 60, -6, 158, -128, 206, 88, 36, 90, -116, -50, -26, -10, -138, 250, -82, 168, 76, 146, 136, 68, -328, -32, -74, 134, -74, 348, -108, 32, 100, -52, -32, -100, 282, 44, -2, 342, -58, 144, 254, 254, 70, -134, 16, -144, 30, 244, 90, -26, -232, -28, 58, 194, -90, -182, -120, -246, 190, 42, 16, -20, -120, -14, 60, 348, 88, 84, -212, 302, -56, 144, -160, 32, -22, 32, -64, 42, 6, 140, 76, 46, 176, -238, -236, 72, 184, -208, -110, 2, -58, 102, -46, 136, -4, -196, 198, 26, 66, -100, -36, -70, 190, -104, 126, 172, 46, 140, -26, -242, -20, 88, 138, -110, -84, 18, 24, -86, -146, 44, -184, 70, -180, -32, -172, 22, -60, 
180, 220, -18, -118, 166, 250, -44, 46, -118, -270, -38, -246, 144, 156, 82, -60, -296, -56, 24, 54, -14, -120, -18, 12, -82, -40, 4, 64, 12, -56, -50, 62, -10, 326, 210, -128, -22, 90, 10, -24, 278, -220, 74, -76, 56, -38, 226, -92, -252, -60, -46, 110, -108, 144, 144, 0, -24, 22, 98, -26, -12, -172, 114, 186, -44, 46, -114, 106, -12, -148, -180, -188, -22, -30, -76, 44, 30, 42, 162, -30, 70, 18, -274, 34, -122, -126, 0, 38, 28, 80, -190, -46, -46, 182, -4, 38, 226, 198, -92, 168, 10, 86, 108, -40, 104, 158, -138, -96, 100, -184, 242, 182, 44, -8, 132, 122, 120, 142, -156, 94, -118, -14, 274, -98, 106, 86, 72, 72, 298, -52, 122, -128, -96, -162, -312, -182, -50, -110, -26, 100, 38, 8, 148, -24, 16, 142, 164, 250, -66, 50, -280, -236, -180, -16, 94, 154, 106, -74, 30, 132, 234, -82, 8, 86, 220, -158, -30, -106, 34, 102, -76, 198, -18, 158, 26, 48, -36, -96, 214, 174, 190, 100, -206, 52, 148, -86, -264, 112, 210, 156, -144, -56, -34, 140, -98, 14, 40, -320, 74, 156, -26, 62, -204, 148, 82, -60, 220, 152, 118, -132, 6, 68, 200, -78, 130, 162, 180, 238, 48, -52, 172, -88, 192, -50, -212, -234, 188, -48, -220, -394, 102, 232, -226, 74, 102, 174, -188, -140, -22, -160, 312, 196, 34, -150, 174, -84, 298, -122, -74, 100, -94, -60, 24, -2, -86, -2, -90, 162, 30, -158, 8, 102, -130, 278, 202, -54, 308, -208, -8, 224, -68, -70, -20, -80, -30, -8, 286, 52, -10, 0, 94, 34, 16, 220, 124, 126, -44, 64, 82, 62, -46, -160, -264, -108, -30, -140, -52, 42, -22, 32, 176, -8, 100, 90, -62, -2, 88, 60, -22, -202, -34, 152, 102, -24, -232, -28, 276, 110, -98, 208, -44, 76, 212, 184, 90, -110, 120, 6, -168, -6, -50, -238, -16, 144, 30, 140, -174, 134, -52, 152, -30, 42, 22, 256, 78, 2, 90, -242, 110, -162, 86, 152, -6, -160, -180, 142, -296, 126, 54, 78, -2, 0, -32, 28, -166, -42, -264, 204, -64, -58, -22, -54, -142, -188, 132, 58, 82, -98, 12, -220, 86, -10, 130, 54, -76, -132, -100, 164, -208, 162, -88, -172, -156, -128, 112, 260, -20, -84, 20, 50, -60, 206, 172, -24, 82, 190, 56, 16, 128, -28, 140, -162, -248, -192, 42, -40, 2, 88, 144, 34, -158, -22, 190, 134, -120, 58, -228, 30, 98, 50, 242, 102, -158, -28, 86, 146, 60, -222, -254, 82, -246, 76, -240, 162, -90, 236, 62, -92, 8, 154, 8, 24, -202, 108, 64, -230, 98, 152, -34, -98, 74, 212, -70, 10, -60, 170, -44, 126, 126, -206, -118, 240, 116, 244, -98, -18, 90, -144, -44, -16, -322, 132, 162, 196, -94, -118, 36, 158, 6, 128, -24, 184, 14, 132, 106, 2, -22, 106, -24, 128, 
-88, -188, -16, -18, -66, 2, 22, 84, 48, 12, 16, 178, -220, -194, -76, 22, 234, 88, -26, -70, 72, 238, -20, 118, 52, 36, 0, 30, -34, -208, 54, -94, 132, -296, -158, 154, 64, 112, -84, 70, -298, 208, -200, 104, 74, 188, -286, 148, -22, 44, 110, -12, 144, -18, -154, 36, 4, 16, 22, 56, 102, 18, 52, -160, 108, 16, 22, 4, 74, 130, 226, 28, -108, 18, 66, -128, 104, 172, -70, 86, -96, -42, 78, 42, 48, 190, 82, 24, 20, -82, 90, -22, 80, -34, -100, -50, -42, 196, 204, 50, -32, -6, 46, 156, -80, -46, 56, 232, 116, 172, -46, -36, -28, 48, -42, -210, 76, -40, 120, 90, 10, 96, 62, 98, 76, 190, 270, -98, -10, -94, -54, -32, 14, 154, 246, 66, 334, 202, -30, -222, 96, -152, 124, 154, 48, 10, -294, -96, 194, 66, 184, 338, 174, 100, -38, 16, 66, 126, 102, -4, -52, 112, 120, -64, 18, 122, 140, 320, 20, -18, -18, -86, 90, -172, -28, 68, -26, 140, -90, 46, -66, -74, 118, -120, -118, -10, 30, -222, -246, 40, 170, 92, 54, -42, 120, 142, -60, 296, 124, -138, 84, -72, 204, -82, 4, 42, -32, 20, 4, 250, 172, -186, 18, 24, 122, -26, -92, -242, -186, 6, -6, 68, 6, 18, 124, 120, -180, 10, 366, 368, -106, -42, 98, 168, 2, -30, 76, 10, 122, 230, -30, 76, -62, 122, -42, 62, -180, 168, 226, 64, 140, 140, -266, 118, 286, -26, -80, -32, 224, 250, 12, -328, 64, -152, -28, 344, -152, 168, -66, -110, 148, 58, 6, 56, 40, 4, -178, 30, 104, 110, -238, -68, -126, -156, -24, 2, -66, 68, 112, -58, -132, 272, 208, 50, 90, 84, 34, -18, -250, 120, -182, 46, -156, -10, 88, 104, 202, -202, 74, 140, 62, 120, 42, 80, 166, 276, -236, -108, -22, -218, 164, 22, 84, -104, -118, 172, -52, 68, 132, 12, 260, 124, -52, 10, -12, -32, -46, -106, 184, -134, 30, 24, 140, -182, 76, 78, -30, 158, 48, 52, 58, -118, 100, 52, 238, -8, 194, 148, 218, 38, 260, 32, 142, 80, 90, -10, 64, -120, 98, 70, -20, -234, 140, 440, -216, 40, 148, -58, -64, 254, -150, -210, -14, 36, 36, 206, 62, -124, 202, -64, -28, 218, 160, -32, 128, -154, 104, 282, -32, -156, 104, 40, -106, 130, 122, -52, 68, -26, -14, -98, -136, 256, 210, 112, -130, 140, -426, 118, 8, -218, 218, 144, -98, -146, -28, 92, 114, -24, -12, -48, 12, -234, 264, 2, 124, -150, 60, 290, 150, -102, 334, -104, 100, -26, -98, -118, -88, 242, -34, -270, 64, -50, 242, -158, -126, 158, 14, 50, -132, 20, -70, -240, 94, -12, 44, -116, -84, -80, -146, 198, 186, -184, -240, -202, 44, 72, 128, 58, 58, 24, 400, 0, -284, -150, 84, 188, -42, -154, -72, -80, 78, -212, -60, -76, -156, 150, -164, 56, 170, -84, 
132, 314, 68, -52, 200, 98, -144, -38, -76, 88, -160, -82, 128, 276, 48, -26, -44, -266, -16, -22, -36, -68, 136, -330, -170, 46, 124, 134, 106, 6, 56, -124, -160, 76, 106, -90, 40, 20, 182, -66, 248, -126, 104, 54, 40, -34, 302, -80, -162, -52, 12, 102, -12, 22, 132, 82, 62, 194, 64, -154, -158, -74, 0, -62, 18, 158, 136, 204, 114, 44, -220, 50, 114, 188, -70, 82, 50, 110, 94, 96, 66, 198, -110, 136, -14, -166, 8, -28, 40, 108, 0, 0, -60, 46, 160, 208, 192, -144, -286, 82, 96, -106, 136, -206, -20, 316, -208, -42, -94, -6, 68, 228, -68, 250, 10, 254, 182, 74, 24, -142, -38, -116, 42, 70, 52, 8, -252, 130, 30, -38, 2, 114, -48, -154, -148, 106, -116, 2, 84, 94, 124, 220, 56, -46, -244, 110, 296, 134, -30, 2, -222, -140, 30, 102, -90, -22, -96, 20, -232, 28, 32, 6, 40, 148, -112, -294, -242, -322, 22, -226, 102, 32, 88, 128, -36, 76, 88, -82, 54, 124, 84, 110, -86, 26, 100, 10, 98, 256, 150, -88, -210, 96, 32, -52, -100, -86, -40, -326, -72, 192, -64, 264, -78, 70, -194, -82, -164, -16, -112, -270, 154, 150, -36, -60, 96, 78, 182, 92, 312, 32, -228, -118, 2, 90, -178, -86, 98, 76, -418, -108, 28, -64, -22, -124, -12, -76, -20, 56, -78, -94, -72, -72, -28, -292, 12, -122, 204, -76, -122, -60, -2, -2, 332, 10, -374, -2, 64, -68, -190, -138, 200, 132, -66, 152, 106, -184, 142, -50, -112, 172, -66, -142, 10, 58, 84, 20, -50, 40, -152, 98, 112, -76, 140, 136, 168, 72, 172, 50, 22, -6, 152, -150, -132, 32, 92, -130, 168, 182, 254, -88, 236, 80, 186, 98, 60, 0, 116, 212, -102, -14, 10, -122, -90, -68, -44, -246, 186, 102, 114, 248, 62, 62, 76, 336, -32, -172, -114, -104, 200, 100, -182, -98, 190, 14, -32, 104, 102, 142, -110, 178, -26, 10, -176, 34, 4, 54, 74, -100, 234, 106, 14, 140, -134, -88, -132, -56, -154, -90, -90, 148, -140, -100, -236, -106, 32, 180, 88, 100, -24, -18, -56, 198, 36, -142, 174, -208, -172, 86, 56, -4, 220, 120, -74, 8, -110, -170, 56, 42, 0, 22, 16, -186, -128, -24, 164, 118, -232, 26, -68, -56, -194, 72, 110, -90, -32, 108, -116, 190, 0, 88, 184, -54, -104, 4, 252, 72, 108, 24, 12, 316, -222, -10, 168, 220, 68, -4, -68, 60, -92, 42, 66, 244, -130, 98, -22, 82, 116, -92, -42, 288, -164, 218, 58, -72, -32, 128, 274, -30, 160, 270, 66, 92, -28, 170, 186, 30, 178, -44, -80, 16, 196, 138, 108, 82, -108, -34, 114, 150, 262, -114, -128, 244, 242, 94, 130, -32, 48, -206, 0, -204, -126, -60, 324, 60, 78, -8, 10, 114, 100, 24, -2, 172, 172, -138, -84, -158, 142, -18, -324, 150, 
-82, -32, -150, 98, -142, -126, 148, -288, 140, 12, 230, 36, -104, -84, 90, 124, 68, 296, -40, 110, 36, 182, -172, 138, 24, -116, -90, 110, -100, 292, 82, 98, -128, -172, -2, 110, -202, -56, -164, 14, 140, -90, -54, 174, -4, 122, -110, 14, 106, 210, -60, 36, 226, 114, -150, 100, 54, -50, 12, -74, 210, 112, -110, -194, -40, 20, -80, 20, 98, -150, 244, 126, -130, 60, 168, -270, 78, 48, 150, 82, 32, -62, 24, 4, 130, -10, 54, 120, 62, -64, 24, 28, 70, 30, 78, 66, -190, 16, 152, 100, 112, 74, -86, 94, 4, -114, 212, 148, 44, -18, 68, -96, 52, -40, -120, -94, -164, 62, -148, 172, 172, 176, 20, -64, 12, -12, 298, -46, -162, -106, 66, -176, -48, 44, 144, 64, 390, -10, -152, -46, -104, -144, 16, 14, -54, 70, -300, -166, -2, -14, 142, 84, 168, -80, 68, 186, -70, 186, 164, -26, 156, 50, 42, -108, -4, 94, 84, 144, 110, 20, -42, 66, -106, -104, -40, 174, 176, 50, -22, -236, -42, 42, 148, -46, -180, 196, 22, -242, -102, 58, 218, -206, -42, 132, -8, 148, -48, 320, 70, 94, 322, -220, 96, 56, 44, 350, 132, -86, -44, 158, -112, 8, -36, 60, -234, 72, -172, -56, -170, -26, 158, 216, 60, -66, -14, 62, -30, 36, 380, 98, -106, 100, 40, 82, 148, 80, -126, -126, -186, 124, 200, 24, 170, 274, 28, 72, -214, 114, 202, 250, -46, -102, -82, -12, -2, -206, 28, 56, 48, -58, -156, -138, -66, -86, -104, 52, 220, 200, 100, -74, 64, 178, -8, 42, -48, 42, -22, 62, 216, 226, -96, -12, -78, -140, -160, -72, -22, -4, -86, -34, -70, 196, 184, -58, -90, -44, -162, -106, -298, 144, -70, 48, 70, -96, 58, 96, 128, -158, 62, -82, 16, -74, 274, 192, 0, 184, -134, -192, 216, 52, 120, -112, -26, -226, 24, 62, 130, -6, 66, -48, 322, 78, -90, 12, -14, -62, 86, -270, 98, -78, 138, 128, 146, 44, 16, -48, 20, 16, -192, -132, 290, 64, -20, 18, 234, 52, 308, 140, 52, 34, 128, -28, 312, 82, 22, 40, -140, -84, 188, 258, -126, -138, 64, 140, -186, 198, 228, -116, -20, 36, -26, -18, 110, 112, 94, 108, -198, -2, 210, -20, 52, 84, -94, 86, -146, 82, 86, -30, 190, 246, 154, 168, -170, 58, 28, -44, -46, -276, -6, 130, 6, 102, 254, 10, -26, -132, -112, -4, -62, -180, 114, 72, 10, -64, -10, 90, 82, -58, 64, -44, 64, -198, 252, 12, 32, -32, 14, 164, 50, -184, 166, -156, -54, 68, 36, 144, -220, -40, -304, -92, 58, 86, 32, -32, -78, -118, -92, 128, 176, 170, -54, -128, -138, 38, 116, 0, -42, -54, -126, -48, 182, -82, 30, -26, -100, 46, 80, 146, 48, 78, 86, 26, -74, 42, -40, -102, 34, -226, -116, -78, 172, -24, 32, 222, 22, 40, -4, 0, 178, 40, 
226, 26, 204, 78, -28, -46, -82, 110, -290, 176, -320, 12, 88, -44, 106, 22, 186, -244, -104, -66, 72, -92, 226, -192, -26, 162, 68, -18, 128, -82, -114, -198, 208, -20, 68, -28, 332, -82, 210, 8, -66, -14, -148, -198, 116, -142, 90, 28, -114, 22, 98, -8, -126, 118, 106, -8, 24, 280, -54, 206, -244, -76, 128, 118, 76, 14, 32, -22, -20, 128, -12, 122, 166, 112, -280, 288, 36, -240, -194, 34, -60, 88, -138, 52, -68, 56, 40, -110, -74, -2, -6, -2, -128, 34, -116, 66, 12, 222, -238, -152, 34, -28, -14, -224, 204, 180, -100, -226, -46, 168, -96, 34, 10, 18, 136, 118, 76, -120, 136, -146, -76, -156, -8, 166, 58, 252, -96, 138, 44, 12, -36, 228, 84, -16, -102, 16, -72, -118, 234, 26, -44, 64, 56, 94, 0, 20, 102, 270, 136, 54, -86, -78, -212, 6, 76, -150, 174, -112, -20, 146, -58, 136, 2, 132, 58, -146, 164, -156, -108, 106, 74, -48, 74, 186, 150, -36, -94, -2, 214, 142, -20, 102, 26, 142, 212, -64, 32, 204, 78, 80, -14, 242, 12, -2, 22, -60, 62, -110, 68, -176, -218, 38, 68, 158, 140, -192, -146, -56, -50, 126, 78, -114, 70, 44, 160, -22, 72, 130, 144, -48, -138, -252, -94, 110, 138, -16, 90, -46, -232, 64, 34, 82, 108, 82, -112, -52, 26, 28, 198, -30, 32, 32, 112, -270, 60, -38, 146, -30, -148, -94, 46, -34, 12, -132, 86, 68, 84, -32, 142, -10, 72, -120, 224, 110, 70, -172, -184, -288, 64, 98, -214, -144, 166, -82, 204, -20, 176, 2, -96, -10, -138, 120, -62, 162, 150, 22, 64, 100, 150, -12, 56, -186, -298, -76, 148, 158, 158, 50, 68, -40, 206, 42, 26, 264, 4, -82, 26, 200, 62, -40, 136, 18, -82, -76, -42, 50, 124, 108, -212, -240, -210, 256, 46, 244, 96, -46, -202, -16, 8, 90, -134, -80, 114, 236, -92, -10, 122, 274, 18, 92, -86, 2, 134, -42, -132, 152, -10, -20, 198, -100, -24, -136, -160, 28, -130, 112, -348, 130, -8, 14, -156, -64, -192, -4, -16, 92, 20, 40, -84, -108, 156, 90, -132, -4, -16, 88, -94, 180, 224, 94, 180, 170, -32, -102, 84, 0, 122, -28, -190, -18, -32, -42, 254, -36, 192, -6, -240, 118, -68, -164, -88, 56, 252, 12, 184, 58, 172, 208, 8, -40, 66, -62, -182, 108, -54, 266, 72, 124, -70, 130, 48, 180, 10, 92, 20, -6, 22, 4, 60, 118, 96, 94, -250, -6, -128, 300, 64, -66, -38, 104, 34, 72, 228, -18, -98, -106, 32, 26, 302, 140, -126, -20, -68, 10, 18, 78, 76, -78, -134, 46, 12, 230, 98, 74, 80, -64, -20, 124, 52, 166, -116, -36, 60, 102, 174, -198, 166, -116, -28, 94, -24, 18, 12, -40, -28, 96, 76, 330, 186, 102, -100, 104, -28, -56, 76, -148, 144, -96, -186, -88, 
-176, 64, 22, 10, 6, -12, 216, -40, 278, -302, 364, -100, 74, -140, -28, -4, -276, 226, -98, 220, 20, 32, -76, 200, 66, 60, -146, 14, -96, 50, 52, 64, -164, 164, 132, 104, -148, 236, -100, 232, -22, 194, 338, 330, -22, 12, 6, -32, 10, -98, -188, 104, -68, -12, -106, 80, 58, 140, 110, -40, 138, 8, -46, -210, -10, 72, 36, -130, -20, 110, 8, -90, 4, -116, 192, -318, -36, 216, 338, 40, 6, -8, 144, -32, 124, 180, -80, 96, 156, 40, -226, 98, 278, 78, 160, -28, 130, -186, 286, 204, 24, 272, 26, 18, -58, -150, 80, 134, 10, -12, 110, -10, 140, 40, -176, -72, 62, 226, 166, 144, 176, 94, 92, -22, 52, -292, 68, -180, -178, 52, -142, -122, -26, 106, 146, 98, 244, -106, -74, -32, 116, 70, 44, -286, 32, 106, -34, -70, -156, -192, 166, -16, 180, 44, 160, 66, -34, 112, 114, 72, 30, 10, 68, -308, 184, 254, 146, 30, 186, -96, -90, -46, -164, -140, -24, 106, 30, 110, -78, -92, 40, 42, -76, -206, -58, -26, 182, -258, -110, 14, -4, -122, 158, 42, -16, 80, -10, 154, -112, 26, 198, -50, 86, 72, 48, -18, 310, 44, 36, -202, -88, 138, 50, 104, -118, 50, 52, 14, -24, 24, 148, -94, 28, -124, 120, 42, 90, 196, 150, -56, -214, 8, -20, -96, 234, 222, 110, 76, -144, 18, 86, 124, 200, 408, 158, 66, -224, -46, 128, -76, -92, 352, 136, 218, 40, -40, 276, 100, -150, -44, -42, 124, -172, -68, 140, 134, 156, 188, -96, -100, 64, 156, -184, 52, -14, -20, -90, 60, 100, -122, 208, -28, -126, -36, 126, 200, 78, -140, 72, -4, 150, -2, 142, 68, -168, -16, -142, -28, -54, 100, -74, -82, -12, -178, 114, 184, 82, -30, -128, 72, -164, -94, 70, 120, 136, 150, -58, 108, 356, 18, 90, -268, 50, -114, -188, 138, 118, -70, 224, -78, 156, 178, -166, -72, 200, 68, -98, -84, -30, -42, 6, -2, 54, 6, -54, 40, 106, 168, 14, 116, -68, -70, 62, -126, 32, -44, 448, -62, -18, -46, 122, -8, 302, 16, 12, 16, 20, -38, 92, 122, -92, -206, 8, -36, 42, -118, -112, -124, -314, 26, -220, -126, 62, 134, 52, 146, 44, 98, -56, 50, 182, 82, -228, 26, -24, -2, 52, -158, 50, 326, 34, 68, -286, 100, -94, -92, -44, -8, -76, 96, -146, -12, 174, -60, 30, -44, 94, -184, 214, -32, 26, -160, 86, -212, 20, 132, -16, 24, -30, -2, -16, 118, 264, 50, -26, -166, 70, 170, 18, -28, 98, -14, -150, 50, 142, 54, 10, -58, -178, -42, 140, 100, -30, 30, 6, 114, -48, 312, 212, -68, -90, -250, -26, -138, 176, 84, 6, 88, -98, -202, 24, 104, 2, -166, 80, 130, -76, 282, -24, -8, 52, 78, -66, -140, -38, 2, -102, -124, -102, -58, -48, -66, 86, 146, -136, 114, -280, 238, 28, 38, 
158, -48, -102, 14, -16, -122, -90, -38, -136, 116, -210, 62, -64, 52, -14, 78, 162, -104, 64, -206, 174, -110, -6, -246, -118, 82, 338, 78, -50, -60, -250, -26, 18, -54, -46, 158, 144, -82, 272, -60, -150, -70, -232, -326, -156, 26, 52, 166, 158, 62, 162, -28, -74, -40, 164, -20, -122, 134, 66, 76, -26, 268, 48, 54, -178, 10, 2, -12, -84, -42, 50, -150, 88, 124, 116, 222, -22, -44, -190, 4, 126, 4, -136, 168, -50, -4, 134, -102, -64, -324, 300, -48, -172, 118, -40, 122, -64, 212, -140, -208, 154, -190, -106, -24, -58, 276, 10, -44, -20, 50, -110, 82, -110, 0, 94, 204, -24, -158, 88, -46, -136, 172, 28, -206, 100, 118, 32, 128, -42, -2, -28, -8, 270, 158, -56, -16, -44, 52, 190, -8, -136, 86, -4, 182, -64, 12, 104, 290, 156, 124, -142, 146, -70, 52, -34, 98, -92, -92, 126, -26, -36, -2, -124, 342, -48, -160, 54, -32, -24, 12, 72, 248, 122, 74, -88, 154, 174, -110, 116, -76, -86, -66, 76, 136, 120, 102, -68, 132, 148, -238, 158, 152, -124, 244, -40, -98, 46, -32, -50, 10, 106, -90, -150, -94, 42, 34, -110, -44, 102, 142, -8, -248, 38, -58, 94, 56, 18, 114, 24, -16, 0, -70, -10, 218, -54, -50, 92, -38, -158, 26, 216, -30, 130, 224, -238, -182, -172, 186, 154, 106, 16, 44, -82, -206, -90, -10, 120, 128, 144, 208, -18, -184, 50, -80, -162, -86, -98, 70, 220, 112, -20, 12, 306, 92, 0, 50, -48, -70, 14, 184, -150, 46, 218, 86, 84, -44, -102, 64, -120, 70, -76, 132, 224, 198, -232, 0, 32, 132, 28, -128, -78, 136, 96, 8, 262, -38, -40, -42, 232, -42, 88, 94, 78, 168, -206, -84, 132, 138, 48, 24, 98, 102, 104, -120, 10, -124, 124, -106, -206, 194, 50, 308, 136, 160, 178, -142, 8, 128, -154, 152, -58, -110, 116, -28, -106, -18, -14, 90, -20, -6, 30, 142, -168, 66, 94, -132, 50, 82, -76, -132, 172, 48, 22, -124, -80, 126, -280, 96, 128, 132, -208, 74, -224, 158, -186, 184, 4, 80, 64, 18, 76, 232, -94, 62, -56, 122, 138, 50, 308, -58, 222, 204, -100, -112, -88, -168, -20, 128, 98, 46, -206, 82, 42, -26, 60, -154, -194, 182, 96, -220, 72, 152, 38, 24, 64, 52, 168, 66, -124, -34, 8, 220, 10, 218, 60, -62, 30, 290, -124, 62, 108, 180, 2, 44, 92, -312, 132, 76, 22, 96, -48, -98, -202, -54, 214, 44, 20, -234, -106, -104, 12, 104, 46, 18, -244, -14, -14, -86, 198, 44, 146, 68, -116, -14, -144, 48, -58, -154, -28, -86, 80, 408, 254, 230, -112, -22, 122, -36, 82, 196, -48, 152, -150, 198, 10, -80, -4, -168, 250, 10, 168, 42, -38, 66, 62, 102, 40, 124, 106, 122, 24, 114, -196, -26, -116, 68, 274, 80, -216, 28, 
-38, 180, -20, 94, -28, 72, 258, 68, 102, -120, 168, 30, 40, -114, -28, 152, -130, -12, -82, 176, -128, 136, -30, 426, 176, -76, -98, 90, -138, 374, 186, 72, -26, 86, 44, -68, -218, 110, -144, 64, 204, 66, 28, 274, 48, 86, -120, 40, 2, -178, -134, -156, 226, 136, -50, -108, 2, -238, 98, -12, 134, -168, -4, 62, -36, -20, -100, 10, 48, 72, 72, 180, -36, -88, 56, -140, -120, 50, 40, -26, 8, 36, 52, 14, -72, 142, -34, -44, -20, 150, -64, 114, 196, -114, 40, -80, 224, -6, 92, 350, -82, 212, 128, 222, 126, -54, 188, -98, 122, -216, 154, 48, 294, -44, 22, -224, 126, 42, -192, -2, 176, -34, -30, 108, 58, -276, -58, 50, -28, -178, -76, 140, -118, -158, -38, -144, 174, -112, -90, -22, 180, 44, -46, -44, 208, 32, -60, -18, -176, 122, 50, -104, 2, -80, 108, 42, 36, 150, -128, 18, -138, 28, 154, -166, 24, 66, -116, -14, 2, -42, -40, -190, -108, -112, 254, 130, -12, 98, 80, -14, 96, -192, -196, 12, 42, -26, 92, -108, -136, 176, -78, -212, 124, -52, 120, 112, 26, 108, -126, 86, -16, 24, 262, -12, 118, 88, 202, 8, -38, -20, -272, 306, -64, 10, 122, -74, 246, -112, 76, 134, -112, -66, -62, -148, 246, 146, -80, 134, 128, 42, -146, 46, 0, -368, 154, 120, 62, -180, 46, 124, -12, -138, 16, 216, 144, 100, -172, -68, -38, -88, 36, 244, 52, 10, 142, -104, 114, 46, -142, -108, 34, 22, -308, -108, -92, 56, 190, 66, 20, 14, 146, -46, -230, 146, -80, 52, 98, -34, 178, -120, 206, -18, 74, 8, 122, 174, -30, 84, -84, 146, 32, -38, 48, 70, -202, -106, -2, 4, -146, 18, 28, 98, -120, -194, 210, -104, -148, 176, 56, -92, 128, 82, -44, 34, 80, 148, 38, 132, 100, -290, -104, -62, -212, 42, -164, 130, -14, -10, 6, -54, 126, 186, 42, -144, 224, 16, -44, -22, 66, 90, -18, -222, -46, 18, 90, 212, 34, 184, 310, 212, -108, 70, 98, 18, -34, -164, 322, 192, 54, -144, 256, 148, -52, -166, 216, -248, -72, 0, -26, 166, -42, -166, -28, -16, 32, 96, -216, -32, -134, 62, -122, -104, 64, 126, 16, 18, 36, -106, -124, -30, -12, 44, -28, -20, -164, 178, 108, -118, -186, 112, -58, -152, -44, -52, 32, 120, 102, -170, 24, 4, 14, -150, 104, -158, -10, -50, 24, -264, 46, -100, -250, -70, 158, 92, 124, 324, -88, 8, 60, -348, 144, 206, 222, 282, -110, -112, -6, 208, 194, 72, 104, -146, 52, -94, 276, -42, 134, -64, -164, 196, 82, -96, 18, 124, 38, 10, 114, -40, 72, 128, 100, -278, -356, -264, 20, -14, -62, 190, 100, 54, -20, -62, 40, -236, -4, 216, 88, 86, -86, -180, -84, -78, -16, -22, 70, -34, -116, 86, 46, 54, 20, -206, 154, 28, 124, 140, -342, 56, 282, 94, 
226, -152, 96, 12, -162, -156, -294, -42, 108, 332, -220, -122, -68, -6, 32, 52, 12, -40, -148, -164, -56, -484, 48, -144, -140, 132, 46, -36, 164, -300, -62, -2, 148, -98, 10, 88, 6, 166, 96, -62, -16, 178, -128, -228, -80, -20, 170, -110, -60, 92, 52, 32, -74, -190, 286, 18, -194, 274, 20, 78, -226, 154, 56, 28, 150, -84, -94, 160, 64, 64, 80, -222, -18, 174, -84, 12, 130, -110, -68, -128, 72, 64, 12, 36, -24, -46, -24, -10, 124, -80, -54, -40, -148, 54, -70, -6, -110, -30, 34, -100, -52, -112, -84, -220, -48, 24, 24, 28, -78, 186, 22, 82, -216, -34, -82, 206, -148, -8, 78, 52, -192, -8, -38, -32, -34, 174, 4, 72, 48, -20, 84, -4, -60, 44, -18, 202, -166, 86, -52, -34, 14, 208, 6, 74, -90, 42, 86, 2, 134, 40, -62, 16, 10, 120, -28, 112, -190, -214, 220, 172, 32, 92, -198, 262, -22, -92, -24, 42, -40, 166, 70, 104, 346, 60, -258, 12, 118, -12, -68, -102, -130, 198, 126, -154, -202, -18, 12, 308, 114, -76, 212, 40, -114, 26, 70, -22, 56, 112, 128, 104, 150, 16, -134, 32, -188, 140, 82, 112, 78, -18, 236, -62, 66, 116, 40, -60, -150, 254, -10, -22, 4, -122, 14, 96, -184, -288, 62, -88, -18, 14, 128, 150, -24, 178, -76, -80, -54, 188, 0, 36, 156, 136, -90, -90, -182, -22, 76, -32, 8, 218, 56, 0, 48, -64, -152, 40, 12, -28, 244, 68, 54, -72, 370, -52, -8, -20, -184, -128, 174, 98, 132, -78, 162, -154, -148, -174, 2, 126, -114, 34, -180, 68, 128, 86, -132, -86, 24, 28, -56, 58, -70, -16, 62, 66, 60, 170, 60, 66, 140, 152, 10, -86, 62, 184, -278, 34, 206, -110, 144, 78, 56, -80, -24, 216, 86, -176, -42, -204, -148, 110, 238, 46, 30, -58, 272, -232, 6, 190, -68, 36, -44, -14, 94, 282, -116, -80, 20, 90, 74, 160, 70, 22, -148, 112, -74, -190, -40, -270, -78, -296, 140, -30, -98, -86, 106, 198, -164, -160, 252, 24, -122, -72, 162, 68, -242, 100, 152, 100, -150, -114, 130, -96, -22, 80, 162, -88, 60, -36, 68, 28, 52, 120, -68, -160, 138, -106, 96, 72, -38, 252, 50, 10, 104, 62, 88, -122, -104, 100, 60, -34, 30, 162, -118, 20, -86, -86, -122, 10, 18, -30, -22, 206, -100, 64, 200, 114, -24, 142, 4, 30, 78, 46, 104, -50, -254, -202, 60, 76, -110, 242, -124, -34, -98, -166, 120, 180, 22, -80, -144, -20, 4, 188, 156, 40, -166, 128, -198, 20, 230, 60, 68, 246, -216, -264, 20, 66, -46, 170, 60, -4, -100, 112, 144, 242, -164, 140, 0, -46, 108, -46, -60, 12, -124, 252, -26, -162, -76, 74, 52, 50, 6, 98, 114, -28, 54, -64, -10, -92, 0, 10, 14, 182, -112, -66, -50, -74, 60, 114, -120, -102, 
-226, 348, -132, 68, -30, 98, 96, 136, 44, -278, -36, 220, 100, 90, -106, -50, 156, -36, 146, 106, 72, 446, -62, 192, -72, 0, -84, 90, 100, 336, 96, 14, -84, 94, -20, 12, -98, -166, -110, 108, 6, -280, 76, 310, -10, -36, -156, 70, 48, -66, -122, 2, 128, 72, -274, -60, 262, -156, 76, 54, 266, 82, -100, 150, -184, 84, 174, -130, -124, -30, 122, 280, -98, -146, 50, -60, 10, 276, 82, -118, 22, 48, 72, 20, -52, 114, 94, -162, -54, 34, -128, 140, 46, 152, 30, 76, 0, -16, 18, -62, 24, 304, 70, 152, 102, -72, 86, 24, -18, -124, 236, -72, 64, 70, 74, -128, 216, 52, -166, 84, 192, 210, 46, 192, -108, -76, -78, -46, 42, -82, -38, 66, 172, -112, 96, -234, 82, 82, 86, -58, 54, -148, 156, -10, 168, 0, 118, 56, -26, 184, 90, 50, -10, -56, -2, 62, 156, 176, -92, -26, 46, 20, 94, -54, 10, 142, -60, 2, -54, -88, -90, -202, -222, 72, 20, 26, 22, -42, 108, 180, 52, -134, -80, 46, 184, -200, 22, -144, -182, 420, -154, 10, 144, -88, 38, -72, -36, 106, 88, -92, -236, 0, 192, -124, 232, -132, -38, -6, 62, -76, -42, 88, 106, 28, -38, -78, 90, 22, 38, 74, -44, -110, 32, -60, 214, 152, -60, 154, 26, 120, 10, -176, 122, -144, -10, 48, 96, -152, -58, 80, 14, 34, -158, 86, -22, 210, 8, 68, -306, -94, -10, 10, -6, 24, 80, 118, 108, -14, -32, 84, 110, 160, -252, -78, -10, 0, 148, 96, -210, -188, 20, 124, -284, 178, -18, 190, 188, 26, 16, 12, 222, 40, -232, -40, 8, 4, 6, 98, 180, -156, -10, -82, -156, 140, -150, 6, -24, -48, -156, 82, -78, 148, 22, -212, 134, 12, 56, 190, 146, -12, 122, 168, 166, -226, 132, 246, 68, 256, 32, -150, -128, -4, -86, 94, -56, 156, -156, -92, 118, 38, 220, -88, 24, -244, 100, 104, 8, 128, 2, -220, 18, -14, 374, -108, 52, 98, 72, 288, 170, 86, -226, -38, 182, 106, -12, 132, 380, 134, -104, 120, 116, 20, 6, -14, 216, -50, -128, 34, 246, 46, 58, 22, 28, -86, -94, 88, 78, -20, 4, 58, -62, -22, -186, 148, -80, -46, -74, 16, 86, -18, -54, 28, 60, -26, -262, 60, 44, -276, 80, 52, 178, -36, 242, 192, 174, -38, 30, 38, -118, 116, -170, -122, -162, 56, -200, -6, -4, -48, 102, -66, -14, -32, -52, 64, 272, 208, -6, 34, -156, -198, 102, 2, 70, 96, -172, 2, 48, 184, 234, 36, 36, 14, 28, -32, 206, -8, 174, -66, -270, -16, 14, -156, 54, 244, -124, 56, -88, -190, -182, 60, 12, -218, 8, -40, 148, 84, 28, -58, -106, -22, 144, -18, 66, -190, -4, 292, -20, 138, 38, -116, 52, 64, 16, 152, 4, -40, -52, 60, -92, -80, 132, -228, 100, 78, -24, 22, 8, -6, 32, 290, 
60, -258, 168, -128, 172, -90, -98, -310, 144, 186, 150, -104, -38, -44, -18, -128, -156, -30, -60, 152, 28, -272, -124, -168, 88, -20, 118, -172, -262, -264, -122, 114, 80, -128, 46, -226, 56, 236, 78, -28, 44, 352, -120, -202, -12, 306, 74, -212, -32, 208, 76, -4, -8, -106, 278, -36, -50, 92, -42, -100, -230, -66, 240, 54, 12, -84, -128, 228, 128, 204, -64, -154, 170, 138, 62, 36, 76, -178, -184, 2, -4, 60, 28, -112, -54, -36, -96, 96, 0, -80, 66, -100, -190, 0, 194, -80, -144, 62, 102, -30, 82, 10, 106, -162, -94, -32, 134, 50, 26, 362, -56, -26, -110, -34, -16, 196, -110, 92, 234, 40, -132, -318, 90, -48, 102, 232, 114, 16, 36, -26, 110, 120, -76, 46, 44, 282, 38, -156, -68, 90, 70, 126, 6, 112, 32, 302, 52, 16, 172, -140, 44, -136, 74, 30, 150, -134, -120, -84, 194, -76, 20, 128, -84, 22, -24, -222, 206, 142, 126, 56, 102, -66, 318, -114, 38, 10, -74, 30, -182, -54, -160, 130, 154, -22, -70, 268, -148, 214, 26, -214, 116, 14, 36, 236, 16, 106, 22, 140, 96, -158, 248, 100, -104, 78, -134, 176, 58, 36, 12, 58, -68, 156, -8, -42, 36, 40, -132, 54, 140, 44, 100, 226, -22, 218, -32, -310, 126, 60, 44, -124, -86, 20, 28, 16, 52, 154, 64, 134, 38, -4, 22, 132, 178, 40, 70, 98, -96, -10, 272, 2, -18, 40, 176, -46, -4, -88, 22, -20, 226, -40, -114, 52, 290, 122, -32, -14, -74, -92, 114, 182, -22, -48, 46, -34, 36, -62, -44, -8, 108, 18, -148, 88, 234, 116, 100, 18, 32, 42, -148, 150, 64, 38, 30, -130, 160, 24, 30, 0, 160, 102, 136, -36, 12, -10, -42, 202, -132, -196, 92, 188, -30, -8, -88, 356, 4, -94, -48, -178, 4, 88, 168, 214, 36, -144, 106, -124, -130, 28, -168, 20, -154, 58, 104, 6, -130, -50, -20, -54, -106, 208, -14, -4, -336, 168, -8, -104, 228, -212, -90, -84, 66, 168, -170, 84, 106, -66, -276, -102, 102, -82, 90, 46, 68, 198, -240, 70, 56, -202, 86, 52, 54, -14, 80, 352, 116, -84, -204, 234, -38, 44, -90, 144, 348, -14, -26, -8, 102, 42, 92, -126, 196, 52, 142, 92, 196, 28, -44, 226, 14, -182, -250, 136, -128, -112, -212, 122, 8, -46, 10, -104, 184, 68, 240, 164, 224, 12, 10, 252, 48, -12, 126, 14, 26, 94, -272, -112, -100, -136, 90, 20, -20, -38, 358, 48, 70, 56, 178, -238, -64, 16, -30, -24, -2, 14, 110, 46, -24, 154, 478, -120, -12, 134, -58, -236, 128, -14, -36, 26, 262, 66, -10, 218, 46, 154, -38, -110, 214, 102, 44, -158, 180, 8, 12, 94, 250, -258, 146, -128, -24, 196, -20, -108, 14, -86, -70, 134, -118, -30, 62, 72, -36, 68, -72, -138, 128, 38, 110, 24, 12, -258, 
-196, 170, -52, 122, -142, 68, 92, 190, -174, -114, 72, 150, 108, 90, 26, 254, 180, -136, 98, -22, 10, 260, 110, -68, -220, 68, -20, 130, 20, 270, 48, -46, -26, 108, 160, 224, 36, -130, 22, -110, -28, -346, -224, 206, 54, -98, -68, 256, 102, -110, 100, -16, -88, -24, -64, 112, 16, -130, 62, -40, 98, 72, -138, 74, -48, 130, 142, 80, -24, -130, -94, 144, -100, 86, -180, -182, -28, 160, -82, 164, 72, 204, 100, 66, -36, -102, -50, -12, 88, 4, -32, 126, 148, 0, -76, 208, 54, 36, -102, 202, -62, 60, -18, 54, 68, 230, 58, -14, -82, -2, 140, -22, 64, 92, 86, 44, 90, -32, -18, -120, 218, 338, -146, 36, -126, -44, -62, -120, -84, 170, 50, 2, 224, 30, -52, -136, 66, 38, 68, -78, -186, -16, 164, -26, 166, -210, -164, 8, -290, -74, -164, -104, -50, 80, -18, 52, 104, 66, -94, -54, 70, -92, 146, -188, 172, 136, -170, 156, -24, -80, -80, 142, -342, 212, -56, 68, -46, -18, 16, 168, 56, -6, 62, 164, 18, -128, -90, -62, 46, 120, -52, 238, 72, -8, 70, 60, -124, -44, -58, 194, -152, -210, -2, -176, 214, -164, 100, 100, -144, 220, 228, -18, 152, -32, -88, -26, 128, 130, 30, 138, -30, -170, 78, -116, 22, 254, -154, -82, -138, 114, -40, -92, -72, 148, -58, 46, -192, -54, -26, -12, 26, -60, 0, -58, -62, -102, 290, 210, -228, -70, 138, 188, -78, 68, -40, 0, -74, -34, -104, -60, -8, 286, -110, -236, 18, 144, 192, 170, -66, -314, 2, 42, 6, 94, -6, 8, -26, 96, -60, 124, 116, -114, 60, -72, -198, 122, -22, -94, 170, -40, -282, 32, -90, 268, 4, 144, -68, -66, -112, -236, 0, 78, -4, -62, 166, -64, 182, 270, -92, 72, -50, 8, 0, -270, 14, 70, -46, -14, 0, -110, -8, -136, 120, 180, -328, 134, 138, 16, 130, -90, 150, -2, 84, 0, 16, 46, 14, -104, 206, 58, 120, 142, 144, -92, -8, 176, -62, 158, 62, 192, 116, -156, 264, 64, 114, 28, 196, 156, 162, 134, 6, 72, 94, 22, 294, 32, 36, 198, 76, -6, 212, 158, -120, -340, -72, 10, 98, -108, 116, -114, -28, -90, -50, 138, 34, 4, 86, 88, -178, 186, 90, 100, -20, 14, -114, -124, 206, -156, 48, 300, 130, -88, 8, 56, 144, -122, 62, 128, 10, 134, -26, -34, -184, -44, -126, 180, 86, 162, 22, 94, -148, -66, -80, 40, 284, 82, 192, -36, 48, -106, 256, 18, -304, -64, -138, -112, -202, 26, 182, 124, -16, 170, -4, 106, 18, 22, 66, 72, -342, 36, -92, -38, 12, 192, -148, 86, -40, -30, -250, 0, -78, -68, 214, -200, -56, -74, -136, 48, -150, 284, -272, 190, 64, -30, -208, 190, -68, 272, 108, -68, 6, 136, 118, 94, 168, -60, 66, -140, -42, -94, -118, 116, 106, 134, -10, -34, -142, 126, -60, 66, 
134, 68, 64, -8, 176, -112, -228, -86, -10, 68, 22, -86, 0, 222, -32, -234, -74, 180, -44, 194, -36, -428, -228, 140, 74, 158, 70, 108, 144, -132, 46, 56, 4, 28, -184, -152, -22, 148, 22, 88, -122, 200, 114, -162, 68, 96, 2, 48, -32, 122, -84, -58, 182, -34, 12, 92, 72, 102, 90, 118, -74, 52, 68, 58, 72, 74, -142, 44, 16, -52, -162, 54, -88, -126, 208, 154, -36, 42, 108, -38, -204, -144, 98, 12, -116, -106, 0, 150, 134, 106, -102, 78, -110, 12, 62, -120, 122, 96, 140, -316, -14, 160, 202, 16, -80, 32, 56, 78, 62, 90, -162, 74, 24, -84, 44, 36, 82, -36, 14, 122, -82, 0, 82, 160, 240, 184, 252, 98, 18, -206, -148, -12, -40, 4, 92, 40, -108, -78, -48, 12, -90, -12, -14, 92, -16, -22, 108, -28, 118, 198, 262, 146, 164, -48, 8, 158, -76, -40, 156, -4, 12, 24, -26, 184, -348, -354, 174, 24, 78, 56, 68, -72, 224, -94, -28, -182, 148, -28, -2, 42, 16, -48, -16, -250, 118, 154, -28, 72, 20, -16, 52, -130, -108, -62, -112, -58, 136, -32, -110, -240, -52, 226, 158, 112, -154, 124, 90, 12, 26, -14, -22, 152, -52, 68, 30, -52, -56, 10, 72, 104, 18, 374, -98, 80, -144, -176, 110, 44, 44, 86, 140, 268, 156, 68, 100, -32, -40, 214, 8, 44, 92, 60, -2, 100, 152, 28, -72, -76, 336, 102, -52, 6, 80, 56, 16, 92, 212, 54, 196, 32, 22, -156, 346, 178, 4, -68, -258, -82, 2, 100, 14, -40, -26, -78, 22, 128, 192, -40, 18, 50, -218, 80, -32, -32, 98, -142, -174, 126, -40, 38, 296, -32, -118, -182, 12, 0, 318, -104, 20, 110, 96, -28, 4, 14, -20, 36, -114, -288, 208, -2, 158, 48, -96, 240, 54, 38, -42, 12, 110, 110, -48, 186, -66, -110, 174, -32, 64, -20, -210, 248, -44, -4, -134, -186, 142, -24, 10, 264, -104, -80, -36, 126, 28, 74, 88, -32, 130, -94, -102, -112, 10, 228, -180, -152, -112, 46, -110, -72, -62, 0, 146, -56, -90, -72, -192, -144, 30, -102, -70, 162, -178, 16, -114, 226, 72, 10, -232, 128, 58, 68, 160, -52, -58, 38, -12, -118, -42, 20, 214, -206, -76, 0, -88, -10, 30, -20, -102, 220, 94, -258, -252, 70, 48, -24, 98, 240, 142, -86, 32, -96, 158, -46, 204, 108, 116, -34, 100, 114, 10, -78, 138, 132, 116, -10, -82, -106, -138, 112, 52, 230, -88, 178, 12, -76, 136, -48, 204, 64, -196, -44, 22, -100, 98, 22, -30, 176, 12, -6, 328, -90, -48, 32, 136, -128, 124, 68, 256, 34, 256, -70, 212, 26, -192, 108, 58, 222, 150, -66, -72, -126, 238, -150, -142, -12, 222, -114, 0, -264, -94, 104, 80, 50, 12, 2, -40, -46, 190, 0, 76, 52, 132, -132, -38, -252, 42, -8, 260, -104, 70, 150, 
-2, -64, 78, -28, -202, 122, 144, 108, -62, -210, 76, 56, 180, -28, -156, -20, -148, -144, -80, -76, -54, 364, 110, -122, -88, -146, -144, -120, 14, -60, -50, -158, -94, -4, -44, 68, -60, -116, -128, 148, -86, -90, -44, 20, 126, -94, -18, -98, 26, -68, 284, 90, -62, 86, 158, -240, 28, 66, -50, 76, 92, 166, -10, -18, -128, -12, 108, -94, -200, -74, 32, -140, 98, 22, -250, 80, 112, -132, -48, 192, 78, -6, 114, 44, 122, 40, 66, -140, -58, -106, 134, -68, 34, 30, -78, -82, 62, -32, 78, 196, -34, -92, -240, 64, 124, -76, 92, -46, -88, 128, 152, -146, 30, 88, -30, -28, 40, 114, -68, -30, 58, -40, -134, -154, -226, -54, -52, -242, 238, 130, 94, 128, 54, -6, -38, -190, 138, -78, -206, 46, -94, 164, 8, -68, -56, 64, -24, -6, -42, -146, -158, -110, -46, 126, 70, -122, 42, 30, -72, 0, -194, 52, 208, -30, 300, 384, -156, -54, 6, -142, -142, 256, -162, -54, 116, 72, -174, 98, 98, -12, -168, 248, -30, 230, -16, -26, 78, -76, -88, 64, -6, 190, -54, -22, -20, -32, -214, -82, 100, 44, -24, -28, -156, -2, 140, -12, -140, -238, -88, 40, 70, 38, 44, 10, 8, -112, 258, 40, -64, -110, -30, -204, 136, -124, 188, 144, 12, 96, -52, 164, -42, -132, -66, -48, -34, 284, 36, -194, 88, -36, 32, -16, 42, -266, -180, -88, 148, -4, -104, -54, 88, -146, -66, 152, 44, 216, -158, 90, -26, -102, 56, 230, -196, -240, -52, 52, 84, 58, 54, 72, 144, 70, 8, 86, -222, -130, -182, 160, -88, -52, 260, -8, 148, 92, -140, 156, 144, -24, 54, 104, -6, 62, 160, 342, 68, 2, -128, 156, 204, -18, -156, 86, 192, 0, 120, -66, 62, 198, -68, 142, -52, -46, -4, -44, -118, 148, -110, -32, 6, -90, -8, 70, -130, 162, -176, 92, -22, -14, 194, -102, -50, 108, 144, 140, -166, -10, 98, -266, 50, 270, -84, -68, -10, -26, -96, -86, -62, 196, 78, 118, -290, -146, 174, 248, 284, -142, 122, 32, 22, -24, -110, 80, 146, -128, 118, 268, 74, 94, 66, -108, 32, -34, 72, 24, -42, -148, 150, -130, -30, -48, 28, 70, -26, -274, 122, -56, 184, -6, -22, 82, 82, 18, 78, -172, -62, -40, 12, -140, -114, 338, 348, -136, -94, 152, -32, -36, 130, -24, 160, 168, -188, -50, 16, -28, -116, -46, -30, 68, 88, 256, 142, -102, 42, 136, 170, 8, -42, -4, -76, -246, 78, -100, 52, 116, -22, 162, -220, 144, 300, 228, -22, 116, -190, -52, 12, 82, -2, -56, -264, 90, 156, 14, -42, 158, 158, 2, -188, -134, -22, 152, 34, 0, 178, -34, -202, -284, 142, 16, 290, 78, -116, 200, 306, 200, 24, -150, 126, 406, 74, 38, 124, -116, -190, -68, -18, 98, -60, 164, 28, -16, -226, 178, 64, 426, -192, 88, -174, -56, 134, -78, 
82, 62, -174, 134, 160, -320, -36, -6, 42, 22, -48, -140, -346, 4, 32, -18, 26, 146, 228, 60, 72, -186, -56, -34, -52, 64, 212, -8, 94, 86, -4, 246, 90, -122, 76, 16, 168, 282, 238, 56, 164, 230, -4, 66, 80, 106, -92, 164, 136, 58, -172, -22, 20, -122, 6, 194, -30, -20, 128, 32, 32, -118, 20, -34, 64, -72, -108, 188, 166, 0, -18, 82, -148, -128, 0, -48, 36, 182, -24, -186, -4, 70, 66, 50, -48, 16, -216, -176, 162, 92, -32, 88, 76, -196, 58, 128, 10, -20, -66, -210, -78, 140, 106, -56, -48, -20, 52, -2, 128, -76, -38, 236, -130, -268, 10, 146, 2, 220, 118, 178, 38, 26, 164, 144, 134, 116, 32, 146, 0, -70, 34, -64, -2, -56, 10, -4, 44, 80, 266, -64, -62, -166, -22, 162, 12, 68, -6, -100, 48, -48, 194, 74, -168, -32, -16, 32, -10, 90, 216, 192, 72, 98, -102, -82, -120, -330, 4, 64, -66, 130, -96, -294, 110, 8, 176, -12, 170, -16, -16, 0, 184, 28, -94, -244, 20, 152, 22, 34, -78, -224, 116, 72, -168, 54, 232, -44, 182, 86, -88, -74, 154, 260, -80, -66, -46, -94, 194, 142, 94, -60, -10, 8, -154, 46, 42, 178, -256, 86, 208, 62, -128, -4, -164, 184, 112, -174, 68, 106, 144, -124, 42, 122, 174, 46, 96, -134, -64, 290, 94, 74, -38, 50, 32, 236, 290, 106, -158, -52, 122, -70, -206, -122, -60, 98, -20, -20, 202, -196, -82, 236, 50, -58, 194, 236, 144, 30, -30, 0, -12, -22, -122, 20, 100, -56, 168, -2, 42, -108, -156, 0, -182, 42, 54, -114, 86, -116, -138, 92, 154, -68, 86, 26, -130, -206, 56, 144, 10, -40, -100, 128, -42, 0, -124, 130, -90, 36, -12, -76, 308, -10, 110, 4, 138, 50, -16, -50, -28, -68, -10, 84, 116, 2, -70, -10, 68, 52, 46, 28, -152, 62, 14, 78, -40, -196, 140, 54, 204, 110, -144, 2, 112, 146, 6, -10, 112, -86, 206, -112, -8, -122, 286, 162, -64, -254, -114, 86, -162, -138, 118, 226, -104, -156, -24, 198, -56, -302, 44, 38, 12, 90, -162, 10, 100, 224, 30, 36, -220, 214, -18, 48, -172, 16, 24, 288, -92, 198, 90, 112, -14, -62, -212, 36, 12, 176, 166, 222, -96, 210, -86, -156, -196, 74, 202, -106, 30, 40, -16, -56, -40, 80, 318, 22, 108, 260, 26, -16, 178, 2, -242, -58, -132, -56, 32, -120, -92, -178, 126, -38, 68, 276, -32, 114, -58, -102, -64, -164, 34, -48, -244, -124, -2, -234, 164, 174, 76, 192, -28, 62, 152, -234, -74, 16, 66, -56, -114, 62, 146, -116, 48, -56, 12, 52, -128, 20, 164, 314, -136, -146, -246, -86, 56, 150, -262, -122, -100, 124, -88, -282, 164, 146, -62, 190, 90, 34, -26, -88, 26, -272, 88, 178, 220, -14, 66, -262, 284, 22, 72, -18, 200, 42, 
50, 34, 134, 14, -76, 286, 62, -32, 166, -32, 64, 156, 262, 14, -116, -36, 100, 6, -236, -58, -42, 206, 44, 12, -168, 28, -186, -12, -274, 94, 108, -100, -32, 76, 100, -102, -256, -104, -166, -116, -126, -176, 114, 72, 6, 22, 14, -120, 14, 60, -2, -114, -66, 132, 178, 34, -12, -190, -4, -116, 2, 186, 64, -134, -172, 70, 86, 48, -168, 82, 72, -16, 170, 82, 276, -108, -98, -202, 118, 168, -28, 162, -88, 40, 56, -42, 206, -56, -98, -194, 126, -84, 80, 244, 70, -62, -2, -24, 90, 294, 200, -140, 34, 122, 242, 82, -12, 94, -12, 80, 174, -204, 40, 226, 52, -160, -164, -172, -216, -90, 158, -92, -26, 172, 10, 78, 80, 0, 92, -42, -20, -26, 46, 50, -22, 12, 160, -146, -272, 10, 92, 50, 40, -146, -124, -70, -12, 220, -12, 110, -54, 38, 126, 42, -132, -58, 44, -10, -30, -182, -104, -136, 104, 102, 138, 300, -58, -146, 14, -156, 130, 308, 12, -16, 16, -4, 80, -136, 136, 68, 28, -30, 140, 260, -36, -140, -122, -64, 92, 90, -160, -4, 168, 132, -30, 50, -212, -262, 26, -14, -106, -84, -70, 150, 162, 14, -412, -58, -146, 228, 68, 144, 52, 124, -6, -62, 198, -64, -156, 54, 66, 74, 122, -14, 50, 130, -32, 10, -78, -8, 52, 8, -138, -132, -38, 136, 240, -34, -126, -152, -180, 220, -24, -26, -78, 14, 64, 78, 8, 88, 124, 68, 126, -98, 68, 68, -112, 328, 136, -158, -72, 28, -44, -198, -160, -18, -16, -14, -30, 100, -4, 40, -20, -40, -90, -2, 68, 138, 274, 56, 160, 144, -54, 238, -44, 6, 58, 10, -68, 18, 104, 94, 84, 66, -98, -166, 96, 188, 230, -194, 120, -16, 52, -14, 124, -128, 152, 16, -134, 2, 110, 50, -58, -12, -14, 212, -64, 106, 104, 74, 32, 242, 162, 4, 18, 28, -126, -108, 192, -42, 48, -80, 68, 184, -140, 120, -176, -124, 82, 296, -74, -128, 10, -8, -54, 38, -36, 160, -158, 36, -142, -134, 198, 280, 120, 4, -22, 100, -140, -254, -14, 210, 124, -164, 26, 228, 40, -92, 34, 36, 38, 4, -76, -72, 52, 170, -14, 94, -178, -64, 52, 78, 38, -236, 310, -40, 82, -136, 130, 132, 246, 40, -68, -62, -158, -128, 222, -176, -26, 246, 130, -100, 16, 272, 190, 154, 60, 154, 228, -252, -88, -16, -6, -266, 80, 44, -198, -24, 2, -44, 298, -14, 80, 0, -76, -40, -130, 138, 18, -266, -50, -102, 82, 152, 140, 66, 62, 106, 120, 132, 58, 262, -214, -78, -56, 190, 102, 64, -72, 184, -14, -118, -120, 142, 4, 28, -34, 122, 88, 30, 26, 64, 38, -12, -176, -166, 170, 164, 182, 110, 104, -52, 250, 190, 156, -178, -50, 116, -42, -28, 64, -132, -76, 18, 82, 84, 8, 108, -72, -154, -118, 102, -38, 320, -74, 58, 64, -108, -186, 110, 
104, -218, 128, 48, 50, -26, -82, -40, 18, 136, -44, 108, -142, 86, 156, 24, -36, -120, 264, 182, 38, -414, -88, 70, -30, 52, 280, 54, 326, 22, 56, -26, 112, 126, 2, 144, 182, 106, 22, 58, -52, 74, -66, 66, -12, -190, 142, 30, -194, 10, 78, 50, -72, -14, -104, -46, 48, 128, 68, 330, 8, -40, -148, 188, 162, 0, -190, -56, 182, -126, -78, -18, -152, -132, -148, 340, 278, 200, -88, -132, -86, -158, 130, 70, -64, -28, -22, 116, -62, 46, 112, 66, -2, -22, 56, -118, -174, 112, -64, -128, -192, 40, 138, -78, -78, 166, -114, 60, -42, -26, -64, 374, 28, -204, -6, 46, 106, 40, 258, 228, -112, 132, -36, -98, 110, 86, -74, 150, 98, 142, -48, 30, 102, -20, 46, 66, -14, 26, 274, -16, -134, -106, 74, 208, 380, -40, 38, -200, -32, -8, 72, -14, -16, 76, 120, 154, 102, 0, 124, 84, 34, 8, -130, 90, -56, -248, 38, 84, -26, 212, -156, -168, -226, -38, -46, 100, 60, 38, -76, 12, 82, 78, -20, -104, 122, 88, 230, 138, -18, -186, 74, -120, -64, -66, 100, 20, 224, 164, 66, -38, 142, 138, -98, 6, 82, -10, 216, 0, 116, -170, -8, -18, 22, -206, 224, 116, -100, 8, 20, -12, 60, -312, -238, 126, -70, -64, 18, -10, -88, -100, -114, 34, 92, 68, 18, -100, -14, 180, 208, 34, 134, -90, -18, 24, -20, 14, -152, -44, -174, -136, -108, 44, -108, -92, -156, -24, 62, -128, 42, 176, 36, -136, 220, 208, 90, 32, 26, -44, -74, -46, 98, -30, 28, 198, 96, -30, 42, -4, -162, 54, -28, -40, 82, 2, 14, 36, -46, -164, 32, -64, -88, 156, -90, -184, 310, 312, -198, -22, -82, 178, -186, 120, 66, 20, -18, 152, 90, 256, -46, 98, 46, -154, -52, 34, -30, -160, -54, 20, 152, -8, 22, -184, -112, 82, -132, -70, 198, 100, -182, -8, 60, 104, 106, -228, 180, -42, 268, -62, 38, -34, 90, 72, -32, -158, 168, -38, 94, -46, 130, 16, 194, 224, -28, -224, -126, -36, 170, -226, 146, 252, 172, -128, -140, 264, 84, -130, -84, 98, 68, -80, -94, -46, 82, 100, -24, -46, -86, -24, 262, 82, -60, -358, -2, 78, -86, 16, -88, -92, -96, -252, 8, -4, -170, 98, 68, 146, -258, 264, 86, -332, -218, 64, 122, -292, -282, 0, -94, 34, -144, 172, -80, -36, -134, 304, 30, -44, 352, 44, 26, 206, -90, 70, 60, 134, 6, 88, 100, 92, -120, 268, -136, 140, -104, 146, -18, 118, -124, -6, -264, -94, 22, -144, 238, 310, -74, 80, -144, -16, 22, -28, -112, 86, 34, -108, 38, -62, 106, 56, 30, 0, -32, -36, -62, 178, -42, 22, -114, -318, -82, -20, -178, 226, 40, -100, -22, 146, 58, -346, -96, 158, 72, 40, 128, -48, 192, 138, 172, -18, 146, 182, 274, -42, -128, -258, 4, -196, 8, 84, 14, 62, 
114, 250, -38, -26, -18, -38, 228, 116, 136, 26, 32, 14, 52, 258, 100, 26, 66, -24, -130, -158, -124, 256, 174, -126, 86, -68, -134, -20, -258, -98, -146, 34, -140, -86, 62, 90, -190, -198, -92, -10, -72, 192, -18, 120, 182, 46, -106, -52, 164, 62, -148, 58, 36, 6, -96, 58, -16, -132, 146, -388, 242, -88, 194, -138, -204, -46, 156, 18, -238, 56, 266, -88, 118, 148, 192, -388, -78, -152, 62, -190, -114, 164, 76, -206, 126, 48, 92, -100, 148, -70, -108, 198, 122, -78, -114, 176, 136, -124, 318, 18, 208, -38, -126, 170, 52, -92, 14, -78, -32, 142, 58, -334, 72, 252, 142, 98, 76, 8, -134, -142, 66, -68, 82, 20, -168, -120, 90, -118, -202, -282, 208, 60, -92, 128, -12, -180, -16, 126, 24, 180, 68, 216, -90, -128, -398, -110, -144, 126, 22, 2, -228, 10, 0, -12, 66, 0, -128, -20, 14, -154, 22, 274, 126, -42, 34, 18, 12, 112, 32, -202, 154, 28, 112, 26, 200, -120, -36, -4, 162, 32, -254, -92, 36, 24, -30, -46, -280, -152, 90, 310, -66, 122, 36, 72, 134, -34, -106, -56, -38, 94, 54, 34, 18, -12, -70, 82, -194, 48, -242, -76, 74, 72, 150, 46, 106, 168, -76, 76, 0, 126, 118, 314, 136, 4, 116, 120, 136, -24, 74, -32, 56, -4, -4, 26, 100, 138, 98, -64, -138, -84, 14, 2, 24, -10, 152, 18, 102, 140, 92, 60, 48, 22, 52, 66, 208, 134, 140, 182, 24, -92, -100, 82, -52, -168, 36, 188, 4, -60, 28, -176, -30, -94, 2, -248, 82, 96, -68, 100, 200, -210, 108, 34, 326, -2, -134, 160, 32, 216, 4, 70, 152, -58, 140, 90, -156, -296, 94, 58, 88, -138, 358, -268, 162, 50, 6, 86, -178, -202, -98, -76, 20, 28, 100, -64, 70, 148, 72, -110, -94, 24, -2, -150, 42, 14, 100, 60, 186, -102, -46, 2, -82, -78, -74, 108, -8, 142, -242, -94, 118, -24, -184, 140, 192, -114, -144, 110, -100, 104, 58, -66, -152, -396, 162, 300, 80, 126, -170, 62, -84, -88, -2, 212, 50, -216, -104, 254, -44, -18, -2, 52, 252, 2, 86, -128, 110, 92, 236, 10, -42, -104, 212, 280, -48, 100, 54, 68, 92, 158, 52, 76, -252, 32, 94, 88, -32, 230, 178, -112, -16, 344, 88, 42, 92, 280, 380, 162, -46, -134, 148, -238, 108, 68, 214, -42, -76, -48, 18, -108, 92, -210, 262, 4, 218, -188, 80, 60, -68, -2, 70, -264, 274, -348, -46, -10, -64, 96, 178, 2, 200, 246, -60, 216, -176, -166, -164, -4, 240, 24, -22, -14, 262, -106, 28, 88, -142, -54, -202, 2, -246, -64, 76, 68, -86, -206, 118, -112, -206, 366, 22, 24, 232, -66, 132, 318, 120, -148, -30, 148, 290, -168, 84, 62, 88, -62, -118, -42, 152, -190, -18, -118, -52, -26, 178, 174, 48, 298, -92, -36, 146, -190, 
-100, -148, -88, 186, -22, -160, 22, 36, 62, -204, -30, 24, -64, -196, 138, -20, 136, -2, 184, 174, 96, -110, -106, 40, -88, 194, 12, -130, 346, 84, 36, 54, 226, 170, -36, -126, 154, 26, 192, -10, 144, -68, 28, -50, -190, -76, 68, 30, -150, 26, 136, 74, 16, 98, 208, -50, -172, 56, 28, 180, -132, 184, -122, 164, 124, 32, -156, 54, 22, -158, -136, 116, -146, -136, -90, 60, 34, 146, 16, 94, 20, 28, -74, 208, -198, 98, -152, 78, -188, 150, -10, 24, 80, -44, 28, -254, 2, 132, -6, -66, -242, 94, 210, -286, -212, 144, 38, -162, 70, 52, 120, 224, 0, -184, -36, -122, -142, -120, 300, 70, 10, 16, -100, -50, -2, 116, 142, 36, -4, 254, -76, -150, 152, -24, 140, 198, 60, -82, -20, -176, -150, -186, 184, 104, 420, -98, -30, -196, -128, -76, 144, -200, 74, 66, -38, 106, 126, 130, -80, 248, 82, -256, -136, -14, 104, -110, -26, 82, -118, 352, -36, -78, 164, 22, -178, 50, -90, 228, -222, 72, 334, 42, -42, 42, 212, -16, 160, 136, -230, -82, 288, -4, 126, -92, -30, 112, 104, 2, 128, 16, 30, 34, 18, -40, 2, 40, 186, 60, 146, 74, 66, -102, -98, -2, -68, -194, -42, 184, -220, -76, 16, -12, -34, 64, -44, -66, -38, 152, 32, -104, -174, -32, -78, -36, 146, -290, -72, 164, 22, 12, 164, 124, -44, 50, -88, -26, -34, -298, 32, -88, 122, 18, -186, -32, 136, 60, -166, -144, -66, 106, -58, 0, -72, 110, -292, -26, -122, 132, -60, 64, 134, 246, 48, 216, -144, 156, 106, -338, 136, 36, 128, -92, -198, -126, 160, -316, -44, -102, -100, 16, 134, 28, 82, 40, 106, 358, -88, -148, 34, 224, -180, 108, -74, 8, 82, -168, 310, 104, 56, -36, 76, -42, -86, -60, -66, 4, -6, -176, -128, 132, 20, 436, 110, -66, -182, -190, 46, 276, 0, 4, 46, 36, 124, -152, 146, -164, 216, -56, -84, 130, 174, 2, -142, 92, 270, -192, 144, -34, -4, 276, 8, 382, -116, -202, -230, -158, 250, 58, -32, -20, 50, -242, -28, 332, 126, -264, -204, 16, -176, 50, 60, -156, -188, 154, 36, -20, 0, 82, 24, 98, 72, -172, 228, -16, -32, 166, -112, 26, -36, -80, 138, -98, 32, 148, 100, -230, -344, 62, 162, -198, -290, -122, 144, -102, -336, -52, -14, 44, -96, 176, -20, 136, -36, -72, 70, 58, 84, 162, -32, -76, -96, -66, -172, 86, 44, 98, 68, -48, 24, 92, -78, 200, 114, -14, 104, -78, -156, 82, -138, -2, 108, -282, 24, 266, 146, -70, -94, 182, 258, -58, 60, 156, -76, -46, 66, -66, 262, 32, 188, 206, -38, -66, 34, 78, -42, 192, 88, -384, 136, 4, -122, 88, -38, -70, 178, 382, 78, 78, -246, 118, 92, 98, -12, 26, 70, -168, -76, 240, 32, 168, 88, -48, -240, -138, 72, -58, 84, 92, -6, 172, 
-64, 110, 204, -112, 170, 28, 88, 50, -52, 158, 4, 86, 66, 70, 28, -78, 38, -170, 118, 140, -46, 236, 14, -16, 12, 50, -18, 138, -262, -162, 76, -2, 10, 12, 118, 174, -278, 14, -34, 104, 126, -10, -116, 90, 316, 98, -56, -72, 10, 184, -120, -72, -164, -14, -180, -8, 188, -72, 94, -104, 116, -78, 228, -130, 28, -158, 194, -144, -144, 84, 132, -36, 118, 188, 18, -126, -108, -96, 46, -34, 26, 16, -132, -54, 196, -74, 268, 68, 90, -10, 148, -120, 44, -192, 10, -38, -8, 132, 18, -8, 118, 208, -116, 58, 254, -98, 72, 26, -96, -40, -36, 146, 56, -8, 134, -44, 82, 98, -224, 4, 106, 202, 74, 120, -150, 16, -154, 44, 156, -58, 90, 172, -70, 44, -14, 36, -22, 80, 116, -20, 118, 116, -88, 76, -202, -8, 20, 80, 70, -58, 28, -22, 14, -28, 226, 68, 10, 96, 86, 50, -18, 266, 276, 122, -76, 86, -14, -84, 14, -260, 154, 84, 84, 66, 232, 68, 190, -206, 302, -74, -172, 200, 148, -60, 24, 8, -36, -52, 34, 98, -244, -104, -42, -42, -10, -146, 22, 98, 24, 92, -88, 18, -28, -82, 202, -14, -36, 60, 56, 42, 2, 172, 56, 88, -20, 74, -100, -58, 352, 0, -64, 164, -86, -48, 18, 46, -24, -54, 66, 258, 130, 38, 242, -204, -114, 242, 10, 102, 60, -118, -82, -62, 36, 30, 164, 68, -104, -24, -208, 212, -60, 68, 38, 42, -86, -112, -20, 182, 38, 22, -62, -42, 84, 4, 184, -140, 250, -244, 140, -74, -218, -146, -44, 156, 166, 80, -30, 320, -118, 100, -138, 328, 84, 78, -160, 108, -126, 74, 338, 152, -52, 64, 48, 154, 2, -100, 130, 396, -24, -212, 178, 116, 70, -76, 56, 140, -50, -62, 24, 18, -2, 154, 138, 20, 48, 28, -20, 182, 150, -40, -106, -170, -200, -6, 90, -14, 62, -6, -26, -64, -94, 82, -148, 60, -134, 120, -82, 64, 80, 22, -200, 110, 326, -196, -76, 170, 28, 138, 2, -328, -18, -176, 130, 272, 230, -52, -260, 56, 20, 4, 30, 164, -26, -136, -118, 228, 26, 218, -2, -4, 242, 104, 216, -68, 106, -10, 24, 46, 156, 26, -154, 308, -134, 40, -46, -282, 118, -78, 46, 42, -16, -30, -32, -172, -156, 380, 174, -186, -178, 158, 374, -60, -324, 226, 232, -58, 114, -42, 84, -124, 30, 96, 214, 112, 60, -8, -154, 178, -26, 6, 78, 66, 68, 70, 36, 200, 56, 146, -16, -40, 206, -136, 40, 160, -116, -76, 162, 84, -76, -42, -58, 270, -48, -70, -200, -52, 234, -190, -138, 234, 124, -166, 146, 18, -152, 36, -136, 178, -56, -252, 128, 112, -30, -150, -112, -204, -172, 298, 92, 20, 162, -2, -46, 130, -30, -228, -16, 32, 240, 34, -102, -84, 124, -64, -154, -106, 64, -158, 76, -174, -128, 42, 360, 116, 90, 164, 28, 2, -28, -60, 
30, -102, -94, 84, -58, -42, -176, -10, 56, 104, 142, -104, 6, -70, -28, 136, 112, 102, -134, 170, -16, -182, 48, 36, 4, -30, -62, 90, 118, 198, 110, -150, 96, 24, -140, -198, 84, -24, -138, 6, -192, -60, 12, 88, -204, -96, -50, -76, 74, -176, 136, -64, 32, 116, 72, -26, -278, 12, 64, 12, -112, 90, -150, -26, -94, 138, -210, 60, -28, -74, 126, 92, -148, -148, -30, 88, 208, 86, -52, 78, -68, -32, 104, 136, -350, 86, -168, -32, -80, -116, -56, 272, -34, 150, -220, -76, 18, -126, -78, -62, -2, 92, -4, -100, -24, 194, 260, 44, 54, 118, 52, 88, -16, 146, -140, 242, 134, -136, 122, -12, -94, -114, -82, -102, 82, 230, 98, -174, -116, 114, -264, -156, -2, -98, -14, -122, 74, -80, -22, 152, -18, -22, 354, 28, 360, 20, 28, 122, 46, 218, -158, -102, -14, 146, -214, -158, 118, -184, -128, -148, 132, -152, -72, -98, 86, 0, -26, 30, 120, 176, -264, -34, -50, -16, -390, -164, -180, 144, 28, 42, 28, -158, -130, 72, -98, -128, 42, -122, 196, -98, 146, 52, 96, -76, 94, 142, -108, -36, 138, -44, 182, 10, 60, 178, -332, 42, 346, -212, 30, -88, -16, -220, -82, 16, 64, -54, 58, -102, -320, -70, 34, -176, 2, 152, 32, 98, 148, 164, -68, -18, 86, 102, -236, 104, 12, 14, 162, -24, -140, 16, 126, 16, -84, -244, 126, 28, 176, -2, 232, -116, -246, -104, 56, 24, 126, 172, 28, -184, 124, 108, -102, 126, -150, -166, 0, 228, -136, 282, -158, 136, 134, 148, -24, -8, -130, 180, 104, -232, 14, 2, 70, -78, 38, -164, 226, 0, 40, 140, -126, 62, -150, 44, 24, -116, -60, 78, -70, -372, 100, 282, -110, -162, -134, 204, -254, 28, 262, 158, -70, 122, 46, -98, 84, 102, -62, -110, 94, -22, 30, 56, 328, 214, 232, 22, 2, -8, 6, -50, 154, 180, 132, -150, 72, 56, 156, 10, 262, -10, -138, -64, 168, -138, -24, 258, -8, 12, 128, -90, 96, 92, -132, 182, -32, -192, -36, -58, 82, -44, 264, -106, 166, 100, 14, 132, 112, -54, 64, -274, 110, 76, -32, 16, -48, -56, -54, 182, -124, -140, 14, 160, 18, -140, 218, -74, 76, 170, -140, 94, 106, -34, -44, 52, -268, 46, 158, -382, 2, 128, 208, -30, -142, 180, 90, -194, -98, -44, -178, 138, 14, 92, -46, -82, -100, -210, -26, 74, 56, 100, -86, -86, -8, -42, -148, -8, -8, -30, -58, -122, 16, 10, -326, 164, -98, -250, 226, 174, -182, -44, 62, -44, 12, -54, 34, 156, 34, 44, -24, 150, 78, -162, 124, 38, -138, -14, 40, 76, 204, -214, 160, 146, -86, 120, 88, 258, 174, 328, 76, -150, -112, -28, -146, 208, -18, 10, -98, 162, 78, 10, 134, -104, 276, -114, -132, -6, 132, -18, -2, 166, -52, 18, 62, -28, -324, 84, 40, -112, -206, -172, 82, 4, 
-92, 112, 74, -68, 26, 186, 90, -46, -28, 54, 64, 144, -178, 60, 198, 192, 108, 16, 296, -28, 32, 76, -56, 22, 40, 302, 50, -52, -102, -164, -8, -24, -250, 76, 166, -88, -42, -62, 142, 10, 76, -80, 136, -108, 214, 208, 110, -6, -32, 194, -230, 168, -2, 16, -54, 108, 234, 84, 130, 8, -68, -16, 160, -154, 110, -210, 46, -58, 0, 108, 38, 62, -12, 180, 38, -254, -36, -168, 24, -84, 142, 134, -62, -50, 168, 2, 12, -244, 300, 70, 54, -160, 104, -88, 340, 168, -94, 104, 190, 136, 76, 172, 116, 6, 98, -212, -248, -36, 8, 200, 96, -104, -30, -78, 234, -2, -24, 70, 92, -22, -58, 66, 194, 210, 98, 4, -88, 236, 90, -60, 236, 88, -68, 154, 96, 192, -116, 172, -22, -180, 108, 4, -156, 126, -120, 222, -40, 126, 86, 16, 182, -88, 124, -30, 186, 156, -88, 508, 180, 140, -54, 94, 46, -54, -44, 18, 176, 80, -62, -70, 90, -48, 14, 226, 138, 138, 16, 12, 180, -84, 118, 180, 56, 28, 46, 28, 58, 28, -30, -60, -226, -108, 22, -110, 128, -50, 264, 160, 2, 84, -86, 60, 30, -118, 116, 114, -216, 148, 42, 190, 202, 228, -80, 4, -144, 246, -98, 166, 174, -12, -68, 344, 12, -146, -116, -54, -36, -14, 50, 204, 6, -112, 96, -48, -104, 32, 74, 66, 146, 166, 8, -12, -216, 72, 112, -8, -222, 98, 190, -14, 64, 78, -94, 184, -48, 68, 6, 88, -58, -102, 186, -150, 164, 182, 24, -218, 96, -312, 96, -30, -120, -112, 70, 252, 88, -140, 10, 228, -86, -46, -78, 58, 62, 190, -44, 22, -122, -18, 210, -164, 36, 120, -104, 146, 80, -88, 10, 130, 28, -20, 138, 6, 248, -182, 200, 36, -320, -164, 76, -56, -6, 70, -114, -18, -78, 244, 150, 60, -16, -98, -126, -116, -134, -76, 190, -2, 86, 66, -172, -88, 10, 104, -52, -6, -120, 324, -174, 68, 30, 44, -60, 106, 98, -160, 212, -178, -38, 218, 0, 48, 0, -202, 52, 170, 70, 26, -22, 134, -158, 30, -368, 26, -88, -66, -202, -86, 24, 124, -6, -138, 70, 204, -30, 146, -26, -196, 120, 280, 76, -84, 40, 26, -44, 38, -18, 108, 220, -142, -80, -112, 158, 22, 132, -4, -106, 240, -54, -152, -106, 80, 270, 64, -32, 182, 20, -30, 190, -2, -130, 116, 112, 116, 60, 134, -108, -34, -266, -14, 184, -20, 180, -4, 32, -12, 68, -18, -6, 112, -36, 8, 214, 166, 338, 76, -98, -186, 66, 72, -44, 28, 176, 72, 174, 54, 24, -104, 32, 62, -70, 292, -110, -70, 152, 142, 136, 28, -166, 78, -212, 30, 144, 24, 122, -126, -122, -358, -46, -18, 164, -36, 38, -64, 80, 154, 74, 52, 94, -64, -32, 54, -76, 260, 144, -28, -6, 220, 148, 12, -10, -52, 66, 22, 348, 72, 50, 4, 74, -38, 10, 16, 
82, -54, -20, -80, -156, -152, -108, 100, 106, 40, 12, 0, 110, 44, -62, 74, 152, 26, 100, 70, 54, -66, 16, 12, -98, -196, -8, 174, 48, 180, 38, -186, 26, 98, -240, -44, 136, 340, -94, 106, 72, 250, -28, 56, -116, -304, 70, 0, -26, -138, 34, 12, 46, 0, 192, -24, -106, -52, -168, -84, 110, 96, -210, -30, 50, 170, 20, 162, 118, -16, -72, 74, -84, 42, 124, 88, 144, 242, 28, 58, -18, 12, 210, 260, -196, -22, -2, 100, -118, 56, -258, 246, 46, -56, -170, 34, 126, -2, -248, -68, 110, 50, -38, 110, -20, 166, -36, -28, -90, -262, -56, 204, 72, -42, 30, 84, 98, -26, 160, -116, 136, -80, -58, 90, -154, -54, 70, -150, 48, 116, -214, 64, -10, -64, 20, -224, 130, -158, 64, 350, -46, -50, 12, 14, 108, -46, 44, -122, 190, 66, -76, 120, 264, 212, 88, -18, 6, -52, -24, -6, -14, -172, -50, 76, -34, -32, -238, 28, 96, -104, -90, 152, 130, 12, 6, -162, -44, 68, -172, 182, 20, -142, 132, 82, -4, 84, -52, -96, 48, -18, 118, 238, -20, -4, -126, 134, -100, -68, -56, 138, 104, 92, 182, 246, -208, -110, 102, -98, 82, -24, -86, -72, 42, 132, 92, -194, -40, -256, -88, 184, 144, -192, 86, 72, 252, -12, 96, 6, -66, 40, 14, -26, -4, 126, -104, 144, 42, -54, -26, -250, 238, -100, 356, -132, -134, -106, 54, -52, -242, 66, -8, -160, 24, -34, 398, -114, 88, -92, 130, 56, 32, 478, -42, -16, 48, 38, -166, 52, -84, 112, 178, 54, -92, -192, -46, 74, -22, -146, 158, 100, 170, -162, -80, -68, 50, -104, 78, 168, -124, -4, 46, -42, -4, -84, 174, 78, -110, -52, 56, 8, -242, -136, -44, -22, -78, 96, 102, 320, 2, 134, 46, 146, 94, 74, 158, -130, 50, -174, -62, 96, -68, 4, 140, 184, -208, 64, 72, 12, 222, 122, -174, 32, -66, -18, 172, -136, 104, -18, -52, 18, 106, 120, 6, 320, -178, 90, 214, 154, 214, 146, -170, 322, -8, -46, -92, -48, 218, -204, 192, -78, 44, 200, 40, 150, 118, 2, 6, 16, 24, -2, 34, -222, 64, -262, 88, 140, -14, 40, -4, -114, 76, 44, -4, -70, 78, 38, -166, 66, 194, 304, 14, 40, -66, -6, -18, 174, 78, 218, -2, -136, -58, 62, 80, 10, 160, 258, -172, 98, 52, -16, 44, -194, -28, -282, -4, -66, 170, 58, -22, 194, 76, 272, 14, 0, 46, 180, 20, -202, 182, -40, -240, -8, -310, -48, 286, 258, -2, -104, 118, 120, -272, -38, 58, 64, -126, 114, -216, 168, 148, -44, 156, 22, -126, -92, -46, -84, 128, -12, 122, 18, -146, -58, -150, 2, 156, 260, 160, 178, 106, -56, -72, 242, -196, -92, -124, -116, -12, 114, 30, -44, 88, -78, 270, -4, 20, 54, -32, -64, -76, -48, -148, 82, -62, 110, -44, -102, -70, 14, -92, -146, 
170, -36, 4, 150, 140, 152, 106, -4, -128, -26, -76, -104, -108, 58, -76, -158, -158, 62, -102, -202, -48, 92, -76, -236, 114, 200, 140, -58, 4, -64, -136, 250, -72, -104, 332, 100, -76, -94, -48, -216, -284, -170, -74, 178, -40, 200, -136, -78, -90, 116, -52, 34, 68, 24, -102, 178, 26, 200, -2, 168, -4, 132, 202, 10, -180, 82, 38, -176, 28, 14, 196, 4, 60, -60, -46, 8, -180, -46, -60, -144, 26, 74, -54, -138, 136, -38, 238, -98, -46, 18, 122, -68, -26, 48, 154, -64, -6, 126, 160, 178, -108, 0, 88, 60, 54, -184, -134, 62, 204, 214, 150, -90, -98, -20, -166, -24, 100, -78, -26, 108, -78, 244, 138, -112, 50, 70, -68, 62, -40, 146, 56, 72, 96, 128, -38, 260, -112, 244, -80, -374, -70, 94, 24, 136, -48, 140, 14, 4, -148, 140, -84, 16, -264, -94, 138, 2, 22, 182, -50, -64, 76, 204, -28, 48, 98, 42, 222, 104, -80, 88, 6, 2, 68, 90, 76, 198, 78, 72, 92, 2, 152, 102, -52, 46, -124, -50, 16, 210, -8, 150, 4, 54, 136, 326, -34, -22, 90, -52, 202, -118, -146, -126, -164, -206, 266, 50, -172, 60, 22, 82, 268, -122, 266, 56, -124, 60, -78, 130, -106, -52, 26, 124, -146, 20, -68, -128, -180, -16, 100, -126, -68, 122, 20, 16, 94, -120, -8, -58, -60, 36, 130, -38, -116, 184, 194, 42, 192, 142, 202, -50, 122, 58, -46, -252, -334, 52, -152, -10, -86, 26, 72, -40, 74, 92, -32, -74, 124, 74, 198, -64, 96, 28, -70, 298, 34, 48, 70, 84, -16, -32, -288, 238, 34, 114, 4, -160, 40, -32, 250, -210, -24, 108, 4, 16, -50, -84, 190, 260, -34, 158, 26, 4, 206, 8, 4, -316, -2, -202, 6, -12, 28, -58, -144, 116, -42, 162, 124, 194, 228, 2, -32, 82, -170, -104, 110, 284, 10, -218, -296, -6, 158, 38, 64, 136, -46, 162, -42, -60, -88, -110, 6, 70, 248, -270, 204, -46, -162, -82, 30, -68, 92, -270, 56, 74, 218, -54, -268, 118, 94, 180, -86, -58, 152, -38, 12, 34, -38, -68, -38, 160, -282, 192, -166, 242, 136, -96, -82, -74, -4, 144, 8, 72, 150, 288, 114, -82, 262, -144, -122, -192, -46, 92, -34, -84, 100, 30, -80, 4, -42, 360, 130, 66, 90, -82, 16, -100, 168, -70, 98, 216, -150, 114, -38, 328, -152, 122, -44, 2, 20, -140, -60, -40, 18, 78, 64, -140, 110, 190, -16, 194, 6, -24, 144, -62, -204, -348, 72, 90, -144, 4, 90, 10, 90, -20, 118, 26, 82, -22, -98, -118, -26, -78, 192, 84, 76, 182, 68, 4, -42, 92, 244, 134, 44, -12, -82, -260, -80, -94, 34, 206, 188, -18, -14, 200, -36, 104, 40, -288, 4, -22, 8, 98, -124, -126, -156, 46, 10, 12, 130, 6, 82, -24, 52, -94, 108, 102, 136, -146, 144, 86, 
-116, 48, 26, -38, -48, -164, -84, -2, 152, -54, 246, 160, 270, -174, 74, 88, 138, -148, -6, 296, 54, 50, 34, 264, -60, 126, -66, -20, 78, -52, 60, -158, 46, 132, -54, -36, 20, 128, -58, 234, 260, 206, 116, -158, 50, -160, 90, 44, 82, -154, 26, -188, 10, 2, 44, -46, 142, 10, -68, -226, 42, 138, -68, 40, 32, 26, -22, 128, 50, 26, -22, 214, -28, 54, 116, 166, 264, 124, -4, 232, 38, -200, 78, 74, -182, -36, -182, 132, 226, -106, -180, 154, 140, -66, 10, 66, 46, 30, -148, -194, -36, -10, 162, -36, -78, 58, 222, -14, -168, -210, -206, 118, 104, 96, 66, -56, -96, -50, -84, -216, -10, -254, -32, 138, 76, 98, 146, 132, -166, 14, 84, -74, -220, 8, 78, -226, 222, -126, 42, 170, 78, -88, 44, -154, -74, -24, 108, 134, 184, -248, -8, -96, 132, 146, -112, 178, 8, -204, 194, 114, 106, -42, 108, 38, 70, 126, -18, 8, -62, -170, 42, -154, -2, -102, 90, 44, -88, -32, -162, 8, -38, -32, 0, 34, -50, -58, 62, -176, 166, -140, -18, 8, 66, -260, -42, 140, -82, 204, -96, 44, 42, 174, 74, 90, -224, -14, 96, -12, -102, -64, -230, -42, -254, 14, 304, -122, 110, -98, -58, 8, 10, -40, -8, 28, 56, 162, 62, 140, -144, 122, -8, 90, -150, 148, 126, 242, -40, -52, 32, 22, -130, 38, 28, -246, 28, 54, -176, -106, -204, -170, -108, -92, 226, 282, 236, 118, 104, -18, 82, 148, -50, 106, 14, -70, 30, 84, -290, -70, -174, 98, -84, 108, 214, -154, 48, -82, 78, -76, 106, -66, 242, -180, 26, 22, 94, 214, 38, 24, 50, 154, 26, -154, 82, 82, 150, 192, -136, -98, 26, -64, -34, 74, -124, 36, 102, 238, -56, 122, 60, 166, 92, 182, 216, -56, 138, -272, -48, -48, -212, -74, -54, 144, 358, 68, -24, -266, -28, 232, 116, 68, -70, -36, 84, -190, -28, -56, 46, -74, -36, -10, 150, 64, 64, 278, -26, 48, 206, 278, 180, 108, 148, 328, 10, 134, -150, 2, 128, 4, -14, -28, 32, 134, 12, -98, 212, 42, 128, 220, -10, -130, 264, 56, 296, -222, -96, 88, 6, 388, 48, 114, 236, -126, 200, -152, 4, 0, -108, 168, 336, 280, 176, 90, 36, 178, -106, -80, 34, -140, -18, -164, -42, -136, 74, 8, -12, 216, 30, 132, 34, -100, -78, -6, 4, -296, 4, 84, -36, 82, 10, 88, 200, -76, -150, 18, 138, 218, 58, -106, 118, -172, 152, -64, -150, 198, -36, 394, -120, -40, 82, 114, -232, 124, -56, 126, 82, -62, -6, 194, 128, 238, 86, 132, -102, 72, -60, -174, -76, 144, -58, -166, 2, -120, -192, 118, 108, 242, -30, -40, 194, -144, -66, 56, 130, -42, -26, -274, 22, 216, 60, 182, -58, -6, 172, 206, -34, -278, 78, 64, 134, 16, -22, 66, -56, -2, -20, 112, -148, 52, -172, 90, 
116, -174, -262, 214, 126, 140, 104, -18, -134, 18, -138, -86, -206, 106, 88, -70, 108, 160, 4, -144, -78, 36, 44, -90, 184, -86, 94, 108, -20, -84, 44, 180, -2, -120, -6, -36, 12, -104, 100, 86, -60, -84, 56, 234, -32, 156, -144, 42, -18, 178, 100, -86, -82, 230, 44, -128, -136, 154, 90, 124, 42, -84, 282, -54, 92, -50, 134, 52, 4, -78, -58, 146, -118, -26, -108, -86, -100, -156, -100, -254, -38, 222, 240, 228, 240, -110, 26, -14, -364, 76, 290, -68, -156, 112, -40, -28, 98, -2, 254, 240, 84, -2, -66, 144, 100, -106, -154, 20, -148, 236, 122, -76, -110, 128, 78, 34, 124, -4, -2, 164, -156, 92, 76, -66, 22, -28, -52, -76, 128, -58, -16, 62, 90, -28, -118, 184, -128, 168, -14, -174, -42, -36, 112, -32, 12, 42, -146, 88, -32, 222, 52, 182, -88, -76, 48, -122, -110, 62, -48, -158, -8, 54, -220, 108, 8, -184, -38, 42, -122, -48, -88, 110, 16, 20, 104, 132, 34, 60, -28, 128, -50, 44, -18, -54, 72, 128, -116, -6, -22, 260, 98, 100, 138, 246, 82, 60, -38, -110, -54, -10, 110, -172, 88, -4, 242, 90, -30, 14, 76, 166, 362, -70, 130, 130, -96, 116, 112, 162, 30, 256, 64, 82, 146, 140, -126, -88, 62, -60, 168, 28, -8, 50, 58, -152, 26, -158, -66, 114, 90, 90, 88, -56, -68, -60, -12, -8, 18, 120, 170, 194, 74, 130, -60, -238, -40, -26, -18, 98, -154, -86, 42, -22, 96, 16, -96, 100, -18, -68, 210, 16, 44, 136, -318, 90, 38, 92, -2, 132, 176, 28, -364, 306, 48, 128, -14, 154, 122, -142, -120, -48, 80, 94, -20, 116, -34, -114, 24, -28, 42, 10, 12, 10, 156, 2, -224, -162, -142, -144, -8, 12, 208, -222, -202, -54, -166, 144, 120, 36, 274, -10, 38, 34, -174, 24, -78, 40, 28, -20, -112, -98, 100, 128, 44, 52, 32, -8, -4, 176, 194, -76, -62, -112, 176, -160, 162, -72, -234, -202, -52, -80, -48, -252, 80, -94, -6, 0, -116, 40, 128, 60, -80, -220, 22, 84, 112, -142, 56, -298, -76, -266, -56, 44, -164, 284, 8, 92, 112, -62, -46, 72, -68, 132, -110, 346, -166, 102, 78, -22, -166, -210, -140, -184, 24, -156, 178, 84, -68, 202, 78, 186, 136, 102, 144, 6, -216, -64, 232, -16, 46, 8, 10, 112, -70, 184, -198, -2, 88, -160, 42, -136, -62, -26, 120, 110, -2, -156, 54, 16, 50, 146, -104, 50, 86, -294, 362, -94, 180, 4, 92, 52, 96, -34, 2, -138, 120, 184, 120, 6, -66, -276, -14, -242, 68, 46, 40, 232, 202, -158, 110, 242, 90, 224, 168, 2, -108, -42, 64, -8, -98, 320, 124, 110, -214, 154, -40, 182, 110, -144, -134, -156, -118, 212, -72, -44, -20, 292, -14, -46, -38, 16, 132, -12, 22, 98, -56, 42, 116, 60, 36, 52, 
-8, 92, 48, -188, -148, 112, -86, 148, -30, 10, 84, 18, 156, -230, -128, 216, -86, 46, -110, 114, 174, 124, -88, 170, -182, -34, -12, -24, -2, -34, 166, -160, 70, 14, 64, 188, -72, 158, 6, -18, 12, 264, -32, -172, -162, -112, 94, -82, 56, 50, 206, -194, 14, -150, -26, 60, 256, 62, 44, -86, -86, -174, -304, -46, 62, 274, -148, 134, 8, 32, -34, -42, 266, 44, 106, -142, 200, -36, 162, 126, -22, -156, -76, -62, -148, 44, -74, 58, 292, 16, -164, 218, 232, -2, 22, 10, -174, -64, -84, -186, 32, -124, 84, 92, -74, 384, 194, 114, 112, -76, -82, 178, 306, -200, -148, 258, -48, -8, -8, -176, -46, -124, 24, 196, -24, -26, -60, 78, 150, 162, 62, 0, -92, 110, 38, -52, 50, -144, -126, 78, 92, 84, -72, -10, 128, -186, -4, 78, 98, -22, 30, -194, 196, 58, -124, 2, 184, 66, 98, 306, -60, 54, 156, -130, 62, 118, 128, -64, 84, 80, 168, -70, 144, -24, 24, 14, 14, -122, 176, 14, 56, -98, 84, 70, -104, -38, 204, 80, 12, -134, -48, 92, -130, -274, -46, -176, 156, 138, 108, 232, -40, -18, -224, 156, -238, -22, 256, 64, -106, -112, -372, 250, -108, 74, 54, 136, -114, -20, -14, -16, 128, -124, 56, -268, 100, 302, 22, -134, -114, 116, 52, -22, 58, 160, -68, 54, 34, -162, -4, 162, 148, 74, 60, -60, 52, 92, 22, -4, -98, -230, 34, -22, 216, 280, 132, 176, -30, 128, 16, 132, -12, 66, -28, 94, 104, -32, 74, -22, 16, 50, -96, -102, 116, 10, 52, 128, 76, -136, -42, 118, 298, -54, -106, 230, -70, -58, -48, 48, 166, -70, -80, -128, -70, -120, 42, 238, 100, 82, -40, -24, 108, 178, -150, -64, 184, 152, 2, 2, 0, -30, -68, 310, 32, 158, 72, -114, -36, 48, -68, 152, 46, -72, 138, 10, 94, 54, 70, -36, 122, 134, 138, 56, -100, 64, 84, -50, 2, 104, 48, 200, 130, 172, 92, 172, -6, 222, 282, 172, -20, -8, 256, 184, -48, 40, 50, -20, 4, -38, -188, -24, 158, 194, 8, -108, -80, -56, -22, 138, 72, 122, 24, 254, 4, -218, 86, -28, -16, 174, 38, 94, 144, -52, 28, -144, 18, 26, -108, 82, -18, 140, 142, 148, -36, 78, -158, 74, 168, -248, -76, -152, -188, -80, -70, -30, 336, -136, -222, 338, -20, 114, -82, -4, 58, -140, 122, 122, -46, 194, -6, 106, 56, 264, 94, -92, -10, 152, -46, 54, 110, -8, 224, -16, -140, 216, -60, -20, -46, 144, 0, -106, -116, -20, 120, 160, -114, -168, -100, 10, 120, 160, 174, 126, -98, 134, -16, 192, 74, 112, 102, -52, 114, -192, 128, 82, 154, 106, 120, 42, 50, -242, -56, -68, 84, -16, 148, -18, -128, 136, 200, 180, 112, -210, 126, 88, 20, -242, 70, 62, -6, 0, -10, -56, 32, 50, 84, -112, -90, -28, -44, -100, 
194, -106, 72, 192, 136, -28, 142, -110, -42, -138, -44, -46, -168, 54, -14, -200, 44, 190, 216, -100, 34, -130, 24, -10, -40, 22, -78, 70, -12, 186, 174, 136, -198, 14, -32, 234, 124, -114, 130, 112, 196, -314, 4, 154, 100, 64, -40, 82, -42, -30, -156, 144, 100, 110, 70, -52, -198, 290, 136, 38, 148, 258, 196, 88, -38, -100, 6, -138, 252, -42, 12, 160, -198, 192, -188, 166, -82, -40, -118, -8, 26, 104, -4, 236, 170, 38, 178, 34, -130, -16, 92, -90, -122, 152, -174, 168, -62, 38, -88, 100, 8, 166, 94, 80, 170, -346, 70, 134, 222, 306, 128, -192, -52, 132, 40, -224, -2, 170, 86, 232, 264, 120, 12, -222, 112, 146, -104, 96, -20, -154, -120, 128, 160, 68, 162, 202, 96, 202, 92, 136, 88, 28, -4, -32, 80, 322, -24, -34, 108, 182, 40, 16, -190, -126, 172, 104, -172, 194, -14, -286, 242, 170, -92, 250, 12, -118, 14, 130, 14, -40, -2, 54, -100, -124, -136, -84, -150, 2, -86, 118, -194, 136, 102, 92, 348, -2, -60, 252, -96, 248, 24, -22, 332, 276, 224, 12, -82, -98, -60, -166, 142, -20, 86, 114, 198, 42, -206, -4, 74, 266, 160, -292, 236, 24, 74, -120, 144, 44, -38, 4, -78, 30, 144, 104, -96, 86, 42, -22, 134, 54, 52, -16, -184, -168, 106, -14, 134, 166, 52, -58, -82, -138, 36, 40, -68, -122, -2, 60, 78, 68, 44, 40, -148, -280, 60, -48, -22, 50, 24, -74, -156, -18, 12, -212, -18, 78, 76, 164, 112, -98, 114, -4, 50, 64, -78, -140, 94, 116, -100, 44, -240, 70, -26, -280, 48, 30, 114, -182, -22, 74, 74, 4, 108, 208, -160, -172, 50, -56, 134, -234, 186, -142, 130, 108, -24, 130, -84, 150, 324, 260, 320, -64, -56, -138, 26, 194, 92, 10, 246, -96, -156, 36, -82, -46, 168, 34, -100, 136, -16, 48, -156, 54, 58, 20, -34, -20, -80, -64, -96, -144, 50, -178, 60, 30, -74, -34, -260, -162, -6, 28, -212, -116, 70, 148, -14, 74, 40, 68, 276, -94, -132, -234, 26, 74, 110, 70, 140, 42, 68, 46, 80, -64, -190, 214, 128, -88, 146, -10, 112, -108, -74, 0, 154, 142, -172, -2, 152, 162, -6, -252, 36, -100, -96, 70, 104, -46, -114, 112, 0, 104, 150, 212, 106, 40, -334, 28, 158, -278, 160, -108, -78, -66, -36, 14, -146, 176, 64, -184, -34, 98, -88, -22, -180, -14, 32, -148, 120, 174, 50, 20, 4, 192, 134, -248, 112, 170, 78, -82, 14, -32, -100, 20, 16, -82, -32, 86, 78, -146, 42, -66, -24, -18, 322, 14, -38, -52, 44, -136, 176, 28, -170, 222, 14, 86, -122, 4, -110, 78, -96, 264, 130, -112, 114, 180, -142, -58, -92, -148, -148, 36, -98, 152, -58, 40, -94, 174, -32, 12, -16, 90, 52, 190, 108, 180, -136, 48, 118, -32, 168, 16, 
150, 66, 14, -180, -110, -76, -132, -22, 280, 26, 46, 30, 204, 40, 58, 78, 38, -86, -160, 180, 126, 28, 210, 28, 248, -26, 28, -32, 220, 14, -16, -106, 94, -22, -12, -88, -106, 112, 54, 8, -68, 264, 44, -218, -186, -86, 78, -76, 88, 164, 214, -154, -74, -114, -88, 50, 248, -226, 118, 68, 40, -328, -100, -66, 196, 38, -16, 264, -222, 274, 52, 12, 150, -100, 270, -16, 234, -22, 248, -20, -54, -138, 50, -422, -168, -92, -240, 110, 44, 132, -134, 160, -34, -20, 254, -84, 64, 56, 240, -128, 150, -144, -56, -70, 84, 326, 122, 14, -146, 48, -36, 318, 80, -174, 132, 188, 8, -134, 50, -238, -356, -78, 90, 212, 112, -66, 142, -78, -88, 26, -32, -142, -168, 64, -74, -190, -104, -200, 58, -126, 32, 204, 6, -54, 2, -194, 220, 108, -32, -24, 58, -70, 26, 32, -128, -150, 56, -80, 114, 148, 0, 34, 152, -238, 20, 150, -10, -190, -6, 42, 12, -66, 142, 142, 78, 130, 238, 160, -10, -56, 98, -26, -178, -30, -356, 42, -44, -128, -54, -356, 48, 282, -78, -80, -34, 134, 192, 120, 148, 130, -24, 88, -70, 54, 0, 60, 202, 84, -38, -268, -178, 314, -188, 76, -80, 188, -222, -2, 150, 46, 90, 56, -226, -100, 32, 50, 64, 4, 0, -116, 54, -46, 202, 48, -80, 18, 64, -238, -170, 80, -100, 176, 50, 56, -22, 80, -148, -14, -22, 62, 132, 28, 148, 208, 14, 174, 96, -72, 48, 132, 160, -4, 156, 182, 72, -168, 22, -66, -54, 66, -30, 12, 144, -66, 156, 130, -140, -156, 102, 8, 212, -96, 110, 2, 92, 64, 72, 114, 70, 44, 124, 102, 54, -246, 266, 222, 2, 112, 178, 64, -252, 130, 114, 0, -102, -10, -6, 110, -218, -212, -180, 26, 154, 212, -92, -2, -130, 92, -38, 62, 166, 162, 252, 22, -52, -152, -12, 92, 24, -64, -16, -88, 26, -140, -68, -8, 42, 88, 68, -50, 14, 126, -116, 10, -74, 2, 100, 10, 62, -114, 142, 94, 56, 50, 132, 174, -88, -54, -258, 160, 108, 284, 70, 56, -12, 60, -228, -150, 136, -150, -178, -102, -44, -70, 40, 144, -22, 190, -164, 68, 62, 108, -64, -12, 268, -162, -220, -74, -74, 106, 286, 32, 8, -294, 58, 182, 186, -44, 30, -198, -64, -302, -4, 130, 296, -12, -106, 292, -58, 184, 86, -46, 138, -64, 150, 4, 34, 336, -72, -64, 168, -78, 68, 178, -198, 66, -170, -38, -56, -146, -24, -98, -64, 244, -28, -30, 80, -66, -66, -18, 24, 44, -2, 102, -292, 16, -30, 250, -134, -10, -2, 120, -410, -74, 116, 78, -38, -58, -140, 18, 268, -236, 58, -8, 162, 0, 114, 42, 132, 60, -170, 312, -46, 44, 90, -104, -62, 94, 334, 26, 164, -34, 80, -140, 108, -110, 18, 38, -90, -28, -90, -148, 46, -172, -218, 42, -24, 52, -48, -68, 
-208, -238, 178, 370, 124, 264, -42, -102, -230, -52, -64, 38, -264, 78, 120, -102, 32, 78, 22, -36, -156, 134, 50, 100, -270, 70, -136, 84, -208, 108, 40, 108, -58, 78, 144, 130, 134, -96, 178, 18, 14, -152, -28, 76, 128, 196, 16, 126, -14, -78, -138, 48, 52, 98, 48, -34, -18, 194, -92, 14, -134, 196, 76, -6, -96, 128, 108, 60, 172, 86, -32, 76, -202, 40, -346, 170, -82, 120, -78, -36, 178, 68, 138, 152, 106, 50, 68, -10, 196, -2, 62, -114, -54, 26, -44, 28, 6, 60, -118, 250, -116, 200, 2, 124, 20, -288, 88, 138, 150, -62, -34, 0, -192, 192, -270, 62, -152, 62, -10, 72, 320, -104, -30, -188, -210, 132, -58, 104, 88, 24, 36, 38, 116, -190, 24, 118, 210, 168, 28, 84, 64, -270, 38, -126, -48, 154, 200, -42, 116, -200, -284, 110, 216, 80, 132, 86, -46, -102, 48, -128, -154, 154, -172, 206, 218, -10, 66, 172, 48, -32, 84, 100, 32, -24, -106, 60, -282, -74, -60, 94, -88, 210, 170, 8, 270, 14, 186, 146, -42, 16, -100, -128, 6, 68, 72, 42, -178, -24, -68, -68, 6, -100, -120, -158, 34, 70, -30, -102, 74, 200, 74, -122, 232, -60, -16, -86, -118, 0, -142, -82, 76, -50, 246, 66, -80, -84, -60, 50, 44, 46, 90, 174, -242, -60, -16, 172, -102, 152, 78, 66, 94, -220, -52, -8, 16, 6, 218, -44, -20, -38, -126, 176, -82, -178, -52, -20, 122, 42, 40, -32, -128, 148, 8, -72, -18, 138, -36, 148, 98, -18, 12, 2, -136, 120, 24, -20, -32, 168, 54, 98, -44, 60, -118, 88, -108, 10, 22, 156, 108, -150, -108, -70, -12, 216, -148, -122, 76, -56, -186, -90, 130, -40, 114, 188, 238, 0, 30, 50, 54, 120, 50, -120, 118, -180, 128, -8, 6, 0, -18, -14, -142, -126, -146, -34, -82, 82, -140, -24, 60, 74, 142, -42, -44, 146, -88, 62, 42, 26, 160, 122, 116, -112, 24, 118, -52, 190, -166, 128, 36, -38, -274, -70, -56, -60, -154, -228, 40, -86, 158, 84, -132, -70, -88, 148, -14, 18, 216, 154, -36, -58, 138, -102, -14, -14, 2, -160, 232, 32, 248, -76, -82, -240, 38, -52, -44, 82, 100, 60, 366, -76, -64, -52, 114, 130, -84, 84, -52, 172, -34, 138, -62, 318, -2, -40, -112, -22, 62, -100, 160, -306, -188, 26, -60, 72, -186, -112, -204, 56, 170, -26, -114, 154, 48, -294, 256, -182, 14, 8, 28, 176, -26, 160, 22, -284, 26, 116, 78, 150, 32, -30, -18, 72, 10, -66, 246, 178, -116, -170, 242, 62, 144, 178, 224, -30, -238, 82, -46, 190, 414, -6, -44, 110, -142, 114, 70, 114, -88, -60, 132, 134, 164, -246, -86, 138, -42, 68, -60, -40, -270, 74, 4, 36, 122, -24, -100, -122, -54, -20, -82, 82, 16, 106, -42, 24, 188, 58, 4, 2, 82, -26, 
108, 2, -178, -130, -14, -304, 86, 184, 236, -4, 244, -70, 128, 134, -100, 80, 26, 62, 12, -66, 110, -216, -268, 4, 452, -2, 186, 214, 54, -158, 136, -86, -46, -2, -48, -102, 4, -194, -26, 32, 2, 250, 124, -92, -58, -162, -16, -32, 198, 208, 250, 94, 14, 82, 188, 2, -20, -240, -146, 100, 146, -148, 46, 142, -74, 48, -134, 42, -62, 22, -16, -80, 68, -28, 268, -98, 8, -142, 176, 78, -142, -46, -218, -48, 0, -66, -86, 52, -32, -46, -172, 38, -244, -186, -14, 0, 64, -32, 200, -264, -20, -78, -42, -238, 168, 58, 92, 146, -138, 108, 20, -2, 166, -132, 104, -62, 254, 84, 86, -20, -96, 98, 100, 114, 74, -154, 38, -4, -6, -80, -62, 24, -78, 180, -162, -94, -220, -178, 100, 110, 44, 46, -22, -70, 218, -112, -130, 68, -158, 252, 488, -270, -156, -14, 82, -34, 86, 180, -60, 142, 272, -252, -40, -16, -66, 66, -218, -168, -86, -84, -64, -178, 12, 208, 34, -130, 248, 168, 244, 102, 116, 6, -138, 0, -156, -166, -224, 76, -142, -8, 62, 216, 56, 146, 8, -96, 60, 68, 242, 274, 68, 12, 146, 22, 92, -64, 148, 90, 130, -120, -160, 234, -86, -40, -28, 76, 244, -150, 76, 136, -114, 188, -260, -18, 120, 202, 42, 52, 42, -108, -160, -140, 380, 32, 146, -80, 204, -168, 148, 44, 54, 376, -54, 108, 180, 210, 26, 104, 30, 80, 126, -80, 132, 70, -42, -100, -184, 68, 108, 142, 58, -46, -26, 140, -84, -46, 138, 74, -124, 80, 80, 10, 46, 50, 114, -84, 20, 18, -70, -94, -64, -64, 66, 140, 12, 32, 18, -176, 130, 102, -44, -76, 54, -122, -64, 238, 92, -58, 158, 70, -106, -44, -130, 42, 42, 96, 144, -2, -104, -48, 70, 44, -24, 82, -80, -20, 126, -82, 2, -12, 40, 116, 290, 112, 30, -180, 32, 22, -22, 128, 88, -8, -10, -226, 186, 84, -126, -56, 40, -114, -86, 270, 68, -176, 122, -270, 204, -92, 230, -2, 304, 98, 36, 20, 44, 264, 84, 138, -10, -8, 310, 216, 98, -76, -4, 70, -124, -162, 42, 24, 26, -68, 114, -20, 92, 74, -144, 134, -76, 154, -4, 214, 48, 72, 80, -28, -94, -14, -182, 24, -78, -22, -72, -152, 152, -82, -34, 8, -2, -242, 134, -100, -4, -34, -20, 148, 28, -26, -272, 94, 4, 234, -16, 76, 266, 0, 94, -70, 146, -8, 212, -224, -22, 218, -84, 66, -56, -42, -136, 0, 156, 68, -14, 118, 10, -22, 50, -112, -116, -152, 224, -106, 180, 2, -26, 184, 76, 68, -184, -168, -152, -150, -90, 44, 62, -8, 60, -46, -406, 52, -44, -80, 142, -34, 68, -80, 4, 0, -32, 18, -136, 282, -24, -202, 86, -98, 108, 106, 176, 102, 88, -20, -6, 66, 172, -62, 162, 152, 186, -84, -24, -106, -58, 38, -60, -4, 206, 140, -194, 60, 
-136, 16, 160, 260, 22, 172, -46, -194, -162, -20, 52, -26, -66, 142, -28, 28, 52, 20, 20, 4, -48, 164, 66, -30, -102, 8, 26, -82, 68, -68, 4, 112, 110, 22, 154, 134, 84, 170, 116, -68, -4, 6, 50, -50, 94, -28, -108, 32, -112, -4, -98, -26, 28, 22, -80, -20, 100, 272, 118, -12, -100, 88, -116, 0, 120, 198, 168, 114, -80, 44, -22, 156, 72, 100, -162, 198, -54, 132, -110, -12, 166, 106, 158, 100, 4, 100, 68, -102, 76, 250, 166, -52, 252, 158, -2, -84, -96, 112, -52, 138, -86, 76, -54, 204, -130, -14, -36, -14, 174, -32, -68, -52, 22, 36, -156, 22, -122, -200, 284, 26, 132, -70, 40, -102, -88, 90, -154, -24, 42, -46, -6, -30, 164, -172, 140, 42, 108, 132, -62, -154, 74, 102, 2, 80, -158, 34, 234, 32, 246, -118, -204, 200, 50, 4, -64, 302, -6, 40, 220, 12, -246, 146, 152, -76, -112, -68, 116, 224, 20, -16, 110, 240, 30, -172, -42, 32, 96, -328, -278, -14, -6, 202, 120, 2, 204, 62, 248, 4, 152, 170, -124, 86, 78, -10, -22, 12, -92, 128, -26, -150, -64, -172, -156, -8, -92, 196, -122, -8, -162, 304, -98, -358, 40, -104, 82, -134, -38, 88, -98, -28, -2, -86, 334, 124, 86, -134, -96, 22, 70, 212, 226, 154, -154, 146, 24, 128, -56, 94, -144, -20, -32, -286, 28, -160, 212, -114, 154, -42, 0, -44, -30, 10, -10, -130, -228, -14, 94, -70, -2, 26, -102, -14, -168, -198, 36, 2, 0, 42, 228, -98, 22, -26, -204, 18, -48, 254, 34, 52, 76, -96, -34, 156, -74, -26, -40, 26, 68, -120, -102, -72, -64, 36, 58, 138, 156, 0, 60, 32, -142, 2, -88, 88, -130, 112, 62, 156, 90, 140, 94, 68, -130, 44, 140, -58, 108, -10, -72, 104, 68, -170, 28, 60, -278, -80, -38, -212, 52, -46, 146, 12, 150, 50, 164, 182, -82, 212, 130, 214, -178, 114, 54, -118, 92, 66, -230, 168, 6, 146, -144, -54, 24, -30, -84, -100, -122, -48, -120, -46, 92, 68, -36, -96, -2, 14, -56, 150, 172, 102, 86, 154, -52, 192, 38, 46, -18, 74, 272, -40, 34, -82, -212, -62, -154, -6, -74, 154, 176, 56, 88, -26, 4, -4, 36, -38, -162, 146, 22, -22, 4, 76, 38, 40, -94, -90, 0, -94, -14, -16, 78, 2, 22, -168, 142, 70, -162, 252, 114, 78, -8, 24, 90, 164, 86, -116, 146, 58, -108, 178, 0, 26, -224, 44, 54, -132, -40, 8, 156, 284, -46, 166, -80, 40, -206, 32, 116, -48, -76, -96, 72, 156, 74, -46, 124, 74, 260, 88, -154, 190, 224, 20, 116, 86, -118, 210, -46, 28, 28, 100, 70, -8, 252, -172, 8, 38, -98, 108, -196, -206, -162, -26, -238, -38, 72, 116, -42, 24, -32, -12, 102, 28, -50, 206, 202, -200, -56, 16, -148, 34, 170, 154, 
88, -74, -134, -110, 140, -232, 40, 132, 324, -70, 20, 28, 102, -72, 144, -262, -62, 22, 8, -72, 266, -230, 74, 26, 128, 22, 48, 118, 56, 74, -94, -112, -68, 10, -96, -106, 148, -148, -140, 10, 68, -240, -22, 248, -12, 96, 216, -38, 176, 104, -10, 16, 36, -194, 204, 170, 100, -220, -24, 28, -2, -198, 84, 42, 26, -150, -22, -82, 46, 106, 140, -36, -102, -72, 80, 36, 286, 0, 82, -14, 10, -44, 42, -194, -12, -256, -38, 64, -28, -324, -28, 122, -200, -80, 2, 100, 128, -18, 2, -60, 6, -108, 226, -152, 60, 24, -16, 168, 200, -32, 118, 14, 42, 82, 78, 92, 154, 208, -94, -2, -2, -78, 114, 56, 0, 16, 142, 26, 50, -10, 150, 144, -66, 88, 28, -4, -180, 56, 80, 130, 214, -104, 142, 58, 130, -46, -222, -52, -52, 34, 134, -280, 114, -98, 48, -88, 44, -98, -104, -160, 226, -46, -32, 134, -142, -54, -120, -72, 202, 92, -24, -98, -190, 86, -112, 50, 74, 202, 182, 76, 54, -40, -48, -268, -246, 76, -32, 114, -106, -158, 214, -108, -172, -20, 94, -76, 36, 16, 74, 186, -30, 178, 90, 94, 52, -202, 42, 126, 168, -324, 56, 282, -18, 240, 16, 198, 48, -164, 164, 6, -58, 126, -90, -40, -34, 80, 120, -210, 42, -176, -120, -34, 206, 64, 140, -256, -64, 48, -88, 154, -156, 386, 150, 176, -182, 52, -236, 124, -42, -132, 88, 108, -94, -44, 130, 74, 28, 118, 58, -192, 30, 130, 114, 118, 98, -20, -160, 152, -218, 56, 136, -68, 134, 64, 112, -176, -152, -66, -48, 274, -26, -66, 176, 230, 24, 92, -112, 132, 42, 140, 148, -8, -14, -148, -90, -60, 46, 112, 128, -18, 86, 52, 194, -26, 134, -144, -218, -28, -42, 108, 130, -8, -208, 50, -28, -54, -40, -68, -224, 262, 268, -100, 230, 142, -28, 142, -32, -88, -176, -30, -180, -188, 34, -22, 44, -282, 78, -98, 48, -42, 82, 66, -90, 8, -22, -226, -60, -312, 98, 120, 2, 54, 108, -14, 82, 134, 0, 168, -134, 130, 110, -28, -12, 22, -122, -6, 0, -226, 72, -64, 48, -256, -18, -128, -102, -30, -234, 154, 130, 12, 118, 14, 122, -138, -118, -26, -150, 14, -60, 54, 30, -22, -124, 74, 278, -158, -78, 76, 2, -32, -184, -190, 122, -16, -212, 26, -52, 84, -84, -134, 228, 58, -188, -78, 216, 156, 22, -30, 102, 42, 74, -218, 128, 250, -230, -14, 102, -180, 28, -72, 236, 144, 46, 270, 64, -42, -10, -166, 56, -22, 132, -6, 158, -28, -24, -88, 222, 26, 82, -164, 48, 120, 16, -42, -52, -132, 152, -112, -222, 58, -384, -84, 80, 62, -22, 48, 32, 120, -42, 50, -178, 228, -88, -88, 196, 108, 82, 178, 116, -80, 110, 30, -196, -68, 36, -14, 66, -90, -88, -102, -40, -6, -94, 82, 206, 62, 256, 108, -156, 80, 
-198, -94, 182, 40, 44, 212, 116, -158, -224, -84, 114, -10, -170, -16, -118, 232, 72, -74, 124, 42, 40, 62, -76, 154, -54, -4, 48, -80, -52, 66, 68, 4, -122, 114, 114, 6, -58, 226, 220, -76, -54, 176, 4, 68, -90, 30, -66, 86, -134, 22, 56, -86, 52, 262, 144, -144, 68, 162, 120, 94, 88, -44, -160, 38, 104, 160, -58, 156, -40, -30, -124, 62, 122, 40, 102, 88, -220, 32, -32, 42, 44, 94, -12, 234, 50, 168, 118, -12, 186, 200, 20, 58, 374, 140, -72, -76, -40, 104, 74, 156, 82, 118, -136, -52, -88, 26, 172, -52, -202, 80, -112, 192, -36, -48, -10, -180, -60, -138, 178, 44, 50, 108, 110, 50, -180, -18, -150, -60, 68, 264, -50, -114, 36, -64, 44, 34, 304, -18, -20, 42, -62, 144, 168, 50, -132, 104, 206, 14, -20, 264, 38, 188, -104, -66, 122, 124, -116, 240, 234, 108, 28, 98, 90, -22, 108, -28, 144, 104, -110, -134, 20, 2, 146, -110, 188, 56, -2, -176, 56, -84, 24, 58, 12, 48, 14, -232, 78, 4, -16, 102, -138, -4, 64, -46, 42, 156, 198, -188, 0, -198, -116, -16, 8, -128, 82, 182, 112, 4, -170, 48, -32, -32, 18, -160, -38, -162, -4, 102, -248, 256, -30, -22, 140, 114, 38, 94, 72, 272, 18, -78, 70, -30, 96, 22, -132, 264, 12, -14, 144, -182, 90, -2, -34, -104, 274, -94, 208, -16, 116, -22, 144, 4, 200, 146, -54, 22, -10, -90, 180, 212, 30, -86, -72, -152, -144, 54, 266, -168, 292, -202, -50, 34, -48, 50, 46, 194, 130, 94, 36, -112, 52, -52, -164, -128, 60, -34, 156, -52, -102, -54, 72, -128, -40, -58, 66, 46, 114, -144, 4, -72, 116, 68, -26, 28, -52, 174, 158, 116, -122, 156, 102, -68, 68, -16, 52, 0, -14, 140, 132, -136, -118, 174, -52, -224, -18, -64, 136, 120, 154, 56, 196, 156, 204, 12, -138, 130, -22, 154, 68, 20, -54, -36, 124, 88, -22, 138, 88, 444, -94, -66, 148, 4, 60, -54, 20, 46, 4, -282, 88, -56, -24, -226, 24, -18, 84, -78, 46, 112, 64, -34, -116, -4, 66, -72, 188, -56, 224, -94, 138, 48, 128, -30, 10, 118, 236, 114, 226, 88, 12, -156, -204, 148, 58, 4, -82, 92, 264, -16, -70, -20, -20, 182, -58, 108, 278, 58, 92, -132, 72, 218, -208, 166, 232, 100, -88, -106, -72, 196, -152, -146, 56, 146, -124, -246, 204, 60, -36, 80, -60, 96, 50, -36, -112, -252, -40, -60, 294, 146, -34, 38, -12, -178, -322, 68, -16, 332, -138, -4, 138, 128, 124, -18, 38, -116, 94, 174, -38, 276, 130, -52, 328, 112, 30, 174, 98, -20, 88, 178, 210, -84, 50, 60, -30, -12, -280, -82, -24, -176, -156, -56, -216, -110, 102, 38, -174, 172, 10, 92, 286, -8, -14, -50, 48, -194, 30, 8, -94, -184, 2, -76, 
-54, 44, 104, 12, -56, 104, -270, 102, 100, 72, 76, 112, 48, -26, 4, -86, -2, 34, -30, 16, 248, 70, 46, -10, 30, -74, -12, 66, 180, 66, -194, 80, 138, 42, 70, -40, 38, -34, -196, -26, 232, -252, 90, -144, 54, -54, 202, 34, 74, 110, -2, 80, -6, -56, -14, 252, -16, 72, -108, -98, 6, -4, 134, 112, -8, -172, 110, -154, -94, 154, 150, 64, 226, -16, -56, -48, 248, 26, -196, 138, 52, -52, 136, -86, 0, 110, -56, 52, -8, -218, 166, -72, -406, -184, 28, 56, -40, -78, 228, -158, 26, -100, 102, 166, 116, -42, -70, 22, 250, 50, 16, -218, 134, 46, 272, -10, 18, 152, 156, 64, -206, -82, -82, -36, -50, 210, 196, 104, -30, -290, 274, 200, -72, 32, -142, -150, -278, -146, -46, 12, 116, 36, -116, -64, 228, -148, -70, 128, 124, -8, 4, -40, 52, 254, -180, -120, -36, -168, -264, 14, -38, -48, -136, -80, 106, 52, 194, -78, 200, 146, -26, 14, -24, 92, -152, -64, -6, 18, 2, 114, 30, -38, -20, 80, 36, 106, 104, 2, -106, 28, 190, 144, 82, -162, 68, -10, -154, 278, 76, 96, 122, -30, 6, 26, -2, -130, -8, 168, -20, -4, 8, 234, 186, 164, 158, 122, 54, -14, 20, -42, -56, -10, 20, 28, -168, 60, 86, -230, 138, 36, 98, 182, 6, 98, 50, 16, 66, 136, -144, 44, -18, -62, 228, 154, -186, 134, -58, -46, -76, -72, -66, 134, 110, -100, -54, 122, -20, 42, -198, 54, -46, 12, 278, 132, -10, -46, -60, 290, -174, 230, 46, 108, -22, 158, 78, -100, -164, 26, 84, 98, 68, 52, 120, 202, 28, 262, -186, 116, 196, -38, -102, 40, -36, -68, 40, 26, 104, 90, 212, -24, -244, -68, 146, -78, 116, -32, -76, -208, 174, 52, 32, 126, 6, 128, -6, 176, 214, -146, -62, 170, 274, 22, 144, 270, -74, 176, -54, -58, 10, -108, -246, -8, 34, 26, 24, -58, 108, -100, 112, 26, 120, 100, 18, 120, 138, -20, -94, -298, 174, 12, -56, -70, -130, 82, 100, 56, 142, 176, 26, 74, 42, 206, 116, -22, -142, 68, -62, 12, 112, 210, 150, -44, -144, -22, 90, 64, 34, 4, 12, 10, -14, -36, -68, -166, -22, -56, -86, 34, 42, 110, 290, -76, -60, -86, 114, -10, -138, 96, 30, 56, 100, -112, 248, -208, -60, -252, -168, 106, 26, -120, 118, -104, -294, -108, 134, 62, 102, -198, 16, 156, -66, -118, 80, 194, -44, 22, 72, 26, 106, -8, -8, -40, 90, 184, -76, 178, -150, 24, 206, 76, 192, 104, 58, -246, -48, -230, 220, -36, -14, -112, -78, 202, -78, 18, -54, -184, 148, -260, -68, -82, -60, -56, -58, -92, -100, 138, -60, -196, -210, 310, 114, -16, -40, 42, 320, 102, -24, 400, 30, 102, -60, 134, 90, 12, 36, -186, 104, -32, -112, 114, 34, -24, -6, 54, 138, 2, -56, 78, -60, 14, 
84, 146, -114, 70, 74, -22, 334, -192, -80, -44, 60, -24, 42, 68, 66, 36, 190, -44, 154, -126, -60, 8, -86, 46, 40, -86, 92, 58, 4, 86, 178, -58, -72, 50, -74, 122, -64, 126, 346, -108, -198, 272, -34, 140, -168, 14, 30, 104, -122, -112, 42, -82, 12, 236, 278, -70, 74, -174, 202, 120, 88, 28, -114, 164, 14, 126, -44, 148, 168, -60, 142, 130, 94, 76, 90, 144, -36, 78, 126, -82, -22, 144, 6, 80, 14, -218, 134, 20, -58, 232, -220, -16, 258, 418, -42, 24, 16, 136, -168, 166, 66, 256, 164, -170, -176, -90, 284, 30, -156, 30, 44, 232, -138, -18, -32, -76, -144, 114, 84, 50, 100, -68, -66, -4, 74, -34, -202, -110, 138, 240, -82, 32, 174, 146, 52, 184, 292, 104, 48, 24, -212, -148, 40, 40, -84, 58, 88, -26, -178, 6, 108, 76, -54, -228, 190, 94, 118, 134, 108, -52, 82, 206, 90, 24, -18, 8, 20, 16, -84, 156, -6, 156, 26, 4, 186, 230, -20, -20, 100, 72, -70, 160, 190, 40, -2, -70, 178, -26, 46, 206, -58, 8, -24, 48, 224, 110, 116, -108, -52, -2, -60, 100, 26, 142, 114, -44, -34, -174, 170, -50, 2, -52, -350, -124, 104, -88, -168, -2, 124, -74, -40, -12, 100, -88, 132, 140, -110, 66, 6, -6, -62, -16, 104, -26, 42, 22, -160, 6, 84, -20, 114, -70, -120, -148, 164, -84, 8, -50, 172, 74, -116, -114, 22, 188, 104, 92, -130, -190, 374, 32, 164, -176, -166, -62, 18, 170, 174, -70, -50, -4, -16, -78, 90, 82, -162, 110, 246, 122, -94, -112, 108, 132, 72, -180, -172, -184, 354, 106, -184, -100, 70, 100, 160, 144, 68, 10, -168, -40, -170, 156, 54, 70, -88, 254, 86, 126, 142, 160, -104, -18, 70, -88, 244, -102, 184, -140, -172, -18, 174, -66, -114, -282, -140, -82, -30, -48, 208, 318, 104, 188, 286, 74, 94, -6, 2, 8, -178, 234, 12, -44, -32, -28, 26, -104, 222, -154, 174, 358, 74, 20, 52, 108, 206, -100, -148, -24, 0, -92, 88, 64, 100, 82, 20, -36, 156, -244, 40, 30, 6, -64, -152, 72, 38, -28, 4, 276, -102, -44, 0, -96, 98, 2, 90, 158, -78, 76, 188, -54, 54, 108, -240, 146, -66, 132, -218, -50, -10, 144, 228, 32, -114, 102, -186, 120, 82, 114, 56, -200, -106, -16, -144, 28, 190, 52, -90, -168, 122, 204, 98, 28, -98, 44, -14, -82, -140, -32, -68, -16, 40, 210, -66, 8, -74, -284, 178, 34, 232, 24, -134, 16, -106, -38, 44, 116, 216, 224, 94, -66, 86, 22, 32, -254, 174, 4, 156, 144, -178, 140, -20, -124, 54, -104, 130, 124, 208, -154, -80, 26, 166, -190, 2, -18, 110, -104, -110, 4, 36, -150, -350, 6, -8, -164, 14, -10, -72, 190, 22, 176, 70, -46, -66, 112, 8, -2, -40, -122, 96, -76, 130, 58, 
-72, -50, 190, -192, 92, -14, -60, 82, 184, 138, -104, -128, -50, 74, -122, -66, 56, 70, -24, 106, -2, 40, -72, -124, -204, 42, -288, -68, -4, -218, -164, 92, 164, -70, 100, -72, 108, -18, -96, 112, 4, -128, -72, -94, 234, 30, -14, -50, 108, -24, -96, -50, 2, -94, -38, 268, -12, 326, -104, -74, 24, -24, -80, -122, 68, -52, 88, -44, -86, -6, 58, -102, 42, 54, -54, 68, -180, 120, -114, 168, -20, -102, 190, -26, 38, 50, -176, 222, 58, -88, 158, 124, -170, -172, 36, -50, -66, -52, 120, -66, 32, -88, -90, 196, 38, -126, -140, 122, 290, 38, 72, -160, 132, 266, 70, 44, 112, -120, -112, -18, 100, 56, 78, -70, -160, 50, 80, 230, -228, -202, 280, 130, 64, -220, -192, -94, -262, 64, -12, 54, 56, 174, -84, -130, 300, 40, -82, -76, 10, -88, -202, -96, 56, 194, -212, 112, 42, -140, 54, 206, -174, -124, -8, 24, -8, 102, -14, 62, 48, -108, 290, -248, 8, 110, -36, -150, 28, 12, 22, -22, 176, 2, -160, -196, 12, 76, -154, 198, 78, -46, -24, -78, 80, -142, -212, -66, -6, 126, 12, 66, 190, 82, -36, 0, 16, 28, 132, 172, -162, 198, -88, -66, 368, -14, 134, 182, 102, 70, -40, -66, 284, -56, -66, -26, 22, -184, 214, 8, 2, 102, 180, -20, 38, -24, 100, 112, 194, 28, -166, -28, 58, 30, 66, 184, -284, -44, -88, 174, -122, 26, -54, 20, -36, 88, -24, -162, 226, 54, -338, 36, -134, -12, 282, -2, -16, -98, -16, 76, 20, 84, 48, 46, 128, -106, 170, -38, -232, 58, -38, 72, -6, -140, -18, 80, 194, 226, -62, 34, 160, -72, -234, -14, 4, -134, -58, -44, 78, 6, 116, -14, -24, -70, 204, -108, 14, -146, 30, -148, 62, -142, 34, 54, 100, 192, -76, 62, -64, 26, -4, 166, 144, 194, -68, -18, 70, 130, -10, -132, 28, -4, -368, -28, -100, 190, 30, 84, 266, -10, 76, 318, 58, -12, 16, -86, 50, 82, 74, -254, -64, 12, 100, -18, -218, 88, 98, 60, -6, 34, -26, 136, 42, 122, 18, 138, -146, 180, 88, -24, -40, 74, 240, -58, 42, 134, -36, -48, 86, 52, 134, 124, -48, 20, -40, -72, 36, 8, -252, -22, 32, -22, 290, -90, -84, -78, 92, 114, -154, -116, -180, 114, 154, 98, 100, -28, -62, -66, -96, 278, 182, -98, 264, -106, -232, -124, 210, 180, -28, -156, -16, 110, 34, 98, -108, 228, 40, 84, 84, -104, -32, -114, -18, 70, 32, 160, -166, 38, -38, 132, 14, -54, 52, -86, -146, 8, -118, -84, -24, 108, -70, -62, -76, 24, -320, 174, -26, -20, 102, -130, 0, 186, -328, 160, -94, 82, -66, 118, 72, -150, -88, 66, -114, -60, 30, 32, 38, -34, -148, -10, 354, 12, 28, 142, 48, 34, 196, -12, -48, -222, -126, 206, 198, -266, -24, -108, 132, 16, -144, -34, -80, -232, 
176, 70, 68, 190, -30, 112, 44, -140, -24, -160, 98, 414, 38, -50, 124, 76, -104, -42, 20, -92, -30, 78, 94, 288, 34, 240, 320, -30, -66, 294, 288, 2, -256, -38, 82, 110, -66, -70, 270, -44, 34, 112, 64, 104, -178, -172, -182, 202, -4, -96, -182, -42, 16, -38, 28, -14, -98, -262, -58, -54, 220, 48, 68, 180, -38, -42, -64, -104, 314, 38, -26, 66, 60, 12, 76, -4, 212, -162, 108, -280, 84, -6, -36, 22, -136, 30, 44, -74, 146, -16, 36, -104, -168, 174, -40, 166, 6, -36, -24, 262, 20, 140, 44, -88, 4, 18, 80, -148, -144, 36, -98, 68, -46, -24, -92, -14, -26, 152, 68, 108, -24, -20, 120, 72, 106, -46, -86, -32, 124, 178, -252, -94, 156, 198, 210, 182, 78, 116, -132, -82, -46, -92, 144, 128, -44, -32, -58, 110, 152, 128, 252, 58, 86, -120, 224, -94, -160, 124, -64, 70, 120, 16, -108, -32, -62, -132, 150, -112, 16, 180, -110, 246, 106, 2, 42, 232, 46, -6, 62, 14, -22, -62, 158, 134, 196, -146, 158, -36, 6, 68, -170, 166, -210, 220, 78, 28, -90, -54, 114, -40, 2, 168, 286, 172, -4, -174, 58, -96, 28, -326, 126, 84, -370, 82, 18, 40, -50, -38, 232, -10, -138, -128, 92, 272, 6, 264, -18, -144, -114, -208, 32, 100, 110, 60, 12, -44, -136, -112, 100, -4, -66, -64, 64, -300, 314, 182, 28, -24, 12, 76, 194, -98, 10, 52, 4, 70, -120, 70, 454, 164, 352, 34, -186, -32, -82, 270, -144, -238, 48, -204, 14, 72, 34, 54, -92, 182, 78, -30, 78, 38, 26, -22, 70, -150, -124, -212, -22, 4, -220, 186, -20, -36, -86, -4, 76, -28, -174, -108, -86, 170, 142, 122, -24, 134, 120, 182, 14, 354, -98, 140, 218, 68, 26, -38, -30, 40, 78, 66, 14, -124, -206, 20, 114, -44, -66, -24, 20, 48, 30, -152, 406, 94, 60, -118, -20, 112, -170, 196, -36, -276, -52, 44, 98, 50, -366, -294, 86, 164, 24, -2, 8, 260, 288, 2, -2, -2, -34, 8, 130, -254, -190, 8, 110, -28, 224, -42, -36, 94, 180, -84, -138, 96, -112, -2, 22, 220, 68, -174, -166, -6, -176, 20, 126, 14, 50, 116, 132, 160, 8, -40, -158, 114, 96, 162, 4, -34, 52, -18, 214, -70, -92, 28, 108, 86, 120, -192, 174, -216, -124, 80, -92, 62, 306, -104, -106, 68, 206, 170, 54, -224, -50, -30, 402, -220, 6, -138, -8, 24, 30, 48, -94, 54, -58, -190, 236, -114, -72, -8, -82, 108, 0, -28, 74, 32, 168, 66, -38, 4, 228, 98, 16, -18, 136, 160, -92, 78, -250, 276, 110, -64, 118, -48, 36, -298, 66, 34, 152, 152, 106, 50, 128, 82, 58, 32, 130, -32, 198, 206, -130, 152, 48, -214, 118, -14, -42, 84, -14, 236, 208, -166, -34, 144, -176, 42, -32, -172, 30, -64, -2, 58, 
62, 94, -52, -36, 218, 6, 240, 112, 40, 174, -198, -330, -148, 22, -80, -108, 268, -74, -130, 6, 170, 50, -154, -146, 56, -144, -260, 126, -46, -182, -50, 52, 260, -244, -156, -94, -106, -10, -152, 94, -82, 42, 0, -46, 134, 300, 186, -158, 34, 70, 248, -86, -66, 54, 228, -102, -74, 260, 132, 148, -78, 74, 6, -84, -72, 148, -110, 134, -114, -22, 94, -96, -88, -4, -134, -96, -294, -62, -82, 260, 20, -76, 128, 14, 178, 110, -2, 230, 0, 38, 130, 90, 44, -30, -74, -208, 72, 28, 64, -218, 190, 70, 8, -68, -36, 94, -198, 6, -24, 268, 48, -44, -22, -4, 74, 82, 236, 50, -20, -204, -96, -12, -162, 82, -212, 202, 270, -194, -44, -276, 110, 208, 70, -160, -50, -148, 4, 38, 160, 178, -42, 44, -220, -288, 70, 104, 2, 20, -118, -58, -278, -38, -104, 180, -36, 116, 306, -80, 16, -88, -70, -144, 76, 14, 38, 28, -36, 136, -26, 134, 276, -94, -44, 64, 70, -44, -34, 54, 174, -20, -22, -86, -34, -194, -212, 206, -18, -16, 14, 112, 158, 2, 154, 2, 22, -22, -44, 46, -40, 2, 150, -14, -202, -152, -138, 264, -178, 164, 6, 132, -150, -104, 186, -310, -102, 2, 132, -110, -80, 56, 124, 98, 50, -94, 52, -52, 40, 122, 174, 156, 94, 0, -58, -4, -22, 206, 94, 100, 146, 118, 22, 140, -44, 256, -218, -52, -46, 156, 84, 14, -194, 154, 26, 86, 18, 42, 148, -44, -338, -112, -74, -72, 60, 36, 206, -246, 250, 106, 124, 244, -48, -82, -156, 104, 154, -74, -104, 110, -14, -42, -96, 88, 8, 286, 126, 92, -94, 46, 38, -188, 24, 126, 76, 54, -74, 36, 252, 54, 42, 0, -62, -60, -126, -74, -164, -116, -18, -138, 144, -20, -110, 8, 108, -10, 38, 18, -72, -6, -70, 120, 230, 22, -8, 36, 164, 144, -22, 26, -96, 96, -176, 28, 110, 224, 86, -168, 94, 54, 240, 242, 96, 30, -62, 146, 128, 108, 46, 38, 150, 108, -80, -180, -194, 84, 68, 12, 4, -24, -24, 116, 164, 42, -130, 10, 130, 80, 38, 44, -292, 222, 104, -12, 218, 24, 20, -126, 98, 180, 322, -34, 100, 82, -88, -54, -148, -4, -110, -236, 136, 42, 196, -12, -114, -16, 52, -22, 4, -22, -152, 180, 126, -20, -82, -68, 146, 104, -92, 248, 76, -170, 26, 30, -244, 204, 52, 164, -228, -48, 262, 256, 74, 58, -244, 202, -40, 206, 78, 216, 158, 4, 164, -72, 84, 86, -38, -80, 170, -92, 4, 198, 2, 48, 26, 160, -94, 84, 114, 54, -182, 56, 80, 80, 40, -2, 194, 32, 16, -36, 204, 124, -164, -106, -112, 144, -82, 2, -38, -188, -156, -24, -12, -60, 166, 194, -124, 36, 12, -216, 278, 66, 16, 64, -42, -16, -98, -92, 22, -164, -58, 178, 58, -242, 126, -86, -38, 148, -90, 170, -176, -102, 
136, -52, 112, 72, -92, -96, 2, -114, -18, -182, 294, 120, 84, 92, -116, 120, -294, 62, 74, 140, 10, 30, 76, 118, 164, 94, 282, -232, 132, 292, -134, 50, -144, 186, 144, -96, 52, 16, 138, 44, -4, -100, 114, -82, -144, -182, -8, 32, 24, -218, -260, -124, -6, 44, -140, 148, 28, -50, -46, -190, 70, 152, 112, 56, -38, -10, 168, -136, 86, -20, 2, 86, 98, 30, -30, 236, 308, -10, 92, -52, 56, 190, -152, 60, -12, 190, -78, 52, -54, 222, -106, -62, 4, 66, 108, 68, 18, -104, -154, 74, 22, 156, 94, 88, 0, -64, 98, -2, 260, -44, -116, 36, -68, -26, -30, 40, -106, -28, 100, 54, 50, 116, 192, -52, 160, -36, -320, 148, 216, 224, 26, -152, -14, 80, 316, 126, 46, 168, -204, -186, -52, 260, 278, 200, 14, -138, 32, 6, 20, -48, 162, -32, 84, -64, 42, 120, -346, 20, -4, 150, 82, 234, 72, 10, 188, -50, 214, -142, 36, -56, -80, -78, -54, -50, -86, -86, 142, 18, -76, 54, 22, 40, 138, 114, 304, -122, 178, 180, 212, -98, -168, 74, -38, -46, -108, 34, 50, 60, -120, -148, -144, 62, -26, 210, -70, -92, 82, -134, -52, -150, 28, 344, -102, 94, -112, 76, -164, 82, 254, -172, 0, 108, -80, 28, -124, 348, -18, -154, 2, -190, -82, -58, -54, 122, 140, 24, -164, -152, -54, -214, -120, -162, -34, -228, 204, 16, 68, -132, -148, -92, 162, -226, 144, 36, 34, 42, 54, 90, 380, 2, 108, 264, 50, 68, 28, 250, -62, -164, 56, -334, 68, 156, 182, 184, -84, 62, -30, 8, -52, 46, 52, 78, -114, 58, -44, -50, 0, 116, 168, 254, 62, 56, -84, -28, 6, 112, -176, 222, 2, 144, 40, -14, 224, 194, 194, 22, 302, 184, -68, 66, 90, 66, -66, 14, -162, 168, -38, -60, 148, -118, -116, -136, 114, 0, 16, 46, -180, 224, -16, -70, 54, -178, 14, -300, -180, 160, -150, 44, -32, -74, -186, -50, 68, -2, -46, -52, 110, -34, -80, -208, 24, 220, 172, 4, -152, -92, 114, 22, 156, 4, -70, -46, 12, -28, -132, 12, 182, 28, 156, -78, -68, 68, -160, -80, 72, 192, 42, 100, -176, -32, -24, 32, 220, 4, 154, 88, 216, 376, -236, 150, 20, 190, 216, 26, -6, 36, -22, -32, 194, -116, -50, 28, 244, 256, 6, -26, -32, -182, 90, 228, -40, 148, 158, -82, -134, 2, 90, 42, 42, -284, 0, -98, 44, -168, 58, -164, 62, 14, -62, -48, -124, 134, 46, 22, 66, 106, -106, 122, 92, 0, 12, 0, -52, -80, 98, -172, 2, 66, 26, -80, -20, 172, -46, -162, -64, -34, -66, 92, 16, 56, 68, 14, -6, 64, 100, 52, 190, 152, 108, -18, 86, 290, 16, -64, 150, 66, 44, 352, -6, -62, -222, -58, 168, -22, 10, 38, 196, 218, 158, -4, 38, 150, -54, 242, 90, -48, 80, -46, 322, 236, 
162, 318, -38, -80, 116, 96, 96, 114, -160, 246, -40, -42, 106, -82, 160, 80, 296, -10, -6, 50, 46, 78, -24, -28, -188, -112, -268, 164, 30, -180, 154, 24, 126, -114, -14, -92, 152, 12, -336, 152, 96, 106, -70, -56, 84, -6, -4, -16, 36, 182, 182, 0, -102, 2, 150, -56, 58, 248, 114, 110, -106, -210, -74, 50, 106, 46, 60, 112, -116, 54, 4, 14, 84, 42, 222, -78, -220, 148, -64, 26, -18, -320, 310, -10, -62, -84, -78, 58, -22, -78, 70, 8, 40, 70, 60, 52, -24, 94, 252, -122, -148, -148, 138, -136, 68, -54, -22, 38, -60, 64, 172, -10, 32, 66, 194, 94, 222, 28, -10, -90, 142, 140, -204, -84, 30, -56, 350, -48, -164, -146, 44, 88, 102, -90, -220, -52, 176, -30, 242, 154, -76, 84, -158, -142, -98, 172, 142, 156, 4, 32, -18, 264, -22, 190, -244, -134, 280, 56, 24, -220, 150, -294, -12, 58, 52, 118, 8, 106, 4, -304, 64, 340, 96, -50, 132, 132, -54, 72, 14, 222, -12, 82, -252, -80, -28, 50, -34, -50, 20, 166, 324, -262, -8, 90, 164, -34, 48, 92, 258, 52, 106, 38, 42, -42, 70, -116, 14, 144, 214, 38, 182, -250, 94, -146, -48, -20, 70, -42, -48, 286, -28, 56, 32, 76, 234, -176, 210, 142, 204, 278, 34, 42, -78, 0, 132, 156, 144, 172, 150, 170, 242, 128, 70, 130, 30, -104, -168, -24, 164, 2, -224, 226, -74, 94, 186, 2, 204, 82, -204, 16, 128, -68, 78, -18, -2, -216, -4, 152, -22, 246, 24, -68, -212, -224, 112, -76, -182, 232, -78, 134, 58, 98, -2, -70, 8, 152, 52, -120, 44, -132, -20, -56, -88, 98, 64, -42, 154, -184, 268, 24, -216, 202, -10, -56, -190, 164, -152, -66, 84, 62, -32, -196, 2, 32, -44, -142, 64, -114, 38, 234, 206, 112, -168, 116, 42, 88, 58, -142, 138, 210, -146, 188, -68, 256, -40, -176, -32, 10, 56, 120, 230, 148, -114, 108, 212, -110, -42, 150, 112, 108, -40, -110, -54, 118, 216, -28, -256, -12, 22, -68, 64, 86, -24, -216, 148, -38, -8, 94, -86, 92, 98, -124, 112, 96, 70, -18, 20, 22, 102, -18, 36, -34, -130, 70, -240, -112, -240, -164, 162, -82, 190, -110, -52, -4, -152, -4, 252, -58, -58, 24, 226, 42, -102, -30, 34, -18, -12, 196, -196, -124, 66, 56, -186, -88, -116, -96, -156, 28, 136, 152, -68, 120, -104, 206, -22, 228, -52, -98, -40, -312, 228, -74, 22, 68, -22, -58, 168, -192, -94, 42, -30, -74, -94, -14, -18, -14, 66, 78, 12, 16, -32, 50, -76, 190, 34, -14, 92, 34, 16, -12, 92, 102, -14, 36, 24, 70, -140, -298, 88, 84, 92, -252, 106, 42, 210, -80, -56, -466, 184, 224, 320, -150, -72, -34, 62, 168, 10, -92, -174, -48, 14, -128, 118, 82, 152, 80, -44, 192, -256, -114, 
32, -88, 106, 118, -190, -94, 20, 50, 244, -124, 56, 32, -26, 108, -178, 20, -36, -24, 32, -106, -100, 86, 176, 124, 60, -46, 164, -112, -70, 176, -86, -36, 148, 122, -24, 30, 38, 98, 116, -170, -106, 30, -230, -14, -52, -256, 132, 72, 46, -128, -346, -74, -132, 18, -102, 122, -22, -142, -106, 40, 58, 282, 198, 116, -70, -34, 70, -36, -16, 44, 20, 12, 162, 92, -36, 130, 222, -112, 132, -6, 126, 256, -196, 40, 234, 56, -38, 58, -104, -14, -4, -42, 2, -78, 72, -110, -4, -42, -66, 82, 66, -4, -34, -84, -16, 44, 6, 186, 28, -64, -16, -140, 66, -44, 82, -108, -108, -26, -86, 60, -156, -80, 42, 114, 12, 40, -270, 42, -20, 0, 34, -76, 60, 124, -16, 24, -118, 58, -120, -32, 74, 34, 94, -6, 172, -318, -60, -204, -60, 92, -88, -74, -34, -30, 42, 144, -142, -136, 190, 120, -38, 216, 24, 146, -76, -200, 90, -112, 78, 160, -34, -86, -66, 6, -94, 64, 104, -214, 12, -42, -96, -130, 200, 248, 142, 100, -162, 58, -46, 166, -160, -74, 28, -64, -82, -108, 76, -110, -152, -38, -46, 46, 138, -94, 36, -38, 42, -206, -244, -154, -198, 248, -162, -4, 174, 110, 70, 96, 14, -112, 54, -22, -22, 44, -10, 132, -128, -88, -174, -58, -120, 118, 8, 178, -94, -94, 2, -322, -106, -192, -116, -140, 18, -130, -154, 18, 328, 120, 10, 74, 132, -88, -80, 8, -46, 126, -192, -58, 70, 30, 28, 124, 144, 62, 174, 262, 32, 64, 214, -280, 10, 62, 190, 58, -66, 60, 104, -256, 250, 14, -16, 2, -126, 46, -264, -40, -78, 46, 180, 122, -186, 38, 68, 92, -188, 108, 182, 64, -60, -16, 204, -170, 130, 118, -26, -48, 308, 102, 68, 40, -60, 322, -106, 36, -60, 254, -156, 14, -190, -90, -216, -4, 46, -58, 94, 22, 72, 230, -262, -158, 76, 106, 140, -170, -230, 110, 140, -26, 8, -172, -218, 16, 252, -80, -72, 12, 102, -32, 106, -24, 88, 0, -100, 96, -110, -34, 374, 114, -94, -150, -132, -164, -26, 180, -74, 104, -102, -14, -48, -50, 44, 82, -36, 24, -86, 138, 90, -14, -18, -16, 118, 182, 36, 32, 12, 152, 224, 10, -64, 118, -216, 314, -44, 108, 226, -108, 38, 166, -154, -112, -100, 120, 0, 6, -60, -104, -4, 116, -58, -38, 24, 58, -14, 80, -86, -20, 46, 4, -76, -284, 82, 6, 96, -110, 106, -122, -26, 76, 98, 158, -120, -206, -84, -6, 118, 26, 4, 134, 92, 24, 14, 18, 200, 132, -84, 28, 162, 182, -58, -142, 102, -96, 66, -232, -12, -16, 42, -2, 74, 46, 16, -76, 162, -12, -76, -30, 200, 66, -20, -140, -88, 244, -82, -118, -106, 20, 240, 476, 72, -154, -200, 108, 96, 136, 8, -32, 78, 16, 130, 96, 176, 68, -108, 28, -46, -98, 38, -50, 234, 64, 
66, 248, -6, 2, 192, 104, 2, 128, -230, 208, 92, -132, 92, -132, 186, 74, 126, 216, -36, 352, 276, -108, -196, -26, 166, 28, -34, 262, 284, 28, 58, 54, -224, -130, -90, -16, 6, -66, -122, 40, 28, 158, 236, -88, 128, 188, -4, -136, -72, 286, 256, 26, 374, 110, -88, 90, 50, -76, 206, -82, -2, -270, -222, 16, -34, -30, -50, -108, 170, 24, -58, 8, 76, -186, -6, -138, -182, -44, 144, 54, 26, -100, 326, 8, -138, 68, 16, 56, -32, -160, -12, -22, 136, 34, -40, 114, 48, -98, -38, -38, -60, -42, 82, 228, 82, 2, 0, -118, 86, 170, 202, 252, 54, 200, 180, 10, -96, 76, -52, 96, 262, 220, -96, -128, 84, -34, 36, -72, 138, 56, 64, 100, -10, -10, 210, -30, -50, -28, 158, -12, -74, -210, -68, 76, -46, 174, 172, -54, 72, -28, 86, -70, 104, 36, -74, -56, 248, 150, 64, 44, -82, -238, -158, -74, 76, 220, -14, 240, 84, -76, 8, -30, 12, -50, 100, 140, -104, 306, 76, -66, 162, 256, -174, -400, -12, -34, 128, -44, -4, -14, -98, 150, 14, 166, 62, 156, -52, -24, 100, 94, 162, -24, -188, 186, 90, 194, -38, -30, 70, 50, 226, -38, -62, 18, -248, -78, 20, -110, 0, 44, -22, -190, 128, -70, 0, 140, -20, 226, 8, -98, 160, -110, -146, -64, 148, 114, -76, 348, 180, 120, 32, 8, -8, 48, 254, 56, -108, -28, 12, 120, -130, 28, 104, 126, -110, 16, 90, -98, -78, 12, 68, -108, -226, 74, 162, -160, 20, 52, -94, 250, -4, 168, -64, -160, 120, 120, 126, 150, -268, 106, 22, -14, -2, -82, 40, -36, 280, 42, -48, 94, 106, 18, -86, 72, 256, -78, 8, -14, 68, 16, -124, 44, -22, 64, -130, 50, -94, -72, 210, -82, 46, -204, 214, -40, 44, -298, 212, -42, 202, 112, 178, 128, 8, 192, -2, 98, 26, -102, 152, 182, 22, 2, -42, 160, 98, 118, 20, -50, 56, 212, 238, -66, -272, 28, 180, 126, -96, 182, -28, 16, -56, 48, 84, 6, -20, -58, 20, -154, 270, 34, 104, 164, 70, -2, -18, -40, 72, -16, -70, 128, -98, 70, 28, 56, 168, -174, 20, 54, 198, -18, 20, -8, 214, 14, 54, -170, -76, -32, 210, 56, 228, -216, 116, -86, -128, 6, 144, 24, 158, 78, 140, -6, 44, 72, 194, -6, -150, -100, 182, 40, -100, -114, -86, -10, 94, 92, 54, -42, 208, 62, 36, 16, 42, 212, 46, 208, 222, 52, -186, -86, 54, 72, 216, 82, 50, 96, 58, -48, -148, 52, -78, 224, -22, 18, 160, 22, -18, -176, 42, 34, 22, -26, 176, -20, 84, -22, 64, 74, -166, 116, -204, 126, -136, 264, 148, 110, 90, -12, 132, 104, -70, -224, 176, 102, 138, -20, -182, -112, 14, 92, 52, -174, -90, -146, -108, 78, -98, 46, -278, -50, -12, 6, 36, 24, 100, 86, -108, 146, -118, -8, 
-118, -180, 142, -28, -148, 6, 46, -14, 80, -68, 16, 108, -30, 136, -6, 14, 14, -230, 14, -134, -120, 98, 232, -32, -270, 18, 26, 124, -238, -56, -40, -58, 140, 118, -102, 62, -60, 208, -106, 70, 60, -12, -154, 100, -10, -88, 34, 30, 76, -180, -14, -144, -140, 204, -58, -24, -126, 102, -114, 78, 112, 188, 272, 102, 36, 120, 32, 102, -38, -56, 154, -62, 62, 50, 20, 138, 86, 104, -36, -64, -26, 220, -418, 164, 190, -84, 74, 92, 158, 138, 144, -106, -62, 174, 30, 106, -202, 92, 40, 26, 54, 52, -76, -110, -106, -54, 142, 166, -260, -28, -114, -98, 70, 54, 44, 34, 42, -4, 196, -24, -240, 58, 22, 446, -46, 244, 32, 92, -14, -150, -94, -128, -12, -114, -144, -6, -98, -8, -108, 60, 58, 50, 90, -132, 72, -148, -120, -40, -88, 16, -112, 26, 76, -88, 100, 58, 30, -16, 28, -16, 4, 104, -70, -82, 86, -70, 46, -112, 120, 146, 90, 38, 8, 30, -140, -296, 92, -146, 10, 42, -116, -212, 136, 238, -98, -30, -150, 32, 18, 214, 78, 86, -114, -100, -118, -104, 232, 0, -230, -158, -156, 16, 226, -192, -188, -182, 102, 174, 64, 2, -24, 120, 122, 46, 154, -42, 172, 226, 94, 146, -48, 152, -176, 160, 136, -106, -68, -114, 80, 114, -52, 112, 136, 160, -106, -76, 46, -280, -286, 28, -242, 4, -168, -94, -192, -34, 202, -4, -34, -46, -66, 78, 20, -154, 72, 18, 56, 90, 232, -146, -284, 156, 100, 30, -194, 290, -100, 142, 340, -92, -30, -116, 212, 156, -322, 182, 12, -38, 44, -238, 142, 152, -28, 24, 174, 10, -4, -92, 184, 30, 66, -134, 66, 18, -66, 16, 16, 154, 180, -30, 144, -4, 20, -190, 134, 124, 32, 130, -170, 102, -2, 302, -88, 48, -214, 238, -190, -132, -66, -80, -196, -12, -36, -128, 72, -38, 76, 40, -16, 84, -144, 138, -88, -92, -112, -54, 62, -36, -46, -238, -260, 22, 252, 230, -102, -62, 152, -10, -38, 144, 62, 52, 136, 74, 74, 112, -170, 132, -222, 116, -146, -170, 298, 114, 60, -22, 46, -14, 32, -82, 12, -150, 30, -44, 22, 150, 22, 88, -122, -36, 10, -28, -4, 44, -12, 270, 52, 188, 22, 120, -172, 56, -220, 112, 96, -20, 228, 32, -18, -64, 34, 114, -264, -28, -118, 14, 214, 108, -170, 100, 158, 164, -68, 82, 14, -10, 108, 138, -104, 14, 122, 44, -118, 64, -70, -102, -8, 58, 46, 98, 32, 12, -18, 208, 38, -8, -38, 32, 274, 114, 148, -64, -60, 4, -46, 182, 72, 128, 140, 90, -8, 44, 44, -116, -36, 88, -94, -224, 128, -52, 54, -124, 264, -198, -40, 4, -40, -10, 30, 98, 116, 154, -96, -28, -44, -110, 188, 304, -52, 130, -58, 124, 92, 44, 14, 22, 176, 34, 148, 146, 96, 44, 50, -60, -178, 120, 20, -56, 226, 18, 
318, 306, 80, 248, -2, 24, -52, -16, -78, 118, -8, -32, 198, -64, -4, 22, -96, 268, -4, 276, 108, -152, -208, 18, 66, -238, 256, 40, 188, -54, 106, 38, -158, -70, 166, -226, 62, 62, 226, 44, -52, 208, 140, 194, -60, -32, -104, -150, -64, 102, 64, -26, 146, 56, 166, -24, 86, -28, 134, 20, -94, 60, -158, -22, 102, 66, 138, -130, 130, 300, 28, -98, -132, -26, 216, -252, -40, -164, 14, 218, 34, -246, 180, -16, -104, -44, 94, -42, 130, -48, -92, -160, -80, -214, 134, -114, 104, -68, 88, 14, 50, 58, 128, -14, 158, 164, -46, 84, 198, 92, 52, 68, -8, -30, 294, -4, 34, 16, -266, 78, 348, -38, 2, -330, -70, -30, -110, 38, -54, 16, 96, 104, -86, 94, 58, 14, 88, 86, -18, -92, -14, 16, -176, 194, 174, 98, 122, 24, 148, -68, 254, -86, -58, -114, -72, -42, -178, 180, -66, 202, 40, -184, 118, 118, -124, -66, 116, -134, -92, -142, 108, -28, 50, 100, 186, 180, -190, 366, 104, -12, 10, 124, -264, 2, 114, -106, 138, 12, -18, -22, 14, 138, 98, 50, 12, 184, -192, 90, 132, 72, 146, 70, -64, 210, 222, 160, -88, -120, -98, -142, 44, -30, -34, 208, -18, -16, -114, -240, -78, -46, -94, -114, 210, -288, -126, 72, -190, -62, -164, 0, -88, 60, -70, 6, 48, 84, -2, 14, 142, 0, 312, 206, 32, -14, 44, 60, -158, -70, 124, -76, 178, -180, 220, -26, 20, -14, 126, -100, -186, 124, 252, -74, -60, 136, 324, -30, 18, -182, -96, -80, -86, 104, -92, -144, 162, -126, 54, 50, -38, 184, -138, -108, 66, -42, -180, -150, 60, 22, -6, -18, 46, 174, 0, 106, 142, 108, 202, -288, -164, -12, -94, -38, 42, 100, -166, -164, -18, 50, 204, -92, 60, -44, 346, 178, 102, -94, 118, 228, -20, 66, 102, -82, 64, 240, -94, 120, -56, -118, -30, -28, 16, -142, -66, 172, 96, -38, 40, 28, 64, 146, 134, 62, -244, -10, 114, -16, -24, 14, 22, -46, -26, -8, -264, -24, 112, -22, 222, -116, 76, -74, -34, 270, 110, -6, 130, 96, 96, 62, -32, -70, 30, 400, 90, 154, -40, -264, 4, 192, 164, 284, -50, 44, -62, 50, -24, -318, -178, -60, 0, -96, 190, -42, 170, -70, 32, -38, -126, -18, 44, 244, -66, -116, 132, -120, 80, 232, -146, 16, 166, 134, 58, -242, 162, 70, 14, 152, -76, -80, 116, -54, -66, -16, 264, -236, 184, -12, 56, 44, -130, -102, -26, 68, 8, -6, -32, 90, 20, 58, 132, 10, -52, 136, 8, -142, 98, -142, -42, 114, -78, -74, 38, -70, -154, 156, 82, -184, 228, 192, -62, -46, -108, 172, 28, 62, 146, 40, 10, -38, 80, 70, -88, -100, 122, 156, -34, 142, -46, -252, 128, -184, 164, -36, 156, -68, 158, -86, -78, -8, -214, 150, -48, 32, 6, 82, 96, 4, 28, 150, -128, -14, 
-204, -218, -10, -184, -40, -138, 76, -2, 72, -134, -44, 118, -46, 82, 80, -78, 20, -46, 14, -234, -168, -14, 194, 10, -120, 114, -152, 76, -80, -6, 72, 32, 60, -32, -262, 136, 60, 44, -60, -136, -134, -208, -98, -120, 116, -98, 30, 180, -12, 18, 0, -54, -154, 8, -138, -100, -66, 212, -20, 28, 100, -98, 108, -42, -56, -46, -106, 38, -90, -232, 2, 74, 106, 30, -180, 130, 58, 172, 100, -294, 122, 262, -184, 48, -36, 252, -50, 170, -144, -18, 70, 138, 24, 170, -210, 162, -52, -42, -58, 6, -94, 110, -66, -92, -54, -120, 42, 54, -46, -124, -46, 106, 72, 100, -308, 150, 50, -36, 66, 84, -108, 200, -44, 322, -90, 174, 136, 92, 20, -42, 84, -120, 130, 164, -106, -80, 78, -86, 122, -38, -36, 148, 70, -188, -36, -308, -246, 108, -84, -4, -76, 102, 112, -24, 60, 146, 58, -114, 174, 8, 76, 130, 118, 70, 190, 88, -130, 212, 110, 240, 60, -44, 174, -110, -42, 72, 128, -160, -116, -128, -90, -16, 108, 64, -46, 40, 18, 86, 150, -48, -100, -66, 72, -6, 64, 28, 66, -270, 20, -156, -226, -40, 28, -124, -140, 80, 84, 244, 218, 122, -72, 100, 106, -260, 126, 164, 62, 310, -42, -56, 146, 216, -40, 288, 146, -50, 136, -78, 170, -24, 196, -4, 110, 86, -128, 46, -76, -10, -164, 66, -238, -214, -36, 132, -32, 70, 176, -60, -180, 18, -70, 174, -80, 242, 2, -42, 78, -16, 368, -2, -270, 146, -86, 76, -170, -36, -20, 90, 104, 70, 54, -16, -44, 186, -78, 36, 36, -54, -78, 46, 212, -46, 124, 56, 8, 58, -92, 58, -48, 142, 16, 4, -40, -42, 14, -148, -68, 216, 72, 20, 68, 72, 20, 122, -8, 138, 150, 112, -128, -14, -72, 24, -4, 8, 24, 136, -70, -98, 48, 2, -46, 114, -10, -96, 50, -180, -186, 38, -46, 136, 112, -80, 184, -16, -148, 192, -102, -14, 90, -174, 50, 58, 38, 148, -80, -10, 16, 118, -304, 238, 24, -32, 186, 40, 46, 38, -76, 22, 62, 224, 48, -322, 226, -46, 104, -58, 110, 14, 102, 132, 20, -42, -12, 46, 54, 74, 18, -4, -150, -62, 252, -8, 178, -100, 38, 186, 310, 126, 148, 266, -154, 102, -264, 156, 86, 86, 8, -78, 44, 8, 20, 60, -10, 98, -44, -102, 124, 52, -252, -74, -74, 364, -184, -18, 18, -10, -32, 120, -10, 38, 46, -30, -10, 256, -204, -56, 104, -52, -8, -12, 28, -102, 52, 34, 84, -132, 114, 146, 72, 158, -56, -76, 64, 158, 12, 124, 78, -30, 74, 18, 94, 150, -18, -98, -50, -80, -148, 8, 136, 40, 258, -48, 72, -288, -36, 40, -42, 52, 88, -60, 214, -12, -104, -182, 254, 12, 226, 204, -34, 150, -82, 178, -86, -96, 24, -32, 22, 144, 214, 6, 176, 74, 68, -130, 30, 60, 92, -2, -18, -160, 
174, 158, -56, 146, -90, 122, 116, 28, -138, 82, 148, -270, 40, -18, 280, 106, 42, -228, -56, 278, 90, 6, -122, 96, -10, -66, 56, 178, 94, -124, -26, 148, 32, -148, 84, -42, 156, 150, 66, 140, 148, 68, -14, 158, 44, 184, 40, -114, 148, 60, 230, 92, 118, 44, 14, 92, -38, 90, 66, 12, 26, 0, 8, -30, -142, 16, 116, 104, 42, -94, 36, -128, -144, -128, 220, -158, -20, -68, -170, 224, -72, -168, 210, 54, -98, -244, 52, -126, 24, -40, -150, 40, 124, -48, 272, -16, 122, -72, 32, 52, -32, -12, 76, 82, 88, 242, 2, 96, 186, 140, 30, -28, 30, 70, 84, -90, 66, 222, -118, 68, 104, -30, 128, -158, -136, 178, -244, 22, 66, 38, 24, 164, 88, 72, 2, 66, 40, -18, 212, 140, -74, 58, -90, 254, 32, 116, 240, -64, 70, -20, 144, -256, 20, 98, -156, -16, 4, 52, 40, -86, -144, -62, 34, -194, -90, -54, 312, 18, -8, -20, -88, 108, 18, 80, 34, 62, -116, 104, 56, 94, -120, 90, -164, 94, 24, 102, -12, 90, -190, 68, 178, 64, -8, 46, -10, -168, 294, 162, -52, 292, 52, 96, 16, 166, 220, 12, -168, -88, -196, -144, 30, 16, 122, 52, -142, -204, 122, -60, -6, -100, -232, -78, -48, -394, -46, 72, 12, 64, 28, -190, -98, 124, -250, 16, 178, 52, -22, 62, 114, -100, 180, -36, 6, 30, 30, -76, 36, 192, 180, 6, 12, -86, -14, -124, 124, 170, -238, 116, -118, -98, 60, -100, -54, 6, 176, 74, 72, -92, -108, 30, 158, 6, 92, -216, -96, 46, 78, 26, 132, 128, -168, 124, -120, -98, -80, 72, 302, 82, -50, -116, -6, 80, -48, 132, 24, 58, 196, -248, -112, -48, 78, -70, 86, -56, 76, 64, -206, 50, 150, -98, 106, -204, -12, -2, -108, -76, 56, -48, 54, 8, -68, 146, 10, -50, -76, 416, -2, 74, -96, -38, 70, 192, -184, 46, 44, -148, 40, -60, 42, 158, 68, 16, -136, 68, 214, 106, 22, 30, 266, -82, -104, -82, -50, 12, -4, -26, -36, -22, -62, -8, -38, 254, 154, 94, -146, 148, -94, 106, -98, 74, -38, 128, 32, 4, -192, -112, 90, 104, 52, 34, -34, 32, 38, 114, -4, -140, -192, 64, -56, -190, 116, 80, 220, -38, -130, 250, 182, -36, -128, -56, -62, -162, 68, -116, -36, -58, -14, -32, 136, 70, 86, -128, 248, 10, -18, -58, -2, -12, 120, 28, 22, 230, -10, -58, 140, 190, -52, 112, 4, -54, -76, 132, 154, 14, -28, 98, -70, -186, -26, -84, 106, 8, -2, -14, 100, -74, 30, -52, -64, 118, 4, -20, 132, 54, 26, 58, -92, 22, 46, -58, -46, 170, 38, 278, -14, -26, 10, 38, 136, 164, -216, -64, 54, 198, -274, -76, -32, -20, -48, -56, 130, -186, -102, 124, 12, 148, -28, -66, -134, 168, -154, -150, -2, 40, 86, -8, 6, 64, 116, 246, 
-128, 58, 130, -92, 54, -24, -174, 198, 162, 262, -96, 28, -10, 140, -72, 28, -72, 242, -80, -196, 84, 160, 170, -104, 8, -154, 132, -62, -80, 106, -4, 72, -28, 84, 12, -212, -58, -190, -202, -248, 78, 44, 76, -18, -8, 62, -188, -48, -70, 58, -218, 36, -14, 92, 30, -44, 44, 40, 22, 26, -206, 128, 66, -80, 80, 88, 60, 20, 102, -6, 206, 260, 20, 24, -156, 248, 72, 68, 46, -328, 24, 234, -194, -208, 6, 116, 56, 18, -106, 80, 62, -32, -82, -58, -70, -38, -130, -8, 34, -34, 144, 150, -40, 112, 78, -228, -26, -202, -86, 92, -72, -16, 14, -176, 72, -36, 84, -246, 50, 30, -72, 70, -92, 138, 52, 62, 140, 32, 12, 2, 14, -118, 24, -202, 62, -64, -20, -122, -226, -170, 134, 90, -54, 72, -172, 58, -156, 26, 12, -82, -136, 16, 144, -156, 176, 60, 54, -94, 156, -32, -2, -22, 190, 4, 100, 112, -138, -48, 106, -140, -88, -64, -140, -2, 28, -4, 42, 166, -86, -148, 80, -132, 262, 46, -100, -84, 30, -26, -108, -16, 24, -2, 66, 10, 14, 134, -38, -94, -42, -60, 140, -2, 168, -74, -156, -18, 42, 270, 54, 174, 102, -88, -98, -96, 124, 166, -258, 108, 44, 240, 68, 28, 16, 412, -18, -38, -32, 54, 118, 146, 124, -28, 116, 2, 2, 70, 56, -100, -108, -92, -230, -264, -56, 332, 106, 6, 30, -6, 2, -126, 132, 114, -42, 30, -160, -118, 218, -82, 70, 144, 86, 38, 132, 44, -96, 24, -74, 186, 44, -4, 4, 18, -6, 196, -136, 114, -218, -116, 110, 60, 92, -134, 40, -20, 36, 74, -86, -166, -188, 146, -122, -44, -18, -242, 120, -18, -78, 68, 104, 130, 110, 112, -86, 68, -38, -74, 220, -86, -106, -46, -82, 116, -132, 64, -134, 148, 30, -110, 124, 34, 20, 12, -10, 94, 84, -334, -20, 16, -42, -8, -14, 20, 226, 24, 72, 80, 68, 96, 76, 12, -158, 138, 32, -8, -60, -136, 126, -12, -108, 138, -64, 120, -6, 94, 36, 142, -4, -74, 68, -8, 150, -244, -120, -104, 122, -64, -198, -100, -82, -96, -6, -106, -22, 126, -4, 232, -2, 100, -56, -204, 108, 68, 20, -164, 34, 196, 218, 98, 156, 206, 46, -6, -138, 50, 168, -76, -80, 6, 88, 70, 60, 120, -52, -50, 54, -6, 86, -148, -44, -42, -10, -44, -60, 80, 186, 208, -96, 162, -150, 32, 44, -334, 16, 178, 42, -74, 2, -22, 10, 118, -200, 8, 96, 74, 76, -30, 78, 100, 48, 66, -124, 90, 66, 220, -114, 144, -32, 84, -4, -188, 8, 214, 20, -88, 70, -36, 368, 120, 110, 72, 222, -100, 34, -296, 184, -92, 24, 4, -154, -10, 396, 48, 14, -156, 132, -48, 106, 290, 190, 114, -180, 244, -18, 182, -4, -56, 256, -42, 12, -26, 124, 34, 160, 16, -24, 72, -102, 156, -114, -88, 
-58, -58, 64, 174, 10, 238, 104, -208, 56, -186, 48, -10, -120, -92, 110, 206, 50, -118, 98, 124, -130, 22, -62, 66, 148, 336, -160, 8, 20, 2, -114, 38, 52, -118, -4, 200, 80, 88, 20, 262, -82, -200, 126, 18, 126, 56, 290, 80, 24, 40, 92, -100, 50, -78, 134, -110, -70, 6, 70, 20, 188, 32, -26, 240, -286, 74, -160, 122, 34, 28, -296, -236, 142, 112, 158, -36, 58, 52, 4, 270, 40, -170, 24, 254, -164, -296, -30, 204, 54, -14, -18, -76, 158, 126, 94, -42, -56, 154, 40, 256, -84, -24, -32, 114, 92, 236, 210, 90, 20, 172, 42, 114, 166, -14, -54, -122, -104, 160, -52, 144, 90, -30, 42, -154, -12, -14, -12, 100, -132, -6, 4, 10, 6, -24, 154, -4, -80, 46, 46, 258, -120, 42, -4, -132, 50, 48, 84, -140, 212, 96, 82, -10, -2, 102, -88, -58, -176, 106, 6, 26, 48, 182, -138, -108, 40, -132, -92, 194, -190, 240, -34, -62, 126, 92, -26, -58, -98, 24, 134, 294, 52, 14, -146, 202, 124, 160, 48, 146, 108, 32, -42, 266, 28, -44, -56, -38, 134, 90, 76, 256, -142, 128, -34, 126, 272, 52, -2, -94, 20, -294, -78, 90, 162, -62, -106, -210, 86, -96, 40, -130, 44, 90, 106, -298, 74, 64, 82, -124, -156, 194, -40, 192, 104, -104, -106, 52, 80, 88, 108, 70, 32, 254, 80, -44, 128, 20, 36, 190, -38, 222, -128, -46, 180, -48, 168, 14, -8, 148, -140, 56, 16, -92, -158, 88, 198, 24, -72, -30, 58, -52, 196, 34, -88, -162, 88, -92, 56, 70, 12, -118, -62, 112, -4, 78, -50, 16, 112, -8, 232, -10, -26, -52, -196, 42, 42, -172, -10, -70, 16, -10, 14, -70, 66, 14, 56, -6, -64, 240, -18, -110, 238, 64, 54, -6, 132, 18, -120, 238, -190, -130, 20, 130, 14, -88, -26, 174, 112, -88, 46, -32, -102, 0, -190, -108, 204, -88, -248, -104, 122, 122, 130, -224, 34, 162, -12, 22, 68, 90, 146, -198, -72, -36, 138, -76, -66, -122, -28, 72, -94, 74, -40, 198, 294, 166, -18, -80, 50, 122, 136, 2, 52, 34, 30, -54, 188, -170, 148, 56, 58, 114, 56, -100, -68, 182, -118, -160, -206, 36, -64, 36, 66, 88, 180, -72, -52, 148, 230, 70, -98, 24, 170, 18, 20, 134, 170, 248, 56, 200, 218, 10, -10, -130, 54, -92, -122, -42, 104, -74, 60, 30, 46, 236, -112, 10, -136, 108, 296, 0, -70, 10, 286, 126, -98, -132, -14, 192, -232, -22, -170, -58, 192, -66, -172, 144, 144, 54, 74, -74, 146, 194, 86, -178, -188, 52, -60, 196, -278, -118, 8, -80, -230, 248, 132, 308, -142, 24, -52, 34, 6, -170, -280, -76, 72, 74, 108, -108, 0, -174, -60, -186, 20, -168, -196, -62, -14, 236, -82, 124, 232, -12, -12, -156, -68, -8, -50, -126, 82, -172, 226, 96, 
-70, 150, 38, 18, -76, 20, 80, 216, 108, 166, 16, 94, 54, 166, -142, -154, -24, 318, -76, -30, 146, -102, 8, -28, -256, -76, 190, 92, 150, -6, 226, -136, -106, 26, 0, 74, -68, -174, -38, -158, 72, 146, -66, -6, -62, 32, -44, 36, 10, 128, -142, 90, -26, 212, 100, 66, -70, 118, -138, -16, -86, 44, -34, -222, 92, -12, 108, -158, -2, -90, 268, 210, -6, -278, 16, 6, -88, 192, 68, -270, 12, 94, -50, -40, 214, 192, 22, -414, 40, 180, 30, -62, -114, -98, 54, 22, 260, -4, 10, -270, 32, -48, 142, -30, 134, -148, -248, -96, 0, -144, 12, -260, -98, 42, 58, 70, 50, -66, -18, -124, -22, 138, -20, 92, -54, 26, 68, -218, 146, 78, -40, 104, -80, 86, 18, 198, -46, -82, 30, -224, 206, 126, 88, 300, 140, 82, -28, 116, -132, 40, -132, -28, 270, -16, 46, -68, 56, -8, -14, -84, 40, -198, 160, 54, -10, 112, 312, 14, 104, -46, -34, 58, 18, 18, 152, 4, 140, 44, 80, -44, -126, -154, -72, -272, -132, -74, -116, -40, -64, -50, 8, -226, -162, 14, 48, 86, -32, 214, -228, -234, 94, -118, -18, -102, -154, -138, 20, -42, 14, 180, 154, -2, 160, 18, 38, 178, 18, 226, -2, 42, 4, -118, 28, 214, -98, -16, -72, -10, 106, -184, -68, -8, 64, 32, 68, 12, 6, 90, -54, -70, 58, -54, 22, 254, -56, 44, 104, -84, 14, -278, 276, 194, -26, 70, -326, 146, -46, -142, 102, -56, 60, -6, 108, -174, -6, -10, 146, 40, 0, -72, -110, -78, 10, 156, -10, -32, -50, 42, -88, 120, 0, -112, 20, -128, 38, 110, -114, 136, -92, -14, -22, 106, 228, 54, 0, 290, -2, 32, 104, -74, 0, 36, -18, -56, -34, 82, 126, -136, 102, 220, -282, -172, 72, -88, -130, -32, 110, -90, 32, -108, 72, 68, 146, 72, 60, -178, -40, 144, 0, 2, -28, -26, 202, 86, -220, -122, 224, 256, -10, -276, -168, 272, 206, -304, 68, 60, -12, -66, -36, 176, 80, 112, -96, 164, 82, 198, 80, -102, 226, 64, -36, -24, -202, -260, -34, 40, 44, -220, -104, 26, -94, 6, -44, 6, -100, 86, -214, -10, 36, -52, -6, 162, 44, -136, -62, 224, 64, -32, -8, 52, 42, -98, -48, 108, -16, -244, -70, 10, 66, -58, -68, -38, 0, -12, 16, -96, -70, -316, -62, 106, 26, -100, -6, 106, 124, 354, 70, 108, -138, -14, -106, -194, 26, 142, 92, -122, -38, 176, 20, 176, -40, 74, 58, 274, 90, -126, 66, 54, 80, 216, -160, 104, 116, -8, -42, -150, -10, 44, -48, 60, 2, 106, 136, -28, 112, -146, 124, 108, 78, -10, 114, -172, 46, -98, 198, 100, -4, -124, 152, 270, 416, 80, 2, 120, -138, 4, 12, 172, -106, -4, 28, 200, 206, 32, -106, 4, -82, -28, -40, 82, -40, 118, -4, 128, -88, 78, -154, 168, -302, -236, 
156, 106, -166, -38, 156, 2, 250, -4, -164, -184, 278, 46, -90, -96, 154, 176, 16, -120, -150, -76, -186, 56, 62, 188, -18, 118, -186, -92, -72, 132, -112, 172, 194, 100, -78, -36, 86, 266, 28, 56, -148, -24, -96, -44, -40, -88, 182, 8, -146, 176, 82, -158, 170, -130, -58, -160, 32, 4, 92, -4, 178, -86, 110, 130, 144, 62, 172, 160, -34, 158, -176, -38, 94, 154, -68, 62, 126, -80, -108, 100, 76, 54, 12, -84, -90, 4, 68, 358, 124, -50, 34, 84, 212, 122, 116, -2, -268, -30, 56, 218, -178, 86, 22, 212, 28, 90, 336, 4, 18, 240, 80, 192, -20, -114, -186, 80, -98, -2, 52, 190, 120, -172, -212, -14, -46, 62, -24, 278, -112, 22, 80, -214, 232, 70, 56, -214, 26, -12, -42, 12, -12, -56, -312, -68, -136, -118, 150, -130, 194, 56, 66, -196, 30, 32, 142, 88, 18, 38, 112, -82, -76, 94, -66, -162, 52, -6, -224, 10, 26, 178, -172, 64, 112, 132, -60, 244, -120, 116, -262, 68, 34, 220, 216, 246, 154, 50, 98, 122, 218, 100, -22, 130, 60, 8, -208, -110, 64, -34, 300, 156, 6, 210, -32, -78, 308, 98, 124, 134, 94, -170, -174, 10, -176, -126, -26, -104, 72, -124, 244, 212, -98, -34, 144, -188, 88, -106, 62, -134, 38, 168, -46, 198, 8, 18, -198, -40, 28, -160, 28, 42, 90, 128, 186, -222, -2, 252, 6, 34, -68, 152, -212, -24, -44, 86, 258, -70, 196, 66, -38, 12, -246, -156, -50, 110, 74, 132, 24, 48, 20, -78, 6, 82, -32, -158, 104, 132, 276, 52, -114, 2, 30, -32, 64, 170, 30, 32, 42, -98, 154, -116, 80, -80, 118, 136, -90, -114, 70, 16, -66, 70, -114, -34, -36, -76, 120, 42, 4, 186, -104, -26, 154, 76, -208, -104, -22, -92, -26, 190, 192, 268, -152, 152, -114, -98, -4, 92, 140, -88, 80, 50, -98, 18, -260, 270, 138, 178, -28, -118, 116, 148, 70, -218, -56, 176, 176, -24, -98, 34, 222, -80, 320, 106, -94, -54, -120, -46, -54, 98, 76, 174, 194, -164, -10, 170, 246, -92, 50, 94, 154, -32, -30, 184, -96, -70, 192, 212, 220, -88, 56, 86, 158, -138, -28, 78, 28, -232, 32, 82, 106, 64, -24, 144, 186, -202, -102, 140, 12, 54, 34, -52, 194, 78, 20, 76, 98, 16, 42, 352, 158, 36, -44, 80, -4, 162, -144, -202, 186, -70, 124, 66, 2, 254, 8, -206, 0, 172, 160, 34, 114, -66, 24, -74, -12, -162, -160, 18, 94, 106, -138, 6, -16, 2, 46, 120, 68, 96, 164, 344, -58, 126, 98, -150, 18, 50, 140, 122, 74, 90, 40, 192, 12, 114, -266, 346, -144, 30, -144, -64, 84, -224, -132, 64, 116, 94, 38, 58, 134, -44, 284, -86, 48, -86, -144, -74, 174, 116, -6, -106, 156, -46, -76, -82, 22, -82, 24, 34, 136, 106, 254, -64, 
-162, 2, 176, 128, -58, 210, 54, 16, 124, -28, -112, 40, 84, 66, -16, -16, 42, 102, 182, 56, 188, 82, 16, 0, 46, 8, 130, 180, 58, -208, 22, 58, 6, -84, -46, -84, 88, -74, -110, -108, 122, 24, 8, 70, 224, 82, -146, -284, 106, -34, -34, 140, 82, 136, 4, 196, 28, 130, -120, -140, -138, 148, 112, 202, 16, -204, -118, -4, 174, 6, 58, 98, -162, 76, -22, 186, 102, 8, 22, -2, 92, 52, -92, -12, 150, 188, 24, -414, -64, 166, -66, 30, -62, 64, 180, 4, 324, 254, -132, -144, -70, -68, -82, 14, -158, -186, -92, 6, 38, -272, 24, -154, 128, 88, 168, 90, 148, -34, 22, 0, -116, 56, 330, 158, 94, 80, 130, -280, 198, -118, 112, 204, -52, 98, -150, 136, 118, 28, 104, 108, 78, -60, 254, 106, 160, 170, 144, 160, -236, 104, 64, 214, -16, -114, 80, 112, 26, 92, -222, 86, 304, -10, 32, 112, 164, 96, 192, -34, 34, -174, 62, 70, -90, 24, 210, -74, -36, -120, 252, 112, -74, -156, -186, -226, 94, -6, -114, -180, -198, -88, -120, -222, -152, 26, 168, 156, -68, 20, -32, -194, 128, -128, -126, -24, -256, -94, -18, -2, -26, 174, 122, 10, -38, 52, -52, 90, 238, 150, -58, -96, 30, 88, -40, 280, 18, 124, 64, 68, -96, -230, -104, -110, -112, 4, 132, 62, -68, 114, 84, 86, 18, 66, -106, 158, 114, -94, 222, 0, 116, -174, 166, 68, 44, -80, -158, 148, -224, -68, 54, -70, 222, 42, 80, 4, 2, -96, 152, -80, 24, 174, -48, 52, -30, 144, -84, 42, -118, 104, 114, 250, -44, 94, -26, -46, 80, -60, -184, 160, -50, 94, 236, 60, -50, -44, 80, 230, -80, -36, 80, 12, 188, -172, 64, 122, 92, -122, 10, -52, 186, 94, -226, 230, 38, 102, -12, 6, -12, -122, -104, -230, 140, -94, 148, 150, 276, 48, -74, 50, 54, -116, -22, 68, 186, -10, -90, -128, -42, 4, -102, -68, 20, 374, -156, -84, -200, 46, -10, 232, -56, 256, -274, -58, -116, 68, 354, 208, 188, 2, -78, -26, -70, 64, -114, -64, -380, 148, 44, -144, -72, 92, 28, -132, 184, 76, 72, -146, -4, 128, -184, 88, -54, 194, 118, -194, 44, 256, -60, 26, 58, 80, 192, -142, -190, 394, -20, -108, 42, 2, 36, 20, -148, -64, 6, -184, -46, -112, -18, -140, -80, 2, 180, 62, 202, -234, 6, 50, 18, -34, 76, -218, 14, -240, -34, 196, 80, -88, -126, -258, 76, 46, 0, 62, 18, 208, 0, -120, -66, 98, 242, 78, 48, -114, -78, -272, -96, -118, -36, -144, 48, 12, -206, 130, 202, 62, -86, -112, -90, -86, -204, -64, -122, -92, 202, -26, 148, -192, 182, -176, 106, 212, 152, -12, -82, -124, 48, -156, -134, -22, -72, 70, 104, -28, 172, 112, 28, -238, 124, 106, -88, 152, 96, -58, -166, 96, -110, 12, -218, 62, -266, -58, 
212, -92, -58, -20, 114, -152, -64, -150, -78, -70, -34, 46, 54, 62, 20, -52, 28, -60, -152, -86, -204, 118, -170, 164, -14, -56, 0, -104, -6, 176, -44, 98, 82, 136, 54, 16, -62, 136, -138, 174, 88, 132, -112, 102, 78, 98, 202, 166, -304, 242, -142, -196, -16, 38, -76, -172, -92, -84, 52, 82, 306, -252, -134, 82, 60, 198, -34, 178, -248, 74, -62, -30, 146, 292, 200, 2, -14, -24, 110, 96, 74, 0, 186, 62, -156, 0, 26, 254, -118, -322, 144, 8, 122, 28, -2, 68, -170, -64, 128, 272, 174, -48, 228, 20, 144, 244, 170, 52, -20, 82, -34, 224, -2, -102, -96, -12, -44, 58, -24, 122, -22, -76, -236, -178, 102, 146, -98, 176, -42, 172, -10, -244, 30, -218, 20, 60, -128, -94, -70, -54, 54, 52, -12, -136, -88, -100, 4, -128, 182, -44, -28, -40, 146, 206, -148, 24, -10, -94, 32, -212, -238, -48, 170, 36, 84, 0, 126, -58, -4, 96, -76, -22, 76, 34, -26, -54, 92, -36, 36, 12, 26, 220, 48, 184, -50, 26, 64, 98, 110, -114, -66, 172, 226, -128, -152, -18, 118, -92, 2, 144, -22, 166, 2, 64, 196, 38, 122, 76, 118, -38, 124, -108, 178, -112, 6, -280, -62, -24, 38, 156, -148, -124, 190, -286, -148, -20, -70, 76, -30, 200, 92, 128, 24, 76, -142, 228, 28, -62, -136, 14, -106, -140, 250, 106, 80, 342, 16, 12, -40, 126, -142, 150, -18, 210, 130, 62, 162, 56, -108, 146, 22, 28, 88, -110, 158, 82, -104, 20, 132, 66, -70, -76, -146, 112, 80, 24, 116, -142, -28, -360, -142, -152, -24, 24, 74, 128, 140, -148, 56, -192, -28, 42, 16, -88, 200, 2, 150, -188, -20, 16, -52, 154, -58, -46, -236, 0, 284, 56, -300, -72, 178, -90, -44, 168, -108, 46, 184, 72, 128, 240, -66, 162, -28, -32, -56, -74, 8, -104, 34, 192, 164, -70, -10, 90, 158, 342, 42, 40, 152, 62, -82, -106, 198, 156, 64, 28, 66, -228, 116, -346, 206, 132, 62, 178, -296, -150, -198, -58, 44, 52, -28, -62, 168, 70, 150, -166, 8, 12, 104, 2, 66, 208, -110, -118, 144, 12, 112, -78, 184, -52, -6, -142, 50, 206, 274, -92, -32, 142, -56, 126, -72, -38, 122, -130, 74, 68, -30, 160, 92, 16, 92, 98, 0, 116, 40, 166, 10, -124, 24, 162, -36, 18, -116, 288, 52, 80, 66, -36, 222, 86, 34, 170, 140, -178, 52, 150, -16, 108, -76, 94, -38, 82, 118, -124, 72, 54, 144, 122, -108, 84, 40, -62, 124, 180, 176, 66, -18, 132, -54, 20, 192, -74, -126, -38, 10, 66, -10, 132, 164, 112, 110, 140, -70, -12, 122, 318, -108, 154, -8, -26, -14, -154, 126, -78, -58, 218, 42, 80, 32, -132, -200, -58, -78, -98, -150, 126, -2, -42, 130, -34, 122, 134, 172, -72, 164, 38, 178, 30, 204, 116, 
-212, 36, 162, 168, 14, 114, -108, 16, 110, 112, 40, 28, 42, 160, -304, -42, -136, 12, 182, 174, -12, -92, -32, -54, 32, 14, 0, 0, -124, 128, -46, 78, -22, 152, -120, 74, -24, -8, -2, -328, 100, 46, -56, -16, 114, -32, -168, -128, 212, -42, 210, 38, 134, -116, 108, -150, -80, 200, -110, -240, -202, 138, 118, 120, -38, -36, 52, -78, 108, -64, 20, 98, -86, -262, -266, 110, -16, -10, 46, 100, 4, 180, -106, -42, 96, 0, -58, 62, 344, 124, -38, -8, 58, 32, 92, 114, 222, 26, -174, 6, -90, 124, 24, -42, 70, -74, -186, -38, -24, -66, 84, 0, 110, 44, 8, 2, -166, -32, -256, 50, 90, -54, 346, 196, 114, -86, 150, -190, -78, -44, 104, 60, -38, 16, 228, -56, 196, 316, 126, 44, -38, -88, 2, 108, 76, 240, 216, 92, -74, 28, 98, 38, 28, -178, 126, -30, 86, 108, -138, 72, 220, 28, 68, 90, -26, -78, -90, 158, 202, 32, 98, -28, -130, -62, -2, 128, -92, 110, -6, -308, 140, -94, -26, -204, 62, -66, -64, -132, -4, 172, 64, -246, -168, 182, 116, 18, -10, -106, 0, -6, 14, -152, -10, 108, -234, 6, -42, 96, -48, 44, 188, 172, -118, 14, -174, 174, 78, 28, 66, -114, 146, -54, 2, 214, 30, 72, 164, 76, 8, 32, -274, -130, -14, 78, 84, 76, -70, 326, 94, 128, 28, 96, -274, -46, 32, -296, 64, 18, 158, -40, 36, 56, -158, -6, -52, -8, 12, 20, 176, -180, 206, 136, -146, 132, -78, -176, 138, 70, -204, 14, 190, 178, 164, 92, 90, 78, 94, 30, 124, 216, 96, 186, 160, 136, 76, -220, -130, 150, -164, 236, 94, 20, 24, 68, 14, -102, -236, 138, 168, -62, -54, -56, 194, 94, 38, -206, -38, -48, -6, 124, -214, 232, 14, 254, -36, 210, -194, 122, -182, -184, 38, -134, -66, -10, 182, -28, 38, 188, 112, -240, -178, 156, 70, 30, -72, -286, -26, -128, -212, -28, 162, 62, -172, 34, 170, -2, 54, 128, 40, 132, -74, -178, -72, -140, 154, -14, 236, 156, -116, 170, 78, -36, -36, 18, -114, 386, -4, -70, -42, 14, 6, -56, 54, 114, -142, 186, -32, 250, -188, 202, 76, -4, 96, -164, -268, 222, 122, -104, 24, -94, 28, -80, 32, 106, 198, -106, -10, 8, 32, -154, 152, 80, 194, -152, -58, -190, 24, 68, 6, -182, 162, -70, 84, -154, 18, -92, -72, 58, -114, -26, -32, -50, -130, 312, -96, -68, 76, -76, 162, -128, 66, 54, 142, 8, -60, 14, 58, -12, 74, -148, 34, 208, -26, -206, -160, -82, 84, 54, 132, 88, -156, 44, -72, 16, 78, 48, -174, -12, 74, 34, 126, -68, 98, 156, -32, -100, 46, -40, 14, 250, 76, 18, -44, 66, 42, -100, -20, -52, -2, 244, 220, 104, 174, 90, 20, -180, 148, 164, 10, -58, 30, 168, -234, -12, 6, 68, -12, -42, -110, -186, 
146, 26, -148, -186, 84, -76, 70, 4, -52, 72, 106, -190, 88, -244, 272, 198, 40, 38, -328, -384, 68, -6, 66, 104, 238, -176, 222, -78, 116, -158, 54, -38, -194, 42, 132, 12, -188, -98, 54, 322, 186, -128, 110, 126, 44, 52, -96, 236, -56, 4, -84, -12, -50, 194, -20, 146, 244, -34, 180, 106, 270, -88, -164, -2, 98, 152, -102, 378, -30, 108, 114, -74, 112, 120, 56, 120, -86, -80, 0, 216, 32, -68, 76, 58, -120, 84, 24, 24, -124, -156, 68, 34, -34, 178, 26, -278, -340, -126, 182, -16, -172, -84, 100, -192, 170, 42, 162, 180, -24, -46, -92, 186, -18, 162, -4, -34, 280, -112, 182, 66, -30, 170, -488, -80, -206, 38, -86, 412, 218, 12, -74, 64, -20, 188, -110, -46, -104, -260, -10, -188, 78, 156, 36, -26, 24, -128, -108, 110, 56, 50, -74, -108, -164, 194, -128, -30, -26, -82, 50, -12, 102, 90, 126, 20, 166, 96, 256, -50, -52, -6, 194, 180, 166, 112, 118, -48, 210, 54, -76, 232, 26, -30, 70, 178, 90, 88, 184, 284, 2, 86, -94, 262, 76, -304, -12, -90, 124, 148, -122, 72, 82, 18, 12, -104, 78, 116, -102, 12, 40, 18, 60, 62, 106, 12, 258, -212, -58, -62, 24, 270, -90, -140, -8, -124, -10, -174, -2, 20, -200, 84, -62, 88, 18, 4, -22, -20, -112, -106, -104, -32, -170, 22, 218, 162, 44, 228, -56, -130, 28, 82, -60, 8, 130, 234, 112, 16, 166, 140, -148, 148, -34, -166, 36, -80, 116, -10, -146, 16, -66, -76, 54, -90, 22, -126, -88, -114, -24, -4, 52, -14, 114, 20, -34, -162, 24, 118, 158, -110, 34, -108, 74, 20, -2, 112, -88, 172, 338, -22, 52, -58, 46, 218, -126, 20, -58, 116, -160, -24, 76, 32, 166, -136, 188, -386, 92, -120, 358, -78, 174, 8, -8, 202, 52, 68, 32, 152, 222, 50, 46, 148, 260, -28, -108, -30, 60, 306, 136, 96, 204, 20, 56, -88, 188, -26, -26, -58, 116, -106, 44, 166, 30, 84, -60, 196, -138, -118, -48, -104, -84, -26, 62, 116, 20, 52, 206, -322, 122, 174, -106, 10, 142, 132, -140, -192, 72, -128, 90, -146, 312, 188, 0, 170, -126, 186, 266, -96, -92, 88, -40, 12, 0, -44, 118, -126, -58, 196, 194, 130, -32, -44, -164, 124, -98, 2, 32, 100, 0, -196, 0, 102, 96, 220, -232, 46, -118, 84, 142, 98, 160, 66, 104, 42, 120, -318, 250, 30, 160, 38, -152, 322, -22, 106, -140, 36, 46, 124, -128, -202, -118, 86, 54, 124, -46, 182, 172, 56, 22, -48, -156, -52, 104, -14, 146, -18, -22, -14, 62, -140, -86, 56, -202, 40, 14, 86, 82, 94, 26, -26, 134, 22, -140, 88, -20, -48, -36, 102, 74, 172, -8, -214, -82, -56, 6, 80, 54, 112, -46, -66, -158, 28, 170, 2, 92, 98, -22, 40, 66, -6, -24, 80, 
-36, 70, 112, 64, 28, 102, 2, 116, 106, -40, 146, 172, -26, 174, -176, -4, -120, 82, 52, 224, 6, 206, 80, -222, -176, 54, -78, 0, -86, 52, 62, -82, 112, 16, -80, 232, 96, 38, -166, -220, -90, 200, -78, 76, -6, -142, 92, -174, 66, -158, 68, 10, 94, -44, -12, 12, -274, 96, -6, -308, -152, -86, 282, 24, -50, -36, 88, -258, 144, -76, 164, -58, 16, -46, 26, 48, 58, 8, 40, -156, -132, 98, -144, 78, 150, -120, 48, 14, 104, 82, 184, 32, 94, -22, 168, 318, 160, 42, 26, 6, 136, 84, -76, 46, -36, -218, -44, 42, 136, 138, 72, -122, 120, -180, 164, -60, -188, 134, -202, -126, 160, 14, 404, 74, 80, -96, 162, -342, -186, 12, -4, -162, 36, -150, 102, 74, -60, -18, 0, 158, -64, 114, 98, 32, 24, 68, 138, 60, 132, -152, 106, 170, 128, -108, 18, 96, -82, 60, -38, 32, -24, 78, -16, 314, -234, -260, -282, 30, -16, -152, -48, -94, -108, 68, -134, 16, -222, -22, 136, -70, 112, -156, 196, -10, -94, -160, -164, -154, -42, 156, 6, -240, -198, 202, 122, 214, -4, -50, 158, -4, -334, -54, 180, 104, -14, -14, -2, -104, 162, -110, -100, -142, 64, 40, 40, 154, 198, -98, 28, -68, 264, 326, -104, 94, 90, 100, 6, 200, 154, -6, -52, 42, 82, 84, 126, 18, 194, 92, 12, -184, 140, 78, -238, -152, 50, -118, 100, 108, 26, 6, 88, -84, -140, -170, -164, -42, 36, 70, 96, 20, -168, 192, -96, -2, -62, 50, 48, -108, 102, 132, 136, 88, -132, -200, -10, -30, 104, -24, 136, 36, -24, 56, 148, 244, 10, -116, 114, 126, 18, 52, -152, 26, -164, -150, 182, 70, -234, 60, -70, 134, -204, -206, 206, -118, -32, -124, 44, 78, -14, -26, -168, 274, -154, 358, 120, 42, -206, 228, -206, 198, 0, -76, -24, -112, -28, 52, -56, 68, 136, 72, -162, 36, -4, -44, 6, -292, 130, 128, -66, 126, -30, 56, -96, 76, 236, 110, -116, 100, 70, -150, -108, -208, 50, -194, 190, 46, 186, 274, 184, 236, -20, -158, 156, -116, -10, 56, -44, 24, -24, -100, 6, -8, 74, 250, -74, 274, -46, 240, 112, 24, 22, -210, -34, -218, -42, 98, 190, -20, 24, 28, 140, 92, -142, 152, 84, 20, -90, -62, 8, -104, 46, 40, 130, 2, -146, 16, -96, 24, 32, -10, 96, -118, 48, -188, 36, -90, 36, -50, -14, -148, -18, 14, -12, 288, -248, 50, 42, 42, 30, -136, 78, 94, 286, -48, -30, -48, 96, 44, 52, -4, -140, -316, 28, -232, 44, 172, -34, 98, 154, -10, 144, 70, 12, 36, 98, 100, 62, 160, 96, 26, 244, 174, -44, -138, 164, 8, 120, -82, 146, 48, 202, 0, -130, 258, -30, 78, -110, -32, 0, 302, 158, 16, 94, -24, 86, 72, 80, 194, -8, 32, -48, -102, -112, 20, 44, 80, -126, 206, 252, -22, 
-78, -110, 134, -106, 116, -44, 218, -326, -148, 102, -46, -168, 78, -84, 198, -68, 52, 144, 54, -240, 104, -94, -44, 128, 46, 188, 46, 262, 96, 54, -88, 124, 4, -34, 58, -194, -96, -98, 188, 314, 172, -172, -18, -160, 94, 254, -136, 218, 104, 112, 166, 56, -212, -120, -12, 62, 264, -34, 230, 208, 22, 146, -276, -122, 12, 50, -106, 122, 40, 182, 72, 48, -76, 80, 238, -22, -126, 202, 70, 64, -24, 148, 76, 44, -98, -18, -138, -54, -194, -86, -8, 106, 24, 82, -20, -166, -36, 44, -22, -26, -310, -108, -16, 64, 180, 258, 238, 18, -168, -92, 8, 170, -4, 174, -58, 176, 214, -142, 158, 392, 2, 62, -154, 68, 90, 204, -68, 154, 176, 178, -18, 58, 16, 236, 74, -8, -120, 16, 70, -132, 110, -12, -138, -72, -186, 124, -72, 206, -114, 186, -132, -72, 26, 194, -60, -70, 160, -44, 70, -72, 114, -24, 140, -196, 208, 158, 138, 0, -42, 248, 46, 60, 62, 182, 354, -82, 66, 68, -80, -96, -104, 296, 0, 58, 170, 98, 112, 244, 90, -120, -6, 148, 258, 152, 68, -202, 40, 68, 98, 310, 164, 94, -6, -12, 152, 122, 18, -194, -104, 282, 142, 16, 122, 106, 116, -74, -150, 134, 42, 190, -342, -10, 226, 0, 62, -148, 98, 100, 70, 196, 200, 32, 46, -64, -186, -10, 112, -24, -10, 66, -210, 8, 326, 164, -86, 46, -188, -54, 112, -38, 114, 88, 110, 224, 180, 68, 90, -116, 10, -138, 316, -18, -44, -48, -114, -38, 52, 192, -46, 34, -216, 250, 66, 74, 98, 28, -184, 14, -40, -56, 192, -50, 114, 30, -20, 104, 128, -38, 16, -70, 260, -58, 152, 50, 34, -110, -184, -46, 96, -62, -86, 178, -26, 82, 80, -4, 28, -42, 116, -18, 156, -122, 94, -42, -172, 164, 94, -48, 218, -102, -10, 124, -60, 84, 48, -130, -20, 36, 24, 116, -50, -76, 10, 38, 188, 304, -30, -172, 36, 142, 206, -214, -126, -74, -44, -92, 146, 10, -20, 12, 104, 118, -42, 102, -168, -28, -58, -138, -22, -172, 190, 20, -22, 140, 56, 76, 20, -36, -62, 190, -140, 60, -50, -52, 80, -108, 286, 14, -4, -56, -90, 232, 118, 174, 76, -94, -116, -54, -2, 26, -16, -126, 216, -166, -182, 48, 128, 32, -90, 6, -124, 40, -144, -70, 124, 302, 240, 16, 54, 78, 138, 142, -48, 124, 60, 32, -174, 164, -114, 156, 32, 336, 140, -278, 328, -98, -26, 32, 36, -28, -16, -106, -72, -114, -12, 132, -76, -18, -86, -120, 146, 48, -144, 14, 36, 32, 130, -98, -108, -24, -226, -166, 22, 8, -122, -144, 108, -20, -100, 76, -114, -12, 46, 16, -60, 48, -52, 128, 76, 86, -72, -130, 148, -106, 32, -100, 92, -60, -120, -214, -114, 172, -118, -182, 10, -78, 188, -98, 240, -12, 54, 108, -112, -14, -96, -266, 86, 42, -114, 174, 
-42, -64, -48, 162, -162, -46, -128, 214, 172, -102, -28, 250, -138, -6, -98, 122, -340, 0, -42, 322, -118, 24, -30, 14, -4, 108, -118, -198, 214, -92, 286, 138, -48, -82, -150, 130, 62, 86, -14, -142, -94, 174, 48, -56, -88, -136, 122, -98, 50, 242, -116, -188, 134, 212, 114, 38, -140, -94, -274, -36, 90, -80, 122, -42, -162, -206, 12, -96, 24, -194, -56, 50, 46, -10, -102, 176, -22, -150, 12, -20, -32, -114, 36, 114, 148, 130, 30, 246, -30, 250, -64, -158, -94, 4, 6, -74, 268, 138, 18, -128, 162, 28, -98, -14, -194, -166, -48, 66, 18, 42, 236, -62, 22, -180, 42, 8, -104, 16, 128, -116, -38, 46, 168, 34, 0, 84, -22, 78, -152, -132, 126, 26, -30, -134, -38, -172, 306, -30, 264, 244, 6, -64, 104, 4, 22, -94, 74, -24, 192, -146, 210, 152, 72, 88, 10, 120, -202, -28, 0, 166, -106, -14, 42, 266, -320, -64, 10, 26, 158, -452, -50, -36, 76, -10, -168, 104, 56, -244, 32, 180, 260, -190, 42, -18, -52, 4, -194, -72, 14, 100, -2, -164, -72, -72, -62, 262, -34, 72, -218, -220, -80, -32, -20, 230, 48, -160, -168, 152, -12, -106, -146, -64, -90, -6, -92, 36, -10, -134, -88, -142, 274, 108, 26, -26, 160, 204, -72, 26, 84, 62, -50, 108, -136, 80, 154, 204, -206, -138, 2, -50, 206, 142, -128, -188, 38, 30, 200, 90, 76, 112, 4, 20, -20, 140, -118, -164, -68, 78, -40, -44, -126, -76, 118, 176, 110, 100, 108, -346, 90, -2, 134, 48, -56, -196, -198, -22, 130, 126, -6, 272, -26, 30, 106, 188, -82, -134, 154, 76, 20, 54, -132, -28, -22, -82, -48, 20, 146, 58, 6, 176, -42, -272, 98, 142, -108, 92, 110, 210, -114, 40, -216, 116, -66, 46, 174, -202, 58, 26, -132, 76, 92, -162, -82, -40, 2, 36, 122, 2, -122, 80, 232, 88, 34, 74, -96, -218, 44, 202, 158, -26, -148, 418, 186, 238, -38, 246, -26, 14, 128, -94, -70, 122, 42, -218, -44, -28, -72, 210, 138, 134, -138, 68, 114, -272, 204, -72, 18, -16, 210, -44, 74, 122, -104, -86, -76, -6, -180, 260, 202, -142, -22, 62, -138, -120, 128, 84, 132, 298, 128, 254, 84, 162, -192, 64, 160, 46, -72, 18, 182, 82, 44, 32, 194, 114, -102, 4, -170, 66, -82, 128, -158, -42, 192, 20, -18, 98, 178, -148, 8, 130, -138, -338, -52, 338, -132, -12, 88, 58, 16, 128, 186, 32, 186, -20, 178, -36, 44, 44, 100, 262, -2, -50, 176, -42, 68, 108, -220, -12, 140, -74, 142, 240, -162, 42, 198, 120, -116, 40, 126, 130, 210, -14, 34, 126, 52, 78, 10, -190, -112, 10, 132, 104, -130, 140, -56, 236, 104, 224, 76, 122, 202, -80, -100, 222, 8, 230, 68, 258, -314, 70, 86, -216, 92, -6, 138, 198, -122, -80, 138, -4, 
100, 114, 52, -192, 180, -80, 88, 94, -148, 166, 80, -300, -166, 164, 138, -2, 86, 162, 144, 10, 28, 108, 20, 32, 128, 262, 220, 126, -222, 16, -104, 90, 4, 142, 46, -228, 180, 14, 184, 170, 54, 86, -156, 66, 132, 18, 44, 202, 8, -96, 148, -98, -98, 132, -52, 122, 32, -94, 254, -44, 148, 24, -240, 196, -12, 128, -124, 166, -72, 124, -18, -54, 58, 62, 18, -32, 188, 126, 50, -36, 68, 20, -58, 6, -164, -70, -2, -76, -58, -192, -8, 76, 140, -178, 102, 6, -64, -160, 84, -24, -76, 88, 232, 194, 214, 42, 278, 30, -92, 30, -76, 38, 230, 30, -32, 28, -4, -42, -86, 20, -124, -62, -2, 38, 148, 18, -42, -34, 134, 164, -42, -22, 146, 104, 48, 58, -76, 20, -146, -150, 6, 78, 8, -4, 64, 92, -202, -60, 32, 108, -22, -154, 98, -194, -6, 90, 102, -44, 92, -138, 116, 210, 128, -118, 154, 212, 38, 22, -234, 310, 212, 18, 78, 92, 98, -118, 36, 104, -76, -40, -196, 100, -66, -106, 56, -8, 130, 256, -100, -80, 146, 190, 64, -76, -72, 86, 94, 70, 66, 262, 122, -14, -50, -294, 30, 166, 130, 58, -68, 46, 216, -58, 108, 118, 156, -198, 76, -56, 100, 136, -230, -334, -4, 90, -198, -44, 42, -124, -56, 42, 70, -92, 182, 56, -240, -102, 50, 42, 138, 68, -80, -80, 44, 292, 192, 48, -92, 70, -142, 120, 8, 28, 48, -8, 226, 204, 74, -4, -6, -14, 124, 66, -88, 20, 212, -204, -122, 198, 36, 98, -60, -48, -44, 86, 230, 24, -84, 8, 16, -54, 12, 118, -2, -76, 24, 0, 120, -22, 10, 110, 122, 84, 230, 82, -14, -100, -108, -20, -104, -10, -10, 316, 164, 52, 136, 0, -286, -200, 12, 108, 32, 32, 94, -106, 80, 182, -104, -8, 152, -124, -88, 334, -36, 86, 10, 78, -82, -12, 416, -32, -70, 122, 90, -144, 48, 118, 80, -34, 54, 68, -60, -338, -106, -202, -16, -68, 62, -24, 126, 176, -88, 98, -62, 64, -104, 160, -52, -92, -20, -54, 212, -160, 144, 166, -102, 24, -26, 52, -4, 82, -132, 40, -32, 14, 260, -82, 402, 126, -190, 110, 64, -36, 94, 164, -58, -66, 22, -314, 20, -16, -12, 66, 212, -36, -216, -76, 90, 74, -90, -24, -42, 8, -244, 24, 82, 156, 8, -52, 48, 20, 62, 18, 112, -24, 14, -68, -24, 162, 56, -80, 186, 292, -106, -146, 56, 122, -4, -84, 14, 136, -8, 2, -26, 138, -114, 112, -76, -74, -62, -156, 140, 110, -112, 256, -42, 58, 138, -106, 120, 22, 34, -84, 52, -158, 16, 152, 20, 184, -186, -42, -92, -66, 8, 62, 40, 78, -34, 230, 90, 42, -104, 18, 62, -20, 188, -64, -124, -92, -170, -32, -196, 218, 26, -156, 188, 20, -40, -358, 174, 78, -28, 72, 40, -42, -164, -266, -22, 98, 180, -56, 
-110, -198, 114, 172, -100, 34, -162, -234, -40, -188, -66, 236, 114, -142, -38, 44, -52, -176, 36, -50, 100, 72, 164, -34, -118, -80, -180, -2, 16, -36, 124, -88, 176, 112, 214, 284, -80, -72, -120, 50, -66, 28, 138, -130, -122, 24, -20, -186, 80, 140, -126, -106, 132, -156, 170, -82, 60, 38, -102, 44, -46, -92, 242, -14, 54, -18, 298, -166, 74, -154, 54, 64, -92, 86, -48, 124, -44, -192, 6, 148, -118, 238, -14, -70, 114, 78, -126, -104, -8, 44, 22, -80, -6, 216, 32, -54, 178, 142, 36, 34, 38, -188, -118, 28, -182, -278, -100, 96, 64, 24, 64, -128, 66, 44, 88, 174, -114, 124, 252, -100, 110, 116, 270, 148, -114, -8, 146, 154, -66, 112, 116, -44, -138, -272, -60, -72, -8, 116, 158, 144, 120, 58, 162, 44, -60, 88, 118, -86, -70, -114, -60, -126, 76, 366, 148, -4, -146, 64, 62, -8, -50, -344, -80, 176, -48, -64, 94, -2, 170, -96, -68, 50, 4, -124, -198, -126, 80, -112, 20, -126, 258, 110, 38, 224, 36, 182, -56, -90, 46, 84, 46, -220, -54, 134, 184, -78, 26, 100, 152, 36, 166, 230, 120, 288, 34, -90, -144, -288, 170, -14, 4, 112, -110, -52, -196, 60, -44, -148, 142, -20, 98, 304, 4, -2, 188, -46, 110, 34, -62, -42, 142, 110, -54, -46, 204, 18, -88, -16, 2, -156, 112, 124, -24, -180, -144, 94, 66, -210, 174, -192, -84, -80, 134, -16, -178, -196, 180, 64, 190, -26, 42, 252, 128, 146, -134, 112, 194, -106, -80, -160, 216, -116, 152, -80, -292, 176, -42, 116, 68, 126, 264, -16, -32, 160, -200, 124, -42, 26, -268, 46, 44, -48, -24, -92, 202, 86, 166, -30, 192, -120, 34, -122, -88, 194, -94, -4, 118, 186, 68, -118, -104, 194, -4, 114, -92, -218, 6, -124, 48, 196, 26, -266, -34, 94, 30, -242, 64, 82, -308, 38, -30, -22, 2, 172, -22, -158, -68, 24, -66, 152, 190, 4, -26, -8, 38, 154, 92, 84, 4, -30, -4, 6, -32, -102, -46, -148, 134, 40, 64, -10, -38, 64, -144, -10, 224, 48, 48, 172, -104, 12, 250, -88, -96, 270, -98, 204, -298, -40, 132, -168, 146, -126, -76, -330, 168, 298, -54, 138, -72, 12, -46, -34, -22, -64, 132, 48, -18, -16, 12, -118, 100, 64, 114, 80, -108, -116, 30, 120, 70, -128, -90, 60, 26, -176, -152, -96, -62, 0, -188, 46, -246, -156, 238, 154, -84, -80, -60, 28, 112, -64, -80, -126, 124, 108, 192, -122, 164, 154, 56, 36, -122, 30, 80, -168, 132, 54, -140, -54, -156, -72, -84, 36, -88, 36, -172, -70, 42, -208, 420, 112, 192, 260, 140, 100, 46, -80, 58, -254, 88, -232, 56, -62, -96, 80, -64, 146, 172, -116, 220, 2, 178, -120, -4, 66, -170, 162, -90, 366, 156, -210, -84, 98, 48, 140, 296, 102, 68, -38, 98, 104, 
32, 170, -196, -52, 14, -116, -2, 96, 42, 324, 62, -70, -78, 122, 28, 72, -22, 92, 32, 148, -84, -2, -180, 128, 112, 214, 66, -8, 152, 78, -298, 50, 154, -2, 46, -292, 152, 120, 2, 196, 90, 98, -14, 76, 208, 56, 164, 212, 16, -80, 128, 236, -292, 232, -114, 102, -18, -142, -22, 38, 26, 106, -150, -36, 62, 204, -216, 334, -144, 140, -12, 62, 312, -106, 54, -144, 20, 120, 232, -110, 112, -12, 176, 72, 100, -120, 190, 140, -222, -138, 74, 22, 74, -194, 106, 360, 10, 24, 44, 220, -188, 218, 124, -144, -120, 168, 106, 90, 64, -48, 50, 136, -104, -26, -90, -160, 100, 26, -156, 188, 114, -242, -104, -106, 28, -196, -194, -148, 260, -76, -170, 118, 206, 186, 104, -46, 136, -226, -24, 54, -54, 94, -14, -50, 96, -10, 8, -20, -92, 134, 116, 54, -138, -240, -42, -82, 188, 208, 30, 64, 74, 312, 90, -20, -34, 104, -166, -56, -156, 196, 116, -58, 220, -6, 104, -16, -146, 272, -54, 108, -138, 44, -130, -206, -26, -166, -6, -44, -10, 58, 44, 296, -62, 4, -206, 168, 10, -106, -32, -128, -62, -22, -4, -34, 20, 176, 222, 66, -246, -90, 84, -36, 88, 140, 142, -8, 88, 42, 28, 138, -188, -86, -56, 94, -130, -32, 90, -18, 76, 108, -32, 92, -204, 54, -118, 270, 40, -10, -198, 126, 56, -46, 28, 194, 12, -176, 170, 104, -166, 260, 136, -82, -166, 108, 176, -16, -296, 150, -64, 176, -76, -68, 44, -176, 176, 32, -330, 20, 208, 106, -40, -6, 4, 166, 202, -44, -42, -38, 372, -82, -2, 106, -18, -208, 132, -128, 108, 248, 200, 26, -70, 80, -134, -28, -118, -90, -56, -164, -170, 132, -136, 60, 132, 54, 230, 28, -200, -190, -82, 134, 192, -6, -18, -44, 94, 228, -184, 182, 42, -140, 36, 136, -6, 48, -80, 200, -40, -52, 246, -84, 0, 116, 80, -172, 50, 46, -120, -16, 136, -96, -354, -22, 40, -56, 124, -60, -12, 10, 46, 62, 68, 4, 148, 78, 28, 298, -10, 114, 2, 76, -32, -82, 108, -36, -74, 48, -86, 50, -166, 162, -286, 198, 114, -142, 176, -52, 190, 52, -54, 128, -38, 172, 108, 148, 46, -30, 108, 8, 138, -24, 370, -14, -50, 10, -174, -66, 42, 18, 44, 238, 30, -164, -86, -188, 32, 90, -66, -38, 6, 148, -66, 14, -10, 24, 154, 148, 176, 44, 196, 42, 134, 214, -38, -2, 124, 174, -8, 98, 62, 124, 100, 48, 128, -46, 32, -24, -128, -32, 16, -56, 44, -70, -132, 64, -22, 104, 100, -4, 142, -84, -46, 82, 4, 0, -10, 134, 26, 192, -326, 38, -54, -20, -36, -52, 110, 66, -12, 108, -14, 212, 54, 94, 42, -32, 42, 22, -214, 44, -40, 206, -144, 160, 102, 4, 274, -70, 90, -276, 18, 60, 106, -394, -142, 22, -156, -92, 78, -4, -70, -108, 
-72, -74, 124, 180, 170, -22, -22, 18, 148, -220, -124, 8, -92, 114, -88, -28, 102, 116, -78, -130, 88, 60, 182, 74, 116, -110, -126, 44, -46, -10, 64, -10, 82, 0, 162, 420, -34, -14, 28, -126, -92, -56, 204, -156, -26, -108, -46, 54, 48, 250, -122, 64, 266, -96, 72, 78, 56, 144, -80, 214, -88, -34, 258, 92, -136, -40, 188, -128, 192, 18, -38, 232, -182, 74, 40, 186, 8, -410, -20, 186, -138, 110, -90, -18, -168, 204, -50, -126, -12, 140, 2, 12, 98, 348, -66, -238, 82, -86, -16, -62, -48, -102, -170, 160, -96, 36, 42, 86, 10, -86, 40, 20, 56, -6, 78, 172, -88, 0, 134, -60, 22, 260, -42, -38, 106, 240, 296, 120, -36, 58, 82, -40, -76, -92, -12, 6, -140, 22, 138, 48, 66, 4, 10, 16, 6, 66, -126, -14, 90, 108, -208, -202, -38, 222, -50, 94, -154, 76, -30, 50, 64, -34, -90, -90, -28, -8, 28, 108, 36, -104, -40, -112, -80, 0, -60, -102, 222, -20, -44, -202, -40, 88, 132, 164, -30, 162, 104, 130, 52, 30, -50, -228, -154, 44, 258, -92, -40, 234, -82, -2, 84, 118, -140, 152, 146, 32, -176, -18, 238, 100, -160, 180, 120, 66, 44, 52, -58, 36, 158, -154, 304, 118, 132, -84, -10, 192, -24, 128, -132, 38, 66, 36, 272, 20, 362, -150, -74, -106, 236, 90, 120, -24, 122, -50, -240, 88, 54, -24, 198, -132, -120, -14, 128, 58, -128, 36, 96, 22, 32, -196, -118, 22, -34, 180, -382, -26, 316, 56, -164, -158, -40, 158, 138, 32, -162, 298, 52, -140, -228, 204, 36, 28, 190, 56, 62, 136, 42, -42, 4, -48, 148, 150, 352, 4, 276, 150, 268, 64, 264, 80, -16, -186, 4, 60, -104, 36, 264, 106, 108, 166, -50, 84, -6, 190, -100, -120, 338, 96, -240, 72, 118, 46, -80, -216, 116, -150, 20, 82, -164, 184, 64, -230, -68, 16, 52, 98, -162, 138, -216, 102, 370, 152, 182, 106, 108, 22, 196, -42, -34, 68, -44, 106, -126, -92, 114, -306, -60, 66, 88, 60, -8, 30, -34, 160, 110, 34, 188, -86, 186, -202, 100, -2, 60, 116, -86, 56, -62, -106, 110, -54, 74, -70, -82, 52, 150, 128, -114, 82, -14, -48, -108, -20, -156, -94, 254, -44, -152, 42, -236, 4, 188, 386, -86, 230, 26, -12, 262, 102, 48, -62, 116, 108, 124, -32, 50, -150, -154, 94, -14, 88, -72, -164, 188, -26, -242, -72, 130, -234, 218, 16, -270, 22, -78, 116, -36, 112, 82, -4, -70, 332, -90, -20, 178, 36, 214, -98, -50, -26, -258, 68, 16, -84, 42, -62, 26, -92, -16, -50, 242, 46, -116, 82, -196, -30, -134, -68, 72, -42, 74, 20, -250, 92, 30, 234, -64, 120, 144, 16, 94, 56, 60, -16, -80, 50, -92, 50, 38, 294, 142, -158, -106, 318, 24, -102, 94, -52, 36, 82, -76, -4, 
86, 222, -34, -38, -22, 202, 222, -126, 32, 312, 226, 204, 54, 102, 174, 56, -160, -92, -58, 188, 148, 16, -6, 62, -178, 94, 272, -24, 50, 6, -40, 34, 72, 38, -158, -290, 164, -248, -42, 178, 130, -66, -112, -28, -22, 100, 178, -56, 30, -24, 54, 34, -110, 80, -16, -164, -152, 130, 30, 70, 212, 106, -148, -256, 154, 118, -172, 136, -136, 114, 40, -256, 174, -148, -156, -214, 42, 372, 144, -120, 134, -120, 156, -104, 456, -10, 14, 162, 202, -38, 120, -206, -98, -152, -192, 298, -26, 122, -4, 130, 46, 230, -132, -124, 12, -128, -22, 92, -220, -40, 194, 94, 212, 30, -20, -164, -78, 200, -232, 212, 140, -112, 144, -94, -32, -152, -182, -122, -20, -56, -50, 170, -4, 44, 102, 206, -88, 138, 100, -18, -78, 52, 40, 60, 40, 142, 194, -108, 94, -56, 170, 180, -24, -150, 42, 120, -66, 60, 82, -96, -130, 108, 44, 54, 108, 152, -50, -130, 114, 152, 252, 56, -24, -120, 88, 184, -60, -36, 126, 154, -16, -146, -360, -108, 134, -26, -28, 44, 8, -38, -170, 30, 184, -28, -114, 134, 166, -296, -32, -12, -74, -140, 38, -118, -120, -38, -44, 146, -20, 10, 206, 108, 66, -18, 134, 90, -28, -200, 70, 122, -170, -118, -80, 76, 196, 16, 60, -138, 192, 32, 134, 46, -182, -98, -174, 90, 22, 122, -130, 22, 8, 162, -36, 194, 322, -170, -138, 134, -114, 26, -6, 102, 54, 142, -192, 150, -132, 56, 4, -20, 20, -36, 26, 10, 274, 26, -72, -102, 12, 28, 86, 4, -198, 146, 178, -132, -64, 162, 402, 10, 116, 6, -92, -32, -48, -182, 128, 90, -40, 78, -160, 190, -180, 68, -102, -48, -150, -12, -114, -48, -72, 28, 34, 84, -10, 136, 40, -78, 62, -194, 42, -112, 34, -182, 196, 314, -40, -116, 260, -192, -4, -112, 266, 286, 10, 132, 66, 202, 142, -194, 54, 306, 146, 192, -116, 50, 158, 38, 244, 196, -338, -120, -68, -132, 22, 40, -42, 24, -76, -194, 30, -4, 168, -30, -68, 128, 160, 66, 74, -100, 160, -208, 26, -182, 82, -204, -196, 188, 0, 116, 82, -30, -74, -60, 40, 136, 182, -36, -170, 208, -104, -96, 188, 58, -78, 2, 162, 12, -14, 148, 182, 16, 38, -28, -182, 102, 82, -18, 170, -40, -2, -130, 96, -118, 48, 184, -168, -296, 66, 100, -122, -138, 156, 150, -158, 170, 260, -84, 132, -184, 216, 46, 162, 40, 178, 64, 86, 8, -38, 278, 186, -86, 140, 2, 40, -40, -170, 34, -10, -286, 64, -32, 228, 32, -242, 80, 0, -68, 210, 104, 146, 258, 126, -124, 164, 114, -162, -10, -154, 192, 54, 16, 72, -10, 256, 78, -180, -108, -118, 226, 72, -2, 28, -172, 122, 6, -206, -66, 16, 64, 10, 74, 122, 6, 56, 168, 78, -238, -208, 76, 40, -290, -150, -16, 66, 82, 52, -140, 164, 78, 
72, 88, -90, 34, 12, -72, -78, 102, 68, -122, -236, -122, -76, -110, 22, 142, 174, 122, -16, -138, 128, 38, -8, -102, 106, -86, -292, 228, 24, -38, 66, -42, 66, 266, 180, 294, -54, 260, -86, -162, 60, -50, -162, 74, 56, -176, -90, 16, 104, 124, -296, 166, 162, 128, -16, 280, -44, 150, 112, 140, -152, 120, -38, 90, 8, 18, 50, -152, 268, -52, -66, 156, -36, 30, 38, 176, -46, -310, -224, 54, 214, 56, 2, -70, -74, 148, 58, -34, -174, 142, -216, 246, 14, -24, -22, -62, 108, 70, 16, -148, 114, -134, 42, 172, 40, 2, -58, -160, 86, 284, -118, -86, -222, -128, 104, 94, 0, -86, 230, -44, 10, -2, -86, -4, 94, 328, 196, -46, 78, 36, 24, -108, 40, 62, 50, -138, 140, 2, 114, 118, -4, -90, 156, 148, 146, -166, -22, 102, 166, 8, -38, -60, -174, 144, 46, -96, -30, -112, 24, 70, 96, 42, 154, 8, -98, -42, 330, 224, 54, 86, -66, -10, 10, 206, -170, -144, -18, 50, -124, -180, 56, 110, 134, 280, -188, 110, -162, 156, 12, 12, 210, -68, -8, -30, 38, -158, -124, 64, -8, 318, 74, 182, 70, 148, 74, -156, 58, -140, 138, -82, -192, 104, 4, 114, -74, -26, 58, 20, 32, 78, 330, 40, -76, -74, -110, 142, 84, 58, -100, 142, -92, -130, 14, 210, 158, -190, 142, -234, 146, -98, 20, -54, 8, -24, -72, 140, -40, 62, -34, 12, -10, -66, -6, 72, 178, -214, 22, -188, 80, -34, 10, 74, -162, 22, -140, -18, 110, 30, -184, 42, -34, 104, 238, -10, -98, 128, 174, -156, -78, 186, -4, 120, 140, -20, 56, 30, -12, -74, -14, -34, 410, -14, 172, 64, 74, -50, 46, 94, -18, 6, 188, -22, 28, -106, -14, -244, 6, 90, 14, 194, -6, 208, -12, 306, -14, -196, 110, 92, -190, 26, -80, 202, -174, -190, 30, 10, -90, 8, -56, 232, 4, -198, -142, -136, 132, 94, -52, 10, -274, -108, 358, 48, -134, 12, 40, -132, 66, 154, -32, 50, -28, -6, -180, 56, 84, -22, -218, -50, 80, 142, -12, 170, -126, 58, -28, -18, 56, -72, 72, -66, -116, -94, 132, 8, 62, -148, -238, -6, 12, -114, -32, 256, -100, 4, 158, 126, -52, -218, 32, -98, -106, 118, 2, -22, 126, -32, -82, -64, -150, 28, 82, 292, 22, 56, 128, -32, 164, 136, -92, -98, 88, 74, -50, -234, 118, -64, -224, -32, -254, 182, -196, -14, -100, -106, -50, -2, 100, -28, 134, -250, -156, 120, -130, 266, 0, -116, 76, -40, -16, 152, 74, 112, -30, 34, 74, 22, 50, 72, -88, -122, -44, -108, -30, 84, -294, -200, 250, -16, 198, 148, 154, 96, 90, 132, -246, -128, 114, 196, 206, -112, -98, 100, 52, 206, -116, 156, 126, 4, 8, -18, 6, 66, 24, 118, -10, -152, 110, 166, 88, 12, 176, 192, 114, -62, -98, 38, -188, 272, 60, 60, 
-96, -180, 70, -38, 98, 50, 196, -114, -338, 44, 246, 114, -48, 104, -10, 32, 38, -70, 14, 180, -108, -34, 16, 296, 136, 112, 110, 40, 176, -152, -42, 102, 104, -8, 22, -340, 92, -70, 124, 42, -40, 108, 198, -266, 130, 8, 10, 68, -90, 104, 188, -94, -4, 12, 40, -210, -130, 234, -24, -234, 178, -104, -178, -170, 70, 228, -280, 266, -156, -26, 22, -86, 58, -6, -72, -96, 100, 338, 328, 54, -104, -40, 60, -28, 2, -66, 132, 36, 136, -160, -10, -48, 24, 236, -44, -120, 124, 28, -116, 70, 116, 106, -108, -108, -80, -134, -70, 264, -148, -154, 232, 104, -2, 6, 44, -110, 190, -108, -142, 128, -20, 108, 110, -42, 24, -98, -26, 60, 110, -268, -66, 82, 112, -60, 16, 32, -190, -90, -18, 0, -10, 110, -56, -28, -270, 198, 150, 170, -124, 102, -6, 150, 96, 2, -68, 148, 18, 204, 58, -4, 2, -36, -138, -6, 2, 54, -314, -182, 102, -84, -198, 126, 60, 40, 52, -18, 32, -134, 142, 232, -28, 90, -138, -112, 144, 148, 20, -240, 104, 36, -186, -114, -70, -4, 150, 178, 220, -48, -20, -104, -152, -192, -250, 116, -110, 98, 26, 162, -16, 32, 88, -82, 22, -34, 54, -52, -114, 72, -46, -22, -82, -172, 168, 194, 38, 18, 36, 22, 78, -2, 142, 192, -10, -284, -86, 362, -118, 170, 62, 88, 172, -14, 62, -34, -16, -70, 34, -88, 90, -20, -18, 224, -130, -134, -168, 142, -244, 112, 124, 36, 24, -60, 96, -30, 182, 122, -80, 64, 134, 34, 94, -18, -304, 78, 146, -70, -106, 182, 76, -118, 110, -8, 64, -78, 12, 42, 62, 328, 62, -84, -356, -170, -70, -118, -106, -16, 60, 218, 138, 68, 70, 30, -90, 286, -152, 148, 224, -16, -102, -52, 218, 92, -82, -160, 206, 328, -118, -80, -10, 92, 56, 54, 80, 256, -206, 70, 74, 14, -82, -338, -228, 72, -62, -52, 36, -138, 144, 108, 296, 234, -178, -156, 44, 138, -196, 150, -148, -102, -40, 6, -88, -124, 176, -80, 24, 118, 138, 48, -82, -146, 88, 12, 24, -72, -6, -106, 146, 94, 32, 204, -110, -14, -130, -18, -162, 76, 118, -28, 44, 314, 74, 70, -50, 108, -194, -190, 124, 248, 66, 150, -2, -78, -160, 78, -62, -48, 64, -44, 104, 0, 114, -176, 36, 8, -130, -148, 18, -66, 70, 166, -260, -76, 184, 260, 90, 102, 20, 126, 140, -242, -24, -146, -4, -58, 130, 140, -102, 6, -88, 158, 132, 18, 26, -20, 194, 106, -56, 160, -164, -148, 128, 30, -184, 46, 60, 82, -44, -108, 196, 192, 52, 158, 190, -308, 112, 82, -60, -32, -112, -112, 36, -214, 136, 90, 270, 136, -140, -270, -78, -32, 46, 90, 92, -10, 72, 198, -60, -40, 204, 54, -98, -42, 172, -54, 22, 106, -26, -114, -64, 230, -194, -34, 308, 6, 152, 34, 290, -88, 148, 174, 
210, 122, -106, 184, -36, 82, -286, 116, 336, -80, 64, -20, 156, -120, 78, -38, 154, -82, -42, 154, 136, 46, -130, -126, 94, -70, -68, 20, -172, 148, 70, 80, 108, 314, -20, 212, -190, 168, -62, -72, -128, 194, 30, 42, -62, -210, 52, -128, 104, -62, -152, -34, 90, 54, 2, 126, 52, -28, 78, 164, -110, 66, 160, 152, -30, -172, 298, -226, 152, 112, 8, 136, 98, -142, 96, 156, 130, -100, -198, 122, 174, 152, -210, 118, 50, -106, -74, -64, -100, 2, -68, -74, 4, -178, -100, 182, -86, -18, 204, 24, -60, 76, 250, 280, -2, 30, 48, -42, -70, 196, -94, 36, -54, 174, 106, 82, -130, 102, 220, 104, 40, 260, -160, 4, -68, 16, -12, -22, -122, 324, -102, -56, 62, 90, 112, 38, 50, 32, 0, -54, 102, -46, 48, -20, 88, -172, -60, 82, 82, -64, 72, -134, -110, -22, 64, 200, -70, -232, 10, 106, -74, 130, 146, -22, -26, -256, 158, 156, -16, -62, 138, -54, -102, -62, 0, 96, 10, 20, -16, -198, 86, -108, 90, 318, -12, -40, 70, 122, 92, 28, 50, 116, -28, -30, -90, -190, -30, -30, 58, 144, 166, 174, 316, -46, 206, -62, 110, -256, 134, 16, 10, 78, -86, 42, 210, 104, 146, -60, 58, 16, 258, 236, -110, -228, -24, 12, -62, 50, -120, 128, 16, -32, -42, 340, 114, -222, 196, -132, -2, -62, -42, -2, 212, -54, 0, 66, 34, 206, -202, -98, 108, -86, 4, 156, 188, -216, 252, -158, 138, -66, -34, 116, 28, 110, -30, 76, 194, -82, -60, -36, -226, -164, 220, -214, -10, -168, 84, -200, 12, 124, -76, 98, -30, 198, -18, -110, 46, -280, -40, 2, 270, 102, 150, 172, 176, 250, -20, -106, -132, -72, -24, -2, 104, -268, 104, 126, 36, -96, 34, 144, -190, -70, 8, 84, -94, -44, 86, 162, 40, 52, -78, -104, -50, -82, 122, 10, -248, -54, 128, 162, 206, 130, 80, 148, -160, 272, 8, 96, -258, -60, 78, 116, 70, -268, 258, -58, 126, 100, 296, -14, 232, -40, -114, 186, -44, 100, -54, 180, 48, 102, -112, -46, -36, 64, 230, 132, 44, 46, -44, 30, 200, -150, 168, 120, 82, -88, -112, 16, 122, -60, -56, -74, -102, -34, 142, 186, -148, -212, -90, 36, 112, 124, 162, 30, 110, 156, -260, 80, -120, 130, 32, 152, 44, 2, 220, 96, 210, -48, -114, 6, 300, 186, -4, -74, 80, 30, 4, -114, -6, 304, 4, 84, -76, 114, -272, -108, 312, 184, 102, -206, -116, 74, 0, 144, -146, 82, 0, -190, 146, 152, -38, -124, -44, 300, 122, 42, 50, 66, -236, 62, 214, -134, -32, 246, 88, -62, 104, 112, 204, 74, 118, 216, -220, 108, -158, -32, 240, 124, 100, 20, -210, -166, -164, -146, -24, 36, 58, 52, -18, -12, 140, 210, -138, -68, -82, 28, 8, 146, 158, -132, 238, 22, 66, 120, -12, 26, -102, 182, -126, -10, 
-10, 20, -12, -78, 42, 12, 82, 120, -364, -38, -124, 178, 80, 142, -170, 6, -194, -10, 12, -174, -48, -112, 8, 80, -146, 80, 116, -88, -34, -144, -22, 114, -70, -302, -32, 138, 134, -112, -60, 56, 66, 136, 118, -230, 168, 190, -202, 286, -82, 24, 276, -98, 90, 26, 154, 70, 10, 210, 50, 24, 78, -124, -122, -18, 178, 190, -222, 192, -168, -164, -172, -92, -200, 154, -16, -72, 20, 100, 106, 132, 52, -198, 334, 12, -10, 188, 174, -22, -72, 48, 56, 24, 100, 228, -56, -214, 242, 128, -32, 108, 216, 142, -238, -70, 106, 94, -72, 42, 104, -112, -24, -46, 138, -60, -116, 30, 140, -54, -114, -50, 22, -110, 232, 4, 176, 36, 14, -90, -12, -282, 100, -100, -30, -116, 72, -40, -34, 26, -46, 30, -26, 62, -104, -60, -172, 118, 10, 102, -234, 150, -48, 184, -148, -64, 106, -196, -80, 170, 34, 70, -20, -98, 20, -62, 118, 198, -12, -30, -56, -136, -20, -18, 40, 162, 50, -216, 162, -48, -40, 46, -164, 114, -134, -144, 50, -80, 134, -112, -50, 70, -54, -192, 228, 260, 150, 62, 22, 140, 74, 64, -54, 28, -78, 0, 32, 162, 0, 204, -12, 80, 144, -84, 78, -8, 122, 60, 12, 116, -26, 44, -248, -60, 38, 178, 80, 180, 42, 2, 72, -60, 98, -40, -18, -316, -140, 254, -218, -32, -100, -28, 74, 12, -70, 236, -44, 66, -150, -202, 244, 160, 272, -38, 296, 4, -128, 38, -98, 6, -70, 84, 106, -46, 54, -94, 30, -184, 42, 336, 148, -132, 136, 48, -34, 152, -78, 174, -50, 200, 96, -40, 100, -50, -30, 142, -160, 168, 180, 146, 30, 148, -226, 56, -142, -26, -158, -38, 142, 116, 64, 172, 88, 32, -42, 192, -48, 46, -36, 62, 0, -36, -4, -160, -26, 2, 312, 58, 100, -246, 40, -12, 144, 170, 138, 204, -40, -54, 182, 74, 52, -66, -10, -134, -14, 44, 100, -156, -60, 88, 198, 12, 72, -94, 70, 62, -192, 106, -98, 72, -188, 216, -140, 102, -56, 72, 140, -132, 50, 122, 236, -164, -8, 262, 22, 158, 24, -66, 88, 144, 140, 140, -56, -72, 2, -50, -80, 150, 160, 10, -100, 16, -140, 190, 20, 28, -92, 6, 164, 428, 76, 32, -16, 16, -64, 86, 104, -164, 272, 24, 48, -26, 10, -114, -50, 2, -132, -32, -114, 24, 8, 12, -116, -54, -58, 232, -32, -50, 2, -8, 68, 4, 70, -206, 66, 36, 142, 104, -50, -100, -116, -32, -10, 140, -212, 24, 96, -24, 124, 92, -108, -30, -120, 134, -84, -286, -12, 100, 130, 18, 12, -14, -240, 176, -28, -88, -88, -26, 24, -106, -218, -112, -78, -50, 130, -262, -142, 88, -112, 20, 14, -48, 136, 30, 46, 86, 144, 112, -120, 64, 46, -78, -136, -78, 82, 168, 82, 158, 38, -4, 76, 54, -84, 14, -2, 58, -98, -70, 144, 2, 118, -70, 
162, 32, 2, -28, -66, -26, -200, 118, 186, 38, 218, -178, -136, -170, -114, 116, 200, -84, -64, 394, 88, 256, -130, 132, 158, -176, -10, 132, 38, 122, 88, 14, 108, 166, -48, 6, 66, 42, 48, 150, 32, -10, -42, 124, 158, -54, 194, 32, 256, 62, 24, 64, -24, 114, -176, -92, 6, -388, -26, -124, 36, 76, 250, 154, -112, 26, 210, 32, 34, 126, 118, 114, 230, -168, -54, -82, -84, 70, 42, 160, -22, 280, -338, -136, 52, -208, -178, -130, -60, 10, -4, 10, -14, -186, 110, 388, -52, 86, 190, 8, -266, -204, 166, 66, 0, -50, 24, -36, 38, 408, -28, 100, -28, 126, -18, 84, 2, -86, 196, 106, 166, -50, -108, -108, 158, -242, 46, -4, 70, 164, 36, -32, 72, 104, -104, 72, -240, -96, 12, 190, 170, -50, -96, 26, 314, -162, -62, 12, 256, 2, 102, -110, -16, -18, -4, 110, 72, -154, -24, 40, -68, 128, 0, -32, -110, -222, 110, 120, -86, 80, 262, 86, -16, -162, 20, 300, 136, 64, 8, -30, 302, -106, 126, 38, -32, 160, 22, 26, 140, -152, 162, 234, -146, -150, -10, -62, 66, 10, -56, 70, 130, 50, 20, -40, -106, -26, -8, -52, -122, -22, -24, -128, -92, -48, -256, 132, 42, -106, 70, 50, 32, 112, -54, -36, -144, -34, -264, -20, 222, 128, -184, 144, 144, 148, 192, -48, 200, 94, 138, -44, 186, 58, -62, -190, 72, 92, 146, -14, -118, -90, -98, -62, -156, 2, 94, -80, 0, -16, 76, 68, -70, -18, -8, 18, -52, 130, -198, 4, -252, 310, -120, 234, -8, -46, -16, -54, -60, -124, -50, 124, -128, 34, 94, -38, 66, -142, -30, 72, 4, -90, 42, 124, 60, 40, 20, 102, -2, -184, -162, -128, -98, 162, -32, -122, 144, 50, -12, -44, -52, -50, -66, 76, 40, -82, -116, -68, -34, 68, 162, 132, 8, 34, -20, -16, 20, 132, -130, -112, -4, 54, -48, -64, 46, -136, -80, 144, 162, -90, -96, -4, 10, 104, 38, -98, 90, 0, 72, -4, 136, 16, 250, 138, 38, 140, 38, -76, 8, -126, -284, 86, 70, -268, 14, -142, 38, 252, -96, 10, -122, -12, 82, 184, -88, 38, 146, -46, 54, 124, 42, 72, 90, -68, 16, -50, 66, 132, -126, -240, 40, 30, -8, 102, -14, -76, -90, 8, -214, 52, 78, 168, 80, -18, -102, 84, 300, 142, 100, -86, -22, 22, 112, 90, -80, -246, 132, -50, 274, 32, -150, -84, -20, 230, -26, -54, -284, -82, 124, -58, 70, -6, -86, -54, -96, -68, 20, -20, -70, -82, 112, 24, 126, -38, 156, 430, 22, 136, -12, -56, 98, -148, 18, -92, -10, -58, 34, 66, -34, -20, 94, 6, 120, 78, 50, 298, 124, 46, -24, 30, 16, -72, 122, -160, -26, -114, 20, -64, 10, 124, 14, -106, 332, 182, -32, -86, -110, 44, 160, 104, -62, -84, 108, -68, -14, 18, 238, 52, 6, 58, -58, 10, 
-60, -98, -48, 44, 232, 96, 26, -4, -90, 132, -162, 296, 116, 220, 104, -118, -202, 152, 274, -158, 118, -150, 218, 178, -116, 214, 144, 44, 154, -112, -96, -50, -128, -262, 128, 126, -288, 44, -50, -38, -120, 118, 36, -156, -172, 64, -236, -26, -216, 62, 128, 6, 210, 62, 188, 84, 142, 348, -86, 26, -34, -92, -198, -26, 204, -10, -198, -36, -38, -36, -10, -140, -96, 112, 200, -8, 88, 94, 70, -4, 58, -252, 306, 168, 10, 70, 88, 172, 44, -18, -142, 94, 138, 166, -132, -272, 66, -132, -114, 42, 340, -86, -22, -62, -12, -120, 90, -48, -12, -184, -88, -14, 130, -92, 160, -286, -62, -10, -96, -136, -28, 18, -116, -26, 42, 86, -8, 138, -114, -4, 52, 260, 124, -232, -8, 84, 192, 106, 20, -44, -28, 86, 104, 234, 116, 52, -42, 52, -274, -32, 84, 128, 16, 102, -34, -306, 158, 44, 68, -152, -32, 20, 48, 30, 94, 160, -16, -68, 0, -52, -72, -62, -138, 154, 102, -60, 40, -12, 84, -14, -150, 148, 8, -30, -322, -52, 10, -92, -92, 144, -54, -56, 442, 164, -24, -2, 142, 98, 40, -200, -76, 180, 6, 172, -162, -108, -152, -70, 68, -56, -122, 16, 6, 102, 134, -26, -142, 60, 10, -82, -86, 42, 144, 40, -64, 300, 290, -14, -32, -16, 96, -112, -12, -246, -38, 80, -122, -126, 268, 64, -194, 40, 138, 134, -52, -280, -126, 132, -26, -82, 206, -14, 128, 218, 66, -108, -152, 76, -94, -14, 26, 52, -130, 34, 142, -88, -18, 120, 88, -20, -12, -72, -124, 18, 84, 10, 130, 292, 124, -38, 100, -26, -36, -56, 30, 72, 228, 16, -4, 54, -36, 44, 88, -48, 246, 130, 152, -46, 128, 198, 182, -202, 20, 178, -110, -6, 240, -24, 6, -30, 124, 130, -172, 46, 240, 68, 32, -28, 44, -176, -52, 132, -68, 74, 66, -56, 84, 262, 138, -148, -54, 102, 182, -30, 202, -42, -50, 174, 134, 68, 24, 92, 136, 160, -176, 52, 44, 2, -86, -46, -210, -160, -48, -90, 196, -68, -34, 130, 138, -84, 68, 10, 30, 164, 8, -212, 178, -36, 46, 66, -54, -114, 118, 20, 92, -44, -42, 104, -70, 96, -86, 230, -68, -30, 138, 114, -50, -152, -12, 158, -32, -24, 220, 32, 32, -44, 94, 22, -204, 184, 70, 86, 68, -130, -174, -32, 86, 84, -6, 178, -194, 84, 20, 256, -60, 120, -178, 76, -24, 52, 138, -62, -10, 22, -16, 180, -46, -24, -100, -8, -164, 124, -50, 116, 16, -26, 178, -52, 102, 134, -170, 76, -6, -152, -210, -94, 182, 46, -16, 132, -38, -90, -62, 148, -26, 18, -44, 92, -112, 12, 6, 182, -58, -136, -22, -276, 54, -184, 86, 18, -62, 124, 8, 148, 54, 78, 104, -132, 150, 4, -110, -172, -18, -16, 114, 34, 68, 22, 202, 24, 88, 106, -76, -60, -100, -46, 16, 0, 44, 10, 
30, 138, 302, -46, -124, -166, 216, 144, 90, -34, 238, -100, -90, -184, -188, -132, 272, 58, -46, 98, 92, 134, -64, -112, -136, -158, 74, 6, 144, 162, -2, 272, 96, -20, -58, -218, 294, 14, 56, 100, -126, -42, 148, 214, 208, 18, 376, 160, 86, -58, -32, -10, 0, -34, -72, -28, -56, -202, 16, 16, 88, 134, 130, 32, -208, 44, 78, -96, -118, -80, 150, 66, -38, -146, -2, 238, -162, -4, -84, 162, -140, 326, 176, -140, -62, 140, 100, -58, -14, 158, 112, 80, -158, -122, 44, 134, 84, 106, 166, 132, -42, -46, 46, 4, 30, -88, -198, -82, -4, 244, 30, 36, -122, -122, -158, 198, 174, -96, -48, 212, 70, -284, 258, -80, 94, -50, 56, 104, 216, -46, 58, -86, -18, 254, 124, -150, 0, -108, -30, -6, 98, -24, 18, -184, -26, -290, 54, 82, 278, -42, -176, -62, 76, 36, 74, 14, 64, 146, 120, 34, 76, -50, 54, -68, -52, -190, 58, 162, -44, 182, -102, 256, 78, -126, 38, 96, -100, 158, -146, 92, -6, -54, -120, 92, 122, 60, -96, 48, 134, -52, -14, 120, -274, -44, 164, 32, -88, 96, -54, 96, 2, -84, -56, -182, 250, 112, 278, 0, -174, 70, -12, -32, 188, -8, -102, 138, 24, 102, -76, 78, -94, 32, -152, 138, -62, -342, -136, -156, 216, 164, -24, 180, 32, 230, 160, -142, 58, 2, -144, 60, 232, 40, -156, -214, 18, 352, 128, -106, -86, 16, -116, 160, 62, -90, -200, -24, 38, -22, 160, 4, 144, -70, 118, -32, -304, -76, 56, 42, -58, 6, -28, -6, 92, 20, -20, 38, -68, -112, 162, 118, 62, -94, 196, 24, -232, 200, 0, 232, 70, -48, 108, 22, -2, 32, -292, -244, -54, 58, -90, -190, 20, 220, -114, -152, 138, 118, -242, 72, 42, -48, -44, -8, 2, 38, -330, -140, 96, -78, -50, 242, -124, 112, 110, -18, 148, 166, 28, -42, 12, 208, 178, -114, -152, -56, -200, 36, 158, -104, -44, 102, -2, 114, -170, -66, 54, -10, -18, 98, 130, 100, 268, 258, -16, 244, -246, 34, -102, -2, 38, 180, 122, -102, 68, 18, 46, 200, -262, 36, -6, 0, -74, 40, 34, -142, 40, -44, -136, 22, -44, 154, 4, 0, 12, 74, -108, -32, 24, 36, 86, -306, 68, 88, -136, 76, 162, 22, -138, 128, 106, 50, 16, -8, 214, -6, 76, 124, 104, -10, -42, -86, 64, -4, -50, -206, 178, -48, 160, 22, 144, 74, 238, 256, -86, -42, -2, -190, -16, -168, 158, -158, 166, 168, 232, -120, 28, 148, -28, 132, 48, -36, 166, -84, 22, 104, 24, 176, -32, 114, 28, 48, -136, 82, 86, -22, -42, 142, -52, 84, -8, -6, 34, -58, 108, 52, -34, 422, -230, 204, -30, 22, 38, -206, 46, -266, 68, -96, -76, 50, -24, 208, 220, 64, 118, 82, -170, 24, 146, 68, -20, 160, 98, 88, 32, 118, 162, 112, 108, -164, 74, 110, 
-66, -150, -94, 150, 110, 160, -144, -44, -274, 114, 28, 162, 48, 168, 322, 304, -284, 42, 30, -42, 184, -124, -126, -28, 184, 28, 138, 84, -74, -118, -20, -228, -114, 34, 150, 242, -158, 36, -40, -66, 60, 112, 0, -102, -300, -108, 56, -42, -88, -30, -4, -46, -20, 6, 90, 108, 10, 226, -288, -14, -106, -268, -60, -162, 194, -32, 132, 150, 198, -36, -270, -76, -148, 136, -10, -144, 120, 58, -22, -188, 84, -106, -76, 154, 170, -12, 18, -46, -62, -142, -242, -96, 176, -126, -94, -166, -218, -110, -180, -78, 150, -2, 32, -84, 158, 24, 210, -18, 120, -72, 48, -56, -8, 4, 148, -286, -354, 64, 180, -308, 62, 310, -186, -52, -158, 226, -74, -88, -58, 138, 36, 206, 240, -66, -16, 222, -30, 42, 150, 84, 192, 24, -42, 210, -136, 206, 44, -30, -188, -126, 244, 62, 76, 18, -62, -34, 8, -96, -6, 48, -222, 4, -38, 150, 66, 68, -154, -144, 58, 2, 66, -174, 6, -26, 22, -72, -78, 26, -26, -64, -122, -74, -26, -102, 20, -54, 232, -64, 176, -52, 4, -58, 138, 76, -46, 20, 134, 72, -112, 0, 84, 114, -32, 186, -174, 60, -108, -50, 160, -58, 286, 270, 48, 64, 178, -44, -46, 170, 88, -24, 210, -130, 110, -192, -28, 182, 60, 318, 68, -20, 88, 58, 0, -56, 52, 36, 86, 10, 82, -28, 134, -156, 260, -30, 88, -248, -46, 134, -58, 54, 100, -130, 8, 136, 150, 22, 14, -68, -158, 102, -160, 250, -56, -12, 144, 6, -120, -22, 176, 0, 180, 246, 36, 88, 38, -40, 14, 260, -126, 68, 104, 106, -116, -28, 142, -64, -22, 82, -90, 48, 128, -30, 210, 60, 258, 300, 238, 54, 124, 18, 72, -104, 110, 64, -232, 26, 208, -170, 138, 70, 2, -26, 42, 134, 180, 128, -72, 42, -38, -208, 52, 98, -184, -44, -32, -112, 162, 18, -78, -84, -178, 94, 66, 62, 196, -94, 128, 96, 46, -100, -122, -214, 196, 202, 88, -58, 34, -62, 50, -40, -140, -206, 60, -8, 232, 16, -68, 20, -4, -10, 12, 76, -62, 24, 10, -46, 276, 72, -56, 70, 14, 130, 120, 160, 122, 46, 202, -128, 32, -246, -76, 54, -110, -28, 86, -16, -40, 8, -132, 444, -94, 124, 126, -156, -30, -104, -110, 114, -136, -28, -70, -278, -152, 50, 14, 20, 84, 42, -12, 238, -130, 64, 300, 248, -144, 186, -72, 62, -62, -194, -150, -300, 64, -70, 42, 262, 52, 118, -38, 100, -28, -18, -316, 156, 40, -70, -46, -174, -98, 44, -24, 2, 48, -14, 86, -36, 282, -272, -148, 2, -54, -54, -142, 178, 56, -80, 154, 78, 56, -46, -34, 60, -22, -164, 146, -104, 228, -224, 86, 70, 24, 246, -20, 160, -78, 152, 108, -66, 96, -156, -112, 8, -94, 90, 272, -106, -26, -104, -18, -308, -82, -62, 26, -132, 26, -74, -204, 100, 38, 60, 
58, 24, 164, -56, 36, -32, 214, -26, 54, 56, 186, -244, -64, -326, -126, -206, 0, -52, 104, -6, -86, -10, 136, 66, -248, -28, 72, -206, 44, 38, -64, 124, 56, 58, -118, 172, 244, -234, 84, -24, 104, 28, 16, 12, 280, 316, -90, 118, 52, -194, 158, 64, 94, 120, 50, -144, 122, -242, 258, 34, 136, 210, 50, 138, -282, 14, -274, -126, -190, -160, 328, 100, 42, -92, -126, 358, -196, 130, 18, 264, 40, 214, 4, -220, -144, -20, 6, -44, 42, 56, 212, 202, 64, 208, -2, 214, 166, 184, 90, -138, 12, -60, -12, 144, -146, -22, -86, 70, 28, 184, -86, -96, 238, 86, -66, 56, 252, -180, -250, 118, 74, -264, 68, 190, 126, 38, 174, 36, 52, 74, -108, -156, -78, -44, 128, 34, -46, -22, -76, 120, -180, -22, 190, -132, 158, -136, 12, -50, 158, 46, -158, -102, -24, 92, 36, -38, 126, 112, 106, 136, 206, -54, 34, 136, -20, 32, 138, -52, 30, -8, 42, 124, 46, -40, -128, 68, 118, -60, 122, 56, -56, 0, 38, 6, 84, -8, -28, -62, -96, 194, 70, 56, -30, 14, -44, 84, -38, 8, 242, 168, -24, -4, 96, -260, 182, -50, 208, 214, -136, 200, -38, -200, -56, -20, 12, 84, 76, -224, -14, -36, 0, 56, -84, 226, 88, -210, -356, -362, 84, 150, 120, 136, 58, -4, 58, -12, -106, -104, -154, 162, 2, 276, -264, -154, -32, 180, -36, 248, 164, -18, -54, 286, -66, -94, -2, -210, -86, 230, 306, -32, -28, -170, 12, 0, -12, 18, 298, -10, -182, 92, -104, -130, -48, -82, -4, 94, -12, -164, 24, 36, -58, 34, 8, 122, 76, -130, 18, 90, 104, -70, -156, 8, -82, 88, -142, -40, 32, -180, 56, 110, 202, 150, 18, -8, 144, 86, -100, 108, -232, -42, -102, 52, -18, -110, -150, -86, 48, 70, -10, 266, 108, -12, 116, 102, 186, 134, -170, 94, 94, 136, 108, 28, 134, -294, -46, 72, -84, -4, 132, 96, 24, 132, -128, -34, -24, 22, 48, -124, 68, 56, 122, 280, -30, -100, -150, 30, 16, 36, 296, 30, 92, -140, -12, 80, 14, 228, 22, 94, -130, -64, 168, -32, -10, -68, 92, 144, -14, 242, -6, 226, 64, -18, 234, 58, -222, -12, 208, -200, 40, -148, 22, -150, -194, 182, 112, 100, 114, 12, 168, 246, 12, 290, 202, 8, -46, 106, 6, -48, 184, -26, 30, -60, -118, -14, 296, -154, -108, 240, 132, 154, 92, 126, 4, -38, 80, -300, 174, 58, 308, 114, 124, -54, 228, -126, 110, 204, 76, 60, 216, -164, 210, 42, 56, 102, 134, 104, -298, 144, 140, 4, 140, -172, -4, -230, 44, 88, 4, -106, -96, 88, 82, 142, 170, -16, -12, 102, -152, 374, -38, -166, -218, 0, 124, -48, 164, -46, 104, 104, 2, 286, 52, 108, -20, -50, -124, -42, 56, 134, 48, 252, 2, 36, 98, -2, -18, -130, 98, -102, -120, -76, 
92, 136, -170, 128, 2, -96, -184, 30, 96, -78, 90, 6, 190, 162, 2, 122, 58, 126, -72, 86, 60, -100, -216, -26, 180, 26, 96, 174, 72, 70, 20, 22, -82, -24, -60, 40, -178, 276, 114, -66, -58, 36, -154, 54, -312, -178, 114, -40, 18, -36, -160, -146, -86, -96, 6, 278, -122, 214, -8, -76, -138, -212, 118, -116, 292, -76, 248, 94, 170, 386, -144, -122, -60, 58, 338, -210, 144, 22, 104, -80, 70, 48, -50, 176, 146, 90, 146, 40, -146, -132, -154, -84, 204, -132, -76, 10, -170, -110, 78, 30, 144, 4, -26, -72, 52, 108, 82, 42, -36, -70, 138, 100, -108, 10, 18, 18, -228, 216, 186, 82, 92, 204, 40, -108, -130, -78, -170, 64, -2, 50, 276, 204, 232, -90, -60, 74, 28, -64, 62, 38, 30, -132, -6, 22, -220, 166, -42, 124, -158, -188, 340, 104, 124, -64, -66, 160, -32, -50, -56, -12, -166, 34, 42, 142, -56, 76, -46, 4, -94, -16, 28, -124, 2, -82, 196, -42, 94, 228, -94, -28, -98, -154, -60, 220, -112, -32, -14, 100, -134, -112, 52, 106, 50, 2, 202, -42, 42, -72, -296, -106, 56, -22, 14, 220, 36, 94, -74, -84, 136, 22, 46, 266, -8, -158, -140, -176, -56, 156, -86, -56, 104, -22, 120, -98, -44, 0, 232, 254, 118, 60, -164, -198, -78, -174, 80, 76, 90, 30, 282, 6, 76, -86, 234, 114, -44, -80, 132, 86, -206, 160, 132, -154, 100, 228, 88, 260, 264, 66, -186, -4, -82, 112, -54, 264, -44, 146, -140, 18, 94, -48, -2, 14, 228, 108, -44, 122, 112, 124, 22, -76, -28, -198, -192, -110, 156, 118, -68, 0, -174, 40, -24, -42, -6, -154, 48, 280, -178, -10, 88, 16, -124, -44, 172, 70, 16, -114, 116, -142, 128, 2, 94, -232, 16, 42, 100, 74, -92, 36, -180, -126, -114, -34, 22, -36, -10, -100, 286, -78, -50, -188, 82, 86, -72, 118, 122, 90, 352, 182, -174, -96, 134, 56, 156, 48, 42, 212, 48, 78, 134, 114, 28, -18, -76, 86, 208, -56, 84, -72, -140, -10, 10, 8, 50, 118, 72, -46, -48, -84, 302, 84, 156, 90, -108, 116, -54, -234, 116, -118, -42, -240, 56, 36, 14, 196, 248, -110, -24, 132, 108, 168, 56, 92, 150, -6, -16, -64, -184, -174, 12, -138, 48, -98, -14, -192, 82, 62, 2, -94, -148, 256, -86, 66, 202, 40, -60, 142, 172, -46, -32, -154, 46, -38, -38, -92, 12, 166, -292, 76, -268, -108, -132, -44, -160, 88, -130, 38, -200, -56, -188, 182, -132, -20, -78, -172, 44, -90, 28, -122, -58, 200, -26, 0, 14, 146, 74, 106, 112, 126, 176, -52, 64, -26, -106, 40, 148, 62, 226, -324, 12, 124, 114, -18, -110, 98, -186, 124, -206, -92, 126, -182, -84, 12, 142, 50, 274, -52, 50, -102, -40, 36, 10, -62, -36, -188, 62, 52, -116, 54, 284, 20, 
-58, 52, 180, 8, -78, -80, 118, 218, -28, 196, -46, 90, -60, -160, -50, 40, -26, -42, 14, -154, -72, -2, 256, -84, -46, 98, 88, -184, 64, -50, 208, -84, -26, 70, 4, -54, 198, -12, 6, -108, 22, -98, 22, -2, 322, 146, -62, 156, 118, -106, 98, 32, 36, 134, -8, -334, -32, -42, -128, 138, 46, 52, 4, 88, -94, 190, -180, -6, -84, -104, -24, 30, 16, -134, -38, 190, 62, -116, -36, 130, 82, -18, -14, -148, 98, 50, -128, 42, 212, 98, 62, 278, -92, -2, 116, 114, 238, 236, 62, -142, -116, -142, 134, 88, -82, -22, -128, -82, -136, 6, 12, 36, 254, -38, -44, -14, 132, 42, 66, -88, -132, -134, -18, 262, 56, 54, 62, -110, 150, 40, -86, -66, -136, 22, 86, -4, 130, 132, -58, -194, -36, 84, -2, -106, 76, 30, -16, 52, 112, 136, -184, -32, 16, 130, 18, -86, -106, 102, 102, 28, 232, 58, -50, -136, 92, 18, 96, -126, 244, 134, 64, -6, 12, -14, -88, 42, 46, -144, -50, 66, 132, 158, -160, -150, 62, 68, 46, -222, 114, 272, 124, 62, -176, 100, 6, -50, -52, 66, 310, 214, 112, 20, 108, -124, -76, -58, 40, -26, -82, 112, -44, -176, -152, 130, -38, 204, -26, -40, 68, 112, -10, 60, -134, 102, 0, 4, 20, -232, -54, -224, 178, 276, 34, 230, 0, -46, -22, -82, -120, 262, -208, 58, -136, -40, 146, 196, -190, -16, 110, -30, -150, 134, 106, -244, -104, -164, -92, 96, 12, -94, 66, -146, 24, -168, 8, 116, 200, 64, -38, 124, 130, 200, -160, -12, 108, 62, 16, -352, -184, -118, -32, 224, 120, -124, -14, -72, -8, -46, -40, -222, -100, -42, -44, -10, 8, -162, 80, -50, -16, 62, 202, 50, 28, 66, -108, -136, -56, 188, -134, -84, 14, 134, 120, -156, -54, 92, 140, 140, 140, 84, 124, -8, 38, 88, -122, 26, -46, -82, 74, 216, -168, -20, -30, 28, -106, -16, -302, -82, 134, 254, 32, 14, -138, -58, -4, -120, 114, -196, -8, 94, 16, -2, 80, -156, -48, 64, -48, 68, 100, -102, 28, -78, -12, 100, -10, 146, 62, -16, -34, -30, -30, 82, 128, -78, 244, 284, -80, 90, -82, 208, -164, -42, -14, -66, -100, 140, 134, -90, -24, -212, -92, -242, -158, -142, 166, 10, 164, -76, -60, 430, 140, -74, -148, 326, 48, -6, 26, 182, 64, -192, -146, 116, 60, 78, 56, -42, 76, 50, 180, 144, -14, 118, -8, 10, 88, -48, 292, 98, 140, -52, 12, 200, 124, -188, 104, -56, 54, -14, 90, 16, 70, -34, 28, 128, 60, 54, 116, 36, 104, -202, -34, -64, 56, -146, -8, -116, -64, 152, -66, 8, -32, 92, 4, 54, -94, 0, -92, 152, 76, -190, -138, -8, 100, -102, 108, -132, 70, 112, 126, 298, 46, 82, -12, 84, -162, -34, -142, 176, 74, -92, -54, 118, 2, 202, 10, -156, 76, 22, -118, -108, 
182, -50, -128, 12, 0, 48, -166, -120, 196, -94, 148, 14, -42, 262, 108, 90, 36, 208, 14, 90, 116, -18, -144, 142, -16, -10, -22, 94, -6, -6, -56, 116, 92, -62, 16, 54, -140, 2, 92, 218, -40, 100, 2, 24, 114, 252, -2, -92, -76, 48, -70, 144, -28, 16, -8, 86, 76, -18, 50, -210, -110, 102, -8, -74, 268, -20, 206, -76, 64, 196, 62, -34, -8, 88, 60, -12, 120, 156, -64, -204, -46, -258, 74, 236, 84, 34, 142, 18, -170, -56, -48, 6, 156, 190, -214, -52, -214, -260, -38, 104, 98, 168, -88, -84, 220, -66, 22, 154, 280, 156, 36, 24, -62, -34, -16, 0, 20, 24, 46, 48, 220, -6, -10, -150, -118, 24, -58, 68, -62, 304, 38, 74, 26, 106, -98, -72, -48, -48, 138, 182, 190, 296, -56, 94, -82, 32, 16, 102, 82, 42, 118, 88, -98, -142, 148, -16, 272, 108, -94, -36, -172, 114, 210, 66, -132, -26, 2, -34, -144, -52, -2, -116, -54, -160, -12, 40, -136, 12, 84, -74, -74, -46, 22, -34, 18, 10, -72, 70, 72, -264, -110, 74, 160, -174, -24, 110, 104, 20, -16, -74, -70, 46, -8, 84, -40, -28, -54, 150, 8, 20, -34, 366, -142, -34, 82, -266, 76, -6, -64, -302, 50, -168, 266, -74, -20, 22, -162, 114, 120, 38, -38, -248, -96, -290, -44, 220, -42, 186, 156, -18, 222, -26, 178, 34, -176, -172, 212, 186, -84, 56, 68, -54, -118, 224, 110, 104, 100, -16, -78, 64, -56, -36, -24, 146, -44, -96, 36, 34, 112, -98, 92, -102, 168, -192, 62, 102, -90, 322, 198, 112, 180, -2, 74, 246, 6, -32, -12, -110, 232, 230, 120, -28, -10, 42, -14, 16, -174, 72, 176, 84, 192, 26, -40, -46, 80, 242, 14, -118, 98, 16, -10, -38, -22, 28, 202, -108, -56, -152, 124, 16, 48, 58, 26, -40, 116, 144, 30, 168, -144, -144, 82, -60, -58, 64, 18, 100, 244, 58, 18, -72, -74, -4, 92, 98, -150, 134, -204, 182, 48, -162, 62, 112, -100, 80, 18, 166, -20, -48, -180, 36, 6, 144, -164, -8, 42, -92, 102, -44, 166, 72, 128, -268, -18, -32, -10, -30, 158, -96, 56, -20, 152, 128, 114, 106, 92, -294, -60, 222, -68, 0, 170, 268, 112, 124, -166, -12, -58, 122, -154, -156, -148, 256, 200, -152, 24, -10, -64, -68, -14, 182, 180, -34, 18, -106, -66, 8, 42, -84, -174, -68, 128, 116, 174, 184, 54, -10, -142, -100, -246, 82, 28, -50, 154, 268, -126, 70, -24, 76, 150, 32, 8, 180, -126, -68, 102, -30, -62, 98, -254, 212, 36, -8, 70, 24, 54, 58, -2, -84, 8, 120, -166, 36, 54, 112, 200, 76, 176, -4, 28, 182, 74, -2, -94, 44, -32, 66, 24, 14, -56, -46, -162, -90, 96, -40, 294, -90, 124, -6, 148, -16, -10, -82, 108, -58, -54, 246, 120, -170, 66, 214, 
-250, 28, -20, 140, -106, 4, 180, -14, -312, 38, -142, 216, 22, -304, 104, -26, 236, -138, 56, 0, -170, 90, 196, 18, 46, 84, 206, -62, -30, 116, 74, 26, 4, -24, -8, -60, 436, -82, 26, -214, -46, -34, 44, -8, -26, -284, -36, 2, 0, -102, 182, -186, 56, -44, 126, 136, -102, 162, -2, 144, 70, -116, 140, 228, -74, 162, 80, -136, -68, -64, -206, -4, 48, -188, -10, 174, -156, 102, -14, 32, 18, 76, -86, 20, -8, 54, -90, 44, 74, -142, -56, 48, -84, -24, 306, -20, 120, 66, 88, -120, -48, -12, -40, 6, -104, 174, -42, 36, -130, -104, 32, -118, 30, 42, 76, 74, -64, 110, -52, -54, -86, -88, -40, 146, 154, -44, -2, -22, -2, -216, -28, -122, -78, -80, 86, -22, 98, 18, -112, -202, -70, -296, 50, 146, 180, 54, 24, -46, -34, -42, -120, 176, 44, 226, -60, -132, -174, -68, 20, 58, 146, 6, -104, -16, 12, 172, 6, 72, 128, 166, 80, 142, 34, -60, 10, 78, 172, 56, -184, 290, 186, -60, -80, 68, -102, -64, 226, 4, 162, 116, 76, -216, -132, 244, 220, -40, 138, -54, 72, -144, -22, -114, 78, -182, -42, 56, -82, -172, -68, 58, 144, -392, 152, 240, 110, 224, -276, 16, 136, 152, -62, 210, 86, -10, 104, 8, 54, -150, 10, -116, -80, 252, 20, 308, -92, -58, -98, -60, -128, -12, -60, 208, 46, -22, 176, 64, -8, 28, 280, -28, 58, 62, 62, -138, -222, -90, -108, -130, -116, 4, 258, -88, 182, -60, 156, 52, -122, 28, -54, -50, -38, 102, -120, 146, 32, -46, 70, -160, -42, -70, -140, 158, 42, -264, 90, 186, 58, 158, -56, -234, -30, 162, 30, -74, -44, 216, 72, -44, -34, -126, -52, -46, 192, -16, 180, -102, -172, 242, 2, 112, 52, 86, 68, -46, 2, 188, 152, 58, 2, -42, -90, -80, 50, 42, -154, -28, -54, -124, 32, 132, 28, 124, -194, 14, -156, -8, -124, 38, 26, 156, 34, 38, -214, -104, -98, -150, 198, -138, 64, -8, -14, -80, -14, -20, -4, -102, 48, 6, 222, -86, -148, 90, 240, -22, 50, 6, -4, 54, -44, -118, 4, 114, -36, 100, -24, 154, -176, 182, 40, 34, -126, -174, -222, -106, 10, 106, -30, -60, 232, 152, -172, -222, -172, -18, 168, 78, -86, -20, 218, -22, 92, 26, -42, 212, -8, 34, -170, 100, 130, -26, -98, -64, -132, 112, 170, 4, 48, 112, 38, 92, -146, 10, -200, 130, -108, 112, 154, 102, 104, 180, 20, -2, -204, -130, 88, -106, 128, -14, -238, -106, -30, -26, 72, 54, -2, 142, 98, -228, 212, -110, -10, 180, 16, -32, 138, -80, -42, 72, -2, 68, 188, 8, -100, 12, -218, 124, 2, 112, 170, -204, 30, 80, 164, -78, 102, -48, -98, 60, -142, 8, 100, 34, -120, 126, -214, 312, 90, 174, -10, 140, 94, 4, 44, 112, -58, -134, 2, 132, -56, -168, 
194, 58, -180, -152, -74, 38, 4, 34, 220, -98, 228, -90, 4, 248, -40, 102, -110, -6, 108, 38, 92, -4, -90, 100, -190, -152, -14, 116, -86, -10, 150, -108, -68, 46, -72, 296, -220, 102, 256, 116, 104, -92, 70, 68, -44, 266, 78, -32, -44, 116, -284, 334, 30, 52, -162, -234, 108, -96, -160, -66, -164, 96, -18, -102, 26, -224, -160, 80, 8, 70, 164, 62, 12, 212, 122, -152, 70, -68, -112, 50, 96, 94, 152, 98, -22, -90, 178, 66, -136, 274, 58, 42, -60, 60, 54, 132, -70, 96, -70, -4, -34, 164, 28, -32, 252, 82, 6, 176, 250, 116, 68, 24, 4, 34, -122, 80, 70, 62, -34, 58, 130, 242, 30, 146, -174, 16, -82, 268, 82, 290, -86, -126, 146, 18, -8, 32, -102, 82, 58, 72, 214, 162, 106, -176, -74, -4, -54, 146, 112, -134, 186, -260, -120, -214, 32, -82, 36, 6, -130, 60, 16, 16, -106, 14, 92, -176, 124, -66, 90, -170, -94, 116, 4, 158, 6, 50, -158, -12, 162, -132, 38, 2, 64, 74, -128, 58, -96, -74, -146, 0, -66, 258, 364, 56, -166, -12, -38, -70, -126, 270, 62, 72, -76, 194, 210, 252, 72, 74, 54, 12, 8, 174, -10, -230, -254, -260, 248, 56, -106, -116, 212, -66, 118, 2, 68, 156, -132, 76, -140, 62, 130, -378, 116, -116, 26, 122, 54, 268, 236, -36, 110, -34, -18, -132, -200, 80, -2, 44, -200, -8, -18, -62, -178, 182, 252, 102, 204, 78, 14, -118, -202, 248, -248, 148, -180, 18, -6, 174, 64, 26, 198, -76, 196, -130, -68, 8, -136, 240, 200, -36, -134, -72, -122, 174, -104, -162, 44, -14, 154, 168, 44, -98, 112, 120, 14, -60, -122, 188, 130, -156, 186, 102, -140, 16, -136, 82, 52, -146, 120, -82, -104, -28, 4, 50, 16, -62, -66, 48, -70, 34, 40, 26, -140, 148, 152, 196, 172, 344, 2, -190, -118, -160, 174, 38, 146, 130, 436, 18, -114, -152, -12, -68, 116, 238, -30, 48, 8, 50, 14, 102, 188, 126, -12, -12, 130, 48, 94, -126, -134, 108, 244, -16, -142, -84, -50, 78, 84, 30, -20, 52, 108, -26, -76, -148, 128, -138, 64, -18, 52, -4, 0, 260, 264, 108, -64, 140, -24, -8, -160, -188, 206, 290, 194, 146, -190, 2, 148, 42, -58, 124, -220, 100, 194, -146, 14, -66, 290, -54, 132, 106, -66, 0, 148, -40, -26, 172, -86, -86, 50, -168, 68, 56, -120, 88, 130, -122, -84, 68, -158, -94, 268, -64, 254, 26, -142, 26, 96, -44, 282, 104, -2, 170, -36, 66, -70, -82, 22, 92, 84, 136, 90, -94, 60, -80, 48, 68, 334, 84, 22, 44, -40, -134, 124, -16, 382, -114, -32, 114, -14, 208, -30, -354, 40, -16, -110, 116, 134, 138, 166, 216, -14, 124, 76, -88, 112, -80, -2, 74, 28, -70, 168, -90, -16, -108, 58, 124, 32, -164, 32, -18, 
-150, 186, -16, 144, -56, 70, 2, 46, -36, -160, -54, 132, 52, -188, 52, -62, 86, -24, -78, -62, -4, 68, 86, -46, 98, 164, -30, 22, 112, 152, -150, -70, -6, 54, 98, -142, 172, -8, -124, -116, 0, 32, 96, -148, 116, -144, -62, -96, -90, -118, 200, -152, -48, -150, 228, 16, -88, 180, 178, -98, 216, 20, 54, 30, 18, 212, 106, 34, -10, 8, -34, -66, -94, -74, 132, 136, -16, 56, 80, 56, 196, -200, 76, -28, 62, 248, -64, -76, 42, -244, -22, 30, 138, 108, -78, 26, 116, 46, 104, -84, -62, -128, 8, -32, -234, 80, -106, 188, -290, 124, 86, 184, 10, -2, 176, -236, -68, 34, -160, -258, -184, -204, 330, -38, 114, 94, 26, -250, 18, -210, -16, -68, -20, -136, 86, 260, 90, 24, -206, -114, 10, -62, -84, 208, -32, 0, 80, -94, -88, 132, -190, 146, 106, 26, 154, 4, -36, -16, 44, -36, 6, -46, 166, 102, -40, 260, -182, -24, -6, 162, 128, -12, -22, -170, 68, 78, 252, 132, -180, 22, 94, -62, 140, -106, -106, 0, 344, 192, 106, 66, -4, -268, -262, -108, 110, -44, 72, -94, 206, -258, 14, -178, -48, -308, -66, -204, 44, 84, -84, -46, 40, -188, 180, 134, 236, 210, -188, 80, 8, 114, 50, 130, -18, 76, -8, 0, 246, -78, 192, 112, 86, 274, -122, 4, -176, 34, 82, -382, 28, 178, 28, -6, 50, 8, 210, 68, 24, -152, 174, -30, -20, 106, 516, -24, -88, -2, -46, -142, -100, 88, -26, -244, -42, -200, 166, -12, -88, -138, -52, -174, -66, 144, -94, 330, 150, 54, 190, -240, -160, 64, -136, 0, 310, -90, 184, 26, 34, 46, -30, -120, 54, 100, -156, 22, -62, -82, 104, -252, -34, 138, -100, -22, 184, 76, -30, 120, -34, 222, -160, -86, 108, 262, 122, -96, -64, 56, -8, -94, 40, -8, -48, 56, 16, 98, -244, -166, -84, -216, -122, 152, 304, 118, -264, 40, 100, -74, -248, 38, 12, -28, 148, 42, -84, 18, 2, 10, -56, 158, 38, -74, -258, 72, -76, -68, -100, -78, 116, 274, 276, -46, -232, 128, 172, -38, -10, -178, 28, 50, 22, -160, -30, 36, -4, 68, -70, 76, 30, 10, 108, 176, 30, -164, -152, 54, 82, -114, -98, -86, 138, 180, -94, -174, -226, -6, -52, -48, 70, -26, 78, 20, 52, -54, -102, 62, -138, 18, 68, -14, -204, -30, 130, 24, -22, 60, 122, 10, 54, 60, -62, 164, 16, 6, 108, 12, -140, -50, 16, 74, 144, 130, 92, 14, -30, 44, -70, 74, -122, 234, -60, -156, -64, -204, -92, -22, 88, 92, -114, 172, 110, 50, -76, 72, 0, 222, 88, 128, -290, -8, 100, -134, 98, 194, -248, -120, -76, 190, 104, 36, 46, -68, 48, 442, -8, 104, 146, -116, -6, 36, -16, -234, 72, 32, -54, 162, -108, -38, 4, 20, 80, 8, -94, 152, 156, 302, -8, -168, 28, -34, 2, 14, 
242, -18, 118, -52, 168, -84, 38, -118, -126, 8, 88, -94, 118, 338, -74, 234, 138, -192, 184, 118, 98, -158, -122, 76, -16, -94, 94, 30, -128, -110, 16, 218, -100, 26, 64, 168, -132, -104, 134, 154, 114, 270, -186, 194, -160, 88, 262, 58, 48, 192, -210, -4, -142, 56, -116, 18, 14, -18, 54, 58, -128, -104, 12, -134, -92, -256, 48, -242, -124, -20, -40, 76, 188, -6, -60, -104, -56, -82, -48, -136, 30, 164, -126, 26, 24, -28, 104, 66, 92, 252, -54, -32, 16, 44, -32, 60, -154, -96, 36, 122, 112, -6, 60, -24, 256, -60, 122, -152, 56, -236, -64, -72, -156, 144, 36, 176, -92, -6, 68, 208, 46, 262, -74, -18, -102, -46, 144, 212, -100, 70, -106, 64, 134, -2, 164, -130, 92, 10, 216, 318, -80, 60, 170, -150, 16, -72, -78, 18, 64, 130, 170, -158, -212, 94, -118, 44, 10, 152, -66, 248, -84, 182, -16, 14, 16, -226, 186, -106, 8, -172, -32, 276, 120, 220, -10, -44, -178, 96, 140, -70, 24, -84, -138, -14, 26, 4, -182, -130, -10, 24, 60, 280, -2, 252, -222, -44, -160, 26, -34, 116, 10, 140, 130, 180, 228, 48, 62, -72, 322, -34, -38, 12, -78, -94, 30, -178, 212, 6, -4, -44, 178, 10, 86, 48, 136, -22, -64, -34, -320, -190, 10, -100, -62, 88, 180, 68, -106, 384, 120, -134, -42, 76, 44, 68, -122, -56, -146, 296, -84, 144, 66, -268, -128, -40, 228, 56, -54, 168, 50, 72, 0, 270, 128, 160, -152, 108, 182, 108, 16, 36, -12, -104, -84, -280, -98, 24, -94, 160, 86, 192, 200, -76, 108, 124, -224, -66, -4, 54, 152, 236, -72, -82, 204, -38, -30, -16, 86, 454, 146, 198, 146, 48, -56, -86, 52, -102, 116, -86, 64, 94, 68, -106, -74, 116, 134, -72, -98, 162, 18, 60, 50, 40, 186, 26, 106, 132, 34, -92, -36, -282, -162, -18, 202, -16, -74, 76, 190, -82, 32, -122, -176, -242, 164, 78, -92, 150, 290, -204, 64, 162, 202, 28, 128, 82, -60, 38, -18, -116, 18, 60, 176, -68, -16, -8, 142, 204, 84, 148, 96, 178, 196, 148, 94, -116, 76, 204, -4, 58, -18, -184, -26, 118, 190, 38, 194, 164, 156, 68, -96, -192, 88, 230, 190, 88, 42, 22, -36, 210, -116, -70, -160, 40, 162, 334, 74, -52, -156, -8, 148, -152, 44, 122, 70, 112, -128, -118, 20, -44, 40, -146, -38, 128, -96, 60, -50, 26, 158, 60, -46, -154, -120, -74, -146, -102, -110, -84, 336, -164, 84, 336, 164, 96, -24, 166, 6, 138, -32, -258, 86, 86, 64, -34, 6, -140, 14, -58, 54, -50, 42, -16, 28, 20, 290, 180, 32, -138, -78, 88, -20, 74, -52, -214, 62, 74, -180, 120, 88, 152, -114, 222, -4, -10, 140, -6, 206, -50, 14, -32, -34, -16, 62, 34, -8, -264, 62, 92, 64, -14, 170, -70, 
-320, -18, -182, 90, 56, 126, 174, 60, 42, -70, -10, 190, -26, -186, -114, -100, -48, 50, 102, -48, -48, 120, 128, -110, 132, 64, 34, -46, -126, 8, 30, -122, -20, -88, -80, -154, 130, 114, -68, -94, -252, -182, -22, 80, 200, 120, -118, -158, -24, 82, 288, -54, 54, -18, 142, 30, -32, 196, 18, -72, 70, 276, -54, 164, 96, 212, 14, -58, 50, 72, -116, -38, -40, -38, 102, 78, 16, 248, 138, 126, 16, -96, 180, -152, 82, 212, -108, -138, -50, -80, -126, 74, 40, -74, -40, -50, 76, 150, 102, -200, -78, 138, -182, 160, -258, 16, -8, 18, 2, 274, 94, 150, 234, -100, -112, -16, 218, 120, 128, -228, 128, -82, 94, 76, 16, 72, -86, -158, 38, 72, 148, -40, 48, -24, -140, 118, -82, 14, -170, -200, 118, 156, -10, 152, 10, 42, 120, -248, 16, -136, -214, 340, 338, -118, 28, 116, 110, -130, 64, -208, 110, -238, -116, 114, 68, 246, 10, 178, -8, 112, 30, -270, 52, -98, 0, -148, -22, -36, -126, 40, 64, 136, 168, 8, -6, 60, 230, 94, 164, -104, 14, -200, 268, -280, 128, 34, 92, 38, 164, -6, 130, -102, -140, -36, -190, 78, -18, -34, -388, 62, 106, -152, 32, 120, 26, 38, -224, 106, 80, -86, -36, -138, -266, 50, 62, 40, 210, 98, 318, 256, 66, 60, 12, 86, -194, -48, 170, -52, -106, 216, 114, -60, 74, 96, 36, -2, 210, -62, 208, 16, -118, 248, 174, 112, -102, 120, 70, -212, -46, -82, 20, -236, -92, -116, -86, 58, -82, 82, 162, 40, -146, 178, 6, 452, 164, 66, 56, 26, 0, 14, -150, 122, -116, -18, 240, 72, 24, 50, -22, -262, 70, -60, -60, 92, 36, 184, -20, -222, -114, -168, -158, 10, 32, 48, 56, 58, -128, 14, -26, -36, 10, 280, 0, -140, -242, 88, 52, 28, 70, -198, 10, -18, -120, 10, -100, 54, 40, -92, 204, 310, 110, -182, -96, -10, 90, -132, -112, 18, 24, 96, 72, 78, -106, 10, 126, -196, -154, 50, 18, -110, -100, 54, -250, 74, 70, -72, -114, 110, -162, -120, -88, 102, 224, -46, -186, -88, -144, -110, 14, 84, -78, -8, -68, 50, 130, -230, 202, 58, 50, 176, -120, -218, -290, -32, -210, -168, 108, -230, 94, 98, 18, -204, 26, 72, 56, -136, -6, -80, 102, 56, 164, 22, -134, -118, 60, -14, 84, 92, -128, 136, 4, -248, -40, -92, -96, -106, 190, -24, 38, 194, 132, -162, 48, -76, 134, 218, 46, -104, 138, -80, 104, 164, 184, 18, -40, 106, -4, 182, -44, -156, -76, -132, 198, -194, 46, 90, -26, 234, -92, -28, -2, 136, -52, 104, 28, -64, -56, 42, 48, 130, 24, -96, -84, -62, -26, 124, 134, -32, 26, -66, 70, 118, 22, -142, -204, 12, -200, 170, 196, -76, 96, 40, 32, 132, 0, 150, 12, -40, 178, -4, -90, -90, 42, 300, -216, -110, -40, -24, -160, 0, 
180, -18, 130, -10, 12, -196, -116, 2, -10, -78, -4, -58, -252, 32, 110, 194, 54, -166, 104, -66, 188, -10, 44, 80, -138, -26, 16, 124, 18, -54, 22, 182, -22, -2, 116, 206, -184, -70, -84, 316, 68, 196, 72, -162, 26, -60, 290, 148, 214, -42, -188, 122, -44, -32, -10, 22, 26, 40, 98, -128, 62, -30, 124, -98, -236, -156, -176, 34, 26, 80, 56, -66, -84, -132, 78, 88, 20, -304, -98, -64, 54, 210, -208, 92, 36, 6, 2, 26, 86, 16, 280, 52, 78, 344, 64, 124, -80, -104, 260, 226, 56, 26, 56, -6, 320, -90, 42, 32, 16, -276, 44, -144, -120, 124, -126, -32, 62, 46, 34, 158, -14, -52, -52, -26, 148, -18, 46, 218, -178, 154, -106, 90, 58, 10, 302, 78, 100, 102, 134, 166, -122, -64, 36, 74, -96, -92, 48, 408, 130, -152, 316, -132, -430, -66, -30, -34, -30, -22, 62, 328, 0, 292, -120, -74, 148, -344, 60, -24, 94, -70, 156, 222, -140, 164, 62, 106, -256, 54, -4, -58, 24, -378, -124, 156, -30, 114, 56, -64, -214, 164, -28, 54, -112, 290, -4, -68, 40, -6, 6, 102, -70, 4, 184, 222, 304, -36, 40, 190, 284, -60, 76, 220, 118, -174, -22, 46, 300, -78, -62, 60, -36, 106, 254, 84, -136, 114, -206, 30, -178, -118, -4, -24, -6, -214, 260, 156, -206, 80, 64, -126, 52, 146, -22, -106, 128, 102, -108, 252, -240, -30, -8, -48, -76, -126, -18, -136, -136, 264, 114, 164, 92, 94, -88, 258, 58, 18, 86, -210, -36, 66, 262, 16, 232, -188, -150, -20, -86, 96, -16, -6, 26, -134, 168, 56, -110, 46, 40, 186, 168, 342, -22, -32, 80, -94, -150, -56, -52, 76, 38, -34, 252, 62, 186, -64, -34, -146, -112, -44, 274, 36, -38, -290, 134, 142, 170, 54, -258, 50, -64, 106, 152, 70, 8, 216, 216, 62, 148, 40, -120, -312, -32, 316, 212, -28, -62, 150, -30, 0, 30, 88, -60, 198, -88, 114, 12, 132, 322, 6, -82, 206, 132, -4, 88, -120, -132, 152, 140, 176, 72, 170, -58, 74, -94, 68, 164, 188, 116, 142, 152, 66, 30, 144, 274, 38, -44, 218, -78, -102, -144, -326, 94, 64, 246, -6, 42, 154, 6, 34, -6, -16, 80, 238, 6, 66, -30, 98, -4, 68, 152, 66, -50, 148, 122, 278, -100, -14, -106, -12, 124, -302, 4, 324, 2, 114, 104, 136, 8, -70, -22, -32, 4, 66, -46, 120, 110, -48, 0, 200, 16, -12, 110, -116, -58, -110, -54, 34, -32, -178, 78, 120, 206, 88, -148, 494, 142, -146, -76, -146, 14, 122, -204, 34, -16, -146, -118, 194, -26, 88, 34, -222, -30, 116, 46, 82, 154, -32, -36, 168, -62, 38, 142, 146, 140, 142, 156, -144, 208, 178, -76, 100, 136, 88, 178, -66, 12, -38, -50, 166, -14, -48, 76, 192, -110, 0, 152, 170, -82, 86, 74, -128, 
-62, -32, -182, 50, -20, 164, 64, 10, 90, 122, 66, 156, 208, 52, -130, 28, 96, 252, 30, -52, -352, -168, -68, -114, 200, 48, -128, -242, -94, 68, -126, -134, 214, 150, -14, -182, 94, -28, 10, -158, 56, 48, -24, 204, -16, 88, -136, -36, -82, 196, 82, -128, 54, -40, 34, -32, 22, 184, -136, 80, -86, 38, -46, 124, 270, 304, 228, -38, 74, 62, -60, -92, 132, 110, 10, -78, 52, 322, 110, 62, -30, -20, 76, 186, 32, -76, 186, 118, -130, 44, -146, 98, -136, -86, -22, -62, 164, 170, -44, -88, 6, 30, -14, 62, -166, 44, 110, 112, 20, -58, 94, 144, 100, -26, 198, -12, 20, -92, 34, -50, 146, 126, 110, -2, -94, -4, 108, 26, 216, 162, 66, 4, -128, -88, -172, -172, -50, -8, -110, -258, 4, 160, -150, -14, 52, 164, -50, -318, -16, 26, -152, 260, 426, 42, 24, -28, 80, 20, 50, -86, -26, -112, -56, 106, -102, 174, 122, -90, -166, 82, 160, -176, 242, -106, -64, 114, 36, 60, 32, 44, -2, 138, 158, -150, -130, 68, -204, 22, 78, -82, 56, 112, 62, 46, -82, 26, 202, -26, 148, 84, 394, -74, -218, -132, -78, 102, 16, -20, -336, 108, -188, -26, -274, 206, 54, 40, 32, 160, -80, 22, 48, -118, -66, -54, 80, 34, 76, -10, 84, 192, 72, 38, -26, 96, -144, 2, -20, 44, 68, -22, 82, -136, -96, 162, -144, -62, 146, -120, 166, 22, -14, 180, 96, 254, -32, 42, -180, -64, -126, 132, 46, -34, 74, -358, -40, 70, 52, 350, 46, 16, 130, -86, -220, 144, 118, 32, 74, -8, -22, -8, 52, 174, -142, -142, 216, -6, -114, 54, -140, -260, 16, 82, -218, 110, 264, 4, -130, 120, -124, -8, -136, -150, -100, 276, -14, 6, 176, 48, -140, 94, 176, 134, -30, -106, -90, 118, 92, 20, -16, 20, -252, 106, 22, 132, -184, -42, -284, -28, 56, 292, 118, -188, 42, -158, -32, -56, 234, -56, 64, -150, 76, -114, -68, -42, 174, -8, -162, 78, 134, 70, -112, 118, 8, 304, 132, 40, -72, -200, -38, -30, 80, 104, 6, 52, -26, -80, -54, -208, -124, -198, 104, -112, -112, 184, -28, -90, 52, -32, 100, 190, 94, -268, -92, 86, 120, -84, -282, -120, 158, 28, 26, -40, 34, 146, 44, -18, 28, 56, -148, -16, 188, -104, 48, -186, 114, -18, 108, -44, 8, 182, -32, -140, 60, -100, -40, -176, 26, 116, 122, 34, 138, 36, 20, -80, 202, 122, -40, -40, 80, 24, -224, 36, -18, 2, 72, 92, 86, 198, -32, 92, -142, 62, 140, -140, -192, 162, 200, 70, 22, -86, 184, -136, -26, 282, 116, -166, -154, -8, 88, 178, 208, -70, -36, -122, -168, -34, 70, -90, 64, -114, 32, -206, 82, -148, -22, 216, -232, 14, 40, -10, -62, -64, -148, 190, -50, -44, 30, 62, 142, 126, 6, -62, 80, 36, -290, -28, 112, 0, 8, 4, 
136, -200, 180, -138, -28, 50, 28, 44, -90, -46, 42, -76, 36, -142, 98, 74, -80, -270, -22, -44, 342, 222, -32, 10, -84, -144, 198, 190, 162, -116, 376, 146, -40, -260, -36, 192, -10, -18, -22, 214, 38, 128, 216, -86, 148, -26, 102, 188, -52, 2, -80, 80, 36, 56, -10, 0, 106, -138, 20, -48, 54, 16, -14, 94, -256, -316, -202, 80, -122, -54, 70, -56, -28, -22, -128, 22, -90, -266, 78, -16, 126, 36, -208, -64, 38, 58, -116, -106, 46, -30, 200, 32, 80, 216, -58, 20, -84, -220, 50, 108, -14, -68, -130, -122, 150, 62, 26, -128, 102, 6, -10, -82, -130, 86, -326, -70, 112, 294, -80, -28, -134, -198, 14, 20, 212, 162, -30, -92, -216, 64, -102, 48, -52, -108, 60, 196, 254, 34, 24, 188, 74, 34, 254, 112, 38, -50, 12, 210, 92, -42, 152, -66, -292, 6, -4, 170, -66, 116, -200, -60, 80, 74, -26, 70, 34, -232, -178, -108, 86, -28, -46, 134, -262, 206, 58, 46, -98, -20, -66, 122, 20, 62, 82, 160, 148, -4, 114, -48, 12, 430, -4, -122, -156, 134, -34, 32, -76, -4, -192, -214, -464, 82, 318, 140, 122, -130, 150, 0, 228, 120, 356, -6, 246, -120, -72, 0, 138, -84, 92, -52, -98, 68, -118, 174, -52, 80, -184, 142, 86, -150, -74, -60, 140, -42, 188, -90, 88, 30, -118, 4, -192, -56, -54, -108, 68, 38, -144, 40, 16, 30, 96, -126, 20, -164, 22, -44, 76, -34, 2, -90, 0, -32, 98, 296, -88, -70, 194, -214, -102, -104, 144, 56, 258, -110, -40, -174, -156, 96, 108, -152, -62, -224, 162, 196, -172, -148, 278, -50, 132, 178, 144, 80, 10, -72, -180, -60, -18, -62, -94, 26, 142, 238, 244, -172, 20, 14, 20, 138, 168, 24, -180, -184, 54, 98, 2, -86, 22, -96, -94, 120, 124, 86, 70, 192, 124, 18, 132, -116, -112, -226, -64, 134, 184, 154, -74, 134, 42, 70, 152, 0, 40, 110, 212, 48, 16, 6, 218, -102, -46, -54, 254, -140, 64, -96, -4, 124, 134, 148, -88, 24, 70, -58, 32, 48, 106, -6, 58, 94, 10, 174, -26, 72, -82, -212, 202, 210, -12, 178, -34, -64, -120, 190, 98, -118, -106, 146, 50, 184, 158, -48, 88, 122, 132, -280, 38, -58, -28, -76, 376, 14, -22, -42, 98, 62, -86, 134, 128, 456, -52, -8, -40, 86, 94, 80, -114, 396, -56, -60, -60, 148, -52, -14, 74, 10, 38, -138, 58, 68, 32, 24, 334, 76, 138, 34, 88, -88, 28, -38, 112, -42, 52, -100, -8, 78, 186, -74, -112, 36, -106, 132, -72, 58, 176, -176, 92, 246, 344, 10, -26, -98, -148, -82, -72, 4, 232, 20, 110, 102, 170, 234, 156, 134, 34, 230, 134, 98, 236, -50, 76, -70, 28, -34, 126, 34, 126, -12, -64, 68, 80, -44, 94, 50, -92, 134, 232, 234, -104, -12, 90, 90, 
148, 154, -128, -152, -82, 52, 166, -70, 24, 82, 10, 18, 112, 202, 8, -4, -98, 162, 118, 88, -36, -150, -14, -84, 18, 92, -50, -10, -42, -24, -88, 88, 162, 146, 110, -210, 84, 50, -54, -196, 128, -224, 0, 144, 26, 148, -92, -134, 72, -108, 20, -52, -88, 34, 114, -44, 118, 162, -26, 130, -96, 78, -72, 36, 70, 128, 122, 146, 142, -52, 90, 56, 278, 6, 10, 50, 206, 296, -56, 80, 12, 32, 292, 48, -84, 2, 306, 158, -108, 140, 0, -16, 152, 38, 80, -100, -40, 44, -22, 64, -98, 174, 132, 26, -184, 72, -110, 24, -2, 288, 160, 68, 66, 28, 380, 326, 58, -242, 120, 14, -40, -20, 30, -204, -56, -206, -14, -100, 162, -238, 132, 8, 88, 216, -60, -90, -104, 10, -4, -112, -200, -4, -164, 62, 74, 38, 108, -88, 18, 200, 66, 34, 144, 22, 158, -104, 80, 26, -8, 60, -52, 14, 230, 166, -98, 48, 66, -52, 100, 10, 8, -120, 346, -44, -6, -130, -4, 180, 184, -84, 4, -76, -74, -128, -94, 208, -66, -30, 104, -382, 120, -6, 276, -40, -26, 68, -20, 18, 12, 144, 254, 24, -76, 114, 26, 260, -74, -8, -206, -52, -312, 136, -142, 262, 72, 4, 52, 116, -132, 42, 22, -2, 144, -206, 166, -26, 288, -90, -194, 26, 294, 118, -74, 66, -44, -120, -40, 0, 270, -80, 250, -20, 32, 40, 114, -132, 140, -86, 82, 160, -98, 64, -110, 98, 112, 190, -90, 132, -202, -56, 36, 16, -188, -172, 52, 90, -126, -22, -180, 36, -134, 270, -188, 82, -30, 76, 430, -136, -188, 12, -56, 238, 70, -168, 92, 140, -16, 16, -130, -44, -174, -52, -104, -152, 146, -120, 252, 140, 24, 2, -106, -136, -224, 158, -40, -54, 24, -86, 94, 64, 216, 206, -6, 32, 22, 88, 116, -10, 304, -158, -130, 14, -16, -38, -58, 66, -18, 88, 146, 8, 68, 118, -90, -298, 38, -24, 158, -58, -100, -18, -20, 202, 124, 104, 58, 166, -172, 264, -64, 200, -148, 168, -14, -88, -48, -82, -114, -192, 220, 62, 78, 250, -70, 34, -54, 34, -8, 26, 76, -112, -40, 44, 236, 272, -56, -194, 14, -258, 52, 128, -64, 16, 38, 318, 4, -16, 102, -24, 54, 112, 12, -142, -162, 172, 90, 118, -14, -18, -216, -140, 110, 58, 122, -46, 146, -206, 54, -326, 196, 56, -26, -188, 62, -94, 130, -204, -94, 42, 78, 130, 142, 250, -52, 118, -32, 112, 244, -16, -50, 58, -258, 146, -154, -48, 56, 94, 102, 154, 34, 106, -14, -68, 8, -78, -32, -58, 130, 226, -26, 94, 232, 26, 6, 218, 62, -34, -106, 64, 124, 38, -48, 126, 76, -68, -262, -114, -36, -30, -124, -142, -50, -252, 188, -114, 272, -84, -204, 106, -82, 24, 84, 164, -112, -28, -80, -4, -44, -316, -24, 162, -34, -116, 130, -52, -60, -34, 20, 62, -104, -40, 
-122, -106, 232, 28, 248, -62, -178, 62, -130, 76, -54, 234, -128, -6, -46, 80, 38, -88, -38, 328, 148, 146, 62, 66, 106, 10, 152, 92, -70, -88, 2, -32, -100, -134, -56, 180, 14, 32, -14, 266, -92, 246, -40, -2, 30, 24, 126, 220, -56, -66, 46, 86, 138, -50, -2, -66, -88, -198, -112, -184, 48, 122, 28, -58, -44, -74, 128, -62, 46, -46, 76, -132, -204, -12, 74, -16, 48, -154, 240, 54, 108, 78, -96, -180, 278, 8, -106, -6, 180, 38, -10, 102, -50, -142, -116, 142, 88, 40, 22, 32, -114, 18, -36, 92, 154, 12, 208, -110, 226, 20, 26, -68, 16, 12, -168, -294, -192, 194, -194, 124, -138, 220, 14, 72, 174, 110, 54, -62, -62, 14, -32, -36, 48, -132, 140, 196, 184, 64, -98, 92, 62, 34, 348, 108, 58, -46, 16, 248, 38, -202, -102, 8, -96, -70, -112, 94, -108, -46, 6, 98, 54, -2, -198, -110, 336, -124, -154, 26, 114, 8, 72, 224, -286, 90, 22, 118, 78, -46, -90, -40, -98, 120, 82, 200, 66, -116, -94, -36, -2, 202, -148, 106, -144, -58, -38, -40, 188, 14, 118, -58, -46, -200, 100, -92, 22, -210, 162, 18, 318, 272, 230, -62, 274, -114, -156, 10, -118, -88, -170, 70, 0, 158, -178, 60, -66, 82, -148, 226, 108, -30, -310, 102, -90, 52, 8, 78, -24, -60, -200, 130, -2, -84, -148, 52, -16, 126, -182, 154, 134, -80, 64, -8, 140, 50, -26, -200, 70, 18, 152, -20, 72, 46, 300, 232, -240, -176, 82, -56, 196, 60, 172, -200, 26, -32, 2, -38, -102, -72, 352, 10, 60, -198, 6, 106, -26, 78, 182, 16, 114, 262, 146, -12, 150, 62, -82, -36, -154, 46, 66, 200, 122, 138, 172, -250, 88, 114, -10, 188, -48, -60, -236, -328, -108, 130, 148, -154, -112, -22, -172, 214, 278, -124, -76, -90, 20, -96, 62, 34, -212, 208, 2, 16, 246, 206, 16, 0, 56, -16, 152, -80, 216, -184, -26, -70, 128, -208, -120, -226, 242, -168, 58, -28, 126, 124, 158, 240, -90, -110, -106, 112, -60, -8, 14, 230, 142, -80, -156, 144, 110, 16, 252, -80, -74, -90, -34, 250, 14, 238, 98, -192, 216, -22, 190, -54, 96, 16, -30, -102, 76, -56, 96, 96, 98, -164, -176, 142, -60, 108, 194, 204, -168, 66, -52, 38, -94, 296, -42, 304, -176, -34, 36, 252, 24, -132, 174, 146, 194, -10, -74, -84, 82, -266, 44, -54, 38, -124, -234, 268, -2, 24, 308, 8, 216, -2, -116, -24, 20, -18, -10, -72, 270, 80, 130, 106, 206, 194, -10, -128, 30, 156, -84, 2, 196, -76, 6, 238, 118, -60, -104, 32, 202, -64, 104, -52, 176, 84, 70, 92, 252, 192, 114, 24, 108, 112, -30, 124, 200, -148, 330, -80, -132, 80, -56, 10, 80, 184, -44, 358, 4, -36, 200, 224, -54, 44, 206, 174, 8, -30, 14, -42, 
62, 122, 8, 36, -212, 210, 254, -78, -42, 0, -86, -112, 240, 308, -96, -176, 84, 48, 36, -218, -118, 128, -18, -208, -12, -14, -78, 102, 72, 114, -34, -40, 116, -166, 60, -128, -90, -104, 110, -112, 48, -64, 162, -92, 22, -60, -24, -170, 164, 6, 54, 50, 182, 24, -150, -206, 40, 240, -10, 240, -172, -184, 104, 160, 252, -114, 2, -122, -28, 12, -22, 106, 134, 30, 48, -76, 72, 274, -128, -34, -220, -82, -64, 208, -204, -122, 194, 76, -74, 78, -28, 38, 26, -38, -20, 16, -56, -196, 144, -6, -22, -48, 166, 68, -48, 148, -188, -8, -116, 54, -62, 60, 200, -72, 106, 282, 124, -148, 32, -66, -152, -20, 34, -6, 2, 14, 88, 170, -78, -78, -188, 136, 58, 296, 90, -26, -154, 68, -98, -148, -44, 54, -382, -4, -4, 90, -8, -262, -20, 260, 204, -2, 98, 22, 18, 78, 152, 108, 24, 18, 2, -42, 184, 156, -160, 168, 66, -46, -16, 182, 104, -30, 196, 22, -4, 10, -14, -48, 50, 24, 34, 38, -10, -200, -22, 166, 14, -44, 46, -230, -14, -128, 68, 78, -64, 32, -52, 8, 34, 200, 118, 220, -52, 70, 26, 118, -132, -86, 94, -106, -100, -190, -222, 254, 182, -36, 136, 162, 112, 34, 74, -100, 10, -10, 128, -88, 150, -144, 162, 112, 272, -60, 260, -48, -58, 80, 308, 180, 70, 140, 108, 382, 100, -32, 322, -54, 130, -112, 76, 72, 42, -118, -252, -32, 110, 210, -66, -242, 42, 128, 36, -40, -136, -42, 232, 172, -208, -112, -236, -84, 80, 262, 104, 182, 80, 46, -12, -74, -388, 298, 36, -78, 244, -250, 194, 28, -58, 92, -78, 6, -124, 64, -100, -190, 116, 220, 252, -26, 2, -108, -76, -196, -4, 54, 94, -18, 24, -98, -86, 230, 178, 220, 76, -216, -80, 124, 136, -58, 280, -146, -96, 192, 108, 190, -36, -72, 74, -46, 4, -30, -28, -16, -120, -140, 48, 158, -70, 54, -136, 68, -286, 296, -92, 2, -30, 120, 120, 246, -54, 108, 30, 38, -202, 10, -24, -184, 20, -128, -102, -188, -2, -76, -30, -144, 78, 34, -60, 82, -116, 52, -138, 156, 158, 114, 34, -180, 2, -114, 6, 278, -78, 152, -82, 6, 30, 52, 202, 140, 214, 116, 92, 106, 10, 270, -4, -122, -40, -30, -188, -158, 188, -26, 66, -60, 156, -122, -130, -240, 152, 226, 74, -88, 40, 146, -228, -174, -196, 42, 48, 96, -66, 308, -68, 4, 10, 74, 72, -134, 20, 154, -56, 142, -180, -50, 86, 90, 110, -4, 32, 70, -258, -146, -130, -84, -206, -116, 70, 50, -116, -56, 42, -118, -166, -48, 88, -90, -110, 262, 4, 30, -52, 86, 24, 136, -60, -28, 200, -26, -212, -308, 6, -38, -152, 122, 102, -126, -166, 30, -184, -46, 198, -138, -28, 54, -108, 86, 196, -344, 48, -40, -98, -60, 184, -86, 54, -170, 30, 22, -118, 136, 
22, -126, 36, -26, 240, -78, 110, 142, -24, 274, 74, 38, -248, 90, 298, 388, 108, 4, 44, 360, 78, 112, -76, 278, -168, 38, 76, 146, 136, 52, 236, -98, -122, 110, 48, 208, 356, 238, 96, 68, 28, 224, -48, 126, 154, 52, 20, 76, 70, -34, 112, -124, -88, -118, 312, 84, -52, -218, -98, -104, 28, 176, 28, -62, -106, 44, -30, 60, -132, 78, 60, 78, -256, 10, -112, 74, -108, -246, -18, 62, 220, 96, 166, -66, 250, 72, -254, -172, 78, 56, -20, -160, 56, 108, -14, 8, 8, 274, -230, 44, 66, -26, -62, -96, 104, -150, 214, 130, 192, -48, 60, -180, -222, 114, -10, -142, -130, 100, 118, 66, 118, 24, 100, 74, 172, 154, 14, -18, 168, 82, 90, -86, 38, -100, -66, 132, 174, -66, 102, 152, 252, 140, 236, 182, -8, 50, 22, 218, 78, -58, -154, -76, -138, -10, -16, 56, -12, 110, -50, 206, 12, 66, -86, -106, -40, -54, 84, 190, -92, -128, -164, -148, -178, 148, 92, 180, 86, 270, -26, -174, -42, 190, 48, 82, 20, -60, 240, 148, -122, 238, -22, 148, 2, -16, 146, 78, 120, 74, 102, -270, 60, -172, 142, -38, 40, -48, 32, 38, -178, 98, 86, 158, 138, -182, -164, 126, -154, -126, -56, 2, -24, 96, -86, 178, -148, 106, -146, 42, 8, 8, -38, 258, -160, -14, 188, -128, -344, -150, 4, -108, -86, -78, -218, -68, -180, 54, 30, 140, -152, 196, -2, 104, 176, 160, 40, -60, 194, 66, 202, -32, 214, -84, 142, -14, -336, -196, 152, 304, 238, 162, -70, -160, -124, -62, 28, -42, 2, 108, 114, -162, 122, -68, 2, 204, 18, 28, 52, -6, -2, -76, 136, -112, 94, 102, -162, -56, 6, 24, -30, 218, 50, 30, -102, -128, 50, -56, 90, 56, 88, -8, -96, -132, 86, 88, 152, 26, -106, -86, -210, -8, 134, -62, -112, -72, 74, 40, -76, -48, -82, 288, 122, 210, 86, 48, 44, -224, 40, -98, 78, -58, 328, -68, 178, 192, 40, 88, -76, -150, 288, -48, -54, 98, 254, -30, 48, 38, -44, -8, -32, 78, 122, 298, 174, 276, -230, 66, 170, -2, 164, -136, 186, -142, -128, 116, 2, 280, -38, 120, 22, 22, 100, 38, 248, -44, 54, 36, -198, -40, -12, -80, -96, -72, 184, -140, -48, 100, 28, -24, 100, 98, -10, 172, 60, 118, -106, 28, 28, 24, -118, -48, -82, -14, -12, -96, 124, 262, 130, -10, -10, -162, 108, -222, 182, -168, 50, -178, -38, 132, -238, -66, 78, -60, 90, -72, -28, -82, -214, 122, 40, 78, 252, 92, 130, -12, 82, 88, -10, -126, 108, 138, 266, 72, 240, -2, -186, 266, 264, -6, -230, -12, 116, 256, 50, -130, 64, 38, -162, 274, 80, 246, 98, 122, 102, -14, -126, 216, -104, 108, 138, 156, 38, 56, 122, -40, 78, -86, -54, 258, -34, -60, 70, -76, -48, 82, -38, 112, 10, 44, -44, -156, 
64, -114, 100, 206, -24, 20, -132, 122, 88, -138, -58, -190, 234, 72, -206, -216, -50, 180, -2, -286, -6, -238, 298, -178, 232, -74, 258, -110, 46, -56, -202, -66, 76, -44, -80, -86, -468, 12, -46, -236, -114, -162, 210, -224, -76, -110, 136, -188, 40, 78, 4, 6, -10, 2, -178, -78, 136, 160, 94, 110, -26, -80, -22, 2, 222, 28, 70, 0, 134, -110, -52, 114, 200, 118, -72, -10, 80, 196, 24, 102, -108, -266, -18, 52, -62, -166, 234, 134, 20, 148, 102, 222, -72, -78, 140, 24, -50, -110, 304, -136, -102, -6, -172, 166, 64, -4, -188, -44, -44, 272, -10, -32, 26, -80, 162, 92, 124, -2, -174, -72, -56, -144, -20, 196, -162, 12, 104, 12, -122, 174, -190, 2, -30, 248, 46, -176, -98, -52, -28, -56, -170, 92, -162, -64, -102, -22, -8, -52, -90, 42, 332, 150, 102, 18, -26, -90, 214, -8, -82, 116, -56, -118, -8, 14, -24, -102, -78, -140, -22, 152, 6, 112, 208, -78, -106, -54, -4, 20, -56, 106, 160, -14, -202, -214, 10, 84, -340, 16, 72, -74, 108, -132, 70, -20, -300, 56, -36, -80, -28, 202, 54, 76, -86, 202, -64, -212, 28, -18, -100, -42, -198, -52, -192, 350, 268, -128, 4, 194, -62, -72, 32, 86, 16, -88, 24, 12, 232, -34, -42, 46, 122, -276, 184, -26, -84, 22, 92, 66, 56, 198, -38, -18, 204, 132, 84, 44, -20, -76, 166, -130, -26, 4, 50, -10, 46, 66, 86, -120, -142, 112, -168, 118, -332, -12, 180, 16, 42, -90, 48, -134, -36, 148, 154, 14, 4, 60, -12, 34, -92, 226, -26, 66, 8, -158, 72, -132, 166, 18, 58, 112, -150, 98, -108, 132, 242, -52, 74, -44, 120, -42, 72, 164, 86, -6, -4, 62, -22, 88, -94, 200, 86, 122, 108, 112, 156, 18, 124, 150, 172, 32, 68, 294, 140, -4, -62, -204, -64, 98, 176, -156, 34, -12, 88, 18, -24, 136, -8, -50, -58, 80, -260, 218, -96, 116, -76, -152, 272, 48, 24, 92, -46, -14, -104, 60, -44, 20, 104, 88, -74, 56, -50, -238, -16, -166, 210, -6, -86, 56, -148, 156, -180, -16, 94, 76, 70, -134, 172, -106, 40, 60, -102, 12, -186, 64, 30, 42, 154, 50, -20, 140, -68, 180, -206, 110, 30, 8, -138, 72, 20, -22, 122, 44, -6, 58, 40, 24, -18, 254, 260, 64, 32, -18, -86, -20, -14, -130, 80, 0, 68, -60, -90, 150, -196, 98, -30, 208, -48, -62, 78, -4, 62, 84, 30, 140, 232, -94, 118, 144, -48, -20, -12, -48, 98, -24, -72, 12, -140, 236, -4, -34, -44, 104, -12, 10, 142, -38, -22, -2, 130, -38, -74, -130, 20, 104, 134, 54, 28, -2, 34, -70, -112, -30, -6, -182, 160, -110, 140, -70, 32, 40, 52, -10, 70, 82, -10, -42, -152, -96, 6, 32, -92, 142, 86, 28, -10, -112, 22, 0, 30, 312, 
58, 172, -70, -28, -8, -138, 18, -202, -64, 88, 10, 76, -206, -150, 196, 70, 28, -98, -4, 172, -20, 242, -210, 74, -192, 48, -56, 78, -150, -28, 376, 14, -64, 68, 260, 200, 288, -68, 134, 208, 292, 82, -210, 110, 54, 128, -66, 178, 170, -28, 140, -28, -172, 104, 278, 236, 136, 68, 184, -82, 242, 56, 2, 210, 46, 32, 62, 136, -222, 278, 72, 14, -128, 64, -28, -34, -212, -106, 52, 106, 176, 244, -56, -98, 252, -4, -60, 124, -124, -68, -90, -172, -124, 200, -146, -88, 178, 72, -232, 208, -14, 22, 272, -64, 2, -136, 136, -18, -48, -30, -78, 86, -16, 104, -198, 256, 38, -48, 160, 98, 54, 100, 122, -208, 52, 218, -48, -72, 70, -66, 336, 214, -28, -342, 30, 14, 178, 148, 164, 96, 166, 50, 128, 76, 160, 106, -294, 100, 150, 10, -78, -44, 90, -30, 72, 52, -190, -34, -64, 8, -86, 26, 52, 48, -18, 32, 150, 64, 82, -10, -42, 28, -182, -126, 66, 88, 8, 56, 82, -10, 32, -104, 160, 164, 110, 46, 122, -10, -94, 84, -166, 352, 144, -54, 168, -14, 42, -68, -12, -160, 82, 34, 224, -90, 88, 52, 140, 94, -28, -152, 104, 296, 166, -350, -36, 168, -82, 4, 28, 118, 68, -14, 44, 96, -56, 176, -76, 64, -14, 18, -278, 118, -234, 90, 120, 32, -60, 132, 48, -28, 26, 72, -190, 102, -10, -54, 134, 100, -94, 36, 332, 24, 42, 108, -6, -6, 58, 220, 216, 84, 178, 104, 66, 254, -120, 110, 174, 42, 40, 12, 16, -40, -76, 38, 116, -58, -8, -88, 84, -10, 108, 62, 6, 86, -50, 50, -156, 102, 104, -162, 62, 14, 76, -30, -44, 16, 32, 180, -374, 36, 62, -70, -74, -118, -38, -60, 52, -30, 118, -144, -108, 120, 78, 252, -62, 50, -52, 18, -172, 102, -6, -80, 48, -96, 44, 120, 4, -100, -100, 36, -72, -28, -8, -82, -34, -10, 166, 102, 96, -12, 150, -264, 196, -184, 116, 100, -54, -64, -72, -174, 76, -160, 152, -30, 104, 16, -224, -20, 206, 102, 22, 404, 106, 40, -118, 40, 110, -6, 174, -24, 118, -78, -120, -72, -170, -18, 52, 228, 62, -104, 124, -76, 158, -130, 108, 224, -122, 110, -226, -116, 66, -16, 44, -226, 16, 56, 64, 36, -24, -86, -114, 168, -36, -30, 86, 62, 132, -74, -168, -224, -32, -136, 140, 56, 134, 190, -140, 96, -248, 156, 78, -194, 2, -72, 86, -210, -14, -130, 142, 240, -142, 16, 54, -32, -28, 20, 44, -162, 222, -28, 208, -24, -78, -228, 174, 86, 206, -322, -86, 248, 172, -16, 28, 44, 68, 124, 4, 114, -112, 148, 100, 104, -52, 28, 174, -34, -30, 4, 120, 10, 48, 74, 4, 80, -150, 128, -84, 220, -166, 100, 64, 92, -2, 202, 110, 14, -28, -2, -80, 100, 140, -190, -38, -64, 174, 314, -88, 32, -168, -196, 
-20, 20, 40, -36, 246, 184, -58, 202, 26, -66, -38, 12, -8, 300, 42, 18, 26, -116, -76, -282, -24, -166, 144, 178, 90, 134, 12, -14, -16, 154, -236, 98, -20, -60, -246, -330, -262, 90, 72, 2, -180, 104, 312, 96, -22, -202, 78, -36, -284, -158, -136, 2, 240, -12, -178, 24, -28, 54, 46, 196, -242, 132, 260, -64, 0, -70, 58, 16, 224, -90, 46, -42, 6, -174, 44, 142, 184, 154, 208, 30, 14, -188, -140, 28, -164, 174, 104, 98, -8, -56, 316, 142, 66, -192, 232, -16, 44, -46, -84, -86, -8, 36, -188, -18, -110, 2, -226, 26, 10, -10, 184, 6, -102, -184, 78, -142, -20, 214, -134, -80, -272, -82, -22, 274, -12, -154, 270, -2, -130, 112, -154, -160, 160, 244, -24, -106, -42, -86, -154, 172, -40, -60, -102, -132, -62, -110, 406, -162, -74, -26, 104, 250, 80, -26, -58, 6, 206, -26, 218, 76, -124, 44, 144, -112, -88, -28, 184, -28, -160, -220, 78, -72, 68, 52, 0, -112, 60, 82, -86, 132, 58, 90, -156, -134, 134, -26, -120, 4, 38, -98, -8, -254, 46, 144, -24, -36, 84, 128, 58, 130, 136, 164, -58, 286, 80, 104, 94, -54, -46, 36, -62, -308, -52, 92, 92, -182, 86, -94, 82, -66, 78, -64, -118, -108, -66, -24, 28, 108, 234, -92, 154, -356, -14, 18, 14, -130, 198, -158, 14, 116, -98, -170, 130, -40, 4, 234, -192, -42, 144, -72, -266, 82, 6, -64, 56, -6, -78, -262, -238, -218, -142, 220, 86, -262, 170, -184, 80, -46, -148, 72, -36, 92, 156, 58, -34, 220, -10, 26, 116, -20, 32, 90, 182, 106, 114, 254, -236, -12, -36, 202, 80, 32, -16, -28, -86, 32, -88, 12, 132, 38, 86, 164, 36, 184, 2, 136, 94, -30, -36, 132, 96, -104, 30, -50, 0, 32, -114, -48, 20, -86, 114, 28, -54, 188, -136, -176, 0, 78, 124, 4, 144, -54, -122, 18, -82, -64, 100, -74, -106, -28, -180, 90, -48, 16, -2, -64, -148, 398, 124, -76, -30, -84, 62, -48, -26, 80, 214, -68, -140, 154, 6, -304, -18, -2, 104, -10, 24, 104, -16, 40, 46, 112, 162, 134, 214, 4, 80, -120, 114, 2, -82, 198, -186, 32, -54, 92, -40, -194, 344, 102, -22, 188, 88, 146, -74, -36, -80, 222, 152, 58, 84, -84, 148, 304, -40, -12, -94, 280, 162, 266, 74, 220, 58, -222, -158, -38, 74, -22, 140, 0, -72, 78, 82, -18, 4, -6, 116, 34, -180, 8, -100, 106, -76, -182, 94, 14, -60, 134, 68, 160, -386, 134, 166, 52, -80, -116, -2, 162, -24, -278, -172, 46, 44, -210, 76, -126, -26, -156, 130, -32, -78, 82, 136, 98, 84, 54, -76, 44, -94, -66, 204, 52, 214, -118, 86, -184, 178, 26, 70, -98, 64, 142, 18, -94, -198, 98, -106, 94, 112, -124, -180, 132, 170, 120, 102, -122, -46, -74, 250, 184, 
22, -40, -30, -16, -116, 168, 42, -134, -32, 42, 208, 74, 50, -40, -90, -208, 140, 172, 176, 272, 78, 288, -254, -46, -54, -156, 198, -52, 190, -206, 308, -116, 84, 132, 168, 222, 314, 4, 46, 64, 210, -88, -254, -152, 160, 220, -58, 44, 220, -50, 40, 114, -142, 8, 22, 0, -132, -96, 62, 32, 180, 46, 162, -54, 8, -44, 56, 94, -90, 314, -30, -84, 10, 54, -64, -108, -232, -50, -20, -212, -126, 168, 198, 64, 164, -238, -104, -124, -86, 104, -276, -180, -4, 252, -34, 108, 48, 168, 112, 12, -120, 4, 18, 42, 96, -78, 336, -82, -48, 130, -178, -60, 182, 24, 18, 90, -8, -100, 208, 96, 268, 160, 196, -70, 22, -10, -226, -34, 34, 178, 216, 282, -50, -194, -206, 136, 30, -2, 108, -136, 154, -10, 170, 160, 102, -30, -206, -4, -54, 220, -228, -66, -26, 26, 16, 144, -232, 54, -226, -32, -118, -16, -186, 92, 88, 56, 148, -22, 312, 150, -220, 92, -184, 88, -22, 234, -8, -68, 156, -60, -134, 174, 80, 22, -170, 32, 162, 100, -122, 140, 68, 252, -100, -40, 70, -250, -10, -34, -44, -218, -206, -106, -46, -280, 182, -56, 74, 26, 154, 22, 104, 226, -36, -124, 20, 88, -72, 60, 24, 106, 22, 174, 208, 214, 24, 56, -138, -10, -200, 114, -130, 174, 32, 70, 84, 148, -238, 32, -76, 92, 134, 232, -96, 198, 124, -258, 222, 46, -78, 100, 288, 10, -72, 172, 110, 10, 180, 230, 208, 304, 78, -292, -66, 26, -82, 400, 4, -62, 210, 72, 200, 92, -122, 104, 172, -208, 54, 246, 26, -18, -28, 184, -112, -126, -328, -186, 194, 62, -8, -158, -80, 12, -112, 154, 186, 6, -28, 188, -26, -52, 110, -34, -66, -84, 180, 124, 32, 58, -116, 162, 72, 108, 74, 198, 48, -158, 276, 104, 110, -4, 36, -16, 148, 320, -58, 244, -16, -222, -266, -14, -68, 220, 120, 134, 156, -116, 6, 88, 22, -132, 166, -68, -100, 18, -24, 80, 82, -168, -46, 12, 84, 202, -54, 216, 92, -138, 54, 56, 88, -62, 162, 284, -8, 10, 112, -106, 114, 12, 0, -76, -10, -118, -242, 42, -34, 284, 116, 58, -12, 150, -64, -116, 202, -58, 8, 52, 102, 212, -356, -142, -102, -150, -72, -68, 148, -46, 108, -32, -90, 36, -90, 190, -148, -64, 42, -36, 56, -190, -10, -144, -120, -164, -176, 82, 166, 158, -124, 70, -54, 18, -106, -86, 128, -8, 54, 192, -126, -100, 268, 164, 70, -36, 4, 152, 84, 36, 66, 80, -70, -132, 252, -46, -44, -46, 234, -84, 104, -130, 100, 130, 312, 106, -78, 160, 140, 180, 82, 114, -44, 64, 184, -92, -68, -206, 74, -162, 124, 134, -36, 72, 0, 118, 74, 186, 12, 308, -56, -114, 40, 24, -80, 254, 142, -154, 144, -12, 90, 56, 210, 180, 290, -40, -126, -164, -38, 334, -76, 50, 34, -90, 
20, -86, 42, 262, 96, 126, -4, 44, -26, 110, 112, 4, -4, 112, 54, -6, -174, -230, -42, -368, -64, -272, 20, 134, 134, 218, -214, 58, -66, 254, -168, 174, 50, 224, 32, 42, -164, -34, -34, 96, -166, 116, 16, -22, -44, -152, 92, -12, -30, 136, 110, -214, 110, -46, 76, -92, 110, 202, -54, -122, -110, -150, -2, 130, -48, 116, 34, -70, 80, -246, 72, 216, 68, 82, 50, 88, 152, -12, -94, 232, -18, 66, -144, -18, -170, 244, 118, -46, -148, 28, 244, 214, -120, -78, 90, -126, 166, -62, -152, -70, -6, 42, 116, 126, -88, -18, -254, 52, -106, -146, 106, 150, -78, 0, 42, 58, -32, 156, -258, -6, -272, -20, -88, 32, -26, 138, 254, 102, 8, -136, -76, -366, 96, 106, 60, -22, 186, 104, -20, 132, 110, -4, 18, -170, -186, 210, 226, 44, 194, -12, 132, 160, -26, 54, -246, 72, 106, -34, 220, -4, 114, 44, 16, 80, 80, -68, -22, 314, -152, -28, 70, 0, 136, -80, 256, -300, 58, 112, -24, 168, 192, -226, -60, 122, 144, -54, -120, -74, 138, 58, 136, -94, 120, 142, 26, 136, -22, -142, 60, 200, 294, 2, 186, 252, -278, 120, -154, -98, -58, 22, -124, -154, -18, 244, 26, 88, 82, 80, 4, 24, 24, -40, -182, -40, 36, 60, 66, 202, 150, -262, 10, -136, -58, -100, -182, -52, 64, -72, 278, -46, -138, -236, 224, -138, -102, 188, -212, -14, -66, 74, -270, -16, 178, -84, 24, 96, -80, -298, -132, -220, -174, 76, 32, 122, 118, -286, -18, 192, -136, -24, -244, -82, 50, -148, -34, 222, 24, -70, -10, 86, 44, -104, -10, 144, 150, 20, -62, 70, -70, 22, 142, 138, 272, -136, 48, 34, -106, 6, 44, 182, -50, 126, 12, 196, -14, -10, -92, -44, -22, 46, -40, 70, -172, 56, 94, 30, -148, 116, -250, -2, -88, 156, -144, -232, -26, 140, -28, 140, 242, -28, 20, -198, 208, -104, -26, 64, -108, -106, -24, 50, -94, 168, 102, -104, -40, -246, 34, 80, 94, -8, -228, -116, 74, 0, 68, 180, -22, -94, 90, -92, -138, -178, -92, 88, -106, 100, -184, -52, 14, 42, -40, 54, 80, -38, -70, -238, -52, 60, 82, -58, 130, 154, -96, 38, 66, -42, 88, -128, 422, 98, 122, 162, 18, -16, 14, 108, 32, 102, 100, 44, 132, -216, 152, 2, -34, 30, -150, 132, 38, 178, 64, 108, 190, -58, 84, -122, 200, 78, 100, 88, -100, 110, -100, 26, 4, -152, -34, -28, -138, -138, 48, 60, 104, -62, -10, -78, 108, 12, 50, 64, -220, 188, 44, -28, 68, -8, -122, 88, 100, -58, -86, -12, -120, -24, -306, -26, 0, -238, -86, 0, 102, -144, 68, 134, 106, 36, -198, -8, -92, -54, 144, -24, -56, -126, -114, -218, 110, 66, -78, -146, 40, -166, -200, 128, -108, -82, -170, 10, 106, -92, -106, -4, -36, 194, 56, -312, 100, 50, -64, 36, 
10, 184, -122, -142, -68, -90, 202, 18, 118, 20, -134, 18, -40, 42, 52, -34, 180, 122, 98, 352, 44, 262, 24, 114, -6, -56, 2, -10, -16, -114, 100, -260, -164, -148, 58, 82, 66, 180, -32, -78, 34, -108, 40, 172, -42, 172, 24, -26, -130, 84, -56, 176, 92, -138, 32, 230, -40, -166, -58, 90, 172, 232, 168, -68, 282, -60, 58, 220, 8, 270, -28, 72, -88, 64, -66, -124, 10, 152, -14, -198, 166, -120, 78, 20, 140, -32, -78, 124, 228, 26, -8, -194, 30, 96, -8, 106, -144, -10, 298, 208, 62, 12, -168, -6, 14, 2, 202, -6, 54, 268, 104, -118, 316, -32, -84, -30, 102, -66, 252, 54, 228, 64, 48, -154, 8, -26, -234, -44, -78, 12, 18, -114, 136, -90, -22, 196, -68, -6, -2, -310, 20, 12, -102, 176, 90, 68, -246, 102, -82, 70, -40, -136, 96, 24, 218, -20, 88, -106, -64, 24, -86, 78, -12, -138, 14, 148, -20, -208, 10, -74, 42, 90, -88, -196, -160, 348, 34, -168, 222, 14, -202, 268, 18, 16, -62, 42, 142, -28, 74, 32, -48, 142, -128, 138, 122, -44, 122, 158, -184, -48, -176, -86, -28, 4, 220, -58, 174, 52, 156, 50, -36, 92, -342, -180, -10, -22, -54, 14, 140, 44, -10, 78, 72, 30, -26, 18, 4, -64, -48, 242, 32, 30, -10, 88, 172, 132, 70, 22, -272, 50, 238, 310, -158, 184, 90, -46, 130, 30, 74, 146, 206, 10, 38, 126, 154, -58, -136, 236, 40, 208, 62, 102, 54, 28, 98, 270, -28, -204, -6, 102, 62, 184, 22, 204, 26, -128, -38, 176, 24, -60, 76, 200, 44, -90, 8, 6, 236, -66, -38, 82, -10, -230, -318, 8, -60, -210, 16, 2, 6, -168, 160, -96, 120, -36, 94, 254, 58, 100, 38, 54, 256, -34, 44, 44, -98, 106, 48, 130, 182, 130, 102, -274, 176, 356, -44, -60, 172, -58, -246, 126, -16, 290, -46, 32, -32, -32, -76, -40, -52, -10, 52, 36, 54, -110, 66, 322, -64, -150, -98, -38, 146, 278, -56, 108, 96, -44, 104, 6, -102, 54, 66, 68, 0, 42, -66, 26, 66, 14, 28, 96, -198, 22, -78, -18, 194, 68, -8, -90, 66, 204, -108, -206, 150, -134, 254, 164, -44, -36, -222, -190, 50, -180, 160, 104, 64, 22, 88, -62, 74, -234, 122, 178, 60, 122, -80, -24, 148, -18, -88, -146, -102, -80, -78, 20, 156, 6, -224, 64, -64, -110, 104, 2, 164, -122, -84, 88, 124, 10, 84, 214, -164, 122, 18, 20, -6, 230, -148, -10, -64, 68, 234, -146, -88, -24, -78, -54, -62, 26, -116, 42, 234, 84, 72, 134, 262, 100, 80, 228, 58, -138, 206, 76, -84, -174, -84, -2, 216, 104, 212, -34, -102, 112, 106, -80, 4, 244, -112, 0, 92, 288, 244, 118, 214, -42, 208, -66, 112, 46, -116, 22, 4, -38, -64, -10, 60, 430, -68, -90, 288, -28, 
-150, -50, 286, 236, 142, 38, -296, 194, -46, -8, 128, 44, 104, 110, 46, 90, -12, -48, -12, -94, 66, -116, -152, 34, 70, -142, -20, 64, 44, 6, -274, 364, 2, 162, 76, 110, 262, -184, 190, 14, -6, 30, -134, 28, 128, -152, -12, 90, 94, -202, -126, -126, -4, 72, -42, -168, 166, 162, -174, -38, -112, -50, -96, 12, -230, -4, 154, -66, -68, -46, 2, 102, 102, -48, 30, 14, -154, 94, 46, 170, -110, 128, 22, 20, 60, -10, 70, 84, -118, 2, 10, 214, -14, -12, -104, 22, 94, 112, -168, -108, 20, -34, 60, 2, -120, -26, 58, 14, 58, -230, -128, -96, -222, 228, 112, -126, -172, 182, 38, -8, -110, 40, 32, 176, 102, 64, 122, 80, -22, 162, -36, 40, 28, -58, 196, -170, 30, 26, 88, 354, 190, -46, 150, 22, -184, 108, 250, -54, 74, -58, 108, 112, -120, -28, 28, 6, 60, -80, 32, -148, -38, 8, -42, 222, 200, -166, 94, 154, 22, -60, 70, -26, -52, 198, 150, -126, 32, 84, -270, 44, 148, 72, 228, 104, 74, 232, -150, 22, 94, 120, 8, -194, 84, 66, -28, 184, -150, 0, 248, 84, 128, 300, -54, 42, -344, -78, -20, 38, -260, -28, -12, -66, 122, 172, 172, 198, 48, 48, 28, 6, -60, 46, 14, 118, 148, 56, -132, 64, 158, -10, 140, 28, 94, -36, -104, -128, -84, -50, 260, -102, -170, -274, 22, 78, 140, 244, -84, -124, 62, -24, -212, -4, 46, -2, -226, 84, 62, -132, 194, -82, -8, 72, 42, 34, -8, -88, 88, 118, 14, -98, -50, 124, 150, -40, -106, 108, -8, -100, 118, -50, -200, 32, -18, 72, -70, 52, -116, 152, 78, -14, 242, 230, 432, 106, -22, 136, -78, -122, -154, 58, -66, 166, 32, 52, 2, -178, -84, 102, -8, 52, -274, 138, -134, 4, 148, 10, 136, -28, -34, -78, -190, 110, -122, -166, 148, 0, 12, 226, 232, -44, 178, -102, 62, 48, -76, 110, -10, 116, -26, -60, 160, 102, -58, -26, -76, -128, 12, 86, 260, 148, -196, -244, 98, 70, 52, 242, 46, -62, 162, -74, 34, -46, 142, -128, 40, 116, -50, -30, -166, -50, 52, 12, 172, -16, -202, -16, -36, 188, 68, -184, 84, 298, -14, 54, -252, -190, -4, -36, 174, 160, 200, 142, -154, -206, 152, -30, 196, 298, 2, 158, -84, -292, -72, -198, 86, -116, -70, 80, 18, 64, 68, 148, 30, -128, -26, 74, 220, -46, -90, 16, -130, 4, 52, 264, -40, -36, 30, -84, 116, -58, 178, 58, 190, -2, 156, -46, 96, -242, -74, 26, -176, -4, 168, 2, 42, -16, 74, -32, 188, 28, -204, -166, -86, -196, -280, -88, -42, -164, -50, 166, -150, 108, 94, 144, -50, 150, -84, -74, -168, 110, 50, -152, -18, -22, 170, -114, -2, -106, -76, -126, -102, 18, 48, -36, -214, 66, -70, -160, 164, -78, -106, -42, 180, 236, 80, -292, 16, -34, -298, 40, 
84, 106, -180, -54, -196, 68, 134, -12, 28, -26, -62, 24, -90, -60, -118, 114, 146, 56, -66, 6, 74, 144, 188, 62, 40, 240, -102, -84, -106, 100, 186, -88, 64, -102, -46, -8, -116, 2, -98, 166, -84, 76, 30, -164, -178, 142, 120, -74, -52, 274, 40, -46, -22, 102, 40, -44, -230, -170, 70, -42, 16, 172, 64, 158, 234, 18, -22, 4, 298, 128, 46, 110, -40, 78, 130, 40, -76, 18, 38, -78, 32, -266, 126, -32, -80, -86, -148, -38, 122, 128, 184, -220, -36, -108, 54, 174, 46, 30, 96, 90, -116, -86, -28, 94, 270, 160, -96, 34, 24, 82, -96, 34, 286, -82, -56, 268, 260, -260, -2, -4, 14, -128, -12, -74, -168, 6, 40, -12, 18, -156, 20, 96, 72, -18, -40, 130, -56, 72, -76, -312, -254, 132, 56, -172, 26, -154, -132, 226, 90, -44, -16, -260, 0, 0, 44, -136, 72, 8, 86, 236, -48, -28, 50, -188, -128, 248, -22, -176, 130, 240, -238, -16, 242, -162, -92, 344, 10, -142, 256, -66, -64, -134, -154, -40, -126, 60, 230, 74, 86, -44, 62, -22, -224, -64, -62, -210, 156, -38, -122, -28, -186, -328, -98, -76, 16, 224, 38, -110, 166, 118, 94, 318, -8, -46, -52, -64, -228, 34, 200, -38, -2, -210, 2, -52, -118, -124, 104, -24, 234, -28, -50, 46, -84, -112, 240, 170, 44, 18, -128, 260, 106, 118, -16, 96, 96, -164, -118, 152, 76, -36, -28, -4, -112, 14, -48, -168, -112, 80, -46, -46, -104, -24, -62, 12, 102, 138, 144, -26, 128, 140, -20, 98, -116, 60, 302, -102, 80, 194, 0, 100, 6, -48, 2, -16, -116, 200, 46, 38, -68, 54, 90, -82, -272, -108, 72, -112, -120, 14, 82, -98, 116, -64, 50, 116, 166, 288, 100, -276, 110, 168, 246, 46, 208, 38, -116, 24, -70, 210, 52, 106, 10, -132, 206, 228, -72, -74, 28, -162, -180, 62, -234, 166, -4, 12, 178, 44, -88, 124, 120, 186, 38, 80, 134, -134, 74, 90, 14, -82, -180, -62, 236, 6, 6, 74, -44, -190, -2, 14, -58, 128, -122, 140, 94, 22, -116, -94, 60, 76, 50, 182, 36, -10, -126, 372, 340, 92, 44, 112, 158, 54, -116, -146, -14, -176, 140, 292, -26, -68, -202, 18, -132, -222, 20, 134, 84, 88, -52, -90, -10, 12, 158, 168, 0, 46, 116, 106, 72, -148, -124, 66, -32, 54, -16, 294, 4, -60, -254, 134, -12, 34, 116, -4, -192, -334, -2, 28, 64, 160, -132, 14, -96, -62, -112, 54, 26, -80, -58, 44, -4, 52, 112, 284, -338, -30, -24, -140, 36, -136, -184, 68, 16, -10, 96, 66, 80, 136, 0, 256, 118, -32, 156, -190, -14, -46, -24, -14, 124, 28, 46, 46, -156, 52, 210, -72, -54, 30, -154, 110, 40, 120, 180, -42, -52, -70, 104, -136, -110, 180, -24, 276, 162, 140, -130, -104, 56, 150, -96, 130, 160, 50, 
-16, -196, 42, 300, 48, 176, 192, -104, 98, 72, 168, -60, 158, -50, 94, -78, 40, 170, -40, -114, -70, -146, -48, 36, 68, -112, 14, 16, 162, -84, -216, 2, -2, 192, 102, 224, -6, -114, 204, -168, 156, -134, 24, 128, 46, -14, 32, 18, 108, -228, -32, 32, 0, -86, -84, 104, 128, 164, -122, -20, 82, 142, 100, -240, -22, 4, -100, 102, 26, -34, -34, -272, 20, -28, -60, 90, 110, 176, -146, 176, 46, 354, 54, 94, -14, 196, -58, 104, -140, 68, -64, 302, -44, 84, -166, -68, 114, 92, 124, -72, 92, 126, 52, 32, -224, -92, 76, 112, 174, 90, 86, 138, -52, 172, 78, -62, -156, 202, -70, 8, 116, 70, -36, 104, 206, 26, -50, 76, -56, -30, 32, -64, -158, 14, 110, -144, 0, 6, 46, 292, -56, 36, 180, 6, -244, -34, 216, -74, -138, -6, 58, 170, 86, -22, 126, 188, -62, -4, -156, -224, -96, 84, -74, 192, 132, -188, 164, 32, 8, -88, 70, 208, -240, 120, 128, -60, 174, 104, -182, -20, -48, 92, -64, 118, 194, 204, -28, 54, -188, 92, 26, 32, 248, 184, 56, 212, -36, 16, 190, -62, 170, 272, -52, -10, 192, -128, 6, 266, -220, -86, -260, -140, -138, 94, 86, 58, 244, 128, -176, 18, 70, -18, 100, -62, -42, 24, -116, -90, 32, 180, 68, 38, 70, -86, -82, -28, -88, 60, 196, -198, -120, -46, 182, -80, 136, 126, 182, -116, -130, 58, 258, -106, 82, 172, 120, 112, 100, -26, 76, 234, -30, -116, 94, 94, 84, -296, -154, -102, -156, -158, 34, 44, 94, 40, 36, 304, -74, -2, 256, 24, -6, 156, 132, 104, 108, -58, -104, -48, 76, 84, -68, -244, 216, -10, 38, 12, -40, -62, -44, 168, 18, 120, -32, -222, -82, -194, 68, 130, 2, -160, -116, 68, -244, 68, 118, 88, -186, -74, 104, -66, 26, 2, 108, -56, 66, 44, 288, 194, 72, -28, 142, -124, -58, 124, -216, 12, 56, -136, -148, 62, 154, -216, -156, 164, -142, -30, 4, 170, 196, 84, -36, 68, -10, -130, -30, 158, 110, -26, 46, -12, 50, -182, 66, 156, 138, 134, 28, -298, 64, -70, 84, 184, 26, -84, -164, -208, -68, -138, -48, -54, -64, -4, -100, 22, -34, -240, 156, 58, 210, 168, 224, 208, 104, 54, 30, -90, 96, 300, 244, -76, -136, 2, 8, 26, 24, -6, 10, 94, 80, -14, 210, -22, -228, -156, 66, 30, 90, -90, -14, 42, -6, 162, 90, 26, 66, -2, -116, -36, 90, 142, -138, -134, -86, -4, 136, 14, 154, 128, 114, -218, -2, -86, 282, -78, 68, 162, -40, 20, 158, -14, 114, 32, 6, -114, 152, -86, 184, -162, 4, 160, -132, 182, 26, 108, 24, 94, -12, 42, 66, 0, 312, -270, -94, 186, -76, 20, 286, -262, -64, -154, -158, 60, -162, 38, -48, 284, 42, -180, 94, -164, -40, 74, 36, -10, -24, -288, 106, -50, -196, -82, 
-104, 400, -68, -98, -160, -144, -140, 86, -56, -208, -154, 118, -100, 162, 58, 154, 76, -144, 200, 108, 60, 98, 80, 68, -90, 22, 166, -124, -38, 228, 230, 116, -134, -108, -198, 96, 18, 298, -190, 4, -112, 80, 60, -110, 100, -46, 16, 74, 68, 278, 0, 76, -6, 192, 262, -62, -162, 22, -12, 140, -122, -162, 32, 244, -6, -40, -98, -70, -76, -10, -120, 2, 60, 188, -30, -78, 8, -232, -54, -136, -220, -222, -208, -36, -42, -270, 2, 50, 238, -54, 50, -108, 120, 36, 84, 294, 100, 82, 24, 114, 74, -74, -14, 252, 300, 4, 142, 52, 8, -40, 94, -40, 208, -96, -90, 84, 42, -156, 68, -70, -118, 12, -50, -162, -158, 0, -26, -78, 136, 128, 18, 100, 202, 18, -6, 90, -2, 238, 170, -164, 0, 54, 0, -2, 248, 174, -142, -6, -86, -86, 92, -176, 38, 126, -122, -454, -60, 38, 26, 148, 146, 140, 202, -74, 4, 158, -36, -142, -106, 122, -14, -58, 186, -154, 30, 146, -92, 70, 64, -44, 66, -72, 116, -28, -206, -124, 154, -16, 174, -116, -218, -58, -42, -84, -236, -4, 210, 94, -4, -36, 158, -322, 16, -58, -236, 204, -70, -74, 248, 210, 268, 52, 36, 82, -70, -60, -140, 58, 196, 18, 38, 112, -36, 8, -118, -88, 6, 58, -10, 140, 24, 100, -90, 58, 170, -136, -60, 164, -10, 172, 222, 16, -84, 178, -242, 74, -64, 42, 136, -42, -324, 152, 60, -80, -24, -82, -24, 30, 26, -48, 232, 152, -24, -158, 82, 154, 282, 170, 74, 158, 4, -50, 94, 152, -56, -194, -26, 26, 84, -120, 36, -136, -108, -108, -16, 24, 86, -54, -66, -94, 110, -44, -218, -120, -70, 104, -84, 176, 66, -162, -52, 32, 144, 154, 80, 178, 78, 34, -16, 60, 302, 40, 192, -58, 106, 64, 102, 158, -74, 290, 78, -106, 60, 42, 64, -82, -140, -24, -54, 24, 16, 52, -36, -20, 104, 66, -88, 150, 270, 56, -40, 246, 228, -186, 136, 68, 194, 88, -130, 78, 54, 8, -80, -28, -54, -324, -128, 326, -134, -68, -134, 74, 96, -158, 10, -166, 178, 278, -148, -36, 32, -160, -154, 48, 192, 136, 204, 196, 80, 74, 124, 32, 150, 68, -36, 456, -110, 16, -256, -74, -84, -108, -22, 148, 30, 260, -172, -246, -82, 18, 368, 4, 90, -108, -224, -54, 34, -68, -88, 14, -76, 68, 320, 262, 2, -54, 94, 38, 74, 34, 36, -20, 16, -40, 46, -62, 38, -38, 64, 52, 162, 78, 132, -84, -218, 30, -18, 4, -94, 356, 28, 156, 6, 80, 4, 60, -88, 4, 164, -40, -106, 102, 126, 0, -46, 198, -208, 2, 30, -30, 172, -32, 40, -104, -80, -26, 8, -96, -54, 8, -250, 264, 68, -186, 128, -48, -206, 238, 82, 106, 148, 44, 62, -90, 92, 98, 36, 170, 86, 60, 0, 74, 40, 84, 94, 308, -18, -128, 110, -44, 
234, -208, 24, -48, 116, 170, 108, -202, 6, 246, 330, 18, -32, -68, 54, -194, 24, 276, -218, -44, -78, 208, -14, -140, 92, 108, -66, 98, -36, -10, -70, -86, 198, 68, -10, -204, 46, -168, 54, -120, 232, 72, -34, 96, -254, 104, -158, -148, -46, -370, -4, 72, 160, -204, 190, 176, 36, 144, 68, -102, -72, 12, 144, -342, 68, 140, 78, -28, 154, 176, -50, 250, 78, -124, -40, 110, 74, 14, 206, 176, 94, 32, 12, 20, 0, 132, -164, -40, -134, 122, -150, 128, -46, 2, 96, -280, -154, 58, -40, -58, -80, 78, -170, -216, -230, -28, -118, 118, 186, 24, 8, 198, -32, 116, 76, -138, -156, 200, 14, 54, -74, 198, -32, 282, 72, -134, 122, -58, -216, 102, 194, 58, -228, -40, 114, -72, 60, -204, -120, 60, 30, -40, -92, -100, -86, 38, 106, -46, 58, -6, 8, 182, -20, -198, 250, 232, 6, 40, -54, -268, -84, -60, -90, 158, -42, -18, 138, 40, 76, 64, 76, 148, -184, -58, -68, -60, 44, -128, 10, 118, 154, 96, 22, 160, 134, 160, -24, -120, -2, 134, 204, 38, -108, 202, 46, 72, -80, 164, 6, 94, -54, 170, 110, -58, 276, -38, 16, 66, 20, -74, -176, -46, -168, 118, 102, 8, 134, -38, -170, 42, 54, -34, 52, 150, 254, 140, 20, -8, -46, -56, 4, 98, 152, -10, -202, 136, 66, 10, -128, -90, -186, -28, 32, -112, 74, 18, 50, 108, -176, -56, 198, -28, 156, -16, 2, 86, -58, 176, 60, -90, 98, -86, 56, 92, 94, -206, -236, 38, 48, -30, 62, 266, -154, -118, -100, 72, 82, 24, 52, 164, -220, 22, 252, 128, -36, 162, 38, 76, -20, 74, -186, -92, 238, 94, 288, 64, 142, 128, -96, -64, 78, 52, -150, -258, -176, -168, -224, -14, 16, 148, -284, 50, -16, 124, 34, 84, 166, -114, 244, -276, -48, -160, -16, -52, 94, 180, 218, -12, 154, -18, 0, -86, -72, 116, -40, 40, 136, -100, -214, 72, 18, -134, -126, 314, -58, 38, -150, -28, 242, 88, 132, -188, 148, -46, -110, 130, 26, -2, 110, 34, 166, -128, -124, 200, -18, 26, -32, -180, 264, -66, 62, 84, 46, 8, -118, 52, -148, -130, -94, -52, 10, -184, -62, 140, 168, -360, -58, 260, 80, 108, 90, 46, 22, -190, 46, -42, 148, 60, 208, 164, -106, 178, 156, 70, 148, -6, -96, 46, -66, 138, 136, 108, -186, -282, -70, 22, 60, -208, 42, 78, -116, -122, -92, 184, 16, 28, 94, 48, 76, -56, -88, 114, 50, 28, 78, -52, -58, 80, 154, -254, -82, -132, 40, 112, 38, 96, -76, 38, 92, 18, 138, -214, -42, -310, -92, -116, 80, -160, -120, 66, -88, 240, 88, 20, 180, 176, -14, 92, 20, -68, 252, -88, -56, 144, -78, 28, 208, -156, -132, -30, -206, -88, 102, 276, 2, -28, -82, -54, -46, 104, 124, 84, -50, 54, -102, -290, 40, 120, -14, 110, 
-72, 184, 86, 68, 44, -170, -8, 104, -36, -162, -10, 116, 160, 56, -90, 148, -58, -204, 154, 16, -116, -98, 56, 274, 12, -50, 118, -8, 218, -12, 148, 140, 130, 224, 70, 214, 86, 200, 20, 34, -142, 98, 160, 82, 132, -102, -64, 14, 22, 268, -42, -172, 82, 122, 10, -198, 104, 34, 16, -106, 178, -88, -10, 248, 54, -108, 2, 116, -134, -36, -100, -98, -148, -66, 80, -60, -68, -40, -82, -80, -84, 20, 24, -42, 40, 34, 202, -102, 340, 68, 282, -38, 196, -110, -158, 162, 130, -20, 20, 114, 134, 78, 382, 190, -50, -102, -26, -74, 42, -158, 108, -188, 26, -86, -4, 178, 222, -114, 12, 78, -4, -82, 298, -70, 4, 136, 42, -116, 286, -70, -50, 70, 288, 158, -56, 52, -44, 86, 72, -154, 86, -40, 94, -4, 38, 82, -106, 28, 102, 48, 8, 128, 172, 272, -82, -160, -38, 176, -26, 236, 110, 20, -76, -46, 2, -64, 146, -110, 78, -60, -16, -8, 262, 264, 186, 70, 72, -76, -40, 114, 40, -32, -54, 10, -162, -20, 50, -28, -90, -24, -86, 188, 76, 16, -140, -48, 54, -202, -128, 36, 182, -128, 100, 44, -160, 102, 48, 14, 44, 94, 94, 100, -82, 6, -118, -94, -14, -4, 112, 26, 32, 128, -46, 52, -54, -250, 110, 52, 74, -134, 68, 220, -132, 62, 136, 24, -62, -24, 98, 26, 270, 152, -8, 202, -20, 10, 4, 46, 92, -14, -172, -6, -4, 10, 6, -50, 22, -94, 110, -16, 90, 116, -46, -116, -218, 354, -100, 58, -20, -22, -78, -112, 90, 250, 86, 54, -34, -66, 38, -8, 124, -280, -86, -234, 80, -80, -78, -100, 302, -158, 210, 80, -172, 130, -140, 42, -238, -122, -74, 8, 70, -54, 78, 164, 18, 236, 152, 112, 96, -154, 382, 42, 56, 12, 116, -90, -32, 284, -114, 464, 24, 16, -54, 8, -132, -82, -100, 222, -106, 100, 4, -108, 54, -14, 54, 148, -20, 122, 298, -172, -86, -28, 14, -58, 200, -68, 66, 128, -332, -42, -40, 200, -238, 8, 114, -4, 90, 8, -66, -54, 164, 214, 134, -102, -130, -182, -12, 144, -162, 128, -320, 52, -84, -8, 40, -36, 274, -20, 66, 94, -122, 44, 64, -24, -20, 174, 154, -20, -104, -172, 112, -4, 208, 130, -90, -100, -22, -108, -130, 26, 194, -270, -76, -46, -68, -24, -28, 182, 6, -202, -64, -58, 178, 258, 50, 128, 8, 140, 80, -90, 34, 182, 74, -86, 148, 192, 66, -50, -10, -96, -96, -224, -204, -104, 70, 4, 198, -104, -82, 182, 162, 114, 44, -28, -116, -20, 16, 58, -36, 188, -50, 170, -160, 204, -80, -38, -232, 168, 40, -74, -26, -208, 36, -26, -256, -28, 20, 18, 10, 52, -276, 98, 214, -118, 36, -18, -234, 184, 212, -70, 228, 8, -28, -284, -26, 152, 90, 126, 96, -48, 56, -6, 114, 96, 28, 150, 116, -112, -36, 36, 
148, -168, -18, -44, -106, 150, 72, 84, 52, 146, -12, -42, -128, -144, 48, -132, -44, 138, -288, -82, -28, 32, -128, -152, -106, -126, -12, -40, -116, 10, -340, -40, -64, -38, 36, -50, 106, -114, 150, 124, 250, -88, 2, -60, 114, 118, 18, 10, 212, -240, 142, 264, 38, -56, -144, 136, -122, -124, 30, 82, -104, -98, -118, -124, 78, 64, 52, 26, 124, 118, 130, -10, 88, -40, -102, 42, 140, 194, 26, 90, -28, 144, -148, -88, -14, -94, 56, 34, -314, -108, -276, 36, -128, 100, 78, 8, -10, 126, 130, 0, -32, -160, 14, -298, 128, 4, -74, -84, 124, 156, 6, 242, 10, 168, 192, -156, -2, 100, 224, 6, -24, 118, -218, -28, 36, 74, -64, 268, -284, 100, 36, -96, -284, -34, -160, 20, 228, -92, 166, 122, 8, 122, 166, -68, 80, -4, 182, 24, 52, -76, 8, 146, -42, -144, 64, 160, 258, -68, 216, -158, -252, -144, 8, -152, 168, 6, 20, -32, -44, 130, 212, -140, -148, -128, -398, -174, -62, 46, 64, -86, 66, 162, 210, -192, 168, 16, -42, 16, 10, 24, 160, -64, 218, -66, 118, -118, -14, 232, 156, 46, -174, 86, -134, -118, 162, 92, 54, 12, -24, -182, 24, 68, -8, 92, 12, 174, 70, -76, -36, -172, 0, -60, 162, -48, -12, 154, -116, -132, -200, 156, -14, -168, 264, -134, -248, 96, 16, -118, -120, 48, -154, -174, 44, -408, 20, 32, 124, 300, -200, -60, 168, 24, 110, 272, 90, 52, 56, 94, 16, 16, -48, 2, -44, 44, 88, -122, -26, -44, 52, 138, -10, -98, -58, 68, -96, -58, -4, 34, 150, 154, -90, 98, 82, 252, 46, 170, -54, 14, -86, 214, -126, 62, 176, -238, -34, 136, 320, -94, 64, -8, -104, 22, -94, -352, 106, -18, -182, -190, -92, 318, -264, 54, -6, 168, -34, 92, 64, -298, 2, -476, -86, -108, -2, -56, 234, 150, 90, -96, 40, -248, -18, 56, -78, 52, 50, -144, -24, 56, -178, 186, 92, 148, 258, 82, -26, -30, -122, 52, 300, 58, 78, 42, 194, 180, -178, 10, 82, -56, 130, -22, -144, -90, -94, 32, 44, 66, 98, -164, 154, -144, 368, -134, -30, 214, 4, -84, -218, -26, 218, 46, 162, -104, -56, 66, 14, -102, 42, 2, 106, 114, 2, 36, -120, -214, 152, 88, 56, 116, 26, 16, -152, 198, 104, 238, 324, 50, 104, 40, -18, 212, 130, 244, -32, -224, -26, -14, -22, -262, -100, 162, -48, -156, -10, 42, 108, -4, -62, -18, -82, -124, 94, 290, 242, 164, 4, 86, -104, -94, 34, -142, -6, -74, -48, 48, 246, 164, -140, -264, 16, 16, -4, -10, 100, -202, -40, 114, 146, -372, 18, -82, -26, 192, 168, 164, 228, 68, -138, -14, -30, -32, 174, -146, -154, 194, -128, 90, 220, -8, -14, 44, 46, -22, 170, 68, 64, 2, 136, -122, -10, 270, 88, -30, -66, -48, 136, -6, -154, 206, 68, 26, 
-158, 56, 170, 28, -70, 78, -122, -120, 16, -240, 122, -16, 190, 136, -142, 68, -44, -136, 194, -16, 56, -106, 120, 138, 36, 130, 24, -30, 112, -12, 6, 108, 194, 124, -24, 224, -22, 48, 48, -40, -114, -78, -24, -132, -124, -54, 56, 60, -92, 178, -334, -96, -64, 74, 56, 14, 104, 120, 88, -192, 22, 24, 102, 276, 220, -148, -16, 68, -130, -104, -104, 222, -4, -42, -32, -94, -40, -90, -54, -10, 40, 58, 84, -46, -56, 74, 130, 32, 188, 160, 116, -4, 194, 40, 86, -12, -204, 120, -108, 108, 28, 112, -34, 186, -80, 184, 88, -68, 8, -130, -86, -78, -94, -216, -36, 154, -8, -74, -224, 122, 136, 60, 78, -58, 92, -110, -2, -268, 202, -44, 176, -34, 296, 20, 190, -4, -194, 80, 54, 66, -24, -60, -104, 38, 108, -148, -82, 94, 22, 88, -44, -48, 104, 252, -158, 210, -202, 76, 56, 16, 310, 58, 60, 188, -14, 112, 48, -108, -106, -38, -262, 138, -62, 136, 216, 64, 110, 20, 4, 100, -20, -236, -84, 108, -196, 20, 50, 108, 60, 108, -34, -188, -130, 302, -76, -82, 76, -118, -222, 122, 198, 2, 208, 202, 26, -138, 14, 48, -52, 192, -44, -60, -84, 104, 14, -230, 82, 100, 24, 52, -14, 144, -114, 90, 84, -126, 6, 116, 178, 14, -2, 294, 20, 34, 142, -32, 20, 200, 222, -160, 76, -32, 2, 324, -124, 14, -66, -30, 124, 124, -114, -102, 28, -104, 46, 66, 166, -68, 70, 124, 30, 168, 132, -130, 32, 62, 118, 32, 28, -192, -36, 160, 184, -90, 76, 138, 206, 126, 76, -42, 22, -98, -80, -62, -36, 64, -2, 84, 48, -316, 114, -14, 6, 214, -78, 272, -168, 76, -40, 260, 204, 26, 174, 166, -120, 80, 8, 270, 48, -232, 218, -20, 110, -104, 222, -98, 104, 190, -96, 508, 186, -22, 148, 150, -122, -162, -230, -18, -66, 246, -12, 32, 64, -30, -52, 52, 216, 62, 140, -132, -28, -144, -158, -14, -80, -40, 24, -250, -170, -136, -88, 144, 68, -198, 44, -50, -222, -2, -2, 162, 150, 346, 56, 184, 110, 74, -224, 226, -10, 54, -122, -24, 52, -166, 40, 10, -68, -32, -164, -30, 140, 46, 108, -204, -22, 162, 192, -156, 116, -174, 164, 30, 60, 52, -44, -80, -44, -68, -230, 40, -94, -136, 168, -116, -154, 18, -12, -148, 218, -252, -142, 4, 2, 148, 64, 168, 80, 242, 24, 166, 114, 150, 52, 4, -134, 40, 72, -122, 238, 136, -124, -204, -142, -124, 0, 74, 182, 90, -74, 114, 66, -62, -8, -160, -222, -44, -126, 140, 232, 42, 108, -136, -44, 58, 44, -54, -78, 358, 38, 58, 182, -298, -112, -274, -102, -38, 248, 28, -28, 96, -164, 142, 192, -104, 176, -6, -212, 80, 42, -128, 124, 20, -146, 36, -30, -74, 0, 110, -10, -272, 66, 218, 204, 124, -200, 6, 158, -324, -94, 52, 
210, 102, 80, -124, 32, -122, 70, 146, 12, 100, -178, -18, -66, -130, -12, -30, 74, 268, -120, -274, 228, 14, -74, -152, 138, -112, 90, -16, -12, -28, -108, -90, -246, 110, 50, -174, -66, -226, 20, -26, 150, 84, 214, 70, 96, 58, -6, -116, 152, -280, 218, 132, -4, 0, 226, -52, -46, 48, -72, 250, 18, -118, 74, -198, -18, 94, 188, -232, 154, 40, -56, 12, -36, 74, 214, 124, -52, 114, -60, -126, 52, 312, -8, -28, 118, 44, -90, 90, -14, -134, -166, -8, -88, -120, -44, -40, 32, -234, 122, 50, 40, -26, 220, -108, 36, -80, 66, 0, 78, 212, 10, 122, 10, 158, 180, -138, 16, -50, 98, -72, -56, 136, -96, -126, 20, 26, -162, 110, 82, 134, -140, 128, -58, 28, -90, 64, 94, -72, -132, -194, 86, 86, 144, -22, -232, 34, -142, -48, -72, -96, 156, 58, -210, -182, 114, -92, 132, 76, 72, 162, -218, -78, 174, -200, 20, -92, 128, 80, 86, -68, 354, 68, 12, 84, 6, 120, -136, 22, -50, 46, 112, 102, 56, -100, 180, 22, 60, -126, -40, -80, -30, 260, 64, -36, -24, 340, 10, 172, 266, -4, -182, -28, -104, -258, 66, 92, -116, 18, 24, 50, 34, 246, 90, -40, -246, 216, -162, -118, 162, 16, -56, -94, 202, 84, -28, 142, -28, -216, -30, 28, -44, -20, 78, 80, 4, -2, -56, -218, -206, -74, 0, 178, 170, -154, 164, 130, 120, 374, -66, 56, 182, 4, 56, 64, 14, -22, 38, 62, -14, -74, 154, -26, 2, 36, -100, 94, -44, -160, 78, 298, 120, -164, -86, -56, -184, -108, -42, -82, 84, -40, -16, 204, 176, 40, 228, 32, 256, 210, -32, 258, -116, 10, 26, -96, 86, -234, 54, -28, 94, -96, -78, 8, -110, -130, 186, 56, 102, -104, 30, 24, -268, 72, -48, 138, 122, -4, -44, -114, -4, -170, 36, -28, -60, -134, 12, 58, 100, 48, 162, -178, 80, -56, 98, 152, 74, -112, -106, -2, -98, 300, -30, 114, 264, -58, -100, 102, -158, 242, 178, -72, 264, -204, 82, 160, 54, -22, 100, -120, 146, -84, -42, -66, -90, -64, 0, -24, 190, -122, -20, 242, 206, 10, -78, 114, -60, 198, 0, 158, 2, -26, 32, -160, 100, 142, 76, -316, -104, 208, -48, 162, -74, 54, 50, 76, 2, 58, 148, -104, 58, -118, 116, 298, 48, 198, 68, 66, 64, 38, -144, 272, 92, 96, 4, -118, 32, 54, -96, -144, 156, -68, 6, -36, -66, -4, 70, -34, -28, 100, 0, -96, 178, 300, 226, 10, -106, 34, -78, -150, 178, 38, -26, 128, 46, 176, 138, -102, 122, -236, -104, 160, -100, 216, 198, 98, -86, 74, -54, -56, -28, -10, -38, 264, 6, 156, 132, 126, -230, -6, -64, -64, 166, 108, -162, 124, -192, 48, 160, 142, 202, 192, -6, 44, 42, 38, 140, 50, -66, 6, -78, 242, -48, -168, 70, -82, -22, 24, 36, 274, 80, -26, 
-238, -36, 70, 218, 140, 208, -20, -182, -108, 30, 146, -160, 192, -24, 18, 60, -18, -22, 74, 258, -38, -18, 172, 246, -118, 108, -52, -14, 30, 184, 30, -122, 320, -102, 96, 6, 36, 104, -30, 84, -4, -50, 6, -84, -214, -6, 22, -22, -130, 182, 38, -116, 52, 214, -130, 134, 28, -88, -40, -318, -58, 114, 84, -28, -56, -232, -30, 52, -194, -8, 104, 176, 72, -106, -122, -62, -118, -128, 200, 126, 50, -118, 190, 76, -102, 12, 80, -34, -50, 70, 128, 92, 44, 72, 136, 124, -74, 104, -74, -14, 34, -18, -128, -24, 196, 190, 8, 112, -234, -130, 34, -100, -92, -64, -36, 160, -68, 8, 100, -12, 70, -112, 164, 130, 44, 68, 216, 58, -10, 106, 24, -158, 22, 76, 20, -156, -122, 20, -46, 42, 18, -66, 80, 114, 54, -122, 134, -124, 0, -196, -64, -92, 292, 0, -68, 126, 50, -280, -40, -52, 116, 6, -82, 192, -82, 72, 20, 134, -60, 56, -164, -14, -96, -84, 0, 98, 168, -136, 24, -50, -34, -116, 16, -48, -12, 60, 8, 286, 30, -22, 362, -86, 26, -34, 48, -336, 146, 26, 30, 100, 170, 100, 202, 306, 94, -108, 126, 0, -52, -140, -94, -166, -82, 52, 224, -86, -24, 154, 26, -108, -32, 132, -16, 24, 140, -106, -142, 310, 14, -60, 248, -6, 16, -32, 70, -2, -188, 214, 242, -10, -36, -38, 14, 154, -104, -70, -12, -270, 228, 18, -122, -46, 180, 20, 22, -36, -248, -96, -218, 158, -52, -32, 40, -68, 60, 88, 248, 278, 112, -296, -128, 212, 360, 136, 208, 170, 14, 182, -18, 100, 74, -78, -6, -132, -136, -140, -152, -128, 28, -114, 250, 46, 24, 154, 154, 92, 6, 82, -180, -62, 144, -82, 250, 108, 20, -32, 60, 190, -160, 64, 246, -72, 42, 70, 56, -10, 102, 194, -16, 48, -26, 8, 142, 204, -44, -184, -36, 6, -206, 146, 100, -110, -4, -30, 188, 16, 238, 30, 264, -202, 36, 90, -148, -6, -4, 70, 48, -328, -222, 54, -228, 280, -26, -168, 136, 88, -2, -4, -134, 174, 92, -2, 154, 68, -100, 304, -146, 132, 160, -194, -170, 112, 188, -258, 86, -172, -142, -66, -72, 176, -188, 360, 40, -96, 42, 230, 164, -118, 156, -150, -16, -14, 36, -178, 100, 192, -42, 146, 18, 34, -114, -232, 0, -180, 8, 66, 4, -6, 36, -118, -108, 34, 68, 0, 130, -104, 102, 68, -152, 62, -4, 132, 126, 2, -18, 332, 44, 56, 60, 200, -154, -138, -40, -8, 54, 70, 100, 248, -116, 114, 36, -8, -46, -24, -70, 36, 12, 162, -56, 38, 186, -152, -34, -12, 28, -66, 160, 28, 2, 144, 28, -92, -18, -58, -138, 68, 176, -74, -138, 252, -94, 74, 100, 28, 92, -2, 108, -208, -78, -10, 82, 94, -22, 68, -88, 42, 152, 54, 60, -174, -94, 48, -2, 20, 24, -138, -118, -28, -24, -62, 
240, 72, -98, -72, 106, -128, 16, 122, 42, 238, -14, 14, -62, 244, 44, 36, 120, 52, 146, -252, -138, 4, -196, -106, 238, -44, 282, 26, 30, -74, 24, 244, -130, 136, -72, -170, -74, 38, 78, -166, 68, 130, 6, 146, 92, -82, -26, 126, 118, -94, 94, 274, -74, -68, 234, -34, -158, -12, 80, 490, 76, -100, 34, -50, 70, 150, 160, 66, 148, 118, -230, -64, 40, 150, 106, 230, 86, 126, -110, -210, -12, 20, 20, 222, 166, -24, -162, -82, 34, -180, -86, -104, 38, -60, -40, -184, 172, 116, 72, 134, 176, -54, 70, 78, -124, -108, -54, 2, 432, -14, -134, 180, 54, 174, 84, -86, 60, -60, -78, -42, 42, 182, -40, -220, 78, -44, -182, -150, 98, 164, -136, 108, 50, -50, 134, 202, 114, -176, 72, 184, -18, -28, 76, 74, -20, 128, -144, 266, -50, 258, -66, -90, -346, 18, 246, 82, 82, 268, 114, -100, -112, 48, 70, -128, 238, -22, -94, 92, 70, -160, -26, -192, 140, 0, 176, -42, 120, 104, -40, -74, 168, 128, 216, 104, 46, 58, 256, -184, 50, -2, -22, 30, -24, 102, -190, 226, -18, -42, -52, 98, -150, 88, 84, -378, -30, 172, 94, 56, 44, 56, 50, 114, 154, 44, -120, 18, 90, 40, 18, 30, 104, -6, -26, 16, 36, 2, 210, -228, 14, 140, -120, 296, 96, 164, -138, 106, 144, -118, -276, 38, 20, 80, -106, -128, 18, -56, 182, 244, -314, -106, 92, 134, -232, 286, 130, 50, 270, -8, 62, -206, -48, 60, 48, 298, -174, -114, 12, -304, -12, 234, 338, 34, -124, 68, -16, -188, -128, -38, -130, -122, -116, 230, -74, 60, -64, 230, 156, -38, -144, 88, -210, -82, 122, -90, -134, -144, -74, -6, -6, 22, 126, 152, -60, 18, 48, 118, -8, -82, 96, 130, -288, -100, 156, 60, -56, -6, -156, -72, 56, 0, -86, 96, -218, -108, 106, 104, 4, -18, 262, 70, 64, 92, 90, 30, -48, -42, -112, -2, -174, 76, 132, -64, 4, 38, 172, -6, 94, 194, 354, -94, 196, -224, 180, -44, -14, -22, 32, 96, 44, -72, -58, 76, -130, 46, 88, -200, 114, -98, -28, 72, 242, 64, 0, 202, 58, 136, 94, 196, 28, 8, 274, -188, -114, 78, -92, -60, -38, 14, -106, 106, 156, 26, -220, 0, 72, -112, 86, -208, -46, -40, 4, 2, 2, 244, 138, 4, -38, 96, 8, -86, 478, 46, 14, 86, 60, 6, -58, -34, -8, 58, 24, -136, -120, 58, -72, -120, -4, -104, -202, -14, 62, 40, 148, -40, -162, -56, -244, -232, 184, 44, 36, -150, 162, -52, 0, 56, 6, -198, 70, 202, -14, 136, 200, 114, 134, 192, -210, 24, 14, -90, 64, -72, 166, 80, 82, -156, 26, 108, 242, -102, 58, -94, -216, -86, 10, 94, -240, 238, 140, 4, -20, -28, 52, -10, 6, 80, -48, -78, 14, 272, 226, -180, -94, -144, 208, 50, 96, 98, 38, 84, 
-106, 126, 300, 18, 58, -44, 62, 64, -8, -244, 156, 138, 164, -154, 186, -108, -254, 90, -26, 106, -38, -42, 138, 202, -142, 272, -140, -122, 218, 104, 6, -70, 114, 10, -44, 218, -106, 14, -22, 18, -98, -110, 240, -96, -24, 88, 44, -230, -124, 302, 46, -158, 156, -40, 28, 86, 44, -22, 22, -364, -86, 18, -14, 82, -218, -4, -176, -222, -206, -42, 236, -22, 88, -26, -96, -30, -28, -148, 276, 106, -44, -44, 58, -98, 4, 30, 382, -34, -44, 94, 222, 82, -26, 188, 116, 124, -64, -68, 20, 0, -94, 154, -4, -98, 10, 86, -26, -158, -238, -28, 72, -96, -102, -78, 88, -2, 110, 2, 152, 276, -60, -86, -38, 230, -162, -84, 192, -142, -194, -56, 184, -66, -12, 220, 160, 20, -46, 130, -44, 40, 118, -142, -80, 104, 104, -28, 92, -230, 106, -194, 62, 28, 152, -84, 2, -28, -104, -172, -172, -150, 286, -66, -20, 70, 30, 82, 182, -66, -154, 152, 24, 62, -138, -8, 174, 134, -130, 178, -24, 2, -242, -204, -164, -100, -30, 78, -54, 214, 46, 20, 78, -40, 14, -8, 254, -104, 126, 154, 42, 52, 204, 86, -174, 356, -142, 136, 114, 166, -94, -36, -98, -140, -6, -148, 24, 22, -56, 38, 48, -72, 130, -68, 284, 4, 16, 60, -92, 390, -76, 8, 160, -230, -34, -232, 188, -48, -202, -44, 570, -74, 122, -54, -82, 122, -48, 128, -174, -142, 110, 200, 14, 56, 146, -20, 44, 130, -140, -16, 82, 226, 36, -52, -280, -48, 232, 24, -82, 184, 6, -42, -222, 140, 258, 72, 16, 216, 120, 246, 126, 188, -32, -86, 86, -78, -106, -186, -98, -84, 56, 4, -12, 78, 20, 18, 34, 40, 188, 4, 2, 72, -54, -112, 126, -86, -86, -134, 140, 10, -2, -114, 260, 196, -44, -98, 32, 116, 184, -46, 66, -66, 52, 48, 112, 74, 38, 74, 330, 16, -126, -36, -36, -26, 14, 58, 44, 72, 80, -60, 26, 120, 82, 82, -36, 156, -210, 318, 112, 46, -208, 70, -26, 250, -174, 126, -20, -114, 184, -26, 130, 192, 176, -126, 40, 34, -6, 126, 88, 316, -100, 48, -104, -32, 104, -106, 2, 114, -36, -126, 26, 82, -162, 278, 224, -142, 6, 16, 186, -76, 180, -64, -142, 106, 182, 264, -186, 0, -30, 254, 184, 62, -24, 94, 124, -270, -52, -44, 276, 30, 48, 114, -246, 60, -28, 18, -62, 138, 4, 120, 30, 122, 42, 220, 10, 4, -54, 116, -72, -68, 246, -78, 104, 8, -130, 82, -42, 2, 112, 250, -2, -22, -170, 188, -242, 86, -34, -206, -6, 26, -150, 32, -206, -30, 40, -100, -18, -18, 170, 64, 54, 232, 44, 90, -196, 26, 8, 46, -18, -52, -158, -62, -54, 90, 216, -40, -48, -54, 202, -198, -332, 128, -30, -8, 44, 58, 100, -100, -94, 142, 16, -12, -206, 160, 50, 62, 0, -74, -68, -144, -94, 94, 
128, 4, -146, 8, -38, 68, 40, -34, 48, 256, -52, -8, -122, -38, -100, 144, 210, -100, 30, 132, 142, -34, -94, -52, 150, -190, 136, -16, -176, -70, 110, -146, 62, 52, 164, -190, 56, -46, -38, 36, 8, 68, -74, 10, 176, -2, -84, 70, -90, -114, 92, 126, -44, 140, 36, 86, 56, 144, -12, 20, 134, 20, 218, -128, 252, 16, 192, 294, 306, 48, -126, 88, 44, -96, 196, 28, 66, -10, -254, 72, 136, -126, -68, 136, -48, 84, -252, -90, 34, 220, -122, -108, 42, -232, -130, 32, 142, 22, -32, 78, 14, -44, 28, 84, 8, -116, 40, 104, 236, 90, 90, 92, -26, 144, -198, 12, 194, -106, -98, -162, 66, 82, 0, -54, 74, -20, -90, 258, 118, 184, -76, 58, -8, -82, -356, 78, -78, -66, -30, 212, -128, 228, -32, 102, -54, 92, -48, 178, -66, 52, 84, -126, -24, 114, -136, 50, 142, 172, 112, 176, -222, 204, 64, -38, 104, -138, -32, 58, 296, -58, -26, 44, 64, 48, 14, -108, 196, 2, 56, 112, 244, 76, 98, 28, 8, -52, 24, -142, -182, -14, -10, 118, -14, -128, -66, 214, -212, -150, 56, -48, -202, -262, 168, -62, 112, -74, -262, -8, 160, 26, 160, 190, 80, 142, 4, 16, 54, -58, -146, 16, -44, 52, -136, 218, 168, -312, 58, -186, -24, 34, 62, 256, 246, 246, 26, -44, 80, 162, -320, -144, -230, 44, -64, -100, 70, 88, 110, 200, -128, -52, -2, -134, -148, -72, -250, -96, 78, -174, 132, -112, 104, 64, 220, 0, -274, -114, -106, 4, -50, 6, 2, -44, -210, -40, -78, -60, -54, -42, -128, -254, 50, 290, 174, 18, 82, 262, 22, 98, -106, -94, -4, 16, -42, -76, -10, -80, 106, -80, 134, 272, 150, 142, -28, 190, 106, 154, 38, -104, 30, 174, -44, -152, -66, -22, 54, -76, 26, -38, -260, 148, 46, 158, -110, -120, 94, 80, -274, 160, 90, -158, -50, 54, 306, 56, -104, -102, 32, 96, 182, -138, -118, -72, -48, -136, 58, -166, 132, 84, 162, 2, 42, -102, -2, 68, 152, 130, -42, -24, -50, -156, -40, -46, 210, 4, -168, -144, 176, -268, -30, -34, -62, 56, -124, 324, 38, -176, -130, 114, 46, -20, 140, -324, -132, 84, 136, -80, 22, 106, -214, -48, 314, -116, 52, -238, 178, 66, -22, 8, 46, -54, 168, -120, 30, 138, 244, 218, -118, 60, 38, 42, 198, -52, -32, -136, 122, -110, -92, 46, -114, -152, -62, -106, -12, -36, 302, -216, 66, 46, -42, 104, -64, -32, 24, -70, -68, 80, -14, -220, -44, 76, 190, -118, 24, -174, 122, 72, 148, -88, 134, 46, 356, 24, -124, 48, -8, -32, -152, -138, -124, -170, 18, -54, 2, 38, 4, -134, 8, -106, 208, 156, -50, -202, -122, -46, -28, -120, -82, 186, 272, 58, 172, 36, 76, 136, 46, 104, -50, -6, -14, -62, 254, -152, -4, 2, 104, 66, 54, 104, 138, -238, 
-256, 120, 278, -230, -48, -86, 140, 68, -2, -144, 54, 72, 50, 252, -24, -2, -126, -122, 72, -254, 98, 60, -42, -102, 46, 236, -48, 112, 50, 150, 50, -52, -74, -200, 104, 96, 66, 196, 34, 62, -184, -76, 66, 24, -84, 84, 282, 82, 136, 106, 28, -162, 84, -10, 68, -136, 30, 168, 38, -244, 44, -4, -104, 48, -52, 54, -46, -218, -350, 34, 90, 70, -16, -120, -302, -30, 68, -114, -10, -62, -60, 72, -22, -36, -110, -112, 268, 120, -10, -74, 240, 84, 48, 232, 100, 56, 206, -10, -74, 72, 62, -68, 12, -24, 8, 132, -56, 84, -30, -60, -48, -6, -84, 62, 186, 166, -132, 132, 132, 126, 62, -56, -46, 60, -94, 274, 118, -106, -34, -162, 122, -136, -144, -2, 310, 14, 50, -146, 266, -32, 10, -222, 32, -126, 106, -38, -34, -28, -8, -88, 304, 72, -66, -148, 134, -154, 76, -58, -100, -174, 202, -266, -84, -10, -110, 82, 140, -22, -154, 74, 50, -80, 44, -56, 138, 74, -152, -22, 236, -110, -138, -166, 104, -90, 42, -82, 84, 62, 32, -36, 14, -146, -62, 58, 176, -156, 46, 220, 18, 70, 86, 220, -44, -16, -74, 28, 204, 52, -82, 50, 60, -38, -228, -30, 134, -16, -22, 12, 118, -116, 128, 26, 174, -150, 80, 394, 74, 174, 80, -68, -6, 244, -254, -188, 158, -80, -38, -100, 246, -22, 120, 68, -262, 70, -136, -72, -36, 120, 220, 88, -30, 50, 94, -72, 184, 254, -168, 68, -56, 76, -52, 20, -106, 108, 150, 230, 132, 230, 54, -50, 2, 120, 172, 90, 240, 106, 160, 106, 154, 124, 46, -156, -62, -76, -46, -202, -134, 4, 122, 222, 36, -68, -34, 228, 10, -20, 172, 126, -42, -206, -156, -264, 110, -40, -122, -26, -72, 112, 44, 54, 90, 54, 8, 116, 44, 100, 26, 16, 418, -82, -78, -176, 248, 132, -138, 70, 280, -52, -84, 200, 78, 58, -58, -78, 136, 28, -4, 66, -98, 138, -48, 188, 32, 20, -90, 166, -26, -172, -38, 6, -206, 116, -64, -90, 22, 6, 112, 8, 196, 96, 74, 102, 22, 36, 74, 106, -174, 366, -68, 76, -136, -78, 164, -198, 34, 42, 50, -76, -86, 40, 54, 160, 154, -212, -284, 134, 134, -186, -6, 20, 60, 132, -142, 194, -198, -14, 74, -56, 142, 168, -92, 52, -86, -138, -152, -212, 64, 136, -16, -98, -174, 116, 18, 252, 140, 208, -46, 126, 72, 26, -42, 260, -182, 186, -20, 182, 108, -12, -30, -58, 126, -22, -116, 196, 46, -30, 78, 192, -18, 182, -128, 228, 16, 126, -236, -68, -54, 136, -78, -156, -228, 4, 274, 10, 28, 94, 340, 160, 6, 12, 128, 28, 158, -40, 110, 346, -26, 146, -68, -132, 26, 204, 150, -100, -164, 118, 44, -140, -356, 118, -156, -20, 116, -60, -308, -64, -82, -18, 220, 8, -2, 354, -12, 72, -72, -136, -62, -4, -116, 56, 
70, 48, 8, 406, 68, -50, -12, -106, -38, 190, 38, 46, 74, -16, 152, 38, 220, 102, -130, 288, 120, 52, -4, 26, 0, -86, 66, -154, -2, -170, 102, 122, 288, 114, -168, 192, -90, -80, 130, 40, 262, 80, 106, 150, -30, 174, -100, -38, 54, -42, 22, 86, -88, 34, 60, 52, 288, -196, 180, 106, 20, 10, 26, 104, 46, -114, -12, 182, 272, -26, -4, -284, 2, -18, 258, 26, -54, 160, -160, 192, 82, 64, -8, 0, 130, 170, -54, -66, 64, -24, -96, -22, 156, -212, -36, 38, -194, -30, -6, 300, 4, 184, 138, 12, 138, -56, 40, 26, 44, -208, 84, -72, 24, -188, -136, -140, 46, -36, -14, -44, -22, 252, 174, -38, 120, -164, 116, 102, -46, 252, 118, 160, -96, 246, -44, -74, -112, 24, -150, 76, 80, 234, 92, -50, 40, -2, 180, -12, -118, 192, -202, -180, 24, 56, 28, -30, -50, 42, 236, 44, -74, 184, 22, -100, 18, -84, -112, 40, 2, 148, -156, 36, 32, 68, -60, -92, 126, 72, -40, 50, 140, 232, -62, 70, 82, 20, 12, -68, 4, -90, 0, -126, 106, 44, 32, 140, 8, -116, -26, 218, -48, -44, 66, 92, 230, 216, -78, -38, 84, 24, -76, 34, 96, -6, -20, 96, -50, 150, 4, -178, -34, -96, -108, 224, -2, -396, 136, -92, 122, 252, -32, -152, 126, 360, -244, 180, -38, 78, -116, 126, -78, -6, 210, 70, 322, 126, -44, -208, -282, 190, 122, 52, -4, 96, -88, -168, 112, 136, -16, 4, 30, -34, 118, -212, -42, -120, 80, -152, -4, 114, 100, -178, -28, -114, -138, 86, 34, -112, 46, -66, 160, 134, 154, -66, 190, 266, 152, 78, -216, -10, -212, 180, -10, -36, -80, -28, -302, -24, 108, 280, 94, 312, -110, 134, 74, 6, 44, 16, 46, -164, -40, -8, 100, -114, -130, -96, 114, 240, -174, 164, 180, 122, -72, 34, 312, 44, 22, 54, -14, 0, -150, 42, -2, 168, 196, -14, 52, 280, 52, -44, -8, -4, -72, -30, 112, -44, 16, -2, 10, -172, 232, 40, 100, 160, 8, 192, 306, -132, -24, -200, -70, -128, -60, -230, -30, 114, 98, -106, -60, 8, 74, 66, -6, -40, 176, 138, 74, 80, 72, -124, 102, 24, -220, 152, 88, 56, -110, 276, 90, 116, 176, -4, -32, -140, 150, 60, -104, 56, -80, -184, 2, 234, 212, 192, 108, 206, -28, -6, -30, 280, 156, -170, 70, -68, -48, -136, 70, -18, 18, -98, 118, -6, 246, -62, 24, -24, -28, 16, -134, 136, 82, 12, 52, -12, -70, 140, 10, -64, -174, -42, 282, -254, -6, -182, 216, 166, 272, -104, 20, 156, 148, 64, -128, 138, 72, 2, -4, -240, 4, -54, -108, 90, 98, -56, -134, -140, 236, -118, 114, -16, 22, -170, 36, 164, 138, 54, 46, -8, 216, -54, 58, 194, -178, 198, 224, 124, 62, -2, -94, 158, 12, -160, 70, 72, 318, 106, 30, -16, 250, 10, 
-132, -58, -40, -282, -30, 258, 254, -102, 168, -26, -42, -68, -60, 142, -34, 8, 28, 70, -48, -100, -10, 170, 128, 12, -26, 134, 40, 144, 84, 84, -70, 34, -68, -46, 184, 8, 64, -14, -144, 60, -188, -146, -112, -242, 50, -86, 182, 298, 78, 14, -2, 78, 54, 18, -168, -36, 0, 144, 78, -188, -84, 174, 170, -34, -264, 74, -76, -32, -152, 120, 170, 218, 42, -106, -56, 44, 272, 10, 214, 18, -30, 50, -8, 24, -96, -242, -40, -72, 50, 42, 240, 226, -134, 8, 214, 132, 92, 20, -132, -206, -52, -52, 18, 56, -2, 120, -108, 42, -250, 146, -66, 68, -22, 120, 136, 98, 86, -92, 160, 72, 88, -268, -140, -146, -8, 116, -216, 58, 178, -286, 42, -294, -2, 2, -8, 130, -112, 120, 30, -18, -2, -44, -120, 152, 92, -22, 50, 226, 28, 32, -8, 40, 98, 58, -6, 44, 130, -194, -72, 118, 82, -40, -146, 208, 66, 140, 154, -44, 194, -50, 92, -70, -14, 266, 274, 78, -138, -26, -100, -8, -148, -102, 170, -44, -156, 56, 104, 22, -60, 266, -88, 114, -42, -140, 96, -58, 62, -54, 90, -194, 8, 228, 76, -34, -304, -58, 4, -106, 32, 202, 60, 42, 44, 234, 262, -114, 74, -106, 114, 128, 114, 64, 82, -118, -26, 370, -190, 36, 66, -52, -58, 250, -252, -50, 168, -8, -68, -152, -46, -136, 44, -54, -240, -160, -42, -236, -108, 180, 290, -84, -252, -76, -16, 20, 130, 66, -138, -20, -64, 54, 30, 64, -8, 186, 40, 24, -58, 162, 48, -18, 32, 104, 194, 314, 42, -82, -100, 158, 76, 162, 52, 102, 24, 46, -94, -122, -62, 26, 144, -60, 56, -234, 84, 150, 192, 54, 170, 8, -32, -332, -90, -74, 112, 36, 108, 78, -6, 40, -26, 82, 32, -72, -210, -90, 238, 152, -200, -312, 96, -22, -52, 52, -32, -98, -192, 80, -4, -54, 98, 18, -22, 112, 132, -36, -108, -182, 20, -334, -144, -30, 194, -62, 128, 48, 26, 178, 12, -16, 6, 112, -140, 2, 12, -110, 136, -198, -240, -144, -52, 44, 60, 154, 110, -6, -84, -118, -142, 68, -44, -6, -94, 22, 46, -58, 110, -54, -48, -126, 80, 104, -158, 138, 128, -96, -12, -320, 132, -70, 30, 78, 120, 102, 102, 136, -208, -194, 74, 20, -150, 176, 154, -188, -78, -160, -184, -226, -100, 52, -60, -246, 82, 22, -94, 262, 140, 154, 36, 116, 172, 100, 244, -44, -164, 118, -86, 90, 212, -40, 214, -118, -200, 28, 120, 88, -18, 166, 46, 124, 188, -62, -152, 38, 20, 18, -166, -72, -142, 80, 22, 70, -118, -140, 96, -46, -10, 4, 34, 168, 82, 148, 20, -180, 40, 136, 206, 174, -214, 146, 194, 12, 46, -4, -16, 14, 26, 184, -144, -6, -86, 100, 58, -108, -38, -158, -92, -78, 24, -64, 28, -30, 80, 102, 36, -42, -230, 24, 100, 22, -218, -152, 
154, 8, 8, 164, -52, -88, -190, -22, 2, 176, 60, 30, 238, -106, 32, 56, 166, 60, 94, -88, -46, -156, -48, -68, 78, 36, 116, 12, 54, -62, 154, 18, -60, 192, -158, 220, 68, 140, 192, -56, 384, 124, 142, 246, 82, -2, 160, -270, -56, -14, 190, -82, -98, -10, 16, 102, 4, 28, -124, 202, 156, -166, -168, -42, 230, -10, -12, 0, 146, -162, 154, -26, -176, 4, 254, -32, -128, -14, -120, -104, -48, -44, -42, -134, 164, 64, 54, -60, 48, 12, -204, -46, 202, -164, 54, -48, -16, -50, 48, 76, 130, 50, -94, 20, 18, -256, -20, -112, 168, -18, 70, -56, 272, -174, -228, -68, 10, 80, -64, -62, -8, 236, 274, 98, -24, 14, 274, 150, -6, -28, 32, 224, -28, -106, 92, -88, 88, -212, 124, -42, 30, -150, -40, -14, -72, -92, 72, -44, 152, -92, 158, 54, 118, -12, 212, 2, -94, 66, 34, 94, 2, -154, -2, -16, -30, -48, 190, -116, -26, 82, 160, -230, -12, -4, -122, -46, -38, -90, 54, -30, 204, 148, -90, 190, 14, 126, 96, -16, -14, -340, 14, 0, 106, 46, -172, 182, -58, 116, -196, -40, -86, 94, -2, 14, 238, 120, 0, -20, 88, -78, -88, 36, -50, -104, -226, 28, -118, 66, -74, 60, -206, -104, -162, 152, 180, -102, 170, 30, 176, 62, 102, -30, 148, 92, 70, 170, 230, 82, -72, 246, -100, 106, 152, 160, 266, 420, 56, -152, -276, 194, 88, 24, -130, 74, -96, 120, -60, -6, -36, -36, 96, -22, 88, 164, 226, 2, 158, 0, 102, 0, 42, 142, 68, -42, 28, -18, -20, 44, 80, -42, -8, -120, 106, 74, 110, 48, 86, -14, -184, 196, 224, 272, -232, 86, -50, 38, -152, 124, -42, 268, 180, 0, -136, -68, -152, -102, 82, 44, 128, 72, 74, 8, 84, 162, -120, -164, 96, 102, -120, 158, 112, -136, 182, 110, 364, -138, -160, -42, 32, 86, 102, -38, -76, 86, 134, 238, 44, 98, 42, -120, -26, 114, -60, 52, 64, -184, 98, 118, -62, -44, 258, 152, 18, 310, 68, 156, 124, -40, 38, -22, 86, -82, -12, 92, 108, 88, 64, -56, 214, -62, 34, -6, 84, 108, -80, -112, -72, 128, -144, 34, 202, 54, -22, 104, 152, 52, -110, 80, -48, 2, -78, 58, -32, -42, 170, 196, 20, 80, 360, 6, -18, 186, 180, 74, 284, 400, -30, 168, 144, 210, 72, -34, 170, 40, 56, 54, 160, -172, -208, -160, 76, 136, 360, -172, -74, 16, -88, 76, -132, 114, 276, 182, -142, -30, -134, -70, -88, -178, -70, -124, 284, -76, 50, -42, 26, 6, 76, -44, 86, -26, 46, 94, -24, 36, -96, 34, -200, -106, 84, -148, 64, 184, -6, -194, -50, -102, 168, -108, -122, 200, -46, -114, 110, 10, 16, -68, 108, 172, 192, -12, 68, 12, 168, 24, -16, 2, 166, 160, -100, 58, 84, -86, -64, -44, 300, -166, -128, -30, 112, 208, 
132, 62, -40, -252, 20, 88, 150, 54, 88, -108, -92, -50, -200, 106, -142, 40, -14, -4, 74, 188, 174, 218, -72, 42, -108, -20, 38, 66, 102, 150, -32, 24, -36, -126, 222, -52, 196, -140, -108, 240, -310, -68, -24, -148, -86, 24, 38, 244, 246, 48, -68, -138, 98, -60, 106, -52, -14, -156, 222, 2, -22, 346, 56, 52, -162, 80, 54, 102, -16, 160, -242, 90, 142, -124, 26, 44, 310, 20, 92, -12, 46, 128, 132, 70, -42, -14, 40, 166, 102, 86, 308, 156, 86, 264, -54, 56, 44, 44, 98, -118, -130, -88, 80, -94, 6, 216, 0, 56, -160, -6, 60, -22, -112, 84, 90, -68, -44, -58, 84, 150, 32, -164, -130, 2, -128, 22, -228, -58, -6, 44, 40, -188, 28, 142, -40, 46, -110, 144, 22, 238, 76, 222, -54, -36, -40, 60, 110, 66, -226, 246, -28, 46, -60, 26, -246, 2, -36, -164, -128, -126, 128, -34, -216, -32, 98, -48, -174, 204, 70, -174, -10, -40, 78, -46, 268, -176, 222, 192, -8, 78, -104, -88, 50, 76, -98, -90, 72, 94, 60, 214, -10, -112, -76, 2, -98, 60, 226, -262, 210, -130, -28, 34, 16, 172, -132, 12, -36, -110, -46, -2, -38, -80, 102, 192, 212, -16, -92, -28, 118, -118, -24, 140, 98, -2, 96, 134, -162, -20, 40, 142, -16, -32, -196, -210, 104, -112, -78, 2, -76, -10, 78, -234, -4, 6, -160, -338, -20, 134, 200, -84, -84, 100, 126, -156, 46, -96, 118, -58, 48, 52, -64, -82, -8, 56, -188, 146, 106, 36, -78, -30, 6, 82, -18, 152, 74, -64, 160, -46, -108, -94, 70, -46, -92, -136, -76, -26, 112, 114, 124, -2, -22, -184, 218, -48, 54, -66, 108, -56, 24, -84, -2, 160, -84, 122, 102, 30, -120, -88, -224, -128, -112, 114, 102, 54, 36, 184, -168, -30, 230, 74, -34, 90, -60, 46, -190, 88, -8, 146, -120, -58, -70, -62, 168, -76, -142, 62, 20, -72, -2, 22, -16, 68, 108, -38, 172, 182, -48, -228, 268, 36, 16, -92, -64, 14, 66, 48, -56, 62, 82, -114, 72, 184, 102, -74, 106, 132, -94, 120, -48, 8, -86, -152, 106, -212, 194, -32, 152, 26, 108, 18, 32, -104, 16, 106, -40, -30, 66, -116, 98, 54, -118, -46, 354, 34, -54, -238, -186, -200, -258, -120, 134, -56, -42, -130, -60, -288, -116, -12, -64, 104, 24, 32, 154, -208, 22, -16, -22, 86, 244, 250, -20, -66, -298, 190, -12, 16, -90, 78, 206, 42, -304, -66, 142, 10, 64, 70, -16, 112, 50, -6, -90, 68, -124, 76, -24, 44, 36, 24, -94, -40, 86, 84, -62, 78, -88, -158, 90, 38, -4, 66, -86, -78, -64, 136, 234, 26, -104, 150, 192, -140, 114, 114, 88, 86, 52, 98, -122, 24, -2, 30, -176, 18, -154, -46, 22, -20, -116, 74, 152, 196, -138, -128, -16, 128, -210, 168, 160, 278, -38, -242, 
-16, -66, 90, 352, 78, -64, 26, -12, -46, 14, 86, 38, 176, 106, -32, -202, 64, 16, -92, 78, 36, -52, 52, -146, 42, -14, -10, -22, 12, -130, 210, 122, -44, 266, -78, -8, -102, 118, 104, 58, 282, 64, 182, -216, -16, -88, 114, -200, -162, 42, 2, 4, -24, 52, -128, 186, 24, 0, -44, -132, 84, -274, -162, 50, 10, -22, -52, -124, -56, -146, 220, 4, -64, 102, 166, 104, -198, 92, 110, -26, -30, -48, -128, 120, 92, 18, 150, -108, -54, 18, -130, 26, 70, 70, 88, 14, -76, 210, 192, 154, 74, 42, 168, 168, -118, -134, 28, 96, 92, -138, -34, 66, 44, -120, 80, 282, 136, 76, -44, -68, 14, 162, 188, -18, 86, -82, 120, -132, 108, -48, -62, 156, -34, -166, 142, 10, 110, -110, -36, -62, 202, -190, 74, -24, 38, -50, 56, -134, 128, 74, 314, -46, -242, -132, 222, 102, 38, 24, 206, 12, -178, 96, 84, 34, -192, 302, 204, -120, 84, 90, 8, -26, -76, -24, -162, 134, -4, -14, 12, -112, 60, 114, 216, -28, 284, 178, 50, 0, -16, -54, -108, 56, 108, -110, 100, 76, -90, 388, 22, 210, -222, -72, -24, -210, -168, 34, 54, 176, 250, -60, -12, 328, -122, -218, 60, 68, 78, -22, -144, 94, 234, 10, -182, 80, -100, -240, 132, -12, -166, 0, -108, 158, 52, 298, 16, 12, -118, 52, 14, -24, 124, 86, -28, 4, 82, 90, 138, -146, -168, 204, 12, 80, 0, 26, -94, 52, -168, 170, -2, 68, 104, 166, 28, -130, 214, -10, 154, 168, 200, 82, 102, -160, -68, -108, -10, 90, 12, -32, 220, -14, -62, 60, 60, 256, 140, 118, -136, 76, 130, 252, -116, 188, -226, 246, 136, 66, 74, 132, 40, 58, 130, -80, 0, -60, 2, 52, -70, 380, 118, 92, -10, -28, 12, -78, -60, -78, 26, 78, -118, -76, 188, -92, 216, -38, 278, -82, 38, 36, -8, 124, 146, 168, -46, 6, 62, -4, 104, 38, -58, 148, 92, -66, 10, 20, 28, -84, 138, 20, -190, -98, -2, 82, 154, -32, 70, 152, 34, 188, -128, -200, 82, 134, 32, -32, -58, 30, 18, -68, 184, 60, -30, 242, -56, 286, -28, -94, -112, 142, -28, 0, -6, 152, -114, 2, 66, 124, 42, 190, -46, 42, 72, 38, -70, 222, 80, 204, 166, 34, 24, 246, -116, 0, 158, 84, 88, 178, 14, 24, -64, -24, -182, 80, -58, 2, -94, -134, 22, 12, -62, -70, -38, 48, 216, -160, -88, -136, 6, 2, -114, 162, 244, -2, -96, 8, -216, -8, 96, -36, -78, 54, -22, 10, 152, -26, -24, -82, 44, -166, 168, 122, -84, -52, 106, -128, 190, 182, 10, 28, 90, 58, 68, 54, 80, -68, -18, -16, 198, 56, -18, 116, -158, -134, -152, 28, -106, 52, -62, 94, 118, 54, 108, 58, 268, 146, -78, -80, 222, -122, 80, -178, -192, 154, 68, -104, 274, -42, -28, -288, 80, 268, 
-22, 60, -126, -298, -134, 266, 44, 146, 36, 110, -102, 56, 86, -110, 96, 296, -70, 48, 184, -26, 148, 284, -38, 170, 60, 282, 218, 12, -6, 212, -92, 22, -12, -298, 166, 16, 204, -96, -38, -148, -182, -54, -176, 74, -24, 104, -86, 64, 252, -40, -42, 32, 106, 92, 106, -284, -38, 116, 126, -6, 40, 164, 186, 94, 52, 232, 44, 104, 8, 202, -166, -64, 130, 10, -104, -114, 60, -20, -58, -4, 108, -8, 38, 178, -54, 112, 118, 354, 26, -202, 92, -146, -2, 90, -200, 18, -134, -134, 2, -100, -84, -34, -86, 166, -28, 190, 62, -28, -22, 68, -104, -68, 18, 174, -170, -118, 14, -12, -58, 70, 150, -112, -78, 52, -72, 280, -86, 204, -138, 60, 140, -26, 40, 94, 14, -48, -102, 58, 208, 60, 10, -26, 108, 186, 90, -78, -72, 140, -134, -38, 0, 162, 128, 86, -252, -72, -4, 134, -128, -282, -128, 24, 124, 288, 164, -328, -58, 110, -216, 44, 78, 60, 176, 126, 148, -32, 128, -122, 84, -30, -158, 20, -190, -68, -120, -96, 94, 178, 142, 10, 104, 170, -296, 118, 42, 14, 58, -310, -62, -104, 194, -50, 90, 112, 50, -60, -76, 8, -86, 82, -104, -226, -96, 244, 54, 30, -106, 94, 296, 96, 60, -116, 170, 50, 144, 294, -80, 96, 136, -82, 4, -138, 86, -392, 94, -34, -78, 2, 54, -50, 4, 16, 116, 6, -12, -106, -206, -48, 238, -168, -24, -38, -2, 2, 80, -30, 102, -36, 4, -158, 102, -214, -6, 100, 48, 124, 70, 154, -30, 84, -68, 140, 58, 304, -244, 140, -60, -2, -10, 178, 48, -94, 86, 14, -190, 2, 212, 160, -86, -146, 98, -122, 136, -228, -116, -22, 200, -110, -20, -208, -86, 112, 252, 34, 142, 72, -126, -246, -150, 106, -32, 86, -76, 76, 116, 236, -78, 156, 70, 178, -36, 162, -82, 142, -166, 132, -28, 2, -24, 214, -160, -188, -16, -74, 56, 106, -198, -66, 62, 88, 0, -26, 6, 52, 138, 122, -10, -50, 268, 50, -188, -160, -98, 122, -18, -8, -184, 42, -16, 164, 96, -108, -162, 62, 214, 14, -122, 192, 22, 104, 106, -172, 80, -204, 12, 70, 40, -168, 2, 148, -74, 10, 154, 86, -40, -18, -14, -198, 232, 32, 2, -112, 214, -6, 46, -76, 6, -56, -60, -304, 84, -116, -106, 152, -18, -316, -62, 58, 70, 32, 68, -112, -10, 40, 110, 16, 30, -170, 168, 90, 226, -18, -272, 368, 256, 52, 66, -16, 78, -92, 32, 170, 138, 190, 196, 204, -106, -22, 140, -40, -118, -60, -80, 146, 204, 16, -60, 218, -238, -116, -42, 236, -220, -16, -158, -110, 58, 52, -28, -28, -172, -202, -40, -144, 240, 34, -234, -22, 96, 36, 354, 420, 294, 2, -8, 78, 148, -50, -10, 8, -162, 94, 134, 26, 70, -98, -200, 56, -106, -42, 118, -76, 22, 214, -18, 108, -46, 186, 12, -4, 
-18, -68, -56, 172, 350, -150, 16, 24, 196, 88, 112, 80, 64, 30, -84, -154, 44, 38, -250, 80, -162, -54, 56, 12, 46, -70, -138, 106, -74, -120, 88, 58, 2, 178, -88, 12, -196, 138, -138, 102, 204, 92, 162, 178, 24, 42, 82, -190, -118, 130, 162, -100, 54, -210, 44, 248, 50, -124, -154, 2, 0, -24, -84, 90, -88, -88, -4, -190, 56, -88, 204, 158, -68, -6, -52, 284, -42, 8, 116, 148, -136, -26, -104, -84, -40, 144, -278, -118, -22, 140, -120, 156, 92, -66, 94, -16, -28, 210, 174, 4, -12, 12, 140, -134, -82, -84, 122, 44, -166, -10, 130, -30, 90, -38, 158, 14, 34, 22, 182, 254, -90, 62, 74, -66, 92, -244, 264, -26, 146, 214, -68, -24, 110, 128, -32, -30, 114, -130, -92, -262, -26, 20, -30, -144, -16, 10, 112, -180, 46, -36, 58, 0, -186, 202, 156, 94, -76, -146, -6, 178, 146, 64, -132, -2, -204, 264, 100, -262, 104, 14, -24, -68, -6, 54, -172, -76, 96, 212, -68, 10, 282, 116, 276, 36, 298, -38, -40, -30, 14, 80, 20, -130, 174, -70, 94, 4, -210, 394, -114, 38, -154, 46, -134, -18, -168, 48, 106, 8, 96, -142, 154, 194, 56, -222, -128, -46, 168, 14, -178, -228, 68, 60, -72, -124, -62, -122, 22, -244, -18, 152, 90, -52, -130, 224, 50, 118, 98, 116, -14, 176, 166, -144, 38, -54, 116, 68, 200, 94, -12, 196, -112, 78, 172, 24, 112, 66, -6, 206, 286, 170, 60, 222, -44, 20, -36, -100, -230, -90, 20, -128, 62, 8, -132, -100, 218, -152, 100, 104, -166, -44, -4, 134, 10, 86, 226, 204, -198, 104, -118, 196, -60, 304, -90, 122, 42, 128, -8, 100, -106, 222, 52, -138, -138, 32, -18, 0, 104, 128, 86, -118, 60, -28, 82, 22, 60, -118, 154, -212, -92, -278, 138, -98, 152, -240, 8, -190, 226, 262, 50, -186, 106, 176, -138, 96, -86, -162, 38, 246, -48, 6, -28, 150, 188, 70, -86, -48, -6, 22, -150, 182, 244, 176, 222, -130, -162, 184, -20, -44, 48, -58, 144, 232, 272, 58, -166, 16, 250, -16, -50, -80, -282, -60, -24, 168, -34, -84, -258, -6, 2, -72, 186, -72, -148, -188, -76, 172, -62, 272, -162, 34, -70, 246, -92, 150, 82, 206, 102, 76, 122, 304, 234, 82, -16, -98, -54, 372, 58, -46, 26, -46, -14, 56, -206, 64, -102, -106, 68, 44, 104, -76, -88, 26, 408, -192, -254, -60, 38, 180, -86, 100, 62, -4, 90, -90, -24, -222, 142, 186, -122, -46, 146, 28, 194, -150, -194, -196, -12, 6, 174, 64, 140, -340, 206, -12, 202, 46, 46, 76, -30, 144, 130, 126, 66, 54, -118, 130, 144, -2, 148, -112, -246, -366, -112, 104, 74, 148, -48, -16, -64, 8, 176, 162, 0, -16, -76, 36, 176, 118, 256, -2, 38, 134, -46, -66, 106, -62, 182, -164, -140, 198, 
194, 18, -20, 30, -180, 12, 130, 30, -110, 22, -40, 86, 254, 32, -8, 130, -88, -84, 258, 102, -28, 120, -30, 114, -90, 22, -98, -124, 44, 166, 142, -86, 132, -10, 38, 180, 60, -52, 6, -48, 44, -2, -178, -70, -60, 38, -276, 228, 88, -60, 2, 140, 42, 246, 94, -26, -18, 174, 172, -104, -60, 20, 2, -52, 80, 274, 98, 90, -62, 186, 108, -144, 264, -78, 104, 90, -2, 42, -20, -144, 24, 86, 182, -18, 74, -178, 138, 172, 96, -176, 84, -174, 64, 150, 14, -84, 34, 140, -124, 54, 46, 220, -36, 90, 184, 44, -128, 58, 66, -230, -8, 94, 128, 132, 54, 120, 12, 0, 10, -18, 170, -58, 186, 154, 10, 124, 10, 48, 2, -70, 244, 298, -122, 60, 196, 88, -136, 68, 40, 68, -70, 8, -4, 122, -100, 16, 22, -62, 174, -198, -64, 144, 264, -56, -24, 56, 36, 202, 204, -112, -126, 0, 88, 120, 164, -204, -28, 250, 38, 12, 304, 208, 20, -112, 114, 78, -6, -38, 36, -94, -136, -70, -248, -66, -232, 46, 26, 10, 38, -24, 60, 248, -2, -12, -28, 118, 52, -120, 32, 28, 238, 72, 62, -102, 242, 66, 8, -16, 134, 56, -54, -50, 4, 66, 52, 30, -274, -4, 140, 98, -38, 48, 302, 242, -52, -50, -70, 252, 70, -16, -162, 128, -6, -68, 56, -154, 40, -60, -146, -32, 126, 168, 76, 230, -312, -136, -44, -152, 44, -32, 102, -8, 6, -16, -158, 80, 34, -34, -294, -310, 162, -20, -40, 50, -92, -16, 264, 142, 42, -144, -64, 112, 344, 118, 24, 60, 48, -200, 220, 130, 134, -102, 6, 50, -276, 46, 222, 36, 186, -12, 122, -306, 84, 68, 32, 16, -54, 42, 118, 62, 44, 32, 32, -74, -58, 36, -12, -124, -214, 98, -36, 134, 210, -134, 68, 194, -162, 52, 146, 122, -116, 28, -112, 314, -68, 318, -72, -182, -144, 210, 100, -94, 258, 58, 134, 102, -78, -102, -30, 62, -18, -72, -56, -20, 70, 168, 108, -86, 6, -60, -80, -166, -260, 28, 104, -96, 270, 44, -94, 32, -96, -114, 16, -72, 232, -28, -150, -32, -40, 14, 254, 162, 20, -10, 152, 94, 88, 38, 138, 96, -174, 4, 180, 72, 72, -64, 32, -6, 24, 12, 50, 90, 204, -82, -98, -70, -60, -102, -130, -126, 18, 88, -42, 126, 46, -192, 104, -130, 108, -46, -132, -122, 178, -186, 204, 176, -202, -72, 32, 64, 128, -160, -208, 220, 166, 30, -132, 34, 136, -82, -12, -2, -90, 66, -94, 252, -54, -76, 2, 82, -176, 176, 44, 102, 196, 134, -50, -10, 124, -48, -122, 384, -18, -62, -236, -4, -114, -74, -18, 212, 78, 20, 120, 110, 92, -14, 76, -6, 4, 170, -34, 292, 192, -164, 36, -206, -54, -36, 96, 62, -176, -58, -46, 92, 192, 132, -194, -20, -174, 78, 54, 24, 246, 94, -42, 32, -20, 58, -38, -180, 
-68, -70, 132, 4, 40, 68, -114, 40, 272, -74, -12, -114, -212, 166, 84, -86, 34, 80, -148, -120, -120, -70, 236, 4, 100, -16, 144, 100, 102, -94, 68, 54, 154, 156, -184, -86, -56, -18, -34, 44, 66, -74, 128, 78, 4, 198, 178, -88, -132, 64, 196, -244, -38, -138, -96, 84, -64, 130, -94, 116, 124, -14, 38, 50, 94, -210, -34, -142, 46, -172, 12, 212, -118, 168, 28, -40, 68, 94, 50, 232, -8, -18, -188, 180, -30, 180, -172, 58, -130, 12, -2, 194, -10, 26, -20, 48, 66, -108, 120, 34, 244, -94, 184, -56, -160, 88, 126, 18, -72, 166, 64, 198, -58, 98, -28, -54, 260, 8, -34, 78, -60, -92, -94, 54, 130, -98, 72, -2, 58, 76, -60, -184, 122, 54, -232, 32, 88, -24, -62, 102, -42, 240, -292, -50, -6, -166, 60, -192, -348, 212, 138, -58, -364, -130, 124, 84, -66, -46, 2, 138, 6, -52, -82, -32, 88, 32, 102, -58, -112, -74, -224, -110, 112, 50, -42, -170, -16, 50, 72, 14, 70, -68, 164, 20, 194, 18, -140, -40, 4, -140, 16, -104, 14, 108, 182, -32, -148, 58, -50, -66, -174, 2, 20, -8, -76, 26, 108, -58, 46, 114, -90, -20, 34, -182, 96, -4, 86, 74, 30, -260, -24, 124, -90, -60, 182, 182, -38, -138, -96, -42, 122, 14, -24, 46, -100, 96, 48, 82, 178, 122, -86, -118, 24, -114, 420, 160, -4, 126, -66, -40, 62, 88, -56, -80, 32, 0, -184, 14, 252, 318, -38, -112, -36, -122, 72, -26, 4, 108, 166, 8, -132, 88, -156, -312, 156, 10, -96, 92, -52, -18, -214, 118, -78, 232, 428, 80, -204, -42, -144, -126, -102, 190, 222, -76, 6, -82, 48, -48, 14, 90, -96, 88, 2, 38, 214, 120, -18, 262, 72, -182, 14, -90, -32, -20, -10, -136, 114, -166, -82, -122, 138, 92, 248, -150, 48, -296, 220, 42, 166, 10, -98, -112, -168, 52, -78, -38, 4, 220, -84, -32, 8, 114, 54, 100, -54, 88, -124, 118, 30, 272, -72, 142, 280, -28, -168, -6, -194, -20, 138, -2, 40, 128, 148, 218, -34, 74, 84, 192, -24, -82, -190, 72, -52, 166, -32, 26, 26, 120, -226, -174, 110, -96, 30, 128, 154, -14, 58, 82, 48, 96, -30, -120, -24, 250, 28, 114, 226, 154, 230, 118, 18, -12, 114, -90, 34, 252, -188, -84, -90, -8, 144, 168, -6, 222, -104, -22, 224, 54, -8, 34, 4, 46, 218, -48, -94, 6, 72, 38, -66, 60, 146, -72, 62, 60, 26, -174, -26, -14, -96, -14, 282, -8, -66, -12, -28, -32, -118, 180, -102, 12, 98, -368, 126, -56, 316, 70, -34, -120, -34, 20, 144, 18, 86, -210, -234, 156, -2, 70, -28, -76, 184, -106, 30, 28, 188, 266, -270, -22, -26, -100, 344, 72, -98, 92, -58, 76, 168, -52, 58, -40, -34, 30, -66, -32, 56, -96, -98, 48, 52, 326, 
272, -26, -204, 106, 30, -16, 78, -66, -224, 280, -54, -124, 108, -164, 46, -54, -122, -40, -18, 132, 84, 58, -158, -14, 202, -40, -216, -216, 20, 62, -232, -80, -92, -334, 170, 100, -60, -46, -178, 210, 20, 58, -160, -20, -46, 34, 14, 256, 44, 30, 22, 122, -60, 132, -114, -124, 116, 118, 56, 150, -70, 32, 82, -22, 54, 56, 76, 230, -92, 202, -92, -122, 4, -30, -124, 118, 28, -122, -48, -18, 70, -32, 130, -66, -4, -112, 184, 22, 314, -110, 92, 32, -90, -2, -24, 30, 52, 150, 22, -16, -202, -56, -58, -102, 122, 26, -162, -82, -38, -34, 38, -102, 36, -30, -18, 242, -108, 42, 188, -84, -144, -98, 80, -50, -306, 94, 38, -8, -8, -32, -10, 268, -214, 52, -26, 192, -96, -96, 32, 4, 146, -504, 46, -48, 50, 138, -76, 330, 256, -262, -190, 170, 314, 112, 6, -68, -80, 102, -214, 56, -212, 28, 160, -34, -70, -16, -140, 48, 118, -40, 78, 30, -128, 160, -86, 80, 146, -122, 66, 0, -56, 30, -172, -28, -236, -50, 116, -122, 146, 60, 40, -52, -204, -252, -8, 322, 156, 42, -128, 134, 212, 68, -10, -112, 126, 64, -146, -88, 148, -146, -38, 32, 136, 44, -118, 60, -102, -78, 158, 266, 78, -158, 2, 252, -114, -210, 58, 192, 136, 136, -184, 132, 66, -68, 118, -34, -40, -250, -198, -58, -6, -10, 32, -18, -324, -62, -34, -100, 64, -26, 208, -70, 182, 88, 36, -102, 60, -58, -188, -224, -40, 160, 162, 136, -170, -36, 46, -66, 24, 16, 188, 90, 188, 270, -164, 26, -44, 12, 102, 112, 52, -124, -6, -274, -74, -20, 216, 88, 142, 36, 122, -294, -216, 96, -18, 144, -2, 66, 46, -8, -84, -88, -4, -138, -28, -152, -24, -78, -94, 128, -6, -10, 214, 66, 66, 152, 12, 164, 344, 200, -104, -160, -208, 104, 92, 290, -36, -12, -72, 32, 172, 74, 172, 72, 14, -122, -108, -268, -52, -84, 194, -42, -182, -168, 66, -172, 6, -18, 158, -20, -60, -160, -136, 8, -52, -30, 176, 152, -122, 176, 60, -84, -126, 12, 64, -180, 6, -128, 136, 62, 30, -36, -18, 62, 220, 132, 56, -112, 148, 124, -62, -6, 104, -20, -20, 86, 116, -96, 48, 82, 210, -40, 98, -258, -30, -16, -250, -28, -272, -102, 276, -60, -130, 116, -22, -238, 298, 94, 34, 66, -184, -124, -90, 2, 114, 90, -16, -94, 160, -60, -36, 4, -20, -66, -44, 116, -84, 38, 28, -14, -46, 8, -196, 156, -122, 20, 0, 96, 66, -120, -400, -26, 64, 24, 100, 18, 80, -110, -18, -112, -204, 112, -22, 62, -176, -82, 234, 146, 158, 162, -106, -78, -94, 36, 160, 28, -194, 14, 34, 294, -88, 106, 82, 198, -160, -270, 82, -108, 82, -112, -318, -92, 132, -390, 174, -72, -70, 138, -2, 0, 50, -8, -86, 204, 98, 140, 192, -80, 52, -44, 
66, 50, 280, -58, 16, -2, -6, 144, 204, -178, 106, 172, 18, 218, -26, -114, 184, 156, 86, -24, 108, -56, 64, -40, -122, 76, 228, 52, 32, -76, 316, 114, 92, 180, -260, -72, 146, 100, 224, -114, -46, -92, 224, 18, 90, 86, 118, -114, 76, 48, -52, -114, 98, -184, 68, 22, 40, -142, 26, -128, 88, -144, 36, -22, -164, -76, -194, -88, -16, -90, 190, -20, -10, 102, 52, -48, 82, 102, 34, 84, 180, 128, -90, 92, -58, -14, 12, -54, -126, 112, -90, 162, 4, 42, 102, -30, 16, -44, 276, 4, 160, 70, 210, 96, -132, -16, 30, 120, -18, -20, 138, 156, 42, -8, 166, -130, -48, 74, -88, 60, 168, 104, 88, 74, 170, -64, -134, 94, -162, -142, 36, -116, 198, 66, 86, 6, 214, 82, -136, 22, 36, 372, -150, -10, -6, -54, -8, -104, -314, 216, 254, -76, -274, 84, -148, -120, -62, -162, 182, -136, -28, 14, -188, -70, 100, 0, 92, -46, -90, 118, -88, 54, -20, -136, 112, 106, -224, -76, -98, 154, 82, 30, 206, 128, 132, 58, 34, 186, 98, -24, -74, 86, 310, 160, 6, -178, -44, -76, 138, -240, -52, 2, -182, 106, -26, -8, 12, -22, -172, 164, 246, -128, -146, -10, 154, -18, -2, 130, -10, -178, 20, 174, -172, -34, 48, 38, -74, -186, -52, -244, 238, -156, 4, 148, 8, -106, -24, 72, 250, 16, 106, 280, -134, -40, 246, -150, 40, 104, -18, 68, -358, 166, 2, -8, -122, 124, -96, 144, 134, 2, 58, -216, -122, -50, 100, -38, -98, 36, 4, -22, -20, -170, -202, -320, 26, 28, -24, 68, -100, -164, -86, 286, -40, 132, 102, 220, -46, -146, -12, -90, -18, 54, 200, -74, -10, -88, -52, -240, -162, -116, 0, 124, 30, 106, 22, 232, 60, 144, 36, 16, 124, 128, -72, -130, -44, -112, 22, -44, -230, -118, 176, 128, 262, 188, -106, -8, 248, 196, 134, -72, -6, 32, -306, -22, 184, 162, 130, 116, -20, 180, -8, 74, 68, 306, 34, 312, 66, 94, -100, 372, 8, 28, 168, -64, -126, 0, -8, 106, 132, -126, 102, -86, -34, 128, 60, 196, -72, 32, -204, -32, 10, 4, -44, -38, -26, -164, 8, 256, -40, 232, 20, 150, -60, -18, 158, 16, -76, 4, -44, -136, -96, 98, 32, 34, 142, 162, 212, 32, 134, 128, -124, -104, 154, -86, -12, 112, -170, -96, -92, -184, 218, 2, -50, 180, -118, -204, -4, 82, -100, 170, 122, 140, -18, 94, -20, -172, 194, 28, 130, -68, -62, 2, 290, -98, 108, 70, -18, -202, 58, 178, 394, -104, -120, -8, -4, 10, 142, 214, 116, -22, 152, -68, 84, -114, 32, 86, -92, -26, -116, -2, 18, -118, 58, -66, 22, 36, 206, -68, -124, -216, 164, -34, -196, -134, 170, 190, 82, 34, -244, 118, 188, 308, 6, 348, -174, 70, 26, 12, 82, 124, 4, 26, 162, -98, -68, -74, -28, -2, 24, 156, 
0, -56, -264, 152, 16, -54, 52, -30, -140, 284, -58, -182, 70, -176, -72, 276, -24, -58, 104, 68, 92, 138, 42, -22, 0, 26, -92, -96, 40, 28, -100, -82, -36, -142, -32, 50, -152, -72, -176, 130, 96, 102, -120, 66, -36, -36, -156, -44, -26, 24, 62, 24, -76, 346, -98, -34, 48, 342, 66, 146, -64, 126, 136, -4, 156, -46, 270, 116, -130, 86, -130, 34, -80, -184, -78, 252, 18, 12, 62, -96, -172, -106, 128, -180, 60, -24, 6, -100, 372, -10, 72, -82, 130, 48, -26, 166, 202, 376, -174, -44, -60, -44, 64, -64, 6, 166, -166, 2, -104, 40, -64, -44, -24, 182, 16, 148, 116, -50, 176, 110, -62, -202, 68, -68, -2, -84, 148, 166, 248, 54, 92, -104, -6, 42, -46, -128, -188, -34, -58, 96, -8, -160, -20, 48, -70, -92, -16, 136, 264, -320, -54, 106, 130, -62, 164, 52, -74, 24, -102, 252, 158, 112, 224, 70, 66, 14, -88, 18, 112, 0, 54, 2, -282, -26, -36, -102, 236, 180, 28, -260, -64, -64, -50, -54, 130, 80, 8, 50, -86, 116, -94, -88, -70, -94, 298, 188, 122, 256, 6, 124, -62, 142, 114, 62, 20, -24, -80, -112, 116, -194, -138, 82, 170, 74, -80, 110, 218, 46, 144, 290, 0, -38, 138, 26, 108, -68, 232, 210, 220, 222, -90, 38, -114, -198, 174, 84, 184, 50, -162, -8, -32, -192, 230, 120, -230, 262, 140, -46, -8, 14, 314, -192, 22, -42, 178, -22, 94, -56, -56, 142, 28, 24, -126, 174, 140, 84, -2, 12, -50, 62, 98, 372, 236, 144, 20, 182, 82, 8, 140, 122, 228, -128, -38, 44, -100, -78, 172, 96, 6, 176, 140, 106, -70, -10, 64, 160, 102, 174, 26, -110, 154, 150, 0, 90, -24, -300, 118, -138, 180, 48, -126, 38, -88, 52, 80, 220, 234, 16, 146, -12, -90, -56, 92, -80, 26, -90, -22, -68, 2, 268, -16, 46, 236, 96, -48, 86, -114, -70, 198, -140, 36, -74, -78, -206, 44, -196, 114, -124, -4, -216, -36, -122, -76, 164, -72, 62, -4, 164, -78, 200, -78, 198, 4, -112, -156, -66, 22, 162, 156, 36, -158, 54, -20, 38, 92, 68, 54, -202, 92, -74, -32, 114, 136, -152, -34, 128, 66, 140, 288, 132, 24, 70, 52, -146, -256, -160, -54, 146, -56, -100, 14, -86, -156, 36, -34, 68, 268, -46, -76, 174, -262, 12, -38, -260, -60, 216, 82, -128, 40, -94, 26, -106, 62, -76, 86, 278, -146, 14, -88, 168, -144, -136, -80, 82, -6, 56, 154, 68, -64, -318, -80, -74, 146, -168, 10, 86, -188, -138, -96, 168, -94, -4, 6, 168, -174, -220, 52, 94, 40, -28, -20, 92, 36, 126, 24, -72, -60, -50, 160, 18, -26, 116, 152, -14, -230, 102, 18, 174, 342, 26, 14, -270, 170, -150, 90, 248, 82, -52, 28, -16, 44, -124, 46, 204, -124, 16, 164, -36, 44, -100, 
76, 74, 224, 6, 92, 156, -112, 64, 16, -66, 148, 336, 82, 78, 78, -210, -140, -12, -54, 10, -32, -198, -14, 50, 42, -2, 186, -36, -78, -96, 232, 184, 58, 76, 170, 4, 36, 106, 154, -152, -214, -26, 80, 54, 208, 254, 42, 66, -72, 0, -232, -22, 108, -190, 52, 132, -176, -82, -32, -160, 192, -48, -60, 162, -134, 132, -194, -128, 38, 78, 152, 0, 264, 102, 164, -172, 124, 72, 66, -92, 166, -2, 36, 174, 46, 62, -48, 98, -230, -32, -58, 188, -10, 34, 120, -66, -130, -182, 224, 86, 72, 108, -166, 106, -154, -98, 134, 128, 62, 34, 96, -54, 116, -78, -70, 8, -52, 90, 24, -100, 66, 210, 106, 32, 24, 6, -72, -46, -24, -192, -76, 128, 36, 106, -76, 312, 214, 50, 38, -164, -26, 218, -112, 158, 162, -108, -208, 58, -188, 304, -32, -130, -32, 58, -122, -52, 84, 124, 126, 94, 80, 22, -68, -112, 52, 70, 156, -60, -10, 82, 24, -34, 100, 102, -54, 30, -160, -30, -128, 22, 38, -78, 66, 84, -180, -44, 26, -200, 196, 26, 108, 192, -2, 54, -64, -136, -198, -188, -64, 32, 96, -104, 24, -68, 98, -154, 66, 98, -2, 156, 30, -66, 88, -84, 108, -144, -132, 82, -106, -326, 90, -8, -126, -28, 70, 54, -32, -146, -134, -90, -64, 66, 50, 208, -168, 48, 98, 42, 150, 122, -66, 174, -74, 132, 22, -74, -50, 58, 118, 64, -122, 256, -72, 42, -142, -6, -40, 0, 6, 90, 66, -12, 150, 4, -164, 44, -148, 140, 194, 20, -24, -244, -32, 82, -74, -4, -46, 292, -44, -316, -368, 158, 86, 2, 64, 168, -12, 22, 14, -130, 186, -40, 52, 118, -186, -16, -38, -34, -110, 36, -12, -36, -74, 102, -58, 8, -148, 62, -204, -86, 72, 140, 298, 162, -184, 24, -144, -72, -140, 14, 30, 256, -14, 158, 8, 148, 104, 140, 82, -346, 2, -164, -134, 100, 258, 104, 222, 70, -194, 248, -28, 166, 210, 170, -134, 226, -104, 76, 164, 30, -224, 82, 154, 16, 8, -104, 28, -158, -18, 30, -12, -130, -14, 98, 72, 100, -12, -12, -148, -50, 108, -70, -212, 100, -34, -22, -74, 126, -118, -28, -90, -158, -182, 150, -20, -204, -4, -24, -110, -106, 122, -44, 98, 218, 254, 130, -74, -30, 70, 56, 66, 150, 152, 42, 10, -18, -70, -6, 12, -230, 72, -96, 100, 198, 72, -26, -22, 300, 64, 10, 12, 42, -38, 84, -224, -228, 16, 230, 206, -88, 40, 118, 68, 20, -2, 46, -192, -62, 46, 304, 100, 62, -22, 316, 124, -96, -6, 60, 150, 184, 102, 20, 92, -190, 302, 262, -70, 10, -100, -44, -6, -92, 138, -90, 116, 214, -138, -118, -66, 128, -6, 44, -264, 62, 74, -14, 86, -74, -152, 84, 216, 142, -120, 166, -8, -66, -14, 108, 50, -30, 62, -212, 36, -106, 86, -102, 10, 110, -112, 114, 
-54, -94, -46, -28, -112, -172, -110, -240, -292, 6, -120, -242, 70, 2, -106, 38, 78, 100, -16, 80, 4, 150, 148, 16, 48, -62, -156, -48, 68, 156, -138, -122, -132, -90, 24, -2, 100, 22, -280, 330, 114, -20, -74, 16, -122, -120, 70, -30, 304, -140, 80, 74, 48, 178, 16, -26, -88, -106, 144, 90, -96, 92, -20, -4, 142, -64, 234, 122, 58, -164, -136, 68, -140, -92, -32, 164, 20, 116, 48, -12, -112, -150, -118, -34, -16, -152, 126, 84, 120, -16, 268, -106, -92, -50, -60, -20, 166, 42, -40, -96, 72, 102, 250, 10, 32, 80, -62, 6, 60, 72, 28, 90, -38, 100, 120, 44, 216, -166, 118, 180, -100, -140, 46, 44, 4, 66, -46, -20, -64, 246, 70, 98, 78, 128, -44, -80, -230, 82, -140, 252, -6, 54, 98, 24, 18, -42, 182, -48, 84, -226, -10, 92, 80, -46, 84, 308, -126, -78, -88, -120, 20, 186, -10, 46, -122, -78, 72, 40, 38, 134, -84, -16, -96, -176, 40, 150, -32, 80, 114, 20, -24, -60, 40, -66, 98, -98, -30, 0, 68, 80, -4, 110, 20, -68, 238, 260, 216, 30, 82, 18, -228, 52, 132, -124, -42, 142, 98, -92, 34, 20, 22, 118, -108, 184, -144, 152, 148, -40, 72, 324, -70, 138, 50, 42, -38, 50, 68, 40, 342, 164, -70, 2, 52, 62, 118, 114, -20, 8, -220, -48, 232, -112, 212, -8, -26, 104, 24, 94, -94, 2, 46, -34, 112, 40, 192, -114, 82, -2, 118, -56, -234, -42, -124, 76, 86, -76, 122, -202, -166, 76, -64, 68, -74, -22, 10, 228, 220, -162, -50, 140, 350, -122, 100, 110, -40, 50, -6, -10, -12, -20, -116, 246, -174, -234, 146, -44, 238, 82, 252, 30, 92, 68, -56, -52, 158, 24, 302, 136, 8, 174, -48, -206, -222, -52, 190, 34, 134, 4, 32, -22, -46, -36, 32, 18, 174, 106, -14, -316, 6, 264, 182, 210, 276, 2, 38, -106, -46, -240, 164, -164, 10, -38, -90, -178, -82, -296, -28, 14, 174, -210, 50, 88, -116, 114, -116, -4, 86, 166, -16, -140, 90, 156, -58, 96, -98, -156, 194, 16, 166, -116, -94, -72, 168, -182, 162, 122, 112, -190, 46, 118, 104, 72, 126, -148, 22, 22, 106, -154, 6, 40, -42, 44, -64, -82, -234, -28, 6, 8, -68, 102, -126, -150, -20, -154, 118, -94, 56, 28, 100, -84, -78, -122, -152, 82, 14, -160, 76, -68, -30, 32, 180, -12, -30, 92, 286, 334, -16, -40, -200, 226, -16, -50, 72, -36, -108, -38, 98, 160, 90, -180, -66, 44, 2, -80, -228, 158, -42, -36, -126, -42, -28, 142, -222, -36, -138, -70, 150, -86, 134, 146, 112, 184, -230, -108, -132, -124, 98, 126, -40, 34, 36, 168, 328, 234, -238, -16, 50, 22, 52, 94, -70, -18, 126, 34, -44, 116, 68, -90, -24, -160, -58, 170, -140, 220, -142, 18, -36, -186, -66, 24, 
28, 40, 108, -14, 210, 98, 136, 14, 194, 182, 126, 108, -74, 22, 42, -76, 18, 104, 8, -154, -76, 8, -192, 6, -226, -68, 138, -56, 58, -200, 184, 110, 200, 112, -46, -52, -62, 74, 194, -162, 12, 118, -112, -108, 122, 264, 2, -60, -190, -22, -74, -68, 40, -134, -10, 38, -126, 60, -148, -172, 58, 12, 114, -66, -70, 138, -130, -184, -92, 6, 162, -58, 68, 74, -4, -228, -218, -28, -12, 38, 70, 24, 126, 2, 84, 62, -2, -128, -74, 102, -100, 300, 94, 44, 48, 10, -50, -104, -74, 42, 172, 44, -74, -20, -166, 22, 38, -8, -142, -50, 54, 24, -22, -30, -124, 104, -106, 194, -32, -270, 96, 114, 48, 202, 14, -72, 22, -138, 38, -118, -158, -106, -168, 40, 34, 58, 36, -86, 152, -36, 156, 196, 88, 4, 178, -52, -136, -10, -32, 238, -62, 38, 50, -88, -62, -206, -50, 112, 90, -28, -112, -90, -52, -108, 22, 4, 150, 92, 40, -160, 30, 2, 60, 144, 22, -110, -18, 52, 18, 84, 160, 78, -20, 126, -54, 108, 4, 116, 34, -26, -56, 116, 156, 2, -178, -94, 30, 18, 20, -122, 120, 136, -124, 44, 312, 44, -58, 302, 64, -102, -82, -24, 42, -98, -48, -82, 40, -180, 44, -140, -94, -30, 38, 8, -32, 84, -26, 42, -204, -60, 106, -8, -12, -62, -50, -234, 80, 194, 90, -28, -84, 88, -56, 0, -142, 128, 68, -152, 248, 150, -28, 62, -74, 36, -226, 76, 26, 112, -84, 116, 26, 166, 140, 56, -226, -166, -150, 134, 14, -156, -88, 46, 54, 50, 194, -148, -248, 262, 26, -12, -240, 10, 76, -68, 44, -30, -24, -2, -28, 40, -52, -346, -14, 174, -194, 54, -220, 106, 44, 116, 204, 88, 184, 162, -8, 234, -182, -148, 50, -24, -32, 142, 178, -66, -68, 68, -94, 56, 44, 100, -18, 58, -240, 62, -112, -118, -16, 234, -30, -160, -170, -12, -128, 98, 16, 30, -64, 134, -84, -120, -106, 86, 8, 66, -158, 140, 0, 218, -214, -20, -42, 162, 42, -88, 156, -26, 78, -146, -54, 108, -40, 42, 48, 38, 16, 188, -192, 72, -122, -30, 34, 120, -196, 236, -84, 118, 14, 342, -128, 6, 6, 50, 4, 156, -82, 2, -46, 198, 50, 94, -18, 52, 186, 118, 114, -2, 140, 130, -38, -178, 96, 114, 50, 88, -142, 112, 34, 106, 40, 8, 160, 228, 82, -34, 96, -30, 32, 28, -70, 82, 80, 62, 120, -74, -240, -234, -4, 14, 230, -34, 36, 114, 8, 166, 100, 42, 90, -172, 94, 56, 184, -124, 26, -46, 126, -254, 334, 140, 268, 100, 96, -38, 170, 4, -128, 90, -160, -4, -138, -200, -180, -78, 74, 234, 64, 142, 38, 98, 32, -58, 8, 10, -108, -144, 352, 162, -184, -184, -70, 70, 42, 168, 58, -20, 182, -120, -48, 64, 156, 198, 56, -128, 152, -138, 170, -26, 32, 222, 156, 78, 
-86, -166, 52, 88, -66, 116, -164, -32, -78, -28, -114, -24, 58, 142, -14, -20, 320, -6, 32, 96, 320, 84, 50, 134, 98, 36, -254, 84, -90, 134, -140, 62, -68, -86, -52, 200, 152, -154, -286, 212, 38, -72, 306, 66, 192, -124, -156, 120, 82, -10, -14, 68, -28, 116, -30, -132, 100, 2, 140, 284, 28, -186, -118, -140, -90, -52, 224, 142, 62, -26, -70, 40, 30, -96, 86, 252, 200, -106, -126, -36, 44, 54, 22, -98, -50, 18, -8, 86, 108, -30, 4, -290, -208, -186, -118, 102, 198, 202, 120, 36, 100, -200, 30, 124, 186, 14, 24, 138, -46, 160, 6, 140, 164, 124, 110, -24, 70, 12, 72, 152, -62, -112, -2, -20, -174, 18, 18, 70, 28, 110, 106, 70, 126, -152, 54, -144, -18, 146, -156, 104, 12, 26, 98, 14, -100, 50, 46, 130, 78, 28, -2, 158, -62, 444, 176, 136, 124, -186, -128, 168, 246, 500, -52, 58, 156, 34, -222, 122, 46, 164, 182, 158, 30, -36, 204, 40, 126, 48, 54, -56, -82, 244, 80, -82, 52, 48, -28, -150, 108, -44, 88, -206, -54, 98, 98, -48, -196, -100, 70, 138, -44, -16, 76, 118, -14, -8, 202, -280, 28, 220, 138, 26, 24, 168, 28, 30, 92, 114, -10, 18, 166, 100, 110, 30, -10, 42, 98, -24, 216, -46, -118, 74, -92, -110, -104, 240, 36, 22, -112, 54, -40, 202, 106, -70, 72, 66, 52, 166, -54, -58, 56, 106, 80, -174, 116, -10, 72, -186, 78, 72, -136, 56, -88, -68, 162, 22, 156, -112, 18, 146, 82, -102, -2, 124, -194, 244, 154, -352, -98, 2, 66, 282, -18, 104, 142, -134, 26, 14, 144, -4, 30, 238, 46, 24, 112, -128, 116, 92, 62, 20, -90, 118, -144, -228, 36, -154, 148, 232, -36, 84, 182, -102, -6, 266, 140, 80, 40, -54, -40, -80, -86, -104, 268, 30, 174, 216, 166, -154, 180, 294, 82, 176, 96, -90, -10, -30, 142, -154, 160, 24, -176, 82, 26, -192, 260, -298, 96, -246, 222, -34, 74, -176, 10, 182, -108, 16, -44, 64, 100, -92, -106, -24, -58, -158, 188, -222, 186, -52, -56, 162, -222, 74, 28, -32, 98, 52, 96, -322, 56, -64, 104, 188, 66, -34, 128, -90, 36, -8, -132, 140, -46, 54, -204, -402, -72, 36, 76, 62, -62, 64, 18, -98, -288, 66, 316, -14, 86, 48, -26, 42, -4, -52, 112, 40, 94, 136, -6, 40, 90, -74, -86, -190, -100, 50, 224, 286, 18, 168, 22, 128, -56, -36, -116, -212, -140, -84, 132, 246, 86, 110, -34, 68, -2, 82, 58, -28, -78, -50, -170, -74, -248, 26, -54, 130, 148, 32, 144, 220, 212, -4, 368, 124, 32, 20, -54, -132, 116, 0, -104, -12, -76, 48, 150, 56, -144, -128, 162, 160, -38, -18, -56, -96, -34, 106, -140, 8, 50, 12, -24, -16, -172, 182, 24, 48, -48, -28, -130, -62, 8, -92, 
-100, 166, -14, -188, 0, -86, 248, 56, -60, -70, 240, 0, -42, -112, 104, -96, -196, 112, -52, -128, -304, -182, -202, -64, 8, 214, 86, -128, 8, -180, 28, -98, 164, 158, -54, -128, -72, 240, 184, -210, 90, 4, -166, -36, 86, 154, 214, -34, 90, 208, -126, 90, 114, -110, 74, 86, -50, -28, -194, -254, 36, 72, 92, -110, 12, 16, -168, 40, -80, -8, 288, -38, -114, 100, -44, -88, -86, -8, -22, -6, 116, 4, 196, -46, -14, -72, -28, -138, -30, 18, 96, 294, 222, 118, 114, -14, -106, 24, -120, -148, -8, 40, 68, -74, -76, 68, 8, 112, 112, -220, 118, 44, 4, -62, -154, 68, 54, 82, -224, 46, -8, 74, 68, 100, 62, 28, 108, -86, 236, 26, -110, -166, -228, 196, 122, 42, 18, -124, 174, -164, 118, 144, -52, -136, 238, 78, -46, -46, -10, -96, -204, -26, 64, -186, -170, -30, 120, 148, 122, 4, -222, -246, 122, -110, 2, -206, 16, -46, -84, -228, 70, -40, 2, 134, -312, -64, -110, 6, 84, -38, 46, -110, 72, 134, -18, 34, 104, 34, -136, 30, 144, 244, 50, 36, 34, 8, -6, 112, -28, -42, 2, 14, -40, -112, 106, 74, -170, 128, -78, -170, -20, -16, 132, -108, 134, 124, 48, -64, -102, 32, 14, -94, 66, -56, -158, -12, 114, 138, -228, -242, 78, 18, 186, 134, 146, -174, -48, 60, -200, 24, -104, -116, -50, -134, -72, 148, -32, -20, -34, 90, -84, 10, -156, -10, -142, 20, 24, 50, -74, 14, 72, -16, 86, -92, -228, 22, 12, 318, 24, -134, 14, 134, 28, 78, 128, -316, 58, 186, 8, 32, 10, -82, -22, -216, -156, 156, -110, 22, 112, 56, -108, -178, -44, -66, 22, -32, -172, 32, 210, -84, 28, -4, -82, 24, -76, 40, -190, 34, 114, 170, 22, -54, -36, -80, -74, 6, -44, 30, -34, 116, 66, 60, 46, -14, -108, -16, -206, -66, -202, -122, 44, -44, -100, -40, 102, -34, 100, -10, 86, 116, 354, -230, -62, 304, -150, 242, 130, 164, -60, 148, 34, 88, -32, 84, 80, 76, 36, -10, -6, -10, 52, -2, -56, 172, 74, 184, -234, 64, 60, -90, 106, 134, 108, 2, 26, 150, -10, 314, 94, 64, -100, -82, -92, 310, 128, 58, -64, 152, 146, -72, -220, -132, 230, 368, 156, -86, -106, -98, 106, 126, 56, 184, 4, -138, -224, -4, -144, -82, 88, 128, -66, -50, -102, 44, -14, 14, 126, 18, 42, 246, 156, 50, 50, 130, -206, -166, -14, -60, -138, -2, 18, 174, 260, 72, 130, 182, -82, -116, -42, -170, 10, -104, -144, -48, -210, -24, 98, -118, 186, 38, 400, 44, 78, -132, -60, -246, -318, -130, 100, 142, -414, -116, 30, 92, 224, 66, -154, -14, 38, -74, -18, -78, -160, 32, 120, 84, -208, -134, -42, 78, 44, 126, 240, -76, 90, -10, -18, -108, -82, 26, 172, -68, 60, -140, 26, -116, 124, 150, -10, -42, 
6, -50, -80, 256, -24, 24, -120, 130, 126, 16, -58, 40, 66, 92, -136, -10, 200, -122, -220, 166, 204, -118, 148, -22, 70, 44, -162, 80, 70, 224, 80, -50, -128, 86, 2, 220, 70, -14, -2, 116, -38, 4, 110, 178, -214, -70, -144, 60, -6, -78, 82, 182, -10, -42, -154, 54, 150, 0, 256, 130, -84, 14, -20, 22, 48, 78, 232, -8, 110, 0, -360, 230, 144, 140, -236, 138, -76, 214, 74, -134, -94, 50, -196, 122, -54, -12, 158, 26, 38, 2, 132, -194, -178, -242, -80, 158, 356, 36, -12, 122, 30, 28, -60, 94, 198, -188, 12, -24, -94, 278, 92, 20, 80, 244, 80, -2, 116, -2, 114, 120, -32, -180, 66, -58, -82, 244, 74, 34, -220, 90, 234, 192, 258, -86, -138, -32, 0, 48, -58, 248, -78, 6, -4, 186, -128, 36, 206, 190, 32, 350, 200, -86, -88, 72, 222, -64, -52, 10, -144, 78, 224, 202, -46, -108, -200, 56, -16, 288, 164, 124, -130, -40, -44, -72, 276, -50, 92, 68, 140, 78, -38, 220, 74, -118, 48, -52, 22, 194, 60, -58, -80, -124, 64, -30, -26, 10, 74, -92, 92, -46, -8, 92, 6, 312, -420, 138, 166, 62, 68, 110, -34, -6, 0, 138, -54, -30, 48, 40, 34, 106, -74, -10, 192, 42, 112, 64, -122, -218, 226, 164, -214, 42, -114, -96, 16, 42, -76, 126, 154, -136, 276, 162, -22, 168, 90, -8, 114, 196, -54, -20, 238, -98, 282, -16, 66, 24, -106, 102, 178, 126, -136, -92, -20, 42, 168, 82, -70, -316, 0, 238, 128, -138, 10, -240, 184, 222, 80, -208, 10, -66, -120, -98, -260, 192, 120, -150, 106, -130, -204, -154, 38, 146, 64, 104, -64, -62, 148, -34, -232, 84, -76, 36, -58, -16, -128, 30, 16, -40, -46, -160, 32, 244, -40, 154, 116, -50, 250, 40, 24, -100, -10, -110, -138, 154, 194, 214, 234, 292, 170, 112, 66, 20, 106, 28, 110, 40, 76, -118, -140, -62, -206, 162, 50, -90, 264, -212, -22, -128, -42, 42, -62, 8, 48, -78, -220, -78, 40, -4, 38, -28, -44, -14, -100, -46, 32, 72, 118, 88, -28, 204, -94, -46, -26, 32, -124, -110, -72, -152, -36, -116, -98, 146, -108, -56, -174, -88, 132, -198, 46, 66, 76, 8, 80, -276, -120, 24, 114, -56, -88, 50, 38, -138, -84, -108, 204, -178, 146, 146, -196, -4, -86, -12, 10, -96, 128, 70, -102, 126, -16, -186, -108, -166, 0, 28, 66, 46, 88, 342, 20, 0, 18, 128, -138, -24, -20, -84, 170, -16, 70, 112, 24, 68, 62, 104, 430, 42, 40, 190, -186, 186, -304, -46, 88, 88, 58, 364, 328, 74, -128, -22, 402, 284, 24, -106, -30, -142, -88, -154, 98, 158, -34, 138, 50, 100, -112, -38, 250, 106, 108, 32, -6, -132, -186, 60, 22, 176, 2, 208, 226, -202, -10, 74, -138, 172, -100, 106, 16, -60, -56, -20, 
74, -2, -16, -356, 14, 56, 86, 6, -238, -98, 108, -12, 178, -96, -14, 52, -356, 146, -16, -108, -180, 58, 16, -12, -54, 70, 56, 4, -68, -212, -70, 38, 160, -74, 106, -34, 8, 232, -62, -52, 78, 76, -198, -192, 78, -48, 10, 44, -50, 208, -90, 92, -82, 306, -34, 34, -22, -192, -312, 84, 86, -10, 8, -56, -64, 212, -192, 38, -46, 60, 182, -74, -46, -180, 36, -124, 48, -60, 34, 106, 152, 26, 162, 58, 30, 48, -14, -30, -76, 86, -76, 206, 242, 90, 92, -66, -146, 10, 52, -48, 36, -14, 90, -176, -26, 338, 162, 4, 96, -78, 198, 154, -54, -28, -172, -210, -140, -22, 50, 10, 52, 82, -62, 26, 200, -112, -102, -84, 310, 70, 24, 96, -132, 14, 276, -190, 128, 22, -86, -44, -58, -22, 78, -166, 114, 54, -78, -72, 14, -314, -110, 92, 46, 130, -42, -94, 68, 204, 50, 14, -208, -46, 54, 72, 90, -66, -12, -52, -26, -234, 212, 22, -72, 22, -212, 50, -88, 128, 94, -120, -6, -2, -72, 170, 104, -12, 16, -38, 34, 158, 18, 142, -2, -40, 44, 186, -66, 202, 66, -94, -58, -138, 34, -148, 384, -228, -12, -80, -18, 66, 302, 194, -68, 78, 78, -22, -26, -134, -238, -116, 44, -66, -244, 52, -122, -358, 124, 8, -158, 196, 202, -70, 114, 86, -18, -92, 68, 54, -104, -18, -120, -50, 68, -56, 10, -66, -74, -82, 50, 198, -248, 174, -288, 122, 130, -18, 6, -82, -186, 20, 170, -120, 152, -68, -62, 0, 130, 296, 150, -188, -94, 196, 102, 394, -150, -74, 106, 26, 18, 170, 46, 150, 232, -4, -228, 192, -46, 36, 138, 56, 118, 16, 146, -80, -56, 64, -166, -52, 364, -50, -92, -102, 106, 46, 38, -18, 28, 18, 48, 200, 26, -138, 66, -238, -116, 86, -312, 112, 6, 192, -32, 152, 80, -188, 34, -16, -174, -330, -158, -62, -50, 50, -158, 22, 24, 224, 10, 136, 204, -20, 242, -12, -244, 106, -48, 286, 14, 156, 144, -26, 74, 92, -52, 168, 250, 80, 36, -6, 58, 120, 44, 44, 264, 178, 132, 4, 26, -88, -36, -238, 174, -88, -74, 60, -24, -20, -148, 166, 104, 62, 180, -86, 170, 84, 56, -122, -56, 84, -24, 18, 32, -12, -56, 172, 104, -148, -180, 58, 146, -30, -8, 156, -44, 104, -70, 132, -38, -142, 138, -34, 60, 108, 2, 112, -272, 64, 114, -28, 10, 70, 90, 46, 122, 60, 48, 150, -72, -56, 18, 32, -8, 30, 242, -68, -58, -20, -80, -70, 66, 98, -110, -24, 142, -50, -186, -138, 92, -38, 124, -176, 328, 66, 110, 44, 40, -170, -262, -44, 200, 74, -226, -168, 162, 60, 166, 120, 44, 252, -102, -140, 100, -98, 100, -82, 32, 24, -194, -22, -152, -70, 102, 212, 176, -62, -78, -298, -4, -100, -180, 306, 120, 82, 94, -138, -22, 38, 72, -42, -26, 178, 
130, 116, -76, 114, -26, -168, 42, -60, 144, 192, -182, 136, 42, -18, 178, -130, 308, -72, 104, -2, 120, 12, 96, -94, 42, 56, -44, -54, 46, 56, 138, -106, 16, 124, 134, 26, 92, -14, 182, 94, 308, -20, 34, 36, 28, 22, -36, -42, 68, 162, -4, -44, 40, -258, 38, -68, 110, 316, 44, -22, -50, -30, -10, 128, 204, -196, 126, -30, 88, 14, 88, -20, 38, 148, 78, 76, -20, 62, -98, -196, -174, 124, 28, 26, -146, -58, 150, 194, 66, -80, 14, -120, -6, 84, -44, 70, 174, -18, 56, 70, 72, 142, 290, -26, -38, -152, 140, 198, -68, 206, -176, -12, 64, 34, 76, 272, 260, 150, 148, 108, -26, -12, 26, 48, -24, 46, -14, 80, -106, -152, 56, 38, 198, 40, -28, 30, -28, -12, -32, 28, -16, 84, -78, 164, -20, 22, 34, 250, -122, 196, -92, -104, -40, -118, -74, 216, 50, 26, 26, 82, -20, 110, 56, 42, -10, 262, 100, -60, 134, 104, -196, 204, 52, -34, 134, 250, 186, 82, 92, 166, 34, -14, 126, -138, -36, -128, -94, 74, 146, -64, -68, -54, -10, -2, -276, -98, 10, 0, 32, -16, 62, 192, -98, 64, -236, 194, -24, -48, 234, 50, -118, -134, 112, -86, 62, -44, 32, 56, 224, 38, 86, 124, 140, -30, 160, 252, 2, 54, 0, -114, -100, 180, -16, -58, -38, 130, -76, -86, 104, 24, 162, 28, 106, -22, -114, 34, 18, 120, -148, 18, 222, -182, 206, 42, -182, -84, -100, 86, 194, 74, -108, 184, -228, 20, 114, 10, 6, -322, 64, 158, 174, -162, 56, -174, 6, 126, 52, -160, 56, -370, -164, -66, -234, 164, 22, -264, 294, 184, 66, 34, 170, -14, -162, -30, 50, -28, -10, -30, -152, 288, 52, 24, -38, 4, -118, 28, 0, 146, -92, -20, 50, 94, 42, 220, 116, -220, 432, 26, 92, -122, -32, -106, 76, 292, -10, 12, 372, 170, 160, 86, -18, 36, 2, 18, -62, -146, -10, 224, -24, 16, -276, 70, 76, 224, 40, -132, -34, -140, 96, -254, -32, 18, -30, -136, -70, 46, 2, 112, -170, -26, 298, -134, -366, -182, -180, -100, 28, 96, 238, 240, -140, 136, 90, 42, 90, 42, 198, -258, -204, 154, -120, 278, -6, -30, -66, -72, -2, -24, -46, -62, 68, 112, -196, 34, -144, 58, 112, -70, -28, -110, 14, -226, 134, -130, 42, -198, 12, 74, -32, 50, 0, 98, -128, -120, 250, 66, -44, 172, -48, -62, 70, -98, -60, 30, -30, -126, 180, 60, -128, -124, 96, -106, -130, -24, 76, 128, 188, 94, 22, -88, 222, 196, -14, 60, 230, -10, 34, -246, -144, 116, -78, -116, -46, -112, 136, -94, 248, 134, -184, -102, 328, 362, -6, 74, 24, 136, 170, -194, 154, 290, 26, 88, -130, 258, 22, 230, 144, 6, 164, 344, 94, -66, -144, 54, 48, 252, -80, 128, 382, -204, -116, -124, 62, 226, 228, 34, -82, 90, -292, -270, 
18, -38, 214, 58, 4, 82, -96, 82, 26, -170, 38, -150, -62, 10, -90, 88, -16, 148, 58, 180, 18, 62, -92, 200, 130, 102, -94, 80, 58, 66, -172, -46, 32, 40, -124, -22, -34, 106, -78, 76, -72, 132, 134, -46, 106, -256, 46, 150, 80, -134, -38, 116, 48, 262, -68, 130, -90, -222, 18, 182, 128, -114, -20, -14, -26, 174, -138, 66, -52, -38, -132, 64, 130, -250, -34, -268, 34, -32, -32, -20, 44, -86, 144, 66, 50, -10, 116, -150, 60, 98, -78, 154, -60, 44, 208, -122, 14, 22, -66, -172, -34, -220, 42, 22, 124, 274, -184, -138, 118, -148, 276, -58, -2, 144, 36, -42, -120, -270, 40, 82, -34, -38, 116, -46, 168, -146, -36, -22, 214, 212, -142, -28, -164, 44, 14, -72, 84, -84, 228, 136, -212, 242, 88, 30, -50, 12, -98, 50, 92, -396, -142, 206, 10, 100, 72, -166, -182, 68, 14, -32, -32, -54, 36, 10, -10, -110, -70, -190, 8, -248, 30, -228, 28, 148, -88, -176, -110, 148, -82, -36, -276, 20, -104, 112, 20, 48, 22, -106, -116, 222, 80, -76, -94, -64, 190, -68, 70, -56, 2, -50, -182, 70, 70, -258, 228, -194, 206, -150, -128, -36, 158, 40, 8, -66, 44, -2, 62, 64, -182, -6, 70, -102, 6, 66, 4, -164, 22, 42, -110, 56, 116, 44, -62, 102, 76, 40, 50, 94, -260, -64, -36, 130, 66, -268, -228, 198, -4, 46, 116, -104, -230, 236, -216, -46, 94, 26, 194, 36, -168, 154, 122, -76, 12, -180, -36, -148, -62, 22, -40, 34, -158, 20, 70, 120, 110, -192, 122, 34, -34, 220, 166, 70, 116, -250, -142, 264, -104, -100, 192, -122, -112, 98, 236, 0, -42, -40, 108, -28, 82, -122, 138, -214, 36, -82, 214, 78, 10, 156, 220, -66, -34, 144, 44, -230, 42, 76, -156, 74, 28, 184, -58, 120, 164, -136, -52, -148, -4, -38, -164, 26, -156, -78, 84, -92, -60, 40, 54, -58, 44, 110, 220, -106, -54, -238, 68, -36, 168, -38, 104, 280, 30, 128, 36, 58, 26, 10, -24, 168, 78, 214, -62, -136, 264, 176, 122, 100, -32, 94, -44, -230, 106, 76, 74, 108, -30, -30, -254, 272, 92, 58, 36, -158, 100, 64, -16, 104, -28, 52, 42, 10, 108, 4, 284, -42, 184, -96, -106, -240, 134, 142, -4, 120, 46, 198, 68, 100, 200, -140, -88, 40, -148, -46, 150, 214, -246, 40, 90, 50, 18, 12, -48, 8, 328, 18, 76, 22, -208, 124, 152, -6, -66, 50, -30, 162, -148, -214, 12, -22, 184, -22, -132, -134, 30, -40, -250, 116, 150, 114, 36, -248, 100, 112, 152, 34, -222, -38, -160, -112, 130, 82, -32, 2, 104, 90, -56, -8, -114, 194, -96, -116, -44, -16, 16, -20, -78, -160, -78, -26, -52, -192, -192, -76, 34, -118, -140, -120, -32, -130, -130, 162, 116, 66, -188, -118, -164, 240, 288, -64, 234, 352, 
100, -4, -142, -86, 76, 66, 78, 94, 26, 104, 110, -126, 216, 134, 156, -82, 122, -68, 170, 28, 14, 50, 4, -58, -62, 156, 20, 68, -68, -50, 110, -36, 78, -134, 24, 106, -52, 46, 140, -202, 134, -128, -280, 136, -86, 58, 50, -98, -164, 320, 94, 32, 80, -154, 146, -86, 72, 94, 136, -112, 44, 160, 0, 40, -22, -76, 76, -198, 154, 108, 150, -86, -66, 246, 136, 422, -90, 66, -82, 40, 100, -14, -192, 158, 0, 38, -88, 48, -88, -72, -56, -122, -38, -66, 96, 116, -296, 40, -86, 376, -152, 112, 98, -74, -12, -316, 178, 276, -16, 112, -72, 98, 94, -36, 72, 86, 330, 214, -6, -72, 62, 94, -50, 276, -130, 78, 60, -76, -52, -170, 92, -30, 248, 96, 122, 8, 72, 244, -232, 46, 216, -228, -142, -136, 162, 70, 74, -32, -86, 152, 136, -116, -140, -8, 174, 180, 76, 108, 146, 56, 134, -170, 80, 88, 66, -16, 126, 280, -114, 314, -40, 280, -132, 60, -70, 258, 240, -276, 200, -8, 124, 4, 188, -92, 108, -186, 46, 40, 120, -68, -162, -8, 362, -72, 54, 122, -156, 84, 128, -48, -86, 8, 136, 238, -82, 108, 36, -52, 60, 62, -122, -18, -58, 152, -64, 196, 124, -8, 176, 28, -74, 30, 162, -60, 60, 22, 88, 78, 40, -128, -174, -142, -28, -48, 46, -62, -66, -240, 96, -38, -58, -186, -48, 14, 150, -52, 124, -168, -98, 68, 286, -4, 226, -84, -22, 64, 0, 122, -118, 114, -196, 104, -12, -26, 168, 244, -132, 70, 38, 114, 56, 68, -8, -12, -60, 208, -52, 18, 116, 32, -216, -58, -124, 120, 56, -114, -22, -44, 26, -4, 146, -112, 26, 86, 94, -54, 136, 12, 48, 178, -84, 78, 64, 64, -132, 88, 76, -104, -84, 150, 30, -86, 144, 146, 60, 22, 182, -144, 162, 20, 130, -20, 54, -38, 82, 74, -38, 84, 168, 46, 174, -22, 172, 202, 122, -162, 98, 40, 72, -24, -216, -20, -44, 108, -234, 24, 34, 30, -130, -310, 48, -44, -158, -14, 124, -24, -64, -20, -168, -144, 14, 128, -160, 56, -102, -90, 180, -188, 142, 150, 16, -242, -24, 118, 218, 102, 116, -6, 40, -18, -100, 144, 2, 40, 14, -18, 98, 20, -30, 34, -92, -58, -68, -96, -100, -18, -64, 112, -138, -172, 176, 8, 50, -194, -176, 18, -142, 204, -14, 36, 56, 100, -48, -98, 210, 56, -56, 66, 12, 32, 138, -38, -122, -74, 22, 4, 180, 70, -132, -50, 10, -8, -16, 2, 152, 166, 36, 64, -100, -164, 242, -12, -18, 212, 166, 144, 30, 2, 28, 136, -50, -160, 108, -14, 154, -206, 250, 114, -38, -72, 0, 222, 148, -142, 44, 204, 66, -140, 258, 176, 56, 104, 216, 0, 104, 352, 250, 50, 184, -42, 142, -118, 112, 96, 212, 208, 36, 226, 302, 34, -110, -158, 236, 240, -16, -298, -166, 60, -306, -258, 
-12, 2, 46, 168, -30, -74, 136, 50, -144, -42, -92, 84, -142, -162, 34, 90, 50, -34, -58, -78, -98, 184, -6, 368, 12, -92, 142, -110, -2, 6, -150, 98, -20, 282, -138, -92, 94, 110, -18, -66, -26, 42, 302, -98, -40, -2, 6, 288, 12, -216, -62, 84, 20, 196, -26, 16, 8, 54, -34, 68, 126, -196, -22, -18, -74, 20, 80, 38, -70, -104, -210, 160, 60, -150, -148, -260, 216, 48, 172, 56, 52, 140, 262, -176, 48, 130, 220, -36, 138, 66, 34, 42, 114, 178, -24, -50, 338, 66, 76, -284, 58, -260, -140, -82, 36, 246, -208, -176, 20, -94, -16, 96, -50, 30, -32, -120, -160, -38, -118, -10, 102, 172, -28, -198, 0, 32, 116, 156, -24, -104, 52, 138, -52, -132, 84, -116, -94, -102, 128, 140, -80, 312, 32, 86, 44, -20, -62, -4, 200, -4, 72, 48, -70, 168, -42, -24, -64, 54, -50, -16, -132, 80, 12, -60, -144, -24, -104, -32, 94, -142, 44, -124, 270, -2, 122, -144, -48, 190, -146, -70, -232, 92, -132, 102, 26, 248, 10, -20, 64, 124, 222, 166, -342, 114, 30, -180, -60, 232, 128, 208, 38, -80, -124, -244, 102, 184, -56, 234, 130, 54, -18, 160, -30, -138, -24, -78, -224, 0, -76, -22, 84, 90, -238, 32, 54, 92, -28, 120, -56, 120, 144, 68, -28, -8, -8, 138, 118, 288, -74, 110, 250, 184, 86, -22, 18, 182, -46, 182, 222, 90, -254, -38, -114, 136, 166, -120, -64, -114, 104, -76, 122, 86, -40, 162, -80, -164, 118, -58, 80, 18, 30, -170, -88, 116, 36, -40, -198, -40, 62, -18, -2, 164, 108, -134, 28, 96, 122, 202, -186, 124, -106, 188, 104, -96, 58, -28, -86, -4, 94, -64, 128, -52, 16, -104, 100, 56, -140, 122, 182, -256, -152, 290, 22, 118, 80, -70, -68, 182, 38, 190, -60, 18, 98, 142, 32, -294, 52, 56, -102, 4, -14, 18, -208, -76, -236, -2, -74, 48, 60, -64, 112, -38, 48, 72, 420, 162, 206, 18, 72, 300, 174, -84, 66, 116, -108, 160, 140, 10, 106, 130, 174, -222, 36, 16, 124, -16, 22, 126, -140, -18, 68, 144, 92, -246, -158, 154, -8, -166, 52, 94, 22, -148, 36, 74, -120, -190, -50, -6, -54, -166, -52, 20, 198, 96, 134, 50, 66, -30, 330, 170, -220, 28, 58, 450, 170, -86, -98, -30, 54, 16, -8, -12, 226, -76, -76, 66, 56, 14, -28, -32, -10, 10, 172, -14, 24, -10, -114, 76, 242, -112, 76, -10, 66, 70, -142, -76, -54, -58, 66, -8, 10, 12, 132, 20, -128, 80, -32, -10, 34, 170, 6, 16, -72, 144, -38, 272, -10, 220, 240, -160, -36, -156, -24, -46, -42, -218, 56, 216, -144, -142, 134, -36, -184, -88, -28, -420, -378, 26, -124, -4, -44, 58, 84, 14, -70, -302, 224, -30, -114, -106, 160, 68, -62, -14, 14, 172, 290, -94, 302, 298, 
100, 8, 274, -62, 56, 218, 94, -158, 166, -10, 102, 68, 114, 118, 102, 56, 104, 148, -66, 44, 88, -250, 138, -152, 96, 78, -94, 54, 44, 88, 184, -36, 82, -184, 74, -8, 106, -6, 62, 62, 110, 48, -110, 288, 194, 2, 54, -38, 0, 174, 54, 2, -50, -188, -72, 84, 34, -4, 178, -124, -98, 160, 126, 166, 148, 120, 0, 12, 194, 190, 120, -192, 186, 90, 72, 14, -244, 240, -24, -38, 6, -116, -170, 160, -122, 32, -108, 62, -128, 0, -56, 18, -64, 20, -32, 108, -106, -124, -120, 308, -76, 286, 160, 102, 36, -248, 272, -108, -30, 248, 248, -78, 8, -12, 180, 10, 148, 88, 80, -44, -96, -152, 6, 168, -144, -42, 12, 16, 88, 72, 62, 22, 70, 94, -80, 172, 144, 136, -186, -214, 232, -110, -56, 112, -74, 32, 96, -86, -6, -150, -124, 36, 68, -84, 100, -16, 70, 0, 40, -2, 88, 26, -22, 0, 266, -48, -4, -18, 104, 146, -6, 44, 114, 30, 32, 108, -74, 58, 86, 78, 308, -66, 82, 70, 168, -162, -42, -70, 8, -100, -130, 88, 198, 24, 32, 50, 200, -122, -112, 10, 18, 154, 148, 248, -18, 66, -212, -2, 196, -14, 38, 30, 94, 226, 72, 62, 334, 144, 16, 154, 82, 8, 294, 228, -48, 0, 166, 86, 170, -240, -128, 72, 66, -14, 140, -340, -58, -138, 30, -12, -76, -244, -46, 44, -6, -258, 54, -8, -238, -104, 136, 50, 82, -34, -280, 88, 86, 198, -72, 122, 30, -28, 2, -58, 22, -96, -52, -2, -44, 98, -50, 252, 200, 88, 16, 80, 182, 122, 100, -110, 68, -30, -38, 160, 108, -26, -112, -194, 124, 28, 78, -118, 4, 96, 32, 200, 116, -110, 172, 100, 44, 98, -4, -112, 14, 58, 72, -98, -34, 190, 198, -176, -14, -114, -74, -46, 90, -42, -42, -92, -198, 36, -76, -172, 40, 376, 34, 84, 78, 200, 116, 0, 366, -96, 186, 82, 244, -94, -48, 112, -212, 90, -114, -30, -376, 106, -166, 150, 30, -96, -56, 148, 150, -262, 50, -34, -52, -42, -168, -22, -14, 28, -170, -6, 66, 76, 58, -144, 252, 134, 20, 30, -174, 340, 132, -144, 62, 182, -18, -128, -102, 108, -110, 6, 110, -74, 134, -94, -84, 162, 82, -200, -96, -274, -166, -160, 6, 2, -20, -146, 114, 2, -88, -212, -296, 132, -50, 8, -52, 42, -128, -4, 46, 74, 250, -114, -154, 58, -72, 34, -78, 94, -192, 174, 90, -52, 230, -106, -122, -32, -108, -90, -28, 54, 36, 150, 48, 172, 94, 46, -54, -28, -114, 22, 152, -130, 2, 14, 70, -116, -4, 24, 176, -160, 286, -76, 0, -60, -246, 192, 138, 146, -52, 30, -72, 62, -344, -198, 160, 50, -8, 130, 116, 114, 4, 294, 342, -14, -26, -96, -248, -154, -50, 28, -62, 210, 8, -156, 70, 98, -166, 12, 62, 14, -130, -150, -146, 156, -134, -102, 
-146, 8, -102, 6, 30, -92, -180, 50, -266, 148, 68, -284, -180, -134, 70, 8, 114, -214, -14, 90, -114, 180, -60, -52, 90, 152, 98, -128, -88, -42, -124, -22, -198, 90, -58, 12, 20, 10, -74, -42, -246, 12, 40, -256, 18, 16, -64, 68, -44, -144, -52, 178, 20, 200, 112, 114, 6, -26, -6, 26, 232, -92, -50, -114, -18, -110, -44, -36, 52, 44, 0, 176, -44, -100, -44, -132, 280, -238, 52, 32, -60, 52, 284, 30, 160, 76, 190, 198, 190, 104, 22, -4, 216, 42, 92, -298, -50, 108, 102, -286, 206, -144, -248, -114, -78, 364, -86, 8, 52, 136, -14, -94, 22, 52, -24, 46, -86, -2, -70, 22, 208, 248, 120, -46, -26, 116, -166, 26, 24, -70, 204, 52, -14, 40, -70, -130, -56, -158, 90, 14, -98, 156, 90, -28, -28, -296, 84, -42, 30, -24, 70, -110, -18, 62, -88, 10, 176, 32, 8, -18, -38, 18, 14, -126, -70, 168, -68, 92, -58, 28, -24, 58, -50, 58, -98, -160, -16, 4, 12, 132, -6, 192, 8, 142, -166, 52, -60, 118, -16, 204, 68, 126, -158, 56, 88, -52, -138, 246, 254, -4, -14, 6, -166, -156, 38, 96, 76, 144, -224, -70, 34, 34, -118, 2, -6, -46, -266, -86, 158, -268, -54, 98, -168, -48, 142, 102, -76, -70, 136, 274, 124, 60, 150, 60, -50, 66, 220, 62, 106, 196, 148, 186, -2, 78, 6, 228, -72, 132, 262, 40, -22, 74, -18, 108, 204, -140, -52, -90, 116, -238, 178, -108, -20, 70, 70, 142, 104, 80, 126, 36, 218, -94, -38, -100, 18, -124, 20, -128, -170, 24, -86, 24, 114, -24, 52, 4, 136, 250, 14, -32, -70, 186, 150, 156, 62, -88, -156, 110, 98, -82, -188, -116, 230, 104, -130, 84, -46, 98, 48, -66, -324, 68, -62, -32, 78, 68, 40, -148, -42, 172, 78, 76, -20, 86, 2, -152, -42, 54, -28, -216, -46, 124, -232, 122, -234, 34, -226, 204, 102, -136, 210, 74, 316, -128, 292, 40, 168, -6, -50, -66, 16, -78, -258, 84, 128, 0, 88, 68, 228, 112, 92, 76, 210, -30, 18, 98, -48, 172, -196, 50, -20, -110, 14, -70, -156, 172, -114, -20, 134, 72, 180, 4, 64, 94, -138, -118, -52, -172, 4, -220, 8, -58, 192, -94, 222, 190, 90, 86, 28, 156, 24, 90, -62, 118, 104, -98, 166, -2, 68, -68, 246, 82, -8, -154, -16, 120, 148, -288, 108, 128, 106, 104, 190, -190, -156, 68, -204, 80, 68, -112, 86, 96, 242, 340, -44, 4, -96, -128, 76, 54, 78, -2, -78, 38, -136, 150, -156, -42, -146, 228, 62, -92, -210, 126, -290, 54, 78, -6, 126, -120, 0, -118, 24, 30, 62, -32, 344, 234, 38, 122, 44, -28, -176, -64, -184, -262, -218, 162, 122, 150, 40, -36, 172, 28, 132, 34, -24, -58, -214, -28, 248, -64, 120, -72, 60, 310, 106, -84, 118, -146, 
112, 24, 174, 70, 104, 248, 164, 122, 426, -60, -34, 0, 130, 34, -66, -4, -184, 94, 148, 16, 146, -254, 144, -6, -170, -144, 42, 2, -2, -32, 158, -90, 254, -18, 76, 54, -164, -12, -8, 86, 96, -4, 58, 158, 154, 44, -38, -12, -4, 160, -188, -112, -136, -204, 142, -18, 164, 144, 178, -164, -114, 136, -30, 150, -54, -14, 128, 138, -24, -36, -24, -134, 204, 112, -122, 102, -72, 186, 12, 124, 68, 70, -192, 34, -228, 98, -118, 36, -90, 64, -116, 68, 132, 20, -62, 120, -82, -2, 34, 310, -74, 238, 300, 108, -18, -34, 110, -46, -232, 50, 68, 166, 32, -84, 156, -142, 152, 58, -58, -12, -18, -90, -6, 162, -52, -84, 120, -44, -54, 22, -18, -84, 144, -172, -14, 294, -18, 42, -2, -26, 142, -372, -184, 88, 164, 206, -120, 48, 12, 26, -196, -128, 14, -158, 104, -32, -114, 48, 90, -66, 88, 0, 164, 108, -2, -96, -4, 60, -134, -6, 124, -46, 82, 24, 110, 46, 78, 74, 50, -152, 96, -190, 152, -96, 102, -96, 148, 6, 10, -2, -52, -42, -8, 128, -30, 238, 116, -216, -84, 78, 66, -120, -100, 118, 12, -12, -158, -6, 304, 120, -118, 44, 52, -14, -44, 86, 184, 310, 122, 308, 48, 182, 246, -54, -20, -44, 22, -44, -60, -120, 4, -48, -152, 64, 92, 0, -174, 68, 56, -96, -46, 32, 86, 54, 4, -246, 196, -32, -152, 78, -110, -4, -24, 44, -148, 104, 68, -26, -124, 240, -38, 126, 74, -174, -96, 68, -140, -294, 12, 214, 10, 24, 86, -38, -92, 114, -60, 96, 216, -48, 34, 36, -58, 70, 28, 256, -100, -82, -32, 152, 24, 12, -128, -64, -94, -26, -2, 26, 20, -42, 250, 192, -60, 6, 92, -134, 160, 92, 128, -12, 256, -52, 160, 106, -100, -54, 68, -80, -72, -72, -84, -18, 136, 142, 48, 162, 136, 14, -30, 54, -128, -214, 206, -178, 210, -162, 362, -82, -24, 168, -22, -40, -114, 48, -164, -90, -92, -84, 188, 148, -84, 86, 124, -12, -62, -16, -46, 66, -80, 116, 100, -76, -300, 32, -146, 56, 84, -182, 150, 36, 68, 118, 22, 354, 312, 14, 86, 40, 14, -56, -142, 46, 100, -40, 40, 170, -36, 138, 42, 386, 60, -26, -232, -132, 130, -2, -2, -50, -38, -64, 24, -42, 104, 8, -136, 192, -172, -102, 14, 122, -310, -76, 148, 50, 190, -316, 24, 146, -112, -8, -70, 58, -122, 178, 98, 30, 196, -14, 148, 134, -114, -202, -148, -202, -20, -28, 196, -12, -118, -108, -8, 28, 34, -48, 128, -24, 84, -24, 168, -174, 4, 96, -18, -146, 238, -112, -32, -150, -194, -90, -84, -6, 136, -150, -10, -34, -316, -138, -36, -4, 96, 128, 90, 24, 154, 346, 362, -250, -66, -150, -102, 102, -182, 64, -22, 20, -38, 94, 234, -24, 88, 18, -132, 134, 14, -206, -170, 130, 148, 372, 
-66, 216, -154, -94, -24, -20, -122, -80, -242, -2, 50, 252, 0, 76, -164, 26, 178, -58, -224, -58, 40, 380, 32, -96, 356, 152, 60, 192, 162, -150, -314, -128, -282, 200, -206, 24, 254, -56, -72, 18, 92, -56, 24, 36, 60, -4, 60, 62, 120, -242, 150, 90, 102, 194, -64, 86, 104, -120, -252, 130, -52, 2, 34, 4, 256, -36, -124, -2, -34, 112, 88, 46, -244, -82, 158, 50, 162, -192, 2, -26, -74, 48, -42, -204, 288, 10, -20, 24, 100, 64, 60, -10, 62, -86, 226, -86, 34, -120, 122, -236, 208, -164, -164, -136, 292, 64, -222, 44, 174, -52, 48, -78, 164, 82, -102, 158, 30, 28, 58, 16, 4, 192, 94, 158, -10, 172, -26, 144, 200, -154, 74, -14, -22, 30, -140, 24, 220, -104, 116, -64, -58, 254, -56, -32, -164, -186, -14, 90, 116, -78, 188, 188, 164, 222, -242, -18, 40, -78, 92, 154, -128, -30, -170, -106, 18, 76, 88, 104, 198, 96, -122, -46, 54, 28, -16, -88, 152, -182, -46, 56, -48, 114, -160, -6, -34, 76, -16, 118, 94, -178, 76, 186, -12, -158, -84, -36, -104, 68, 76, 66, 24, 68, 88, -50, 276, -66, 230, 158, -90, -250, 234, 160, 42, 138, 62, 100, 72, -170, -86, -166, -58, 76, -10, 54, 154, -10, 104, 92, 20, -30, -26, 20, 218, 88, 80, -14, 64, -18, -58, -2, 12, -70, -50, 186, -60, 104, -218, -8, 74, -212, 38, 158, -26, 10, 150, 2, 64, -90, 164, 38, -94, -10, 88, 196, 12, -94, 194, 342, -30, -52, -28, -80, -22, -62, 136, -26, 80, -92, -226, -94, -340, -26, 92, 162, -98, -436, -150, 66, -152, 110, 48, -72, 196, -10, 82, -32, -132, -128, 42, 142, -176, -130, 94, 104, 76, 124, 40, 118, -114, -26, -228, 22, -50, 38, -10, 48, 80, 68, 12, 30, 112, 58, 48, 72, -72, -180, -106, 108, 28, -92, 102, 138, -240, 54, -178, 232, -208, 166, 136, -46, 148, -94, -14, -154, 138, 40, 230, 176, 0, 354, -60, -142, -32, 170, -66, 16, 44, 106, 202, -40, 8, -20, 188, 8, 112, -24, 174, -130, 32, 98, 64, 44, -190, -40, -252, 54, 78, -50, -100, 110, 130, 42, -214, 0, 6, -10, 212, 56, 40, -288, -8, 20, -78, 60, -156, 88, 118, 60, 98, 64, 126, 46, 16, 34, 74, -238, 216, 132, 4, -34, 254, 160, -62, -62, -80, 178, -54, 26, 22, -44, 86, 12, 8, -24, 0, 178, -160, -64, -270, -4, 170, 204, 174, 318, -24, 128, 8, -12, 164, -62, 234, 74, 92, -102, 16, 38, 42, 104, -160, 296, 70, -78, 112, 54, -114, -48, 12, 98, 218, 68, 196, 124, -2, 282, 114, -10, 212, 184, 124, 114, -42, -72, -100, 102, 22, -270, -284, 138, 106, 164, 122, -382, 80, -148, 28, -2, -8, -102, -260, -146, 94, 218, 70, -168, -16, 140, 116, 10, -62, -222, 
114, -110, 220, 252, 54, -36, 142, -108, 72, 240, 32, -306, -24, -150, 10, -26, -48, 78, 202, -12, -76, -204, -6, 376, -120, -164, -8, -148, -300, 166, 200, 118, 274, 4, 62, 58, -10, 118, 130, 8, -16, 152, 84, 24, 112, -82, 204, -26, -64, 234, -76, -26, -244, 124, 82, -378, -32, 68, 324, -122, 96, 196, -118, -108, -210, 64, 44, -86, 214, 18, -74, -174, 52, 214, -132, 106, -112, 320, 86, -118, -50, -56, 80, 208, -140, 16, -50, -38, -116, 134, -92, 116, -28, 124, -92, 466, 20, 176, 2, 124, -174, 116, 206, 72, -64, -10, 164, -38, -228, 132, -42, 94, -140, -54, 32, -38, 56, -50, 64, 68, 58, 18, -86, -116, 92, 58, 22, -168, -186, 154, 144, 294, 64, -194, 134, -30, -148, -130, 148, 198, -102, 24, 36, 136, 184, -38, 82, -48, -12, 212, -170, -70, 20, -378, -42, 154, 2, 66, -32, -102, 72, -26, 76, 2, 136, -78, 6, -64, -12, 6, 352, -166, -120, 58, -54, 22, -18, 130, 266, 14, 54, -48, 114, -78, -50, 48, -68, 12, 104, 44, -384, 72, 176, 100, 68, -62, 80, 100, 16, -170, 144, 68, -68, 286, -170, 52, -126, -36, 284, 162, -266, -126, 90, -52, -192, 84, 126, 50, 36, 106, 10, -250, -238, 38, -224, 200, -6, -114, -72, -136, -8, -78, -8, 36, -158, -8, 68, 124, 30, -118, 56, 90, 184, -108, -42, -88, 56, 34, 32, 186, 42, -124, 208, 104, 46, -64, -282, 212, -58, -232, 172, -108, -80, -110, -32, 20, -110, -182, -44, -14, 0, 126, 256, 78, -74, 120, -112, 140, 222, 94, 304, 104, -102, -144, -30, 222, 202, 14, 256, -34, -28, 16, -92, 184, -50, 106, 12, 70, 30, -100, 62, 24, 60, 32, 168, 46, 74, -238, 0, -10, 260, -44, 42, -190, 24, 26, -30, 206, -144, 122, -68, -2, 18, -140, 78, -158, 30, 84, 92, 238, -84, -16, 340, -148, 212, 8, 262, -46, 146, 28, -68, 124, 36, -34, 26, -6, -80, -148, 100, -224, 306, -44, 170, -246, -18, 12, 98, -132, -20, -24, 152, 48, -150, -48, 2, -60, -86, 56, 44, -182, -104, -44, 114, 72, 294, -36, -86, 96, 154, -76, -66, 72, 94, 114, 98, -12, -4, -14, -116, 244, -50, 20, -2, -104, 78, 42, -38, -94, -94, -2, -240, 14, -8, -154, 64, 64, 56, -264, 116, 22, -8, 14, -28, -108, 88, -92, 120, -26, 302, 64, -98, -166, -30, 192, -148, 12, 234, 194, 124, 134, -138, 50, -240, -300, 18, -52, 36, 158, -284, -78, -56, -74, -18, 262, 0, -90, -38, -104, 78, -174, 32, 96, -44, 102, 92, 94, -266, -84, -122, 120, -6, -116, -52, -228, -32, 204, -160, -30, 118, -58, 198, -160, 10, 6, -250, 96, 84, 130, -116, -102, 2, 246, 84, -38, -10, 30, 110, 136, 72, -80, -160, 62, 38, 244, 30, 46, -94, -6, 70, 262, 
-6, 146, -102, -52, -122, 36, -194, 74, -154, -42, 70, 268, -46, 192, 190, -8, -74, -58, -162, -14, 34, 136, 112, -216, 154, 104, 178, 50, 164, -48, -132, -70, -168, 122, -66, -72, 10, 4, -124, 82, 92, -298, 60, 118, -230, 66, -110, -92, 130, 24, 160, -204, 220, 76, 18, 228, -44, -34, -156, 40, 6, -34, 138, -42, 282, -12, 56, 228, -198, -54, -76, 26, -126, -162, -4, -86, -28, -334, -18, 190, 92, 66, -140, 0, 146, -222, 96, 22, 118, -60, 166, -74, -10, -184, 264, -246, -20, -8, 38, -44, 148, -4, 22, -48, -66, 66, -10, 68, 260, 108, 138, -166, 44, 88, -60, 52, 36, 18, -42, -22, -108, 188, 368, -42, -2, 60, -114, 86, 248, -102, -46, -186, 0, 260, -64, 128, 154, 164, 38, -10, -46, 72, 4, 50, -218, -66, 24, 162, 70, -78, 18, 88, -70, 262, -2, -256, -134, -22, -44, 44, 122, -14, 4, -152, 18, -84, -38, 126, 70, 36, -174, 184, 148, 82, 58, -134, -82, 38, -172, -198, 6, -36, -30, 38, 146, -16, 114, 2, -156, 162, 162, -68, 4, -52, 92, 198, -58, -64, -92, 42, -206, 30, 130, -158, 92, 44, 160, 24, -82, -174, 190, 152, 4, 40, -8, 14, 38, 82, 72, -172, -62, 248, 224, -20, 138, -60, 146, 70, 116, 26, 122, -8, -78, 38, 314, -4, -144, -12, 120, 178, -120, 64, 30, 134, 50, 118, 130, 162, 22, -70, 290, 126, 50, 18, -16, 196, 96, -44, -12, 94, 80, -58, 266, -58, 168, 0, 66, 118, 52, 62, 142, -76, -124, 38, 20, 118, 66, 156, -156, -114, -252, 154, 28, 282, 194, -120, -66, -104, -100, -64, -20, -128, 44, -78, -34, -152, 120, 66, 44, 132, 16, -92, 30, 86, -130, -14, 110, 110, 98, 104, -124, 0, 66, 176, 148, -32, -92, -156, 160, -124, 52, -64, -40, 162, 64, 176, -72, -72, -70, -130, 248, -12, -198, 124, 62, 128, -214, -40, -138, 56, 100, 16, 60, -72, 0, 282, -90, 172, -76, 162, -266, -82, -50, 194, 98, 60, -104, 146, 82, -40, 106, -138, 110, 22, 116, 48, 126, -48, 176, 48, 142, -30, -24, -58, -284, -2, -42, -16, -208, -14, -72, 156, -70, -120, -56, 188, 118, 42, 176, -266, 136, 64, -40, -64, -158, 124, -58, -4, 52, -240, 116, 202, -42, -204, -8, -20, -92, 262, -70, 70, 62, -14, 82, 86, 72, -2, -60, 258, -158, 8, 226, 52, -54, -50, 248, -92, -40, -14, 24, -66, 34, -88, 220, 218, 194, 62, -24, -16, 158, -14, 208, -104, -70, -274, 86, 100, 46, 148, -54, 0, 12, 130, 152, -98, -26, -166, 276, 12, 282, -128, -64, 94, 230, 62, 72, -90, 96, 0, -102, 28, -106, 180, 4, -28, 276, 90, -186, 40, 150, 228, -192, -198, 98, 86, 16, 16, 40, 94, 14, 196, 212, -62, 28, -252, -54, 216, 148, -16, 110, -156, 
134, -106, 30, 78, 98, -278, 62, -32, 98, 86, 34, -88, 202, 4, 6, -50, 166, 80, 68, 32, -38, 26, -32, 184, -38, -92, 26, 8, 114, 182, 216, -92, 68, -204, 186, 86, -122, 24, 84, -208, -80, 206, 14, -56, 158, -22, 152, 142, -108, 164, 130, 98, -272, -108, 46, -42, -56, 200, 182, -38, -20, 176, -102, -10, -346, 108, -76, -326, 40, 142, 340, 106, -8, 224, 36, 180, -68, 240, 0, -68, 30, -22, 120, 120, -138, 214, -40, -78, -6, 16, -130, -56, -80, 250, -292, 64, -60, -56, -44, 94, 40, 56, -32, 136, -36, -4, 212, -30, 76, -84, -32, 216, -80, -70, 30, -78, -28, -102, 160, 184, -68, -106, -314, 58, 280, -164, 88, -16, -186, 106, 82, 30, -94, -150, 54, -154, -78, 32, 2, 56, -34, -126, 106, 288, 286, 144, -48, -40, 50, 106, -22, -18, -40, -138, 164, 148, 158, -68, -10, -8, -80, 104, 156, 90, 66, 104, -74, -138, 102, -26, 244, -132, -62, -266, 58, 16, 182, 22, 6, 158, -72, 110, 102, 8, -68, 28, -68, 78, 140, -58, -100, -70, 158, -28, -108, -250, 170, 130, -134, 116, 178, 0, 122, 218, 70, 6, 2, 146, 180, 86, -78, 46, 188, 88, 34, 160, -184, 78, -210, -34, 64, -224, -166, 6, -76, 78, -24, -10, -72, 0, 32, 46, 212, -68, -204, -126, 112, 190, -98, -202, 194, -58, -102, 2, -42, 2, -314, -94, 78, 106, -248, -152, 42, 254, 82, 2, 130, -108, 28, 98, -42, -162, -240, -32, 126, -62, -2, -86, 76, 58, -140, 134, 94, 112, 68, 62, 220, -74, -6, 108, 92, -96, 22, -86, -232, 142, 24, -18, 86, -4, -46, 108, 54, 288, 80, 96, -58, -142, 32, -26, 26, 272, 184, -30, 152, 104, -134, -78, -82, -154, 246, -38, 134, -66, -32, -108, -46, 186, 44, 76, -20, -38, -14, -42, -156, -320, 294, 156, 96, 44, -182, 36, 188, -60, -212, -186, -8, -42, 128, -80, -124, 74, 140, 50, 40, -58, -28, -60, 108, -58, 182, 58, 44, -146, -8, 32, 88, 18, 50, 48, -12, 100, 66, 16, -150, 22, -86, 86, -24, -124, 72, 178, -138, 126, 228, 100, 70, -46, 370, 188, -64, 4, 62, 332, 188, -8, -118, -22, -58, 250, -112, 92, 82, 194, 18, -136, 56, 38, -60, 202, -38, -32, -8, 266, 114, 106, 68, -104, 58, -60, -148, 162, -50, 90, -52, 160, 114, -122, 194, -2, -14, 0, 118, 96, -478, 196, 40, 210, -24, 26, -176, 98, -68, -72, -136, -140, 30, -20, 58, 86, 28, 0, 180, 324, 28, 124, 18, 70, 268, 130, 82, -26, 76, 36, 68, 202, -166, -110, -128, 18, 244, 86, -54, -66, -98, 164, -188, -96, 130, -32, 186, 52, -6, 284, 126, 10, 240, -12, -134, 6, -22, -24, 38, -44, -28, 108, 86, 52, 50, -84, -100, 164, -56, 32, 88, -264, -196, 90, -154, -36, 
-12, -116, 60, -64, -32, 392, 100, -18, -22, 60, 192, 78, -102, -22, -42, -148, -20, 110, 138, 80, 18, 60, -50, -60, 24, 108, 16, 96, 20, -40, -184, 6, -182, 152, -22, -12, -14, -10, -112, 188, 294, -34, -78, 258, -220, -180, -76, 88, 100, -90, -18, 14, 200, 130, -82, 64, 38, -50, 142, 110, 102, -44, 216, 108, 88, 8, -82, 370, -4, -58, -86, 6, 196, -232, 14, -136, -70, -100, -30, 144, -24, 72, 62, -70, 200, -74, 232, 182, 0, -8, 128, 116, 78, -268, 272, 132, -8, -36, 306, -48, 80, 58, 50, 90, 40, -136, -110, -48, -188, -42, -20, -182, -74, 28, -62, 106, 238, 96, -48, -220, -52, 62, 182, -190, -110, 264, -126, 62, 326, 8, -86, 18, 148, -30, 168, 84, 52, -50, 132, -76, 60, -66, -116, -98, -208, -248, 326, 228, -250, -130, 170, 24, 108, 136, 284, -58, -296, -66, 20, -40, -48, -108, -144, -30, -78, -22, 214, 114, 24, 110, -162, 58, -46, 196, 122, 10, -370, -128, 86, -4, 50, -94, 2, 8, 162, 26, 26, -42, 44, 96, 220, -82, -244, 226, 144, 224, -44, 34, 380, -154, -284, -54, -262, -100, -78, 6, 96, 26, -256, 54, -14, 38, -36, 52, -94, -146, 126, 52, 166, -102, -34, 194, 216, 122, 0, 12, 202, 8, 182, 14, 12, -100, -146, 80, 318, 22, -52, -40, -66, 142, -128, 248, 144, 58, 40, -88, 310, 86, 14, -6, 118, 122, -112, -80, -26, 66, -80, 36, 152, -4, -6, 284, 246, 126, 10, -204, -82, -60, -70, -38, 34, -36, 18, 44, -60, 0, -76, 120, -60, -164, 104, 156, -254, -110, 44, -112, 66, 30, -24, 22, 6, -186, 48, -136, -36, -186, 62, 144, -10, 80, -86, -202, -36, -150, 0, -140, -54, -84, 120, 146, -214, -64, -142, 292, 182, 78, 186, -108, 174, -40, 104, -10, 170, 100, 306, 430, -102, -74, -146, -76, 266, -26, -106, 144, 158, 266, 204, 38, 18, -100, 282, 24, -112, -48, 66, 50, 20, 82, -64, 232, -2, -20, -114, 260, 62, -114, 14, 92, -204, 110, 64, 62, -42, 52, 82, -168, 48, -58, -16, 52, 50, -64, 144, -26, -134, -94, 170, -96, -160, 28, 64, -66, 8, -70, -102, 12, 138, 24, 144, -200, 224, -150, 36, -214, 190, 38, 102, 58, 36, -164, 106, 26, 42, -294, -110, 48, -84, 70, -280, 284, 60, -24, 88, 0, -52, -46, 136, 164, -178, 80, -14, 50, 44, 12, 444, 188, 24, 8, 108, -186, 168, 20, 156, 156, 278, 66, -84, 24, 12, -160, 22, 94, -114, -246, 58, 70, 22, -86, -118, -242, 56, 54, -180, 238, -12, -170, 66, -44, 30, -76, -18, 48, 82, 28, 102, -172, -10, 72, -140, 18, -100, -32, 248, 0, 136, 136, -230, -52, 94, -2, 68, 90, 106, 14, -86, -58, -54, 226, -168, 194, 80, -152, -16, 40, -106, 316, 38, -30, 54, -56, 
244, -140, -72, 94, 4, -146, 136, 10, 214, 120, -70, 86, 52, 24, 48, 6, 16, -136, 20, 26, 94, 0, 156, 48, -118, -46, -108, -96, -52, 12, 62, -108, 156, -66, -72, 58, -102, -46, 222, -34, -180, 234, -12, -156, 192, 98, -162, 156, -184, 102, 136, -52, -160, 86, 112, -54, 12, 156, -84, -2, -16, 24, -14, -144, 6, -10, 160, -306, 142, -42, -110, 24, 46, 370, 136, 102, 96, -50, 82, 22, 70, -2, -64, -6, -94, 30, -134, -154, 36, -2, -20, -132, -180, 48, -126, 82, 122, -70, -46, 336, -10, -16, -128, 96, 94, 44, 48, 158, -44, 42, 136, 250, 8, 170, 12, -158, -258, -94, 48, 334, 34, 16, -14, 46, -10, -338, 26, 94, -290, 84, 84, 214, 40, -18, 2, -20, 70, 66, -86, -44, -42, 64, 112, 102, 166, 64, -88, -326, 150, 44, 14, -138, -90, -130, -144, 94, 184, 8, 84, 208, 52, 182, 92, 68, 98, 198, -102, 44, -76, -112, 152, 138, 164, -54, -174, -8, 310, 240, 30, -30, -190, 228, -42, 12, -178, -70, -126, 88, 2, -58, -62, 18, 286, -188, -94, -22, 134, 34, -250, 168, 206, 164, 254, 120, 30, 64, 120, 24, 126, 26, -140, -86, -14, -92, -90, 144, -8, 152, -12, 16, 80, -84, 82, -74, 134, 74, -170, -50, 6, 56, -54, 92, -32, 134, -80, -20, 76, 204, 78, -4, -120, -308, -114, -26, 162, -12, -194, 50, -132, -92, 278, 36, -32, -54, -64, 62, -6, -140, 72, 230, -48, -218, 8, -38, -12, 184, -10, 98, -16, 164, -126, 206, 184, 58, 2, -150, 108, -298, -50, 16, -124, -80, 238, 172, -98, 174, 104, 18, 32, -72, -24, 162, 60, 196, -228, -2, -14, -260, 22, -238, 86, 60, -80, 240, 138, -28, -132, 38, 44, -104, 90, 22, 146, -204, -20, 66, -152, 54, -108, 26, 72, -40, 56, -240, -288, -320, 144, -146, 162, -132, -272, 6, 138, -106, -48, -104, -120, -52, -56, 152, -94, -40, 96, 108, -18, 36, -4, -44, 80, -8, 58, 92, 140, -122, -146, 76, -40, -36, 72, -182, -38, 18, -72, 162, -40, 166, 140, -50, -20, -30, -44, 50, -144, 154, 18, -78, -94, 312, 116, -62, -20, 64, -18, 44, 98, 42, -44, 166, -88, 152, -178, 68, 36, 156, 40, 58, 22, 104, 132, 338, -66, -4, -36, 236, 108, -110, 206, 36, 270, -242, -124, -192, 52, 94, 162, 108, -4, -128, 16, -56, 4, 30, -164, 28, -314, 92, -128, 128, -22, 124, 62, 24, -16, -116, -12, -142, 198, -22, 24, 116, -12, -20, 54, 176, 18, 62, 16, 60, 114, 112, 194, 234, 270, -68, 58, 74, -166, 174, 14, 238, -42, -28, -106, 92, 62, 94, 146, -142, 60, -170, -22, -42, -140, -30, -152, -130, 142, 114, -30, -94, -42, 90, -156, 154, -26, 64, 20, -42, 102, -222, -166, 82, -136, 114, 128, -178, 140, -30, -32, -8, 
-154, 128, 30, -124, -12, 300, -56, 110, 102, 208, 98, -128, 8, -104, 68, 84, -70, -4, 36, -6, -166, 36, -70, -26, 204, 52, 132, 206, -30, 72, 88, -84, 34, 66, 96, 54, 90, 78, -124, -6, 58, -270, 14, 350, -200, -72, 80, -80, 206, -128, -90, 140, 128, 0, -124, -128, -38, 68, 144, 52, -88, 32, -132, -26, 128, -54, 162, 238, -38, -30, 106, -28, 62, -292, 64, 80, -210, 206, -16, 10, 24, 8, 156, -12, 2, 58, 174, 204, -34, -22, 54, 226, 68, -98, 120, 42, 68, 62, -4, -382, 92, 140, -10, -102, -246, -18, -94, -14, 218, 94, -142, -36, 184, 50, 260, 330, 180, -64, -74, -126, 50, -38, 66, 34, 170, 20, -80, -144, 336, -184, -190, -74, -196, -256, 44, 164, 250, 182, -66, -14, -82, -4, -56, -110, 70, -94, 22, 280, -226, -78, -150, 274, 122, 6, 128, -94, -320, -6, -118, -88, -24, -22, -126, 78, -14, -194, 48, -64, 228, 132, 12, -72, 48, 82, -102, 68, -178, -192, 108, -2, 36, -124, 138, -12, 92, 252, 178, -30, 52, 252, 54, 0, -320, 104, -84, -6, 88, 88, 28, -200, -58, -152, -66, -208, -14, -10, 70, 46, -64, -140, 36, 304, -86, -42, 130, -56, 94, -210, -64, -142, 64, 192, -48, 126, -204, 28, 190, 26, 34, -156, -14, -124, 18, -72, 58, -102, 68, -270, -106, -182, -68, 146, -74, 44, -142, 4, -16, -112, 270, -60, -122, 38, 88, 28, 22, 70, 44, 172, 48, -52, 64, -12, 16, 118, 4, -184, 42, 18, -38, -12, 146, -168, -116, -62, -32, 330, -108, 38, -94, -102, 104, -40, -110, 134, 158, 14, -188, -30, 62, -26, 164, 38, -88, -32, 306, 152, 42, 208, 284, 160, 74, -128, 68, -52, 42, -80, 180, -116, 10, 398, -16, 10, -28, 214, -2, -14, 166, -112, 152, 36, 142, -56, 76, 86, 28, 296, -148, -100, -30, 118, 202, -52, 58, 170, 84, -18, 138, 90, 54, -184, -106, -144, -144, -68, 52, 94, 100, 10, -92, -32, -72, 12, 32, -78, 158, -22, 154, 230, -44, 130, 34, 180, 142, -132, -96, 40, 8, 142, -76, -62, -60, 66, 18, 76, 50, -12, 34, 70, -64, 74, 148, -14, 96, 50, 2, 10, 10, 18, 80, 8, 276, -30, 46, 6, 70, 2, 30, 26, 122, -160, 174, 12, -2, 66, -102, 164, -86, -10, 10, -90, 0, 164, -72, 120, -152, 16, 160, 152, -32, 110, 86, -210, 168, -146, 166, 88, 56, -140, 82, -60, -110, -122, 142, 250, 94, 242, -56, 134, 164, -18, 172, -112, 50, 22, 100, -34, -156, -114, -148, -10, -62, 28, -118, 82, -24, -34, -20, 106, -150, -184, 196, 102, 126, -6, 16, -60, -10, 144, 114, 46, -8, 132, -50, -108, 60, 134, -68, -110, -38, -2, 226, 80, 188, -242, -46, -60, -32, -54, -46, 314, 16, -82, 84, -86, 208, 70, -222, 24, -14, 18, 
-12, 22, 10, 154, -132, -158, 246, -104, -78, 34, 158, 64, 78, 30, -78, -62, 154, -148, -70, -84, 212, -82, 62, 106, -118, -14, -106, 42, 78, -58, -32, -26, 6, 86, -76, 48, -82, -224, 80, -28, 46, 72, 104, -188, 206, -12, -38, -18, -64, 84, 20, -124, -254, 176, 134, 222, 60, 58, -56, 210, 82, -10, 92, 6, -40, 52, -66, -102, 70, 26, -192, -76, 42, 330, -98, 118, 220, -168, 40, -90, 84, 94, -10, 138, -10, -106, 178, -168, -34, 68, -52, 24, -26, 106, -12, 126, -80, -20, -40, 340, -102, -152, 100, 44, 80, 158, 274, -104, -132, 14, -24, 116, 38, 58, -70, -232, -90, -84, 66, -36, 44, -68, 46, -74, -164, -72, -24, 42, -236, 210, 306, 208, 118, 272, 0, -70, -228, 0, 134, 20, 78, -12, 120, 184, -34, 192, -6, -108, -54, 284, 138, -114, -164, -6, 42, 4, 166, -40, 100, 252, 52, -86, 58, 34, 68, 394, -262, 12, -172, -4, 22, 26, 40, -166, 60, 160, 160, 56, -86, -34, 56, 126, -176, 166, -212, -192, 42, -2, 84, -194, -90, 28, 150, -84, 80, 120, 56, -20, -2, 126, 20, -68, 224, 120, 56, 22, 68, -122, -10, 130, 232, -200, 104, 8, 18, 98, -124, 158, 50, 252, -74, -154, -108, -26, -44, 160, -58, 164, 16, 190, 186, 190, 8, 230, -6, 154, -116, 174, -40, 66, -70, -36, 36, -28, 68, -90, 26, -128, -150, -34, 138, -4, -160, 28, -42, -20, 62, -84, 212, 94, 92, 276, 98, 84, 62, 238, 14, 30, -76, -6, -124, 98, -56, 108, -16, -50, 144, -152, -40, -38, -2, 16, 138, -156, 34, 110, 152, 240, 62, 68, -178, 0, 236, 140, -158, 98, -68, -118, 96, -208, 24, 100, -180, 216, -20, -8, -66, 58, -16, -340, -46, 112, 92, -202, -66, 28, -90, 148, 42, -104, 30, 118, -146, -30, -38, -32, 210, -26, 146, -46, -122, 132, -244, -98, -40, 180, -210, -28, -130, 242, 98, 212, 76, -202, -110, 70, -140, -46, 30, -14, -84, 210, -72, 110, -66, 172, -196, 54, 186, -62, 50, -228, -84, 98, 32, 8, 22, -190, 44, 202, 42, -50, 30, 90, 76, 58, 152, 126, 158, 220, 10, 212, -106, 114, -34, -44, -98, -72, -78, 46, -38, -44, -106, 74, -84, -38, -16, -16, -156, 54, -20, 14, 170, 128, 192, -26, 12, 6, 256, -118, 182, -38, -2, -240, 256, -146, -130, -356, 64, -72, 18, 336, -226, 270, -136, 198, -84, 90, -224, 74, 72, 64, -14, -20, -106, -212, 40, -110, -162, -4, 68, 246, 74, -80, 54, 166, 154, 168, 136, 68, 26, -38, 148, 112, 24, 70, 68, 72, 270, 172, -242, -58, -44, 64, 76, 10, 16, 86, -218, 22, -72, -128, 144, 170, 34, 102, 100, 70, 344, -186, -260, 104, -100, 102, 144, 46, -10, 60, -114, -100, -8, -92, 166, 346, -42, -182, -62, -70, 62, 316, 
252, 72, 82, -102, 60, 6, -14, 14, 18, -82, 72, 164, 66, 76, 180, 296, -100, 306, 186, 86, -48, 32, 4, 74, 94, 10, 74, -128, 96, -192, 178, 36, 174, 80, 160, 80, -34, 242, -142, -88, -122, -126, 96, 44, -170, 28, 4, -18, 34, 136, -100, 86, 452, -180, -64, -164, 86, 88, 66, 46, 80, 182, -94, 106, -38, 150, 34, 154, 50, 168, 70, 294, -180, -98, 70, -150, -40, 192, -76, 146, -42, 70, 106, -98, -38, 78, 46, 72, 234, -38, 184, 202, 78, -70, 14, -78, 192, -130, 12, -226, 172, 252, 38, -46, 108, -22, -124, 140, 180, -4, -88, 52, 6, -72, 230, -96, -42, -30, -2, 16, -36, 22, 16, 130, 42, 74, -56, 60, 216, -188, -80, -162, 58, -120, -68, 70, 166, 190, -82, 24, -92, 26, -62, -44, 120, 18, 12, 154, 218, -86, -6, 224, 184, -16, 36, 44, -86, 106, -46, -24, -138, 42, -96, -24, 98, -212, 144, 78, 70, -56, -16, 210, 74, 80, -76, -68, -90, -2, 292, -140, -202, -196, 262, 156, 136, 290, 60, 142, 170, 200, 172, 18, -76, 18, -52, -42, 230, -60, 84, 0, -62, 76, -116, -154, -130, -72, 144, 74, 44, 44, 24, 278, 22, 84, 24, -160, 308, -150, 106, -156, 232, 226, 280, 48, -150, -48, 84, -26, 30, -86, 28, -46, -46, 120, -28, -104, -88, -252, -78, 44, 158, -38, -182, 0, 36, 224, 6, 88, 124, 170, -96, 12, 118, 120, -64, 2, 32, 116, -300, 0, 50, -296, -272, -20, -24, -34, 4, 98, 160, 126, 186, -124, 42, 86, -82, -240, -16, 66, 14, 150, 190, 78, -136, -8, -164, -196, -182, -42, -48, -208, 132, 36, 122, -70, 358, -78, 42, 18, -78, 162, 16, -154, 86, -22, -150, 38, 82, 22, -72, 182, 38, 90, -124, 254, -52, 128, -22, -92, 50, 100, 0, -14, 82, 160, 82, 42, -246, 40, -180, -114, 210, -98, 36, -48, -34, 14, 88, -76, 94, -198, -20, -150, -32, 370, 4, -158, 88, 44, -12, 54, -42, 90, -22, -36, -104, -110, 162, 106, -18, 228, -152, 166, 214, 6, 24, -72, 64, 174, 150, -286, 40, 122, 78, -156, 94, 18, 94, -70, 46, -314, 2, -146, 28, -68, -58, -236, 12, 78, 210, 48, 60, 8, 104, -60, 208, -98, -180, 196, 124, -26, 52, -158, 142, -44, -52, -14, 46, 72, -208, -144, -78, -50, -86, 306, -288, 90, -34, 86, 66, -176, 74, -68, 432, 0, -146, -56, 198, -148, 112, 116, -46, -94, 114, -28, 132, 156, -66, -32, 56, -186, -60, -162, 4, 38, -114, 72, -270, -24, -170, -48, 50, -48, 4, 20, -198, -202, 2, 52, -122, 12, 2, 150, 36, -98, -92, -42, 142, 86, 74, 98, 134, 106, -154, -132, 48, -26, 208, -144, -204, 4, 190, -148, 158, 20, -166, -8, 164, 52, -58, -138, 78, 130, -62, 68, -88, 80, 50, 62, 102, -114, 
-78, 50, -244, 50, -148, -68, 140, 18, -268, 40, 24, 8, 100, 14, -66, -80, -90, -140, 138, 90, 196, -68, 152, -36, -206, 126, 58, 138, -412, 326, -52, 42, 82, -2, 14, -68, -24, -34, 68, 28, -4, 202, -86, 40, 170, -144, -12, -36, -44, -26, -16, 48, -160, 76, 232, 274, 92, -82, 142, -94, -30, -50, 32, 20, 228, -194, 8, 124, -32, -60, -230, -40, 80, 130, -198, 148, -118, -94, -60, -52, 190, -4, -62, 194, 142, -194, 102, -106, -94, -164, -66, -122, -18, 76, -168, 112, -162, 152, 84, 90, 16, -102, 212, 84, 86, 2, 52, -132, -80, 56, 94, 114, -90, 40, -64, 6, 108, 12, 82, -140, 266, 70, 56, 62, -58, 6, 62, -208, -196, 256, 176, -26, 162, 224, 168, -112, -224, 154, 236, 152, 116, -64, -96, -70, 112, 94, 62, -16, -274, -76, 76, -142, -212, 40, -28, 24, 44, 56, 194, -112, -4, 38, 122, -30, -32, 22, -178, 46, -38, 128, -62, -48, 60, 208, 150, 100, 88, 196, -280, 106, 38, 200, 84, -262, -188, -138, 74, -100, -124, -188, -92, 22, -48, 28, 150, 58, 54, -40, -124, -86, -20, 16, 16, 224, 274, 130, -68, -134, 94, -44, -298, -154, -96, 92, -54, 122, -6, 90, -32, 242, -204, -282, -124, -48, -140, -10, 150, 60, -4, -2, -4, 8, 88, -224, 132, -14, -134, 138, -46, 56, 44, 156, 258, 152, 22, -28, -200, -8, 102, -340, 72, 132, -6, -196, -2, 144, -58, 34, 334, 70, 28, 124, 488, 228, -30, -84, 154, 196, 6, 14, -134, 258, 244, 98, 72, 246, 30, -170, 2, 26, -12, -98, 268, 162, 132, 54, 178, 150, 22, 166, -10, -232, -70, -32, -316, 92, 66, -44, 60, -100, 14, 100, -174, 132, -18, -70, -136, -60, -60, -308, -62, -40, 120, -186, -68, 106, -22, -10, 74, -170, 62, -28, -86, -206, 66, 118, 124, 48, 78, 20, -30, 14, 24, -136, -160, 114, 18, -18, -56, 44, 6, 130, 216, -340, -116, 242, 150, -88, -30, -210, 18, -76, 30, -34, 0, 328, -172, -192, 18, -110, -2, -34, -274, 64, -96, 262, -182, -322, 18, 296, 16, 20, 96, 152, 216, -112, 192, 134, 108, 196, 24, 28, -54, -78, 46, 220, -28, -56, -192, 70, 42, -8, -162, -20, -70, 104, 184, -212, -278, 94, 4, 110, -130, 70, 2, 330, -284, 16, 224, 84, 128, -70, -104, -46, 278, -120, 114, 20, -92, 246, -10, 158, -78, -12, 184, 200, -72, 124, -112, -4, -10, 44, -12, -6, -8, -188, 152, 168, 28, 238, 90, 204, 28, 122, 122, 10, 210, 150, 258, 118, -66, 104, -158, 56, 38, 100, -16, 94, 94, -214, -80, -134, 182, -10, -110, 62, -40, -158, -204, 164, -112, -44, 274, 112, -12, 88, -110, 162, 146, 40, -182, -22, -386, 48, 78, 94, -84, 34, 90, 272, -8, 10, 14, 52, -100, 20, -72, -26, -92, 14, 
-30, 72, 128, -78, 82, 60, -114, -108, 340, -16, 166, 134, 34, 118, -32, 162, 166, 74, -80, 158, 4, 136, 10, 126, 178, -162, -106, -88, 490, -256, -94, 142, 32, 144, -48, 164, 16, 90, 212, -90, -34, -102, -66, 56, -154, 44, 22, 166, 80, -30, -24, 26, -118, 16, -160, -192, 84, 86, 4, 168, 30, 118, 88, 72, -206, 356, -32, -52, -112, 52, 296, -116, -24, 30, 186, -44, 46, 160, 252, 122, -122, 112, 142, -40, -44, 104, -190, 72, 42, 52, 54, 132, -42, -14, 238, -96, 152, -48, -54, -58, -44, -18, -264, 56, -60, -20, 66, 164, 138, 152, -62, -48, -208, -56, 154, 58, -92, 128, 60, 132, -84, -148, -12, 118, 92, 54, 86, 94, 256, -8, -34, -30, 28, -152, -232, 160, 282, -4, -196, 6, -44, 46, 66, 56, -46, 84, -118, 0, 192, 88, 48, 204, 58, -2, 174, 166, 210, -58, -214, 58, -108, -64, -64, 116, 100, -58, 284, -110, -24, -94, 256, 56, -38, 62, -136, -58, -44, 16, 300, -86, -36, -40, -10, 266, 304, -32, -94, -240, -102, 282, 154, -84, -56, -88, -70, 82, 18, -100, 214, 194, 140, 208, 104, -112, -154, -98, 66, 170, -118, 38, 274, 52, -48, 80, 28, -138, -138, -154, 98, -58, 58, 330, 170, -204, 78, -24, -232, 48, 104, 46, -20, -66, 0, 150, 52, -16, 210, -10, 116, -20, 66, -82, -56, -96, -100, -8, 108, 22, -290, 136, -52, -60, -20, 206, 104, -2, 172, 50, -276, 4, 26, -170, -256, -250, 52, 110, -228, -50, 26, 84, 100, -148, -48, -130, 82, -112, -86, 104, -84, 24, 56, 34, -196, 70, -16, 84, -244, 120, -38, -100, 120, 292, 10, 158, 210, 4, 236, -2, 2, 54, -48, -140, 254, -130, -26, 172, -12, -128, 14, 370, 88, 46, -104, -34, 84, -12, -74, 182, -110, 66, 34, -26, 226, 108, -132, -38, -152, -164, -180, -78, 160, 40, -118, 192, -2, -58, 40, 254, 78, -148, 38, -156, -10, 242, 238, -84, -102, 208, 82, 302, 88, 144, -234, -166, -74, -380, 200, 242, 122, -58, -192, -78, 322, 56, -12, -332, 164, 292, -32, -164, 84, 94, 58, -162, -206, 148, -166, 18, -232, -28, -228, -156, 42, 36, -110, -30, 84, 42, 300, -88, -86, 124, 42, 76, 172, 74, -14, 214, 382, -50, 94, -68, 156, -6, 210, 52, 162, -44, -176, -48, -46, -20, 118, -80, -220, 32, -78, 56, -10, 10, 88, 88, 80, 88, -76, -32, 70, -176, 226, 154, 24, -140, 160, 40, 190, 46, 32, -100, -126, -354, 174, -312, -4, 14, -4, -76, -158, -96, -204, -106, 6, -84, 30, -42, 88, 102, -22, -112, -138, 94, 216, 320, -104, 76, 64, 114, 70, 88, 48, -106, 118, 80, -282, -92, 62, 78, 22, -166, -64, 198, -22, 24, 246, -182, -122, 144, 292, -76, -44, -212, 160, -88, -150, -146, 222, 50, 10, 90, 48, 108, 
-94, -66, -26, 112, -94, 114, 152, 74, -366, -58, -100, -148, 92, 40, 170, 8, -182, -94, 86, -14, -86, 76, 28, 60, -52, 172, 148, 32, -220, 298, 104, -18, 116, -190, 152, -6, 114, -50, 48, 92, -214, 64, 124, -16, 80, 54, -38, -150, -210, 30, -32, 186, 112, 50, 166, -10, 120, -104, -40, -246, -2, -62, 58, 14, 284, -178, 28, 114, 352, 24, -206, 298, 10, -188, -208, 150, 82, -174, 98, -124, 138, 52, 26, -34, 118, -136, 42, -50, 114, 36, -84, 12, 14, 76, -258, 214, -182, 58, -82, -38, 60, -14, 202, 8, 130, 158, 16, -26, 50, -124, -96, -28, 142, 132, 90, -10, 56, 32, 72, 8, 116, 172, 100, 98, -32, 170, -200, -74, -16, -92, 106, 110, -22, 244, 76, -10, -200, 154, 46, 50, 10, -16, -10, 28, -98, -74, 134, -78, -96, -128, -32, 24, -120, -42, -174, -216, -170, -34, 200, 120, 174, 160, 28, -64, -10, 206, -136, 100, 6, 66, -140, -56, 74, 54, 224, -6, 248, 84, -382, -18, -120, -16, 96, -138, -252, 50, -112, 200, 50, -62, -164, 68, -118, 204, -70, -18, -6, 42, -42, -78, 112, -170, 134, 124, 130, 218, -134, -100, 130, 188, -80, -60, 104, -32, 136, 48, 16, 166, -26, 94, 68, -92, -50, 288, -24, -46, 260, 32, -68, 28, 38, -22, 42, -164, 104, -88, -60, 92, -96, -42, -128, 6, 212, 44, 44, 110, -44, -98, 302, 8, 82, 128, 6, -104, 28, 152, -174, -42, 146, 120, -234, 48, 222, 230, -94, -186, -140, 10, 36, 156, -18, 24, 102, 30, 4, 18, -50, -50, 44, 10, -136, 106, 254, 72, -126, 16, 152, -152, 120, 16, 134, -102, 144, -90, -180, 188, -252, 98, -30, 8, -54, 96, -218, 26, -78, -170, 118, -82, -8, -250, -2, -136, -72, 10, -222, 44, 150, -28, -60, 34, -104, 58, 0, -184, 286, 226, 384, 160, -2, 6, -184, 76, -2, -192, 234, 128, 358, -200, -128, 84, -114, 106, 62, -6, -38, 56, 126, 68, -56, -208, -44, -42, 220, 62, 124, 172, -226, -132, -58, 28, 170, 54, -72, -14, -14, 330, -4, -224, 136, 442, -90, 44, -2, 22, -114, -34, 64, -4, 258, -2, 236, 106, -16, 42, 212, 96, 20, 178, -250, 248, 270, -6, -44, -60, -86, 150, 90, -236, -388, -6, -32, 66, -14, 42, -112, 14, -42, 94, -136, 166, -56, -116, -94, 78, 212, 186, 20, 16, 124, 144, -52, -36, 40, 22, -40, 12, 78, 34, -294, -298, 24, 180, 18, -36, -366, 64, 122, 106, 6, 342, 126, 208, 80, -38, 24, 188, 276, 98, 180, -50, -8, 64, 36, -62, -18, -52, 172, -86, 164, -80, -168, -340, 86, 100, 8, -56, -84, 10, -30, -58, -132, -52, 238, 104, -44, -50, -38, -6, 130, -8, 118, -44, -120, 126, 46, 126, -366, -20, 138, 206, -96, -64, 240, 90, -196, -10, 128, 16, 154, 92, 
154, 92, 122, -118, 72, -62, 64, -22, 350, -22, 24, 148, 70, -10, 110, 92, 354, -78, 184, -134, 16, -14, 42, -6, 128, -206, -26, -78, 190, -184, -220, -30, -128, 112, -66, 62, -64, 64, -118, 104, 350, 8, -76, 122, -6, -16, 54, 200, -38, 118, 152, -98, -264, 26, -48, 60, 42, 20, 70, 232, 34, 20, 12, 22, -220, 14, 150, -174, 130, -32, 370, -146, 84, 156, 132, -168, -104, 68, -24, 126, -116, 180, 54, -14, -170, -118, 48, 56, -8, -134, 180, 60, -2, 202, 88, -32, 230, -202, 22, 236, 22, 68, -154, 172, 2, 38, -38, 48, -2, 24, 256, 64, -80, -56, 0, -36, -92, 152, 160, 198, 16, -78, -64, -136, 116, -218, 178, 90, 162, 48, -118, -28, -182, -142, 102, 114, 100, -150, 138, -160, -52, 12, 54, -58, 170, 222, -14, -44, 182, -52, 190, 114, 8, 66, 130, 116, 22, -174, -90, -38, -166, -246, -22, 156, 50, -258, 178, -70, 198, 142, -104, 174, 168, -88, 76, -114, -146, -18, 348, -18, 32, 66, -36, 14, 224, 2, 234, 54, -26, -52, 186, -238, 114, 28, -10, 170, -68, -10, -18, 258, -12, 190, -76, 38, -186, -100, 108, 66, -26, -244, 42, -142, -102, 64, -68, 140, -192, -178, -44, 42, 8, 80, 164, -164, -130, 30, -154, -68, 116, -60, -108, -22, 94, 144, -138, 124, 44, -76, 16, -126, 88, -254, -100, 136, -100, -26, 106, -20, -152, 16, 38, -16, -46, 314, 24, -176, 8, 66, 98, -14, 122, 14, -20, -150, 136, 166, 96, 108, 48, -184, 60, -86, -14, -132, -28, -30, 262, 110, -88, 30, 198, 20, -172, -134, -22, -66, -92, 96, 54, -14, -122, 136, -146, 48, 116, -220, 324, 34, 60, -44, 138, 6, 144, -136, 216, 6, -62, 174, 2, 118, 32, 84, 302, -68, 134, 10, -114, 88, 150, 74, 58, -92, 138, -8, -310, -116, -324, -58, 28, 114, 38, -52, 114, 60, -28, -116, -366, 132, 192, -70, 126, -102, 112, -62, -184, 12, -72, -84, 156, 240, -92, 114, -46, -120, -106, -120, 182, -52, 108, -30, -40, 6, 20, 12, -46, -258, -68, 270, -30, -152, -166, 162, -108, -66, 104, -46, -30, 8, -128, 98, -174, -154, 8, -152, -6, -166, -172, -10, 108, -2, 82, 226, 214, 138, -60, -130, -60, -4, -10, -142, 2, 74, -84, -4, 92, 22, 30, -372, 292, -24, 108, 70, 68, -162, 30, -156, -116, 14, 0, -130, 158, -116, 118, 136, 50, -22, 12, 146, 164, 178, -60, -234, 64, 136, 206, 70, 76, 26, 90, -126, -6, -120, -96, 56, 262, -104, -136, 86, 52, 108, 58, 0, 2, 94, 176, -16, 20, 52, 46, -4, 168, 292, -132, 54, 36, 128, 194, 92, -2, 12, 166, 146, -24, -110, -18, 124, 178, 52, -72, -54, -166, 128, 68, 52, 2, 98, 180, 210, 140, -408, 170, -222, -162, -6, 158, 224, -20, 104, -282, 86, 
-62, 150, 4, 224, 48, 0, -48, -100, -180, 264, -112, -140, 200, 116, 8, 148, -328, -86, 84, 40, 22, -20, -16, 56, -78, 160, -30, 128, 38, 32, 168, 80, 56, 68, 12, -100, 54, -88, 114, 2, -206, 40, 6, -56, 120, -142, -50, -186, 76, -138, -92, 190, 150, -66, 166, -30, 172, 126, 22, -174, 26, -54, 42, -136, 336, 164, 40, 296, 56, 80, -146, 62, -60, -186, 12, 262, -16, 24, 64, 140, 144, -96, 178, 108, 82, 78, -252, -106, 96, 238, -66, 64, 14, -194, 42, 26, -212, 118, 196, -120, 78, 12, 60, -50, -22, 62, 76, -114, -122, 140, -216, -160, 30, 20, -20, 64, -40, -304, -90, -168, 56, 260, 58, 210, 48, 236, -58, 2, -118, -82, 162, 76, 328, 114, -22, -108, -158, 94, 22, 136, 82, 110, 10, 152, -172, -172, 144, -62, 112, 376, -96, -170, 236, -6, -4, -142, 88, 38, 184, -138, 104, 150, -54, -62, -208, 204, 52, 94, -108, -154, 32, -54, -254, -46, -20, 140, 116, 52, -316, 18, 108, -24, -50, 102, -74, 0, -16, 80, -30, -32, -232, 86, -188, -16, 126, -234, -4, 154, 102, 4, 74, 42, -110, 18, 24, -84, -154, 80, 72, 306, -40, 226, 174, 102, 108, -4, 64, 158, 40, -40, -62, 142, -168, 130, 136, 126, 46, 206, -48, 4, 62, 120, 96, 14, 100, -92, -46, 30, -86, 92, 14, 140, 348, -12, 214, -94, 26, -4, 86, -80, 26, 246, -56, -400, 68, -160, 22, 116, 94, -18, -184, 132, 76, 34, 58, -50, -76, 82, 78, 262, 32, 264, -102, 168, 68, 30, -144, -22, 16, 100, -144, -54, -14, 144, -38, 84, 78, 46, -2, 204, 38, 110, 46, 28, -34, 146, -260, -100, 48, -120, -12, 20, -140, 86, 14, -104, 24, -176, 106, -188, -96, -60, -102, 36, -66, -98, 150, -104, -104, 92, -10, 104, -148, 50, 144, 254, 110, 154, 106, 40, -36, -20, -262, 10, -100, 254, 236, 82, 20, 128, 18, 162, -254, 4, -8, 154, -250, 60, 64, -70, 266, 72, 34, 94, 116, 144, -68, 98, -80, -134, -6, 158, 80, -90, 6, 196, 22, -104, -22, 56, 48, -132, 250, 72, -152, 178, 192, -116, 8, -90, 214, 12, -54, 10, 26, 296, 286, 18, -6, -66, 88, -186, -38, -162, -92, -86, -12, 66, -4, 150, 36, -38, 48, 38, 12, -28, -4, 256, -246, -4, 18, -206, 150, 114, -94, -54, 186, 52, 14, 226, -162, 100, -8, -128, -34, -20, 126, -146, -136, -204, 230, 308, -162, 28, -76, -40, 118, 14, -80, 156, 8, 184, 126, -16, -112, -80, 20, -106, 8, 4, -88, 90, 144, 26, -356, 204, 130, 20, 128, 46, -76, -202, 402, 136, -56, -188, -72, -128, 76, 114, -134, 82, 22, -6, -68, -18, -80, 26, 184, 64, 266, -240, -164, 136, 90, -144, -90, -28, -78, 368, -26, 192, 30, 34, -8, -146, -74, -66, 154, 160, 
210, -280, 92, -204, 118, 2, 42, 92, 76, -96, -82, 226, -214, -62, 68, 64, 214, -82, 56, -16, 206, 126, -102, -192, 22, 118, -138, -276, 74, 104, -52, -118, 0, -4, 0, 44, 52, 102, -170, 122, 204, 80, -84, -78, -80, 184, 48, 102, 60, 144, 170, 30, -152, 174, -126, -4, -132, -232, -80, 206, 86, 72, -54, 180, -192, -208, 128, -222, 20, -118, 8, 26, 10, 214, 134, -180, 20, 42, 54, 98, -34, 56, -138, -98, 58, -76, 228, 100, 68, -144, 142, -152, 118, 12, -130, 36, 136, -18, -234, 140, -88, -52, -84, 112, 26, -68, -126, 58, 44, -104, 76, 342, 130, 46, 6, -58, -106, 170, 200, 170, 96, -178, 14, 128, -44, -154, 62, 48, 116, 156, -72, -160, 90, 98, -24, 78, 10, 12, 42, -246, -14, -72, 56, 44, 24, 218, -130, 132, 58, -76, -12, 86, -128, 6, 206, 80, -46, -144, -110, -92, 144, 136, 188, 84, 172, 66, -154, 12, 122, 72, 76, 70, 114, 60, -36, -110, 158, 88, -10, -14, -102, -130, -38, -46, 32, -40, 66, 2, 8, -70, 274, -6, 138, 190, -90, 308, 128, -26, -18, 88, 74, 22, 72, -184, 20, -28, 82, -52, -42, -166, 80, 6, -222, 86, -52, 114, 38, -72, -28, 174, 46, -104, 230, -144, 10, -12, 32, -100, 30, -150, -66, -140, 84, -102, -164, 172, 100, 36, 98, -48, 64, -80, -68, 64, -118, 194, 78, 78, 206, 108, -118, -222, -58, 234, -28, 154, 102, -28, -166, 62, 2, -2, -48, 8, -208, 180, -134, -160, -78, 34, 82, -70, -88, -90, 58, -28, 146, 86, -140, 52, 178, 94, 184, -150, 106, -216, -30, -10, -8, -222, -28, -18, -62, 46, 238, -192, 44, 246, -130, 142, 64, -46, 116, -50, 92, 158, -66, 244, -224, 26, 170, -84, 160, 118, 70, 86, -242, 190, 0, 66, -210, -42, 240, 186, -106, -136, 68, -168, -4, -42, 76, 82, 110, -46, -18, -200, -108, -82, 40, -190, 24, -160, 246, -118, 50, 12, 152, -130, -184, -44, 100, -54, -34, 16, 58, -114, 30, 44, 166, 48, 16, -118, 46, 248, 38, -78, -24, 182, 118, 2, 102, 172, -220, -172, 136, -66, -48, 122, 50, -26, -184, -4, 220, 280, -44, 24, -164, 54, 76, 136, -62, 156, -6, 26, 154, 152, 82, -10, 68, 28, 30, 8, -124, -132, -72, 216, 34, -80, 264, -74, -196, -124, -110, -2, -2, 240, -108, 8, 30, -190, 108, 36, 6, 50, 56, 96, -92, 30, 250, 170, -202, -200, 188, -186, 54, 174, -94, 54, -144, -116, 34, -212, -174, 182, 74, 80, -10, 164, 236, -66, 172, 14, -84, -60, 152, -96, -80, -106, -28, 64, 124, 94, -328, 2, -86, 18, 44, 36, -26, 0, 10, 8, 18, 156, 10, 38, 42, 108, 114, -14, -200, 140, 104, -86, -66, -18, 80, 38, -30, -144, 82, -24, 32, 12, 86, 74, 102, 170, -168, 16, 
-102, 208, 46, 94, 130, 124, 156, -116, 98, 12, 208, -138, 102, 138, -46, -84, -202, 200, -124, 218, 100, -18, 226, 44, 164, -104, 36, 230, -10, -240, 134, -50, 162, 88, 72, 2, 42, 48, 182, -126, 70, -240, -36, 48, 256, -74, 38, -28, -48, -178, -184, -70, 152, 64, 98, -160, 198, 288, 156, -284, 16, -52, 130, -278, 270, 282, -70, 92, 122, 36, 238, 102, -110, -108, -20, 118, -30, 28, -54, -86, 2, 94, 94, 142, -150, 106, -146, -192, 56, -44, -146, 110, -252, 62, -74, -38, 14, 72, 142, 70, 182, 64, 42, 4, -148, 92, 140, 136, 156, 30, -82, -226, 144, -46, 68, -10, -84, -6, -26, 40, -120, -94, -64, 26, -24, 94, 112, -64, -52, -76, 50, 288, -4, -12, 80, 10, -44, 212, -24, 134, 28, 62, -30, -74, 80, -50, 118, 156, -16, -20, 138, -164, 20, -14, -102, 152, 168, 210, 172, 22, -94, -92, -168, -94, -88, -72, -64, 68, 74, 48, -160, -118, -202, -40, -10, 110, -24, -194, 198, 214, 22, 188, 44, 78, 10, 116, 80, 130, -52, 190, -232, -116, -258, -116, 186, -30, -36, 12, -106, -74, 120, 2, 20, 34, -26, 24, 64, 58, 84, 66, -110, 2, 76, -74, 108, 78, 74, 116, 66, -90, 204, -142, -214, 242, 42, 194, -174, -4, -20, 168, 34, 50, -164, 174, 138, -48, -18, -158, 100, 54, -66, 152, 60, -42, 18, -202, -26, 76, -168, -32, 12, 216, -10, -174, 154, -126, 72, 252, 106, 50, 118, 28, 34, 122, 414, -230, 120, 142, 168, -54, -78, 178, 48, 202, -90, 136, -154, 20, -190, -22, -20, -168, 4, 52, 14, 146, 94, -62, 78, 8, 16, 14, 170, -106, -166, 156, 4, 18, 228, -54, 110, 252, -140, 66, 2, -36, 34, -132, 200, 12, 66, -58, 8, 16, -62, -22, 252, -102, 82, -58, 138, -66, -148, -290, 206, 172, 0, 164, -26, 100, 48, -164, -114, 44, -28, 70, -50, -38, -2, 164, 70, 130, -126, 68, 112, 76, -246, -12, 368, 134, -276, 48, 190, 110, 48, 90, -88, 144, -78, 116, -68, 42, -48, -300, -10, -154, 82, -218, -76, 158, -56, -132, 214, -64, -16, 106, 90, -150, -58, -24, 78, 72, -6, -142, -32, -54, 226, 88, -30, -124, 82, -18, 0, -6, -56, -44, 98, 206, 0, -182, -18, -248, 36, -142, 86, -100, 286, -50, -82, 128, 132, 154, 58, 48, 160, -124, 144, -54, 88, 258, 62, 62, -40, 54, -96, 82, 232, 52, -150, -218, 234, 250, -32, 58, -70, -172, 206, -178, 204, 28, 184, 220, 114, -400, -34, -56, 120, -158, -60, 72, -24, 12, 52, 130, 16, -78, 270, 68, 74, -16, -190, 42, 366, -58, -76, -66, -56, -30, -24, -118, -228, 190, 122, 52, -16, -116, -184, 20, 0, -40, -12, -226, -38, 126, 212, 206, -56, -220, -190, 208, 48, 6, -202, 60, 68, -184, -154, -238, 98, -4, 
234, -206, -156, -174, -16, -50, -140, 166, -180, 2, -14, 182, -2, -54, 174, 92, 240, 24, 106, 24, 20, 64, -72, -44, -216, 64, -66, -126, 12, 156, 42, -126, 116, -82, -32, 130, 12, 118, -220, 226, -18, -34, -176, -20, -86, -194, -64, 122, 200, -48, 64, -18, -204, 108, -216, 174, 56, -188, -22, 350, -144, 16, -10, 204, -136, -138, -4, -54, -260, 46, -156, -138, -34, 74, 146, -34, 94, 6, -150, 98, 136, 46, 112, 88, 132, -26, -86, 194, -136, -76, 118, -38, 226, 136, 94, 138, -22, 178, -68, -110, -166, -70, -18, 50, 86, 78, -42, -168, -198, 60, 242, 142, -16, 184, 92, 62, -12, 18, 118, 26, -56, -58, 56, -126, 176, -224, -118, -120, -16, 158, 104, -218, -6, 100, -48, 88, -10, -4, 70, -10, -128, 8, 242, 196, -132, -80, -102, -186, 322, -106, -86, 236, -218, -132, 54, -36, -198, -236, -256, 40, 156, -36, 170, 22, 152, 94, 166, -52, -96, -16, 236, 158, 52, -76, 116, -96, 38, 94, -44, -36, 242, -86, -162, -200, 22, -46, -54, 36, 70, 2, 256, 172, 228, 116, -354, -82, 102, -2, 64, 38, -38, -10, -166, -100, 28, 142, 58, -76, -22, -78, 60, -16, -10, 244, -46, 146, -118, -46, -4, -66, -118, 114, 70, -124, -62, -138, 72, 26, -48, -80, 30, 26, 132, -196, -96, -56, 24, -102, -40, -10, 88, -146, 40, 88, 112, 66, 136, -122, 244, -114, 26, -28, -20, 168, -12, 262, -70, -106, 42, -192, -42, 148, -92, 20, -246, 186, 20, -198, -92, 150, 164, -232, -174, -6, 154, 24, 278, 40, 34, -12, -28, 200, -14, -110, -68, -72, 56, -4, 54, -6, 0, 92, -220, 114, 210, -114, -358, -20, -88, 26, -196, -246, 104, 128, 26, 118, -6, 138, -128, 70, 20, -166, 168, 156, 100, 102, -74, 90, 124, 158, -250, 202, 112, 332, -298, -86, 26, -6, 94, -324, 98, -4, 176, -66, -4, 38, 98, -106, 92, -64, 82, -66, 258, 42, -10, -140, 180, -14, -154, -192, 250, 26, -190, -92, 128, 96, 62, 42, 40, -58, 16, 26, 206, 394, 74, 294, 110, 398, 110, -96, -24, 0, -56, 82, 154, -84, 54, -34, 194, 162, -46, 6, 196, 104, 94, 12, -248, 146, -4, 148, -22, -60, 104, -170, 56, -14, -138, -50, -2, 82, 118, 110, 62, 236, -36, 68, -150, 72, 30, 48, -82, 22, 8, 68, -92, 68, -48, 246, -46, -220, 138, 10, 22, 140, 188, -92, -182, 0, 156, 130, -174, -150, -236, 48, -30, 182, -228, 56, 26, 42, -164, -118, -232, 410, 70, 70, 68, 76, 54, -40, -4, 226, -38, -172, 10, -12, -230, 66, 116, 46, -42, 16, -210, -90, -102, 182, 60, -72, 58, 244, 78, -98, -110, -28, 130, 28, 108, -2, 98, 14, 108, 146, 42, -52, -168, -104, 174, 342, 236, -84, 4, 154, 338, -198, 24, 186, 72, 310, -94, 152, 
-116, 178, 198, 138, 70, 100, 72, -250, 178, 96, -136, -112, 34, 116, -82, -84, -374, -56, 172, -280, -138, 94, -56, -48, 146, 26, 30, 54, 0, -30, 8, 120, 32, 106, 234, -136, -16, -2, 38, -118, 62, 68, 142, -146, 50, -12, 174, -38, -24, 212, -110, 168, 166, 62, 156, 24, -68, 96, -58, -168, 104, 58, -20, -2, 42, 120, 28, -100, 352, 174, 150, 188, 128, -32, -132, -94, 220, -14, -8, -66, -68, 248, -26, -18, -222, 146, 272, -80, 162, 284, -10, 202, -84, -54, 124, -362, 196, -46, 10, -12, 70, 46, 150, 36, -56, 78, 44, 66, 82, -176, 30, -76, -12, -132, 30, -254, -18, -76, -160, -116, 134, -102, -128, 200, -124, 104, 60, 130, -172, -202, -28, 246, 40, -206, -14, -178, 220, 132, -42, 112, 132, 72, -94, -12, 98, 26, 54, 234, -102, 184, 126, -52, 322, 162, -158, 26, 128, 174, 252, 140, -116, -50, -226, 10, -82, 8, -94, 114, 250, 26, -98, -36, 268, 122, 90, 116, -68, -14, 128, 20, -20, 76, 150, -16, 28, 70, 158, -10, 110, 118, -4, -46, -92, -108, 236, 38, 22, 58, -46, -46, -60, -106, 98, 188, -18, -182, -154, 30, 38, 194, 210, -50, 138, -94, 128, 28, 124, 202, 16, 76, 116, -94, 166, 274, 46, 108, -110, 162, 68, -28, -96, 72, 80, 264, 84, 74, 50, 52, 68, 82, -38, 74, 6, -72, -328, 200, -12, 124, -98, 60, -94, 62, -86, -240, 264, -308, 156, 18, 4, -8, 138, -46, 230, -202, 340, -252, 56, 170, -10, 76, -142, 82, 70, -6, -8, 38, -228, 28, -206, 162, 136, -282, -24, 188, 110, -4, 14, 66, -10, 16, 62, -34, 162, -2, 0, 50, 234, -54, 288, 64, 52, 252, 172, -100, -86, -158, -34, -142, 162, -154, 72, 42, 120, -10, 14, 4, 88, -84, -44, 54, 114, -250, -284, -262, 66, 44, 132, 230, -172, 260, -320, 118, -96, 216, 204, -170, 106, 150, -138, 212, -194, 198, -258, 8, 30, 246, -168, 0, 62, 328, -152, 4, -14, 128, -32, 96, 54, 52, -50, 138, 132, 0, -86, -282, -174, -144, -8, -146, -74, 106, 46, 132, 44, 82, -16, 122, 60, -6, -112, -126, 120, -104, -88, 22, -20, -168, 190, -88, -30, 24, -38, 70, -240, 200, 60, -94, 40, 38, -174, -74, 32, -104, -14, -354, -22, -32, 128, 90, -20, 78, 142, -32, 0, -80, 4, -214, 206, 120, 172, 188, -190, 148, 68, 10, 62, -12, 106, 40, 20, -10, 278, 152, 144, -188, -78, 52, 248, -120, 70, 92, 220, 178, 136, -178, 76, 126, -52, -134, -112, -90, 184, -30, 196, 38, 140, 46, 44, 70, -58, -86, 56, 60, 280, -50, 20, -158, -82, -20, -54, -80, 78, 148, -62, -28, -128, 138, -120, 24, 48, -46, -112, 96, -34, 88, -82, 72, 36, -168, -62, 136, 22, -116, -162, 168, -84, 54, 16, -10, 82, -18, 
34, -86, -68, -28, -114, 82, 34, 226, -18, -104, -16, 84, 84, -152, 58, 328, 328, 202, -80, 134, -24, 132, 100, 56, -80, 12, -78, 44, -52, -72, -70, 28, 120, -78, 6, 192, -182, 22, -30, 82, -108, 188, -316, 114, -60, 144, 46, 52, 202, -280, 92, -78, -60, 42, -26, -2, 188, 22, -44, -76, 0, -102, 172, -14, 144, -50, -18, -12, -254, -58, -62, -74, 4, 254, 58, 348, -94, 88, 26, 44, 98, -56, 370, -74, 84, 10, -222, 202, -160, -186, 130, -92, 138, 38, -80, 96, -50, -28, 68, -46, -20, 158, -256, 28, -20, -28, 142, 24, 128, 48, 162, 206, 62, 114, -86, 196, 192, 58, -68, 74, -24, 136, 74, 0, 188, -106, -194, 84, 2, 336, 220, -12, 46, 158, 290, 100, -84, -90, 140, 100, -90, -80, 190, -10, 48, 140, 14, -208, 310, 78, 48, 18, -120, -264, 228, 106, -106, -48, -150, -46, 78, 50, 286, 60, -132, 204, -4, -168, -90, -6, 146, 66, -124, -18, -118, -48, 52, 48, -160, 32, -24, 102, -2, 110, -202, 156, -44, 8, -104, -46, -68, 146, 6, 234, -132, 6, 98, -138, 92, 98, 158, 306, -12, -128, 120, 2, 90, -236, -60, -78, -78, 70, 18, 126, 2, -122, -278, -266, 242, -66, 26, 146, -36, -148, -40, -212, 144, -188, 118, 116, 130, 112, 6, -140, -54, 94, -62, -44, 30, 74, 308, -76, 36, 132, 308, -148, -56, 40, 146, 82, 104, -98, -42, 184, -146, 190, 18, -42, 14, 52, 58, 148, -140, 156, -212, 170, -16, -22, 36, -66, 202, 52, -146, 232, -68, 46, 118, -52, 230, -218, -62, 334, 70, -70, -46, 28, 16, -250, 60, -42, 6, 76, -142, 122, -40, -16, 14, -38, -94, -80, 10, -184, -226, 88, 68, 276, 58, 168, 44, 220, -6, 80, 8, -22, 4, 12, -130, 354, 38, -86, -68, 104, 164, 216, -122, -98, 16, -26, -136, 10, 120, 90, 130, -100, -280, 102, 28, 2, 160, 36, 102, 10, 142, -60, -324, -180, -10, 8, -208, -216, -46, 42, -26, -102, -2, 158, -104, -68, 166, -18, -246, 6, 186, 292, 238, 150, 142, 314, -48, -48, -14, -126, 126, 10, 74, -22, -92, 102, 210, 174, -6, 184, 138, 134, 56, 34, 28, -56, 78, 40, 34, 28, 78, 4, -188, -82, 32, -76, 148, 290, -120, 180, -62, 326, -56, 84, -72, -16, 120, -70, -104, 18, 70, 178, -66, 256, 18, -50, -98, 26, 94, -112, 118, 142, -134, 98, 174, 16, 80, 38, -48, 34, -58, -2, 162, -26, -84, 130, -30, 80, -190, -160, -90, 124, 114, -68, 154, 70, 128, 124, 122, 162, -42, -42, -208, -122, -12, 66, -212, -4, -150, -172, -34, 30, 2, 166, 218, 112, 160, 6, 218, -54, 114, 90, 66, -42, 154, -24, -112, -120, -10, 16, -232, -240, 54, 80, -212, -10, 8, -70, 54, 160, 148, -246, -198, 10, -16, 76, 68, -34, 
38, -50, 238, 18, 112, -230, -100, -328, 6, 26, 280, 16, -124, 252, -56, -82, -172, -220, 32, -188, -2, -154, 150, 132, 178, 74, 12, -38, 126, 24, -92, 24, 80, 94, -26, 182, 246, 28, 38, -136, 124, -224, 198, -94, 38, -34, -36, -62, -16, 402, 140, 162, 320, 2, 34, -156, 56, -40, -240, 78, -132, 158, 56, 0, -342, -20, -156, 126, 60, 122, -16, 234, 2, -110, -116, -212, -120, -140, 32, 32, -54, 112, -212, 106, -142, 54, 58, -46, 336, 130, -24, 82, -186, -136, -18, 122, 112, 70, -160, 32, 86, -88, 244, -80, 262, 82, 12, 2, -2, 12, -38, -134, -46, -112, 162, -254, -126, -2, 216, 2, 154, -80, -24, 194, -128, 194, 180, 20, 38, -86, -106, -48, 90, -82, -260, -70, -4, -54, 116, 34, -42, -160, -54, -48, -156, 76, 18, 12, -92, -22, -88, -50, 152, 204, -106, 44, 182, 178, -30, -174, -62, -234, -62, -164, 170, -34, -26, 138, 262, -6, -84, 168, 152, 6, 154, 62, 114, -68, 286, 18, 104, 70, -4, -114, 156, 10, 60, -22, 94, -262, -20, -54, -134, 10, 22, -38, 96, 272, -70, 142, 96, -86, 112, -128, -94, -162, -78, 328, 164, 164, 140, 146, -30, -8, 82, 130, 390, 220, -112, 160, -28, 62, 26, 92, 6, 130, -36, 46, -226, -28, -58, -126, -60, 262, 280, 2, 24, 92, -48, -14, -76, -6, -104, -92, -278, 126, 4, -46, -60, -48, -496, -46, 18, -220, 248, 140, 46, 228, -18, -232, 174, -268, 80, -18, 252, -212, -28, -158, -94, 118, -236, 100, 18, -124, 32, -24, 26, 36, -64, 332, -116, -4, 36, 134, -22, 264, 82, 176, 168, 224, 92, 172, 68, -206, -2, 92, -98, 30, 98, -36, 130, 304, 162, -76, -84, -226, 80, -126, 54, -146, 160, -204, 142, 82, -20, 4, -62, -200, -34, 154, 42, -44, -84, -286, 102, 6, -28, 222, 94, 74, -56, 38, 154, -64, 104, 56, 218, 300, -134, 76, -122, -12, -140, 36, 188, 154, -96, 28, 144, 318, 130, 72, 32, 34, 74, -90, 176, 142, -162, -18, 0, -28, -134, -192, -80, -118, -10, -52, -160, 74, 0, 18, -138, 120, -108, 64, 82, -72, -292, -166, -100, -68, 86, 48, 46, 106, 68, 128, -42, -50, -44, -14, -6, 172, 330, 72, 22, 152, -14, -26, 74, -234, 156, -310, 354, -56, 178, 60, -80, -66, 86, -122, -58, -242, 210, -188, 174, 58, 178, 42, 86, 330, -90, 76, 92, -162, -98, 130, -100, -48, -128, 254, -36, 76, -232, 70, -44, -204, 120, -34, 170, 84, 68, 26, -82, 60, 30, 18, -74, -100, 36, -196, -204, 16, 140, 234, -16, -46, 192, 164, 324, 136, 54, 28, -122, -134, -90, 16, -108, 214, -282, 110, -32, -170, 98, 50, -156, -134, 98, 136, -164, 38, 106, 306, -190, -42, 26, -14, 62, -30, 26, -126, -68, 32, 286, -52, 8, -114, -112, 126, 
148, 198, -142, -146, 26, 196, 44, 252, 130, 88, -200, 216, 110, -128, 20, 204, 72, 262, -34, 86, -44, 280, -154, 142, 40, -250, 24, 82, -98, -40, 60, 10, 42, -36, -26, -16, -140, 4, 20, 270, -186, 248, -134, 256, -148, -86, 240, 158, 12, -410, 30, -100, -162, 88, 42, 122, 150, 14, 238, 60, 254, -132, 68, 60, 230, 86, 146, 2, -64, -192, 134, -188, 154, -54, 32, 104, 168, 174, 38, 94, 182, -90, 236, -14, 138, 146, -68, -8, -174, -128, 50, -144, 222, 212, 26, -64, 76, 138, 76, -164, 84, 18, -168, -152, -130, -46, 46, 110, 144, 42, 62, 204, -38, 68, -164, 88, 164, -92, -262, 136, -26, 16, -82, -210, 10, -82, 54, -38, 98, 90, 250, -26, -48, 196, 112, -30, 80, 8, 76, -62, 152, 246, 98, -10, 102, 38, 22, -134, -60, -162, 250, 38, -154, -278, 336, 44, -4, 28, -8, 276, 32, 202, 94, 136, -12, -24, -36, -158, -16, 68, -46, 128, 0, 34, -38, -130, -74, -180, -134, 126, 76, -28, 36, 74, -38, 26, 102, 86, -84, -80, -112, -2, 120, 144, -94, 124, 30, -180, 42, 232, 0, 88, 42, 12, 54, 2, 130, -120, -20, 42, 34, -30, 68, 20, -18, -98, -202, -96, 74, -80, 174, 116, -36, 38, 22, 42, 46, -28, 124, 2, 150, -40, 38, -82, -130, 22, -16, -124, -8, -12, 188, 2, 150, 98, 146, 12, 254, -178, 118, 36, 238, 222, -94, 100, -284, -140, -92, -168, -144, 114, -164, 110, -28, 76, -120, 168, 68, -64, 0, 106, 178, -66, 32, -20, -60, -34, 0, -118, 130, -304, 110, 24, 98, -138, -62, -14, -72, -222, -64, -72, 92, -28, -14, 176, 6, -88, 214, 172, 2, -4, -104, -284, -44, 120, 164, 246, -90, -20, 140, 124, -44, -132, -20, 128, -146, -22, 96, 164, 24, 20, -70, 6, -86, 274, 102, 94, 56, -48, -16, 52, -66, 62, -18, 32, -176, 76, -198, -238, 164, 118, -2, 176, 256, -28, 18, 26, 166, 42, -318, -152, -14, -226, -96, 42, -30, 156, -22, 78, 70, -2, -38, 170, 322, 212, 82, 200, 40, 204, 56, -90, -78, -54, 44, 68, 216, 32, -58, 8, 192, 106, 254, 18, 138, -2, 72, -308, 28, -102, 64, 190, 152, -70, 122, -10, -274, -12, 34, -28, -166, 32, 64, 98, -168, 226, -130, 54, 28, -64, 134, -4, 158, -2, 238, 252, -46, 188, -106, -148, -216, 10, -150, 96, -18, -4, -38, 100, 50, 20, 184, 64, 238, -208, 190, -122, 166, -68, 202, 214, -46, 68, -90, 118, -138, -20, 52, -94, -88, -40, 170, -48, -34, 6, -68, 66, 142, -68, 44, 132, -210, -74, -146, -50, -20, 76, 152, 70, -18, -74, 8, -190, 194, -50, -40, -6, -34, 2, 168, 226, 50, -112, 150, 16, -198, -308, 358, 38, -20, -122, 94, 70, 82, 94, 202, -78, -214, 124, -18, 84, 162, -10, 
-14, 174, 232, 130, 38, 2, 106, -196, -6, -136, 186, 80, -250, -16, 14, -190, 172, -66, -36, 72, 146, -52, 104, -132, -100, 298, -40, 52, 124, -50, -148, -94, -12, -74, 20, -194, 70, 50, 52, -34, 58, -274, 84, -160, 290, -20, -146, 76, -96, 290, -4, 174, 264, 50, 74, 88, -46, -4, 32, 132, -408, -174, -82, 246, -48, 136, -140, 16, -94, 234, 38, 26, 8, -216, 106, -30, -18, -118, -32, -36, -26, 70, -28, -24, -214, -6, -160, 4, 166, 98, -112, 60, -148, -198, -130, -20, 38, -234, -20, 334, -142, 24, 16, 186, 74, 94, -14, 132, -114, 4, 30, 178, -34, 126, 114, 64, -90, 156, 106, 24, 70, 36, -96, 252, 50, 56, -58, -124, 198, 2, -150, 90, 178, -124, -112, 50, -112, -36, 86, 210, -244, -222, -240, -96, 78, -60, -122, 12, 46, -88, -48, 182, -126, 316, -178, -168, -144, 10, 46, -106, 2, -134, -4, -46, 18, -40, -98, 38, 208, -148, 108, -270, 106, -254, -22, 216, 82, 180, 2, -114, 114, 46, -12, -90, 24, 156, 68, -166, 158, -16, 100, 94, -84, -104, 2, -172, -34, 158, 38, -94, 52, 52, -24, -70, 196, -4, -158, -6, 2, 102, -26, -84, -158, 198, 32, -36, 238, 12, 248, 90, -244, -186, 46, -18, 108, -32, -16, -64, -30, -82, 158, -24, 74, 70, 158, -54, 164, 284, -48, 62, -250, 114, 46, -58, -42, -112, -82, 20, 46, 110, -194, -26, -168, -14, 172, 216, -34, 148, 152, 84, 248, 74, 28, -4, 208, 18, -126, 18, 92, -58, -4, 32, 62, -138, 134, -110, 184, 72, -28, 84, 92, -74, -22, 114, 34, 52, 90, 134, 36, 252, 182, 230, 70, -40, 22, 236, -44, -96, 2, 146, 176, 130, 86, -14, -66, -156, 100, -110, -2, -68, 132, 126, 370, -170, 268, 56, -104, -50, 16, -28, 120, 102, 72, -204, 28, 96, -8, 64, 38, 124, 130, 10, 160, -58, 42, 40, 288, 146, 96, 22, 138, -166, -290, 60, -4, 8, -190, -10, 174, 144, 234, 218, 8, 54, -84, 136, 138, 10, -56, 54, 128, -86, -194, -158, -98, -66, 78, -110, -34, 82, 90, 100, -32, -116, -250, 102, -12, 126, -74, -22, -358, -102, -108, -164, -180, 126, -30, 122, 70, -8, 142, -2, 22, 164, 292, 100, -94, 138, 240, 124, 58, -68, 232, -134, 72, 116, 118, 92, -292, 18, -156, 82, -40, 4, 126, -140, 224, 0, 312, 216, 12, 56, -6, -186, 92, 86, 60, -22, -130, -204, -6, 182, -76, 180, -40, 114, -84, -216, 10, -20, -92, -16, 158, 174, 122, 38, -128, -38, -88, -164, 148, -10, 76, -344, 102, -18, 14, -60, 26, 178, -60, -40, -18, -76, 24, 74, 46, 134, 120, 212, 38, 136, 38, -32, -18, 194, -132, -126, 80, 156, -174, -68, -82, 166, -224, -86, -6, -20, -122, -156, -132, 90, -182, -62, 86, -192, 84, -108, -26, -210, 
66, -204, -216, -192, 82, 38, -112, 304, -54, 78, 6, -320, 252, -38, -98, 216, -46, -38, 136, -168, -172, 46, -194, 148, 6, -184, 46, 290, -46, 148, 292, -138, 22, 14, 184, 188, -98, -128, 6, 136, 90, 248, -154, 58, 0, 22, 174, -16, -106, -368, -176, 16, -128, -124, 96, -42, 74, -4, -36, -140, 266, 40, 188, -82, 268, -170, 86, 254, 82, -258, -62, 12, 202, 262, 30, 18, 90, 274, 136, 130, 38, 32, 6, -18, 236, 190, -74, -26, 60, 60, 58, -74, -6, 256, 288, 234, -10, 74, 26, -74, 174, -144, 44, -180, -326, 30, 18, 144, 124, -36, -56, 234, 54, 46, 14, -60, 178, 30, 136, -64, -200, -14, 46, -90, -96, -64, 88, 72, 144, 112, 134, -86, -112, 222, 74, -56, 128, 46, -50, -184, 256, 162, 152, 198, 38, 4, -2, -168, -42, 116, -138, -130, 70, -106, 118, 186, 10, 20, -70, 126, -136, 282, -62, 66, 0, 148, 56, -180, -22, 166, 148, 304, 148, 336, 88, -64, -38, -130, 266, 186, -272, -76, -74, 110, -28, -422, 234, 268, -160, 28, 80, 58, 126, 166, 118, 110, 140, -106, 90, 50, -66, 24, 154, 46, -64, 4, 164, 82, -50, -166, -132, 134, 170, -128, -28, -12, -40, 6, -124, 0, 50, 202, -66, -74, 162, 26, -52, -10, 94, 74, -162, -112, 96, -108, -10, 52, 16, -292, 114, -4, 154, 36, 24, 92, -42, 172, 152, -66, -122, -298, 202, -88, 308, 24, 96, -88, 50, 134, -48, -12, -160, 188, 36, 86, -126, -10, -18, 124, -184, 98, 126, -64, 106, 140, 54, -18, -50, -82, -36, -166, 100, 206, -26, 6, -216, -92, 36, -50, 20, -124, -154, -8, 0, 122, 52, 130, 76, 60, -40, -146, 76, -174, -66, 2, 160, 160, -178, 126, 14, 24, -118, -2, -190, 62, -206, -188, -88, 124, -18, 178, 2, -218, 20, 56, 124, -24, 40, -114, 34, -32, -148, 72, 116, 224, 58, -12, -66, -156, -36, 252, -160, 146, 212, 16, 52, -18, 148, -24, -12, 78, -104, -146, -4, -116, 142, -46, -146, 48, 148, -118, -252, 148, 120, 324, -52, 30, -74, 126, 78, 166, 48, -166, 124, 104, 68, -54, 68, 54, 246, 4, 284, 118, 10, 230, 250, 86, -20, 110, -10, 108, -6, -40, 30, -54, -202, -4, 166, 94, -64, 154, 2, 240, -194, 176, -118, -114, -54, -158, 236, -28, 170, -110, 104, 56, -172, 50, -256, 198, -166, 64, -84, 40, 28, 186, -28, -28, -168, 46, 64, 132, -92, 10, 58, -142, 118, 186, -12, -22, 30, -24, -66, -102, -120, -20, -28, 62, 170, 142, 86, 152, -44, 36, -52, 138, -226, 28, -106, 156, -50, -98, 190, 48, -50, 82, -52, 20, -116, -10, 6, -66, -38, -50, -84, 126, -20, -20, 120, 102, 76, -122, 78, 210, -16, -152, 212, 40, 56, -46, 94, 294, 230, 22, 112, -144, 74, 74, -48, 102, 86, 166, 
52, 294, 318, 92, 8, 104, 158, -156, 74, -26, 80, 116, -122, -76, 148, -150, 64, 50, -18, 152, 174, -82, 122, -160, -154, 278, 168, -178, 38, -96, -206, 94, -50, 360, -80, -48, 40, -138, 86, -216, 124, -186, 316, 6, -74, 106, -270, 54, 32, 236, 84, 54, 90, -54, 70, 98, -98, 38, -100, 190, -254, 140, -30, 108, -152, 122, -74, -222, 56, 232, 124, -166, 20, 26, -190, 208, 86, -202, -16, -364, -2, 84, -106, 122, -110, -60, 60, -60, 28, -20, -104, 82, -76, -146, -46, -314, -28, 50, -148, 122, -114, 140, -86, 232, 262, -168, -20, -126, 56, -16, 150, -304, -124, -108, -86, 196, -262, 118, 84, -12, -64, 42, 22, 136, 260, 22, 110, 10, 42, -24, -38, 154, -172, -146, 74, 56, -88, 78, 116, -20, -216, -86, -22, -176, 30, -8, 106, 50, 60, -32, 86, -74, 272, 368, -76, -200, -140, 36, 60, 6, 134, -256, 136, 118, -22, 52, -38, 344, -60, 6, -62, -26, -4, -334, 104, 106, 256, 26, -122, -252, 30, -32, 38, -326, 0, 218, -168, -68, -140, -92, -78, 102, -214, 26, -120, -114, -258, 94, -80, 76, 64, -40, -38, -52, 174, -72, -60, 34, 110, 16, 146, 36, -80, 198, -14, 132, -54, 138, 88, -6, -140, -126, 122, 16, -186, -148, 18, -202, -78, -48, 196, 198, 66, 208, 190, -86, 56, 348, -136, 154, -40, -24, -2, 56, -80, 4, -80, 54, 116, 132, -170, -44, -92, -214, -88, -52, 22, -196, 142, -78, 190, -122, -122, 104, 168, 96, 80, -10, 216, 0, -50, 12, 60, -102, 166, -12, 338, 102, -46, 204, 98, -54, 16, 14, 200, -70, 16, -90, 272, 52, 258, 180, -208, -106, 24, 104, -54, -148, 116, 26, -14, 122, 136, -74, 6, 34, 106, -148, -82, 104, 190, -78, 176, -162, 76, -34, 48, -160, 0, -50, 58, 260, 202, -134, -238, 16, -12, 60, 190, 120, 178, -116, -48, -28, 134, -226, 186, 158, -44, 48, 158, -162, -416, 136, -98, 108, 6, 214, 116, 258, 16, 398, -22, 214, -78, 54, 116, 62, 86, 122, 160, -140, -70, -18, 36, -78, 74, -12, -174, -98, 130, 62, -96, 26, -66, 164, -74, 46, -308, -2, -244, -176, 152, -98, -92, 14, 54, -282, 50, -54, 32, 46, -58, 34, 284, 48, -170, -52, 190, -28, -142, -178, 80, 168, 94, 102, 186, 232, -20, -76, -58, 112, -86, 112, 116, 2, 148, -90, 176, 234, 120, -248, -90, -34, 98, 270, 190, 42, -124, 28, -104, -136, 4, 18, -278, -216, -30, -36, 68, 90, 72, 144, -26, -84, 80, 8, -96, -120, 22, -28, 194, 152, 96, -78, 206, 46, 112, -188, -122, 98, -186, -84, -134, -88, 56, 62, 50, 18, -14, 88, -36, 4, -80, -26, 112, 24, -24, -158, -170, 100, -124, -44, 88, 26, -52, -142, 50, 52, -154, -106, -62, -32, -192, 264, -32, -46, 110, 30, -34, -220, 
50, -76, -144, -6, 48, 40, 22, 268, -22, -100, 52, -104, 196, -6, 26, 64, -230, -62, 76, -98, -142, 188, -128, 206, 284, -204, -146, 238, -16, 286, 196, -34, 68, -312, 32, -38, 18, 386, -188, 300, 28, 262, -230, 0, 210, -62, 186, -122, 58, -148, 182, -122, -34, 212, -2, -34, 84, -44, 30, -74, 210, -222, 74, -12, 128, -210, 40, 246, -100, -114, 98, -8, 214, 168, 178, -6, -112, 278, -30, 178, -38, -84, 24, -122, 18, 14, -24, 52, 34, 142, 44, -84, 146, -54, 142, 182, 58, -184, 74, -48, 162, 2, 12, 92, -148, 156, 192, 128, 2, -14, 72, 122, 42, -38, 230, -48, 202, -66, -30, 34, 82, 22, 42, -128, -82, -40, -70, -96, -42, 162, 84, 138, -18, 48, -226, 86, 162, -54, -114, 106, 398, 308, -88, 152, 8, 138, -212, -26, -138, 186, -148, 6, 6, -338, 174, 100, -54, -178, -54, 80, -224, 84, -104, -174, 106, -132, -144, -160, 68, 84, 120, 84, 86, 314, -230, 148, -154, 4, 4, 180, 10, 114, 126, 332, 46, -130, 12, 96, 178, 114, 210, 34, 98, 52, 192, 136, 156, -176, 82, -94, -68, -110, 104, 154, -114, 136, 80, 12, -60, 26, -136, -38, -124, -54, 56, -124, -54, -252, 48, -120, 232, -268, -176, 98, 380, -30, -78, 242, -94, -244, -96, -174, -22, -60, -156, 170, -156, -320, 148, 224, 6, 116, -56, 14, 2, 168, 102, 20, -60, -166, 154, -2, -114, 270, 90, -108, -36, 0, -16, 136, -62, 260, 8, -156, -302, 0, -116, 72, -182, 78, 214, 48, -178, 48, -88, -166, -98, -184, 14, -132, -126, 98, -74, 84, -106, -8, -48, -76, -224, -58, -58, -24, 312, 76, -104, -24, 60, -26, 26, 84, 136, -178, 42, 100, -20, -50, -24, -98, 216, 52, -172, 252, -286, 344, 74, -84, 198, 78, 60, 160, 44, -320, -188, -82, 114, -42, 70, -46, 44, -40, 10, 80, 130, -24, -206, 332, -234, -32, 228, 152, -24, 82, 254, -2, -114, -46, -56, 12, 16, -338, 148, -156, 264, 6, 184, -22, -118, -124, 174, 166, 4, 84, 166, 38, -84, 220, -86, -76, 30, -6, -108, 116, 134, -12, -152, -60, 48, 50, 280, 72, 396, 30, 104, 72, 272, 142, 132, 156, -208, 0, 106, 114, 70, -146, -4, 4, 236, 42, -202, 56, 154, 190, 14, -72, -158, -104, -110, -88, -82, 242, 82, -92, 52, -114, 82, -14, 134, -32, -26, 26, -88, 116, 28, 28, -118, -224, -42, 44, 122, 66, 272, 166, -64, -12, 112, 190, -52, 88, -160, -106, -146, 72, 22, 48, -2, -80, 76, 98, 32, 38, -158, -148, -50, 302, -116, -170, -78, 122, 122, 46, 98, 100, 94, 4, -14, -116, 44, -16, 78, -74, 112, -20, 24, 52, -90, 26, 18, 194, 68, -106, 58, 74, -106, 58, 46, 6, 66, -120, 148, 208, 116, -136, 224, 16, 34, 58, 4, -92, -70, 360, 
42, 166, -78, 48, -128, 120, -4, -28, -78, 106, 98, 94, -238, -116, 12, -40, 56, 4, 34, 26, -20, -298, -28, -126, -206, 308, 178, -8, 16, -136, -152, 58, 62, 210, -54, 86, -94, -158, 4, -242, 84, -238, 236, 86, -140, 106, -244, 196, -68, 60, -94, -78, 18, -60, 72, 36, -262, 86, -158, 254, -258, 100, -150, 120, -54, 210, -54, -226, 148, 64, 0, -66, -26, -186, -62, -12, 138, -138, -48, -50, -168, 20, 178, 70, 52, 196, 200, -58, 38, -124, -10, 218, 28, 44, 48, -220, -14, 198, 120, -52, -108, 24, -220, 50, 22, -210, 22, -42, -34, 38, -26, -62, -128, 34, -150, -32, -212, 194, 16, 40, -60, 18, 96, 248, 14, -38, -58, 10, -22, -110, -60, -66, -54, 42, 134, -96, 42, -38, -120, -130, -216, -164, -66, -28, 4, -88, 208, 64, 152, -180, 48, 126, -92, 164, -48, -108, -44, 198, 188, -24, 238, -56, -54, 56, -120, -20, -14, 216, 46, 106, -84, 140, -44, -254, 232, -204, 134, 96, 2, -134, -68, -94, 20, -120, 120, -104, -54, -40, -90, -42, -98, 20, 154, -46, -106, -50, 110, 242, -86, 22, 210, 262, -66, -18, 196, -32, -206, -128, -120, -44, 126, 164, 120, 202, 78, 98, 134, 126, -42, 374, -122, 198, 176, 210, -106, -126, 134, -54, 6, 204, 224, 48, 38, -16, 198, 16, 102, 112, -22, -158, 128, -108, 178, 74, -172, 92, -28, -86, 68, -26, -72, 2, -112, -166, -238, 38, 82, -42, 72, -42, 20, 36, -78, 76, 152, -122, 344, 36, 28, -30, 20, 122, 352, 56, 162, 172, -104, -62, -274, 136, 242, 36, 148, -116, 222, 18, -18, 90, 154, 110, 100, -110, -80, 32, -54, 106, 70, 122, 42, 12, -4, 104, -98, -82, -72, 14, -126, 214, 10, 46, -54, -56, 20, -168, -64, 112, -114, -232, 2, 0, 146, 194, 186, 56, -16, 142, 54, -68, -4, 110, 30, 40, 52, 58, 172, -46, 236, -16, -18, 4, -92, 142, -168, 12, 212, 180, -74, -136, 72, 118, -22, 32, -228, -98, 38, 0, 50, 108, -62, -4, -48, 36, -196, 44, 36, -202, 36, -38, 86, -56, 126, -42, -108, -262, -10, 130, -64, 10, -152, 64, -158, 18, 72, -24, -4, -146, -90, -142, 182, -24, 234, -294, -58, 96, -84, 34, -24, 116, 318, 114, 46, 122, -132, 196, 200, 82, 72, 72, 220, -8, -40, 58, 94, 198, 18, 72, -62, 56, -160, -48, -16, -246, -110, -166, 216, 76, -120, -26, -10, -54, -210, -64, 40, 58, -166, -2, 136, -252, 304, 116, 108, 44, 4, -50, -4, 46, -210, -86, 58, -6, 260, 30, -36, -188, 12, 38, 92, -52, 34, -54, -6, 20, -100, 94, -82, 138, -190, 120, -28, 4, -182, -104, -54, -52, 34, -122, -60, -60, 36, 232, -90, -82, 60, 14, 0, 2, 230, -76, -200, -108, 96, 178, -102, 14, -70, -16, 148, 184, 270, -238, 
102, 34, 234, 82, 174, -74, -18, 52, 202, -20, 14, 80, 130, -30, 160, 170, -146, 134, 64, -26, 26, 270, -76, 262, 90, -104, 26, 10, -42, 16, 18, -40, -48, -144, 88, 16, 44, -10, -28, 218, 90, 138, -130, -90, 90, 76, 254, -14, 6, 16, -52, 282, 186, 66, 68, -58, 94, 84, -32, -56, 242, -88, 38, -44, -26, -46, 94, 240, -162, -130, 202, 140, 6, 188, -176, 106, 50, 204, 214, 104, 100, 40, -160, 30, 118, -178, -114, 68, -26, 240, 238, -184, -80, -80, 40, 326, -150, -14, 60, 46, 180, 44, 196, 4, 70, 30, 32, -32, -6, -214, 20, 24, 16, 90, 76, 146, -2, -114, 68, 86, -18, 244, 70, -250, 56, -44, 192, 14, 34, -26, 140, 244, 34, -8, 50, 60, -144, 38, 304, 66, 100, 294, 294, 32, 48, -58, -212, -60, 30, 142, -104, -52, 274, -90, -78, 226, 132, -292, -152, 40, 48, 2, -44, -48, 126, -92, 98, -154, 58, 82, 116, -300, -18, 196, -158, 164, -178, 96, 104, 34, 158, 102, -122, 170, -160, 64, 4, 40, 100, 12, 56, -2, -10, 68, 28, 44, 6, -232, 56, -52, -30, -42, 218, -46, -188, 62, 134, 40, 198, 48, -28, -228, 8, -218, -54, 86, -82, 0, -56, -82, 94, -214, -46, -228, 174, 78, -144, 170, 106, -148, -2, 40, -228, 156, -50, 246, -138, -114, -42, 230, -138, 18, -118, 42, 8, 10, -22, 98, 44, 28, 96, -90, 106, 156, 62, 92, 150, 236, -150, 6, 150, 80, 234, -110, -156, 158, -278, 50, -238, 124, 46, -74, -274, -14, -222, -158, 110, -80, -50, 134, -216, 44, -32, 50, -124, -70, 32, 64, -98, -214, 124, -74, 170, -22, 356, -172, 188, -94, 130, -46, 10, -2, -34, 40, -86, -60, 76, -16, -64, 172, 18, 92, -132, 148, -56, 96, 50, 62, -12, -20, 48, -122, -164, -150, 130, 2, -94, 180, -98, -48, -202, -24, -10, -50, -234, -26, 36, 34, -138, 8, -74, -70, 170, -8, -70, 54, -152, -14, -116, 42, 50, 168, 90, 128, -64, 6, 158, 82, 0, 34, -60, 110, 124, 28, 50, -86, 22, -26, -12, 164, 16, 0, 38, 246, 76, 44, 70, -106, 170, -124, -8, 52, -150, 84, -28, 192, -120, 88, 72, 68, -68, 228, -26, 24, 72, 90, -30, -88, -176, 100, 44, -122, 82, -74, -44, 24, -56, 70, -218, -36, 284, 16, 40, -30, 6, -56, 4, 98, 304, -36, 74, 174, 94, 216, -186, -56, 266, 52, -250, 184, 166, -30, -130, -38, 142, 74, -44, 90, -254, -238, 42, -232, -122, -114, 76, 76, 52, 70, 92, 8, -226, -126, 124, 236, 58, -104, 24, 228, -24, -144, -50, -30, 146, -110, -130, -206, 140, -10, 248, -42, 38, -96, 274, -162, -114, -138, 130, 64, -14, -126, 204, -14, 96, 10, -144, -96, 58, 58, 138, 170, 12, -212, 186, 258, -24, 106, -142, -94, 76, 262, 
-88, -50, -68, 82, -20, 122, 116, 114, -148, 164, 184, 38, -54, 52, 4, -114, 16, -20, -24, -24, 152, -332, -42, -160, -74, 28, 44, 194, 38, 6, 74, 138, -16, 34, -98, -46, 22, -82, -68, 36, -46, -76, 252, -176, 36, -50, -370, 42, -16, -24, 138, -88, -146, -42, 74, 216, -104, 118, -102, 32, -78, 134, -188, 48, 74, 242, -64, -156, 212, 100, -156, -204, 242, -250, -88, -54, 38, -102, -218, 38, 84, -102, -138, -70, -96, 172, 200, -56, -52, 78, -70, 144, -36, 70, 24, -136, 92, -184, 42, 96, 30, 156, -164, 122, 46, -12, -70, 256, -30, 14, 128, -136, 62, -80, 108, -54, 150, 10, -44, 42, 0, 12, 64, 306, 50, -96, -108, -52, -66, 52, -14, -152, 86, 124, 204, -20, 124, -108, -264, 34, 168, 22, -230, 16, 76, 104, 108, -34, 116, -84, 98, 68, -70, 34, -66, -144, 80, 102, -12, -22, 52, -136, 264, 82, -2, -188, -154, 162, -18, -68, 66, 208, 90, -260, -18, -104, 170, 34, 144, -4, -74, -48, 92, -164, -78, -26, 218, -202, -280, 282, -94, 112, 164, -240, 142, -56, 144, 136, 8, -20, 76, -44, -160, 212, 220, -28, -208, -28, -46, 82, -14, 320, -30, 60, 128, -18, -28, 18, 22, 266, -150, 216, 24, 138, 54, 68, 110, -26, 112, 72, 88, 68, 82, -94, 184, -188, 66, 224, 32, -358, 12, 68, 74, 40, 182, 270, 46, 22, -8, 40, -212, -64, 102, -214, -152, 44, 76, -332, -50, 106, -10, 220, -96, 310, -22, -38, 234, 174, 196, -140, -106, -6, 244, 64, 180, 118, -50, -32, -34, -72, 22, 120, 36, 230, 104, 106, 56, 30, 182, 198, -44, -10, -166, -18, -132, 120, 6, 18, -14, 172, 190, 12, 34, 252, 134, 36, -18, -40, 2, -132, -94, -20, 210, -66, 72, -8, -62, 18, -30, 146, 62, -28, 152, 156, -34, 66, 48, -20, 48, 24, 140, 40, -24, 98, 92, 8, 28, -156, -122, -94, -40, 26, -18, 126, 72, 36, 80, -52, 208, -48, 4, -62, 48, -46, 120, -74, 44, 100, 60, 12, 118, -46, -70, -14, 78, 44, -2, -18, -24, 64, 44, 66, -60, -90, 46, 16, 10, 38, -134, 10, 18, 6, 106, -72, -34, -144, 52, 22, 78, 58, 198, -76, 188, -18, 22, -18, -24, 54, 182, -72, -58, -56, -124, 128, -96, 42, 168, 34, 168, 32, -176, 132, 58, -78, 102, -128, 126, -118, -124, -6, -72, -46, -86, -82, 368, 76, -164, 162, 312, 10, -78, -82, 132, -10, -180, 62, 100, -52, -22, 128, -84, 120, 182, -16, -120, 6, 6, 44, -182, -98, 288, 114, -144, -38, 32, 86, 30, -102, 96, 58, 110, 104, 62, 74, 12, 170, -214, 120, -42, -14, 152, 110, -128, 12, 122, 86, -184, 72, -10, 218, 0, 42, -144, -4, 192, 184, -228, 26, -200, -22, 154, 106, -192, -200, -48, 18, 36, 114, 54, -252, 
-24, 284, 138, -32, 20, -162, 6, 24, -36, -174, 112, -72, 86, -198, -10, 2, -168, 30, 96, 68, -92, 176, 216, 144, 208, 94, -4, -30, 56, 116, -56, -54, 152, 2, 142, 190, 68, 80, 50, -162, 162, 28, -224, 142, -88, 128, 166, 258, 86, 56, -12, 156, 222, 36, 8, -78, 84, -198, 16, -58, -42, 46, 98, -60, 20, -100, -152, -8, -30, -94, 130, 54, 4, 162, 148, 62, -54, 240, 198, -306, -134, -6, 246, 114, 4, -192, -142, 40, -10, 12, 232, 84, 46, 38, 38, 132, -50, -56, 46, -114, 170, 74, 50, -58, 120, 74, 38, -154, 144, 66, 60, 160, 54, 20, 162, 8, -18, 22, -16, 52, -44, 44, -2, -34, -30, 280, 112, 156, 18, -44, 96, 56, -122, -36, -208, 86, -210, 70, 220, 14, 12, -4, 68, 44, -54, 74, -44, 122, -122, 110, -70, 168, 208, 142, 54, 298, -16, -196, -84, -16, -70, 94, -40, -158, 34, 96, 156, -72, 66, 108, 100, -128, -186, 322, 180, 222, 24, -40, -64, 52, 124, 278, 16, 170, -58, -56, -156, 86, 458, -120, 12, -48, 70, 184, -28, 262, -34, -100, 244, 146, -44, -74, -8, -192, -234, -46, 176, -106, -22, -34, 34, -170, -58, -44, -288, 226, -82, 122, -98, -166, 134, -78, -102, -134, 88, -84, 6, 296, 0, -60, 26, 36, -18, 120, -34, 142, -26, -70, 70, 120, -20, 68, 22, -10, -118, -48, 62, 148, 34, 104, 186, -40, 84, 68, 90, -188, -60, 292, 192, 48, 174, 12, 72, -96, -40, 192, -132, -112, -10, -6, -60, -114, -62, 14, -80, -152, 102, 22, 134, 88, -100, 76, 78, -234, 4, -132, -74, 92, -92, 8, -52, -124, 426, -172, 26, -86, -60, -126, 4, -136, -60, 8, 54, -156, -138, -16, -8, 44, 122, 138, 98, 14, -162, -30, -248, 118, 164, -104, -72, -130, 100, 66, -74, -166, -96, -116, 74, -8, -186, 82, -52, 20, -28, 46, -24, 26, 74, -6, 60, 160, -90, -40, -62, -42, -214, -88, 28, 34, -68, 158, 30, 54, 126, 84, -18, 42, 144, -162, -28, -182, 72, 152, 154, -172, -84, 26, 148, 36, 222, 4, 102, -130, 4, 66, 36, 178, -142, -8, -46, 108, 34, 100, 54, 34, -144, 180, -142, -8, 14, -108, -52, 84, -226, -46, 74, 18, 78, 72, -194, 0, 160, 22, 290, 172, 82, -98, 84, 46, -28, 126, 190, 104, -72, -60, 120, 70, 44, 56, -16, 20, 68, 90, -76, 12, -224, -130, 68, -36, -234, 110, 84, -42, -106, 2, 212, -128, 100, 164, 162, 104, 6, -114, -124, 168, 54, -46, -34, 8, 126, -80, -166, -116, 242, 102, 82, -176, 138, 26, -48, -138, -78, 136, -34, -104, 246, -2, 160, -22, 82, -188, -34, 30, 14, 46, 38, 50, 164, 44, -116, 66, -152, -26, 132, 54, -14, -158, 128, 24, 162, 56, -160, -24, 186, 230, 144, -84, -20, 58, -102, 102, 
-80, -176, 26, 84, 82, 164, 12, -158, -88, 32, -76, 114, 124, 342, -84, 114, -16, -180, 34, 92, -156, -76, -6, -170, -48, -250, 46, 10, -22, 94, -28, 32, -48, 70, -328, -186, 56, -84, -78, 172, -222, 108, 72, -178, 108, 54, -94, 0, 8, 24, 192, -56, -158, 14, 18, -94, -108, 224, -74, 4, 90, -28, -116, 354, 142, -70, 124, -170, -98, 94, 40, 42, 128, -26, -176, 2, 78, -134, -50, 180, 178, 174, -212, 64, 110, 134, 224, 104, 86, -60, -132, -130, -152, -44, 162, -20, 98, -32, -2, 258, 34, -136, -18, -16, 44, 30, 104, 112, -140, 30, 58, 130, 110, -78, 50, 16, -92, 150, 122, 76, 4, 28, 0, 60, 126, 46, -102, -178, 64, 28, -74, -56, 20, 236, 72, 88, 24, -48, 40, -28, 132, 212, -56, 6, 74, 4, -48, 256, 18, -160, 228, -70, 34, -68, -54, -126, 0, 90, 80, 182, -62, 132, 0, -18, 110, -140, 122, 18, 92, -258, -204, 178, 118, -46, 60, -218, 190, -20, 74, -10, -58, -128, 234, -238, 136, 94, 172, -150, -310, 142, 168, 144, -62, -372, 82, -330, 250, 8, -202, -148, -12, 66, 172, 74, 192, 68, -2, 166, 172, 132, -36, 334, -26, 114, 370, -54, 48, -98, 230, 144, 108, 160, 2, 60, -88, 198, 124, -242, 96, -10, -4, -60, 122, 104, 222, -120, 40, 2, -10, -116, -52, -62, -20, 136, 166, 18, 24, 82, 10, -56, 142, 72, 104, 36, 78, 146, 56, -342, -24, 140, -168, 64, -242, 176, 130, -130, 30, 108, -78, 202, -2, 68, 106, -62, -44, 220, 58, 6, -102, 36, 4, 60, -72, 250, -82, 386, 154, 28, 12, -154, 184, 52, -206, 24, -226, -82, 40, 398, -74, 118, -34, 42, 60, 158, 78, 78, 32, 206, -44, -60, -40, 84, 194, 92, 98, -76, -28, 74, -18, 168, -90, 10, 192, 188, 224, 64, 94, -118, 10, 76, 4, -6, -50, 100, -2, 88, -118, -46, -56, -72, 54, 54, 46, 98, 214, -14, 64, -12, 160, -104, -62, -174, -32, -264, -6, -4, -34, 212, 28, 156, 56, 280, -140, 56, -80, -6, -246, -46, -52, -32, -196, 22, -188, 96, -58, -164, 220, 206, 14, -92, 32, 146, 72, -52, 52, -176, 30, 80, -96, 172, 4, -84, 162, 102, -154, -18, -270, 0, 248, 196, -86, 106, -190, -56, -12, 118, -96, 4, 152, -204, -234, 102, -64, 48, 0, 40, 98, -10, -134, 62, 58, 50, -36, -112, 168, 66, -88, 178, 24, 26, -154, 70, 132, 174, -38, 164, -6, -12, -16, 84, -146, 140, 92, -10, 110, -92, 10, -92, 90, 178, 266, 228, -220, -116, 140, 290, 30, 64, 88, 22, 104, -18, 204, 22, -116, 54, 0, 20, 142, 84, 76, 106, -182, -8, 6, -24, 38, -2, 152, 80, 102, 170, 34, 112, 160, 134, -52, 186, -190, 2, 252, -124, -18, -82, -20, 166, -2, 118, 156, 64, 
170, 258, 8, -72, 104, -32, -80, 134, 164, 12, 52, -70, 100, 40, 194, 38, -42, 72, 70, -96, 34, 10, 82, 20, 62, 114, -34, 106, 80, -12, 88, -60, 164, -102, 242, 214, -120, 228, 98, -50, 212, -68, -60, 138, -172, 46, 218, 52, -68, 84, -246, 98, 402, 56, 184, 26, 108, -206, -50, 28, 8, 118, 180, -30, -28, 236, 50, 300, -88, -56, -104, -22, 148, 16, 132, -20, -62, 144, 10, 70, -96, -138, 208, -22, -224, -76, -172, -86, -74, 18, 242, -14, 116, -170, 42, 108, -28, 122, 48, -28, 150, 28, 16, -28, -168, 68, -136, -140, 204, 58, 224, -62, 64, 306, -82, 36, 258, -38, -100, -28, -108, -104, -204, -58, -126, -80, -2, 104, 12, 168, -26, -36, 132, -196, 66, 28, -128, 76, 40, 50, -52, 30, 28, 26, 12, -188, -62, -110, 64, 148, -84, 112, -108, 106, 30, 228, -2, -76, 60, -60, -104, 158, 18, -68, -168, 178, 116, -230, 8, 102, 230, -258, 4, 28, -38, 136, -224, 56, 92, -40, 2, 108, -20, 118, -146, 42, -216, 66, 280, -36, -8, -144, 128, 190, -74, 254, -48, -68, 202, 176, -38, 32, -14, 76, -198, 2, -126, -90, -46, -94, -58, -92, 14, -140, -96, 122, 128, 168, -66, -116, -84, 22, -72, 8, 84, -122, 78, 116, -64, 210, -58, -158, -114, 66, -70, -14, -162, 208, 44, -18, 42, 120, 72, -96, -104, -76, 108, 140, -86, 8, -322, -118, 24, -136, 16, -142, -198, 162, 70, 2, 54, 2, 58, -100, -78, 148, 144, -104, 18, 24, 48, -34, 102, 160, 154, 118, -212, -84, 226, 32, 0, 28, -96, -124, -38, -160, -130, -120, -46, 240, -22, 58, 152, 164, 18, 56, 134, -210, 172, -212, 84, -58, -72, -84, -154, -106, -44, -124, 150, 14, 44, 34, -136, 50, 160, 328, -48, -68, 18, -148, -126, 90, -290, -132, -220, -64, -120, 166, -68, -58, -102, 52, 164, -110, 84, 170, 274, 38, 76, 40, -114, -166, -142, -194, -70, -62, 140, 6, -42, -66, 118, 60, 210, 102, -38, -132, 108, 22, -94, -92, 32, -68, 92, 22, 54, -44, 72, -22, 124, -24, -6, -62, 70, -134, -18, -56, -122, -28, 40, 172, 68, -12, -16, -124, -158, 18, 32, -12, 20, -110, 62, 94, -52, -26, 206, -18, 188, 28, -14, -34, 0, -44, 194, 116, 136, -96, 112, -2, 16, 178, 88, 180, 78, -56, 22, 66, 70, 78, 272, 4, -86, -82, -50, 106, 22, 32, 140, -30, -152, 30, 116, -82, 14, -12, -158, -122, 26, -74, 46, -68, 70, -208, -176, 12, 182, -202, 78, 136, -70, -58, -250, -206, -16, 212, -172, -48, 20, 146, 108, 2, 52, 120, -80, -160, 138, 38, -116, 52, 66, 18, 86, -106, 150, -36, -178, 38, -58, 42, -124, -12, -80, -114, -178, -6, -190, -54, 176, -32, 90, -66, -220, 110, 86, 48, 90, -118, 14, -178, -156, 44, 
-40, -342, 182, -170, 64, 136, 134, -96, 114, 52, 42, 80, -72, 108, -34, -10, 12, -216, 96, -54, 34, -100, -84, -48, -212, -14, -4, 20, -108, 198, -74, -56, 26, -48, -118, -6, 404, -62, -34, 258, 22, 218, 138, 124, 20, -88, -188, -58, 162, 62, 74, -60, -132, -90, -98, -126, -140, 122, 32, -24, 270, 198, -268, 138, -198, -220, 186, -150, 72, -96, 24, 66, -134, 28, -88, 158, 62, -104, 30, -26, 166, 50, -200, 26, 390, 76, -16, 32, 50, -146, -128, 182, -62, 84, -20, 108, 168, 106, -18, 114, 90, 16, 56, 190, 296, 96, 34, 66, -92, 12, 50, 64, 94, -58, -16, 86, 90, 64, 42, 4, 110, -156, 70, 140, 250, 140, -38, -140, -22, -102, -12, 54, -178, 238, -142, 104, 248, -150, -108, 10, 36, 32, 144, -60, 6, 142, -70, 64, -26, -188, -46, -46, 118, 66, -24, -106, 26, -8, 16, 20, 274, -114, -188, 112, 190, -136, 64, 216, 66, 68, -162, 228, 54, 26, -90, -188, -20, -292, 100, -106, 60, -84, 62, -62, 50, -144, 88, -188, -92, 140, 70, 50, -92, -84, 38, -108, 144, 134, -6, -112, 282, 84, -104, 118, 236, -34, 198, 16, -8, 24, 228, -38, 168, 156, 100, -154, -14, -62, -26, 138, 162, -100, 128, -80, -30, 144, 10, 30, -144, -164, 44, 188, 242, -114, 120, 28, 70, -58, 12, 86, -138, -170, -90, 90, 236, 84, -12, 32, 130, 82, 228, 254, -46, 100, 4, 178, 186, -118, 200, -64, 94, 198, -50, -32, 22, -58, 28, 122, 130, -4, -88, 48, -108, -52, 96, -8, 30, 68, -62, 24, -20, 8, -8, 284, -66, 182, 42, 16, 282, -196, 34, 92, 70, -72, -20, -186, -228, 126, 10, -6, -62, 14, 158, 110, 90, 126, 92, -20, -4, 24, 88, -110, 132, 80, -34, -156, 50, -122, 86, -42, 116, 20, 86, 180, 238, 210, 180, -150, -124, 48, 126, -132, 10, 214, -22, -122, -190, 170, 56, 214, -18, 86, -62, 26, -40, 26, 24, 4, 44, 64, -132, -50, -240, -138, 118, 166, -10, 86, -182, 140, -196, 178, -6, 122, -70, 62, -92, 170, 52, 80, -160, 128, -122, 24, 94, 172, 292, 18, 58, 26, 16, 12, 96, 46, 64, 82, -34, 72, -76, 216, 132, 52, 132, 16, -266, 112, -158, 54, 232, 182, 248, -46, -58, -40, 4, -10, 172, 236, -6, 0, 26, -174, 0, -142, 40, -22, -16, 4, -96, 46, 234, 186, -12, 32, 10, -146, -66, 8, 88, -94, -192, 234, 102, 166, 162, 2, -116, 206, 58, -48, -144, 130, -88, 118, -22, 146, 6, -184, -34, 330, 314, 232, 118, -176, 114, 70, -26, -44, -48, 146, 92, 14, 164, 110, 4, 144, 94, -96, 52, -74, -52, 54, -72, 158, 294, -82, -172, 164, 162, 148, 52, 68, 134, 72, 34, 334, -236, 4, 178, 68, 34, 2, -74, 74, -100, 158, -70, 112, 216, 58, 
-10, 356, -242, -50, -68, -36, -44, 64, -38, -104, 60, 82, 252, -184, -64, 0, 100, 206, 102, -8, -26, -46, 70, 38, 206, 34, -36, -6, 228, -12, 144, 138, -130, -198, 14, 124, -72, 268, 208, -46, -80, 26, -66, -228, -28, 118, 152, 112, 16, 28, -26, 224, 210, 10, 182, -18, 224, -110, 28, 56, -92, 26, 70, -138, 164, 216, -212, 100, 12, 54, -8, 110, 218, -12, 106, 112, 166, 12, 176, 150, -166, 64, 120, 44, -310, 44, 210, 84, 0, 114, 236, 2, -104, 146, -192, -328, -76, -106, 2, -200, -18, -42, 110, -142, -266, -248, 38, -156, -32, 94, -80, -92, -136, 58, -180, 38, -2, -64, -42, 140, 18, 338, 136, -54, -30, -62, 30, 64, 116, 174, -18, -108, 164, 8, 224, -30, -416, 184, 200, -48, -52, 46, 36, -30, 138, -388, 144, -140, 264, 160, 48, -12, 10, -54, -118, -40, -168, -30, 52, 44, -74, 274, 174, -92, -52, -46, 14, -370, -108, 34, 78, -28, 6, 70, 82, 98, -22, 92, -42, 96, -50, 112, -128, 206, 56, 174, -28, -32, 52, -152, -48, 116, -28, 152, -28, -48, -50, 102, 24, 134, -282, 70, -46, -94, 92, 26, -106, 52, -82, 72, -204, 86, -252, -136, -50, 180, -12, 2, -80, -88, -98, 14, -18, -150, 178, -152, -58, 70, 228, 310, -86, -4, -140, 86, -104, 22, -54, 52, -60, -44, 48, 140, 88, 10, 0, -244, 6, -132, -154, 32, -108, -196, -98, 88, -34, -200, 122, 24, -164, 148, 102, -252, 124, 136, -18, 106, 70, -92, 192, 26, 78, 112, 10, 10, 0, 78, -238, -14, 170, 36, 36, -22, -46, -116, 170, -76, -22, -72, -52, 196, 72, 2, -182, -94, 178, 420, 196, -64, 50, -20, 146, 78, -78, -20, -192, 32, -12, 114, -58, -150, -124, 94, -50, -58, 40, 130, 12, 228, -112, 88, -72, -100, -86, -204, -98, -224, -340, 136, 70, 16, -124, 42, -112, -194, 150, 64, 188, -102, 154, -60, 42, -44, 142, 4, 154, -16, 88, 34, 142, -108, 90, 62, 270, 102, -164, -122, 40, -24, 232, -154, 318, 76, 122, 24, 144, 8, 104, -56, -80, 30, 252, 16, -174, 64, 24, -98, -400, -32, 28, -16, 6, 216, -230, 92, 134, -74, 32, -14, 240, 42, -240, 18, 38, 2, 58, 68, 182, 32, 26, -92, -196, 90, 232, 160, -120, -8, -96, -80, -108, 18, -96, 186, 16, 10, -22, 16, -72, -14, 190, -98, -194, -8, 42, -8, -38, 118, 6, 26, -50, 50, 144, -180, -96, -118, 66, -66, 162, -118, 12, 60, 236, -172, 42, -224, 196, -156, 26, 140, 140, -40, -172, -64, -90, 82, -128, -34, 6, -38, 236, -248, -50, -18, -166, -20, 118, -206, 4, 0, -130, 16, 274, 54, 164, 40, -180, -48, 36, -260, 16, -176, -18, -4, -28, 74, 34, -166, 56, -124, -112, 66, -78, 26, 14, -94, 108, 94, 80, -64, -32, -102, 
152, -264, 130, -68, 142, 96, 242, -48, 94, 190, -42, -34, -62, 120, 122, 42, 20, -36, -134, -332, 126, -126, -72, 122, -106, -96, 66, 186, 60, 66, 98, -114, 142, 140, 216, 52, 216, -188, -34, 92, 76, 188, 74, 192, -30, 42, -104, -12, -24, -50, -134, -280, -222, 76, -178, 100, -222, 54, 150, -16, 190, 154, 36, 76, -18, -122, 254, 68, 64, 4, 86, 32, -174, -90, -30, -18, -60, 4, 78, -34, 152, 68, 16, -126, 102, -38, -218, -66, 244, -154, 10, 88, 164, -254, 154, 258, 96, 150, -154, 104, 70, 50, 104, 80, 294, 18, 94, 84, -114, 196, 80, 142, 96, 76, 94, 28, -2, 106, 426, -222, -112, -230, 56, 32, -34, 30, 42, 96, -98, -236, 30, 26, 26, 132, -146, -220, 116, 4, -168, -252, -100, 114, 68, 48, -174, 396, -28, 66, -118, 2, 78, 254, 14, 184, 192, 240, 220, 42, -52, -124, 140, -70, -80, -18, 78, 190, 12, 364, 54, -86, -312, -46, 48, -196, -132, -122, 10, 12, 188, -18, 264, -290, 152, -40, -102, -126, 294, -110, 42, 64, 238, -72, 4, -110, 74, 102, 124, -94, 124, -40, 216, -82, -10, 40, -98, 226, -108, -156, 12, 186, -42, 160, 216, 140, 0, -122, 70, 8, -76, -96, 204, -92, 50, 118, 4, -52, 60, 46, -142, -264, 80, 28, 166, 308, 128, -74, -16, -110, 52, 36, -64, 24, -136, 10, 22, 286, 160, 154, 222, 88, 248, 106, 6, -164, 162, 192, -106, 164, 198, -186, -46, 82, -164, 166, -10, 52, -302, -38, 32, 30, -54, -60, -116, 130, 30, -154, 96, -104, -40, -54, -64, 218, 22, 14, 32, 30, 136, 80, 264, -118, -150, 140, 178, -14, -244, -376, -104, 110, -144, -12, -180, 24, -60, -124, 46, 14, -136, -242, 182, 130, 246, -62, 158, -46, -74, -44, 222, -140, 148, -92, 12, -166, 108, 42, 6, 156, 160, 38, 38, -4, 126, -152, 174, 328, -188, -72, -264, -20, -260, 142, -154, 234, 122, 194, -48, -34, -94, 138, -46, 90, -38, -234, -132, -258, 92, -40, 100, 104, -100, 138, -374, 52, 46, 30, -70, 34, -18, -74, 68, -48, -104, -176, 230, 134, 36, -78, 348, -40, -42, 48, 10, -74, 214, -6, -66, 42, -110, 64, -62, 170, 86, -112, -176, -162, -66, 108, 154, -16, 158, 178, 188, -120, -156, 28, -26, -4, 38, 42, 132, 104, 84, 26, 20, 202, 26, 178, 2, 42, -208, 218, 130, 124, -20, 258, 94, 108, -110, 32, 58, -128, -244, 230, 100, 200, -56, 158, -74, -58, -40, 144, -202, 212, 26, 248, 12, -62, -2, -150, -44, -120, 116, 264, 62, 62, -64, 244, 50, 124, -170, 174, 100, 28, 26, 58, -150, 62, -66, -142, 218, -82, 38, -214, -56, -18, 152, 66, -48, 98, 2, 314, 112, 12, 86, -28, -10, 264, 32, -132, 142, -4, -122, -20, 32, 86, -80, -162, 122, 158, 260, -2, 
32, 156, 0, -4, -254, 30, -90, 206, -44, -72, 214, 98, -128, 24, -42, -44, -40, 114, 270, 364, -238, 276, 146, -50, 154, 90, 82, 46, -50, -80, -22, -52, -106, -74, -274, -302, -8, 30, 60, 114, 40, -208, 64, -276, 26, -2, 4, -12, 64, -442, -52, 68, -60, -130, 64, -2, 130, 22, -54, 236, -272, -320, -26, 156, -24, 52, -42, 48, -18, -160, 12, 60, 284, -74, 132, 22, 192, 190, 160, -68, 60, 96, 12, 176, 32, -16, 70, -52, -86, 30, -142, 156, -172, 108, -52, -162, -206, -50, 114, -36, 24, -100, -54, -48, -132, -106, -346, -126, 80, -140, 12, -240, 102, 20, -72, 38, 56, -22, -250, 248, 30, 110, -112, 4, 94, -104, -6, -172, 148, 68, 164, -26, 32, -54, 114, 358, 40, 40, -82, 94, 208, -38, 98, -106, 178, -12, -16, -82, 308, 60, -40, -200, -146, -158, -78, -64, -156, -40, -64, 50, -262, 202, 96, 24, -150, -222, -62, -188, -60, -48, 200, 84, 34, 256, 104, 108, 124, 120, 36, 100, -118, 124, -18, 84, 102, 120, -54, 114, -6, 48, -226, 150, -66, 0, -38, 232, -40, -32, -76, 18, 16, 54, -24, 46, 26, -36, 128, 210, 196, -188, 92, -160, -186, 58, 168, -78, 140, 128, 24, 194, -184, 236, 16, 18, 208, -16, -24, -36, 314, 260, -120, 16, -116, -274, -150, 4, 104, 54, 156, -130, 94, 172, 56, 20, -194, -202, -4, 162, -64, -232, -232, -308, 78, 170, -78, -238, 96, 54, -40, 180, 68, -62, 178, -24, -46, 2, 240, -44, -238, -42, 42, 14, 164, -10, -228, 52, -20, 192, 178, 196, 0, -302, -2, -38, -172, 66, -54, -62, -116, -68, 182, -176, -40, 150, 106, 402, 66, 20, 114, 140, 394, -80, 146, -178, -30, 138, 200, 284, 4, 54, -206, 76, -72, 136, 316, 184, -124, 76, -10, 86, 246, -36, -88, 14, 64, 10, -276, -14, 36, -64, -12, 192, -100, 94, 20, 88, 106, 142, -30, -168, 20, -2, 50, 102, 52, -104, 166, -174, 148, 46, -10, 252, 28, 88, -22, 48, 192, -142, 78, 8, 438, 46, -24, -6, 78, -38, 6, 4, -42, 102, -72, 264, -100, -106, 134, -32, -108, 38, -178, -74, 44, 30, -118, -20, -20, 112, 300, 144, 56, -256, 62, 80, 100, 140, -94, -220, -52, 162, -10, -88, -166, 92, 32, -96, 54, 58, 110, 24, -164, -92, -38, -72, -142, -262, 320, -46, 74, 24, 96, -116, -38, -42, 62, -74, -8, -230, -138, -50, 122, 236, 182, 72, -130, -196, 104, -48, -46, 98, -50, -84, 2, -74, -82, -110, -16, -30, 34, 96, 304, 58, -62, -146, -120, -224, -44, -120, 16, -8, 134, -110, -130, 138, -122, 160, 110, -74, -22, 6, -220, 62, -32, 172, 74, -134, -202, -62, -204, 116, 66, -102, -14, 116, 48, 46, 176, -154, 24, 150, -46, -138, -48, 164, -102, 28, 202, 142, 66, -18, 8, -132, 
112, 50, -38, 282, 190, 24, 136, -94, 46, 96, -36, -152, 238, 36, 12, 94, 88, 114, -170, -320, 192, -174, -146, 46, 54, 102, -34, 30, 62, 6, 54, -62, 126, 22, 248, 306, -34, -176, 114, 62, 166, 114, 152, 372, -62, 102, 108, 38, -200, 294, 164, 76, -116, 160, 134, -66, 76, -2, 72, -180, 220, 156, 146, -188, -64, -58, -4, 58, 32, 130, -166, 14, -292, 6, -124, -14, -138, 76, -94, 140, -10, 32, -106, -164, -96, 74, 104, 190, 196, 94, -56, -42, 174, 20, 106, 230, 96, -78, -42, 142, 86, 326, 74, 56, 14, -58, 90, -48, 104, 90, -12, 56, -122, 102, 32, -32, -112, -58, 394, -118, -50, 112, 132, 22, -56, -42, 126, 246, -162, 14, 26, -56, -88, 94, 50, -256, 44, 58, -68, -8, 10, 192, -44, 194, 176, 126, -60, 70, -324, 56, 16, 38, 308, 248, 104, 190, 6, 2, 54, 56, 20, -52, -24, 4, 190, 190, 234, 174, 32, 12, 48, -104, -96, -164, 6, 76, -42, 64, 20, -62, 124, 6, 8, 70, -90, -72, -40, 62, 66, 62, 122, -10, -14, -142, -76, -96, 8, 222, 90, -82, 112, 28, -58, 60, -26, 100, -92, -148, -202, 150, 86, 194, -44, -4, -218, 56, 106, -110, 0, -78, 40, 10, 232, -50, -174, -46, 102, 178, -66, 30, 192, 56, 26, 172, 206, -90, -98, -134, -114, 282, 54, -62, -68, -124, 174, 44, 62, -82, 20, 220, 112, 90, -118, -98, -42, 170, -202, 30, 170, -146, -86, -102, -62, 98, -6, -30, -214, -34, 20, 100, 262, -74, -202, -16, 106, 78, -50, 30, -142, -92, 106, 144, 52, 110, 24, 22, 348, -120, -46, -44, -344, 138, 144, 32, -102, -420, -44, -24, 64, 52, -218, 134, 66, 70, 18, 12, -170, -104, -72, -54, 212, 40, 182, -14, -158, 174, 162, -98, -88, -42, -114, 96, -40, 170, 64, -42, 92, 30, 32, -158, 60, 12, 36, -112, -12, 152, 44, -128, 8, 352, 100, 38, 182, 40, -38, 48, -162, 134, -102, -4, -122, -156, 152, 62, -6, -138, -176, 98, -26, 48, -276, -134, -76, -38, 16, 158, 122, -20, 22, -46, 42, -76, 180, 258, 28, 134, 116, 76, 150, 108, -74, -14, 198, -90, -12, 2, -192, -18, 56, 350, -88, -64, -94, -108, -170, 156, 92, -164, 66, 80, -46, 90, 186, 112, -82, -8, 130, 8, 162, 214, 72, 72, 228, 78, -118, 204, 6, 2, -60, 58, -92, 158, 48, 60, -80, 72, 188, -126, -272, -260, -310, -46, 120, 204, 62, 110, 2, -52, 78, 270, 154, 212, 106, 144, 118, 58, -140, -110, -214, 166, 50, -44, 266, 108, -80, 108, 96, 108, -70, 178, 112, -46, 18, -50, 126, 240, 48, -44, 16, -32, 126, -4, -176, 150, 172, 198, 144, 76, -192, 126, -86, -148, 86, 138, 18, 332, -6, -66, 98, 154, -68, 22, 138, -76, -14, -112, -90, 6, -16, 126, 
60, 18, 114, -360, -226, 84, -24, 118, 136, 86, 162, 68, -76, 140, -88, -48, -2, -140, 314, 356, -176, 176, 102, -26, -4, -116, 114, 112, 22, 62, 148, -12, -2, 66, -220, -120, -40, 70, 38, 138, -22, -54, 114, -214, -54, -94, -82, -74, 152, -16, -58, 68, 26, -50, -58, -78, -16, -90, -36, 144, -246, -160, 94, 176, 172, 140, 46, 74, -36, -168, 128, 154, 130, -100, 72, 60, 60, -114, 146, -60, -20, -18, 154, 124, 86, -46, -64, -14, 106, 20, -70, 196, -92, 2, 2, -54, -54, 54, 68, 4, 8, -234, 90, 132, 64, 48, -278, 10, -90, 60, -108, -56, 76, -60, 84, 184, -54, -6, -236, 306, 136, -36, -24, -226, 98, 220, -94, 34, 184, -116, 64, 150, 92, -20, 24, 202, -24, -32, 94, 2, 70, -156, 40, 2, -4, 40, -88, -66, 136, -88, -72, -140, -366, 2, -100, 12, 96, 32, -64, -38, 126, 138, -18, 66, 32, -154, -90, 56, 62, -170, -58, 90, -124, 202, 34, 26, 162, 54, 60, -132, -32, -14, -154, 140, 138, 12, 140, 0, -66, 76, 104, -156, -166, 134, 248, 116, 82, -82, -224, 24, 8, 64, -6, -36, -30, 44, 218, 114, 310, -200, 154, -64, 118, 42, 226, -144, -2, -32, 126, 28, -190, 42, 82, -14, 6, 92, -242, -100, 8, 104, 106, 122, -132, 130, -88, 150, 44, 178, 160, -166, 120, 114, -86, 130, 154, 102, 32, 176, -12, -102, -18, 194, 210, 2, 26, 28, 300, -34, -46, 202, 58, -134, 126, -18, -60, 92, 406, 18, -172, 138, -26, 168, 216, 52, 56, -210, 138, -180, 250, 192, 152, -142, 86, -18, -16, 170, -450, 32, -28, 30, 240, -100, -12, 100, 2, 214, 58, 184, 90, -12, 92, -160, 126, -26, -36, 138, 156, 6, 216, -50, -120, -40, -194, 192, 176, 8, 24, 2, -20, 110, 84, 82, -162, -8, 10, 80, 74, 66, -6, 100, 34, -28, 46, 228, 152, 60, 50, 32, -48, -332, 64, -42, -302, -18, -68, -142, -28, -120, 76, 84, -20, -18, -96, 56, 198, -10, 52, -30, 96, 108, 318, 200, -146, -20, -2, -104, -18, 22, 26, 160, 38, 156, -68, -190, 194, 128, 114, -244, -62, 44, 118, 42, -180, 324, 58, 188, 26, -138, -26, -258, 194, -38, 64, 48, 154, -88, 54, 388, -68, 84, 226, -10, -68, -160, 100, -28, -18, 44, -252, -46, -76, -122, -330, -36, 214, -118, -66, -24, -62, 40, 122, -78, 186, -114, 222, -30, -8, 234, 222, -48, 28, 156, 10, -178, 96, -128, 210, -82, -82, -130, -34, -94, -208, 186, 8, 50, -32, 56, 40, -104, -8, 132, -210, 98, 22, 18, -132, -150, 144, -8, -110, 164, 62, -242, -132, -32, -14, 32, -2, 46, -64, 6, 150, -72, 102, -130, -158, -110, 258, -54, 36, 302, -2, -266, -76, -106, 24, 164, -94, -112, -14, 114, -276, 116, 70, -62, 116, 10, -78, 90, 
-4, -4, -128, 216, 218, -118, 36, -98, -2, -136, -170, -14, -40, 2, 72, 132, -78, 14, -372, -264, 72, -114, -190, 18, 118, -42, -100, 176, -132, 30, -60, -60, 6, -36, 370, 98, -86, -176, -268, 38, -26, 276, -146, 162, 82, 174, 176, 94, -60, 86, 104, -6, -76, 98, 288, 72, -58, -116, -40, -14, 332, 30, 120, -24, -82, -54, -24, -26, 254, -62, -102, 36, 34, 178, -84, -42, 36, 198, -2, 298, 32, 0, -80, 28, 52, 136, 52, -10, 94, 4, 140, -74, 114, 144, 30, 36, 136, -86, 32, 16, 2, 270, 2, -226, 16, -26, 216, 70, 214, -70, 136, -8, 92, 130, 56, -50, 84, 134, 196, -100, -50, -30, -250, 172, -176, -224, 192, 132, -50, 96, 226, 106, 62, 18, -14, -242, 44, 40, -148, -66, -190, 80, 84, 158, -136, 44, -38, 116, -56, -78, 34, 160, 138, -62, 162, 6, -34, 176, 48, 122, -206, -190, 48, 60, -152, 128, 28, -110, 70, 40, 106, -150, 64, 64, 192, 114, -126, -182, -6, 192, 116, -116, 84, -340, -16, 14, -80, -62, 10, -110, -16, 234, 292, 54, -156, 180, 60, 178, 256, -72, 210, 8, 60, 26, -90, -164, -94, -122, -270, 134, -116, -18, 68, 142, -46, 98, 150, 94, -234, 92, 30, 108, 34, -36, -20, -102, 186, 48, 110, -6, -34, -100, 104, -186, 188, 26, -16, -122, 54, 162, 16, -18, 272, 22, -156, -168, -6, -252, 100, 138, 4, -126, 112, 188, -2, 28, 92, 186, 34, -80, -50, -30, 96, 12, 238, -104, -410, 46, 122, -266, -16, -36, -190, 138, -82, 138, -156, 74, -114, -100, -190, 18, -156, -14, 62, 110, 400, 60, 144, -60, -80, 108, -84, -6, 182, -168, 36, -196, -12, 38, -80, -20, -84, -118, 108, 80, -74, -6, -212, 84, -132, 62, 200, -8, -206, 72, -36, 18, -48, -68, -60, 44, 280, 124, 6, -60, 24, 60, 30, 66, -196, -2, 18, -46, -62, -74, 108, 162, 48, 444, 142, 14, 252, 8, 198, -60, 230, 216, -78, 30, -4, 64, 62, -28, -28, 40, -176, 154, -80, -42, -102, -142, 206, -10, -54, -50, 192, 70, 94, -186, -36, -138, 234, 48, 52, 164, 86, 166, 148, 6, 22, -68, 192, -52, -86, -104, 4, 216, 30, 74, -72, 236, -80, -22, 0, -32, 6, -214, 2, 26, -252, 96, 226, 166, -208, 170, 66, 116, 262, -44, 192, -94, 206, 148, 58, 72, 156, 280, 126, -50, 6, -30, -58, 12, -258, -78, 214, -106, -122, -6, 58, -164, 30, -20, 186, 68, -92, 134, 54, 6, 2, 102, 212, -128, -94, -238, -82, -58, 4, 6, -8, -8, 232, -82, 42, -76, 88, 244, -242, 110, 38, -2, -160, 230, -6, -22, 80, -80, -36, -46, -94, -24, -104, 52, -86, -14, 76, -56, -256, -58, -14, -132, 72, 194, 186, 172, -140, -106, -50, 62, -172, -166, 248, -28, 152, 72, -132, 38, 156, 110, 
92, -40, -28, -198, 20, -38, -144, 304, 20, 204, 136, 90, -148, 22, 100, -36, 86, 50, 120, 262, 64, 164, 220, 44, 14, 136, -48, -136, 98, 118, 158, 22, -74, 232, -444, 38, 130, 110, 90, -62, 100, -72, 214, -114, -242, -194, -116, -272, -56, -30, -24, -8, 78, 38, -134, -176, 100, 96, -96, -78, -22, 76, 54, -26, 8, -54, 44, -28, -84, -30, 48, -38, -48, -68, 102, 264, -6, -20, 40, -38, -62, -132, 306, 96, 98, 46, -64, 120, -118, 230, -14, 20, 34, -216, 42, 4, -124, -72, 40, -86, -168, -250, 8, 162, 82, -38, -82, -286, 102, 30, -240, 126, -2, -122, 118, 240, -12, 88, 20, 124, 120, 134, 366, -106, 192, 66, -212, -4, 56, 42, -138, 4, 78, -2, 60, 168, 30, 26, 56, 24, 150, 94, -224, -120, 12, 56, 188, -68, 86, 148, 8, -82, 18, 178, -4, -52, -14, 52, -104, -128, 198, 324, -82, 186, -112, 126, -214, 184, -74, 128, 62, 156, -56, -62, -58, -100, 224, -10, 6, -100, -224, 122, -92, 414, -98, 44, 232, 102, -38, 196, 12, 40, 12, -26, -2, -100, -6, -82, -162, -46, -114, 148, -134, -18, 162, 86, 132, 100, 40, -106, 252, -76, -74, -90, 14, 38, -94, -140, 202, -34, 108, -26, -160, 108, 32, 140, -44, 182, 6, 188, -24, 180, 76, 242, 52, -30, 116, 176, 96, -44, 120, 94, -82, 36, 220, 102, 6, 186, -130, -100, 102, 54, -148, -66, 12, 120, -108, -32, 192, -16, -62, 254, -8, -68, -114, 30, 282, -34, 64, 180, -220, -206, 204, -250, -76, -34, 70, 32, -24, 194, 76, 20, 160, -88, -40, -174, -198, -50, 4, 56, 62, -144, 0, 102, -142, 202, 96, 122, 126, 58, 110, -20, -114, 220, 46, -114, -8, 46, 288, -76, -90, -86, -106, -74, 198, -30, -12, 92, 96, 170, 174, 18, -38, -102, 24, 124, -42, -34, 140, -106, 36, -26, -126, 184, 94, 126, -50, -306, 124, -390, -4, -10, -108, 106, -64, -64, -266, -116, -8, -38, -152, 24, -234, -128, 34, 156, 200, -94, 248, -46, 202, 44, -288, -64, -18, -46, -16, 8, -28, 214, 74, 202, -10, 68, -64, 2, -110, -192, 92, 64, -150, 6, -60, 24, 218, 124, 22, -236, -30, 146, 140, -138, 328, 44, 222, 146, -106, 138, 16, -34, 264, -30, -90, 132, 90, -80, -26, 48, 128, 68, 80, 124, -16, -90, 116, -120, -176, -78, -44, 6, 126, -32, -72, -156, 242, 222, -172, 176, 184, 222, -40, 100, -80, 36, -110, -74, 24, -66, 24, -6, 70, 72, -234, 170, 130, 200, 102, 18, -90, 130, -72, 44, -44, 86, -22, 36, -90, -62, 76, -62, 28, -48, -58, -76, 190, 192, -56, -122, -36, 82, 4, -154, 124, -106, 264, 12, 124, -60, 252, 266, 6, 166, -42, 26, 54, 98, -50, 20, -44, -42, 192, 162, -214, 144, -80, 30, 252, -64, -20, -18, 
-110, -110, -60, 170, 176, 104, 134, -226, -94, -124, 130, 12, 2, 80, -88, -66, 34, 34, 36, -322, -28, -114, 10, 170, 36, 172, -134, -100, -28, -18, -104, 90, -92, -78, 318, -2, -118, -66, -28, 202, -38, 62, -296, 92, 114, 274, 50, 218, 96, 196, 112, 36, 188, -36, 52, 120, 176, -162, 232, 164, -14, -42, -174, 56, -48, 72, -30, 108, 268, 136, -40, 176, 32, 38, 36, 58, -34, 26, -20, -10, 156, 42, -194, 6, 46, -56, 50, -74, -102, -144, -194, 156, 58, 232, -96, -58, 142, 22, 88, 204, 214, 168, -14, -18, 10, 150, 212, 188, 32, 90, 84, 60, 188, 42, 36, -178, -96, -60, 198, -146, -98, 42, -162, 128, -154, -134, 192, -58, -46, 12, 170, 24, -66, 72, 86, 114, 128, -78, 40, -152, 24, 140, 104, 176, -10, -170, -156, 14, 36, -122, -134, -88, -22, -36, -114, 158, 82, -36, -184, 8, -168, -18, 328, -148, 106, -80, 128, -204, 22, 24, 16, -56, 220, -40, -50, 66, -154, 46, -92, 94, 58, 54, 160, -106, 92, -90, -64, -80, 158, -28, 72, 54, -108, -66, 30, 30, 78, 16, 76, 70, 208, -100, -28, -44, -126, -96, -224, -134, -114, 298, -72, 184, 74, 142, -112, 76, -138, 94, -94, -30, -110, 52, 240, -52, 16, 14, 46, -148, 58, -68, 52, -90, 82, -228, 182, -78, 70, -210, -26, 220, -146, -28, 112, -92, -50, -2, 74, -246, 220, -140, 90, -40, 24, 110, 106, -34, 118, -174, 12, 2, -22, -4, 18, 92, 84, 144, -140, -86, 4, 100, 142, 288, 16, 116, -44, 38, 26, -48, 176, -210, -22, 90, -172, 122, -34, 114, -60, 12, 130, 158, 46, 282, -4, -58, 138, -94, -328, 0, -398, -80, 22, -34, 82, -74, 18, -16, -150, -40, -144, 52, 168, 38, 224, -84, -14, 22, 78, -56, -136, 198, -50, 6, 6, 166, -22, -104, -14, 160, -72, 218, -84, 72, 170, 18, 88, -64, 118, 246, -108, 184, 206, 144, 24, 40, -12, -26, 30, 180, 56, 2, -20, -4, 86, 178, -94, 114, -246, 106, -292, 132, -62, -60, 322, 156, 88, 150, 116, 82, -130, -280, 38, -280, -56, 4, 26, -32, 194, 98, -94, 46, 102, 14, 176, -198, -18, 64, -28, 240, -24, -20, -94, 108, -136, 36, -36, 84, 72, 60, 232, -16, -268, 98, 196, -54, 140, 46, 86, 6, -138, -36, -194, -170, -136, 220, 4, 178, 228, 110, -64, -52, -156, 22, -94, -48, 36, -146, 116, -32, -36, -286, -42, 26, 342, -14, 238, 102, -8, 122, 128, -64, -40, 46, 96, -48, -100, -134, -76, 70, 124, 42, 34, -108, 202, 162, 126, 118, 148, 62, -166, 102, 120, 112, -240, -96, 2, -46, 52, 216, 40, 26, -80, 88, -76, -56, -80, -90, -86, -12, -38, -120, 128, 16, 20, 38, 82, -46, 184, 90, -96, -50, 26, 206, 302, -106, -42, 4, -158, -218, -50, -28, 
76, 72, 42, -154, -46, -6, 24, 34, -4, 38, -164, 92, 80, 64, 50, -18, 134, -28, -98, 88, -20, 234, -50, -20, -48, -74, 246, 20, 40, 34, 66, 142, 38, 40, -156, 42, 134, 134, -34, -156, 208, 2, 156, -36, -52, -72, 86, -406, -78, -268, 158, 4, 68, -68, -70, 62, 36, 158, -136, -122, -2, -4, 204, -116, -44, 20, 88, -106, -206, -44, -6, 32, -104, 42, 50, 124, -42, -70, -14, -38, -234, 38, 214, 108, 32, 234, 38, -46, 128, -110, 300, -162, -30, -136, 156, 44, -210, 62, 136, 40, -20, -114, 96, -150, -80, 22, -72, -50, 168, -116, 42, 84, -156, 170, 38, 100, 130, 26, 14, -62, 118, -64, 210, -62, -8, 88, -214, 78, -2, -126, 20, 78, 246, -64, -20, -118, -28, -202, 110, 162, -66, -226, -122, -56, 82, 234, -74, 94, 156, 198, 2, 116, 6, 128, 148, -18, 180, -100, 338, 106, 152, 54, 10, 234, -274, 16, -192, 290, 58, -240, 22, -16, -210, 126, 120, 66, 114, 202, 98, 0, -160, 102, -114, 362, 36, 196, 130, 92, -270, 64, -2, -140, -6, 120, 10, 34, -294, 272, -234, 14, -178, -32, -38, -16, 72, -34, 58, 74, 2, -108, -214, -148, 56, -266, -36, -174, -22, 30, 84, 216, 148, -12, 60, -16, 0, 34, 4, -74, 10, 102, -102, 310, -194, -34, -128, 30, 96, 122, -40, 122, 96, 72, -36, 106, 50, -62, -4, 30, -354, 84, -158, 36, 40, 30, -28, 302, -34, 186, 96, 38, 182, 124, -68, 40, 108, -76, 204, -58, 274, -222, 46, -178, 16, 50, 114, -178, 156, -60, -30, 102, -22, 68, 90, -24, 34, 156, 90, -50, -56, -72, 76, -254, 120, 48, 30, 144, 216, 6, 220, -92, 42, 206, -104, -58, 46, 238, 96, -24, 26, 10, -16, -12, -242, 274, 174, 72, -174, -2, 136, -172, -104, 166, 124, 24, 132, -50, 26, -96, 98, -234, 96, 150, 52, 46, -30, 62, -124, -88, 30, -134, 18, -124, 178, -136, -88, -206, 70, -34, 52, 14, 122, 68, -202, -146, 120, 14, 254, 28, 126, -134, 116, -62, -64, -176, -34, 10, -200, -70, -72, 412, -8, 194, 204, -196, -46, -40, -40, 102, 128, 70, -232, 22, -30, 172, -40, -50, 6, -118, 16, 140, -30, -214, 152, 60, 290, -86, 38, 78, -90, -30, 210, 48, 4, 38, -20, 100, 4, 18, 88, -114, 190, -22, 126, -32, -12, -156, -86, 58, 130, -28, 278, -74, 174, -68, 64, 88, -190, 66, 112, 208, -8, -64, -320, 206, 58, -372, -86, -154, -74, 186, 136, -88, -16, 124, 28, -40, 0, -152, -42, 92, 74, 6, 134, -38, -216, -162, -34, -100, 80, -64, -100, -246, 222, -20, -62, 212, -220, -208, -72, 4, 66, 140, 84, 238, 122, 72, 186, -72, 282, 218, -30, 164, -88, 38, 10, -2, 30, -126, 112, -36, -52, -74, -172, 136, 164, 0, 128, 18, 134, 46, 
-138, -102, 2, 122, 54, 52, 32, -124, 64, -54, 8, -68, -42, -6, 82, 22, -112, 120, 154, -196, -62, -250, -64, 44, 194, 26, -142, -40, -58, -14, -126, -8, 98, -44, -16, -58, -46, -2, -98, 108, -70, 72, 126, 132, -70, 128, -48, 122, -52, 192, 68, 54, 108, 70, -46, 76, -54, -110, 166, -34, 0, -32, -32, 98, 120, 88, -80, -2, 208, 58, 26, -82, -78, -16, 6, -120, 38, 184, 50, 74, 194, -190, 122, 172, 54, -18, -44, 42, 12, 144, -30, -16, 316, 64, -84, -296, 262, 204, -92, 74, 156, 190, -14, 244, 146, -28, 110, -40, -60, 46, -70, -46, 98, -156, 28, 70, -104, -68, 12, 230, -42, 180, -82, -32, 16, -84, 150, -66, -40, 272, 48, -30, -154, 206, 70, 110, 208, 236, -128, -8, -94, 204, 212, -14, 8, -258, 14, -50, -100, 50, -142, -40, 68, -90, 14, -132, -268, 56, -176, -54, -140, 32, 44, -270, -24, 28, -166, -164, -2, 210, -40, -128, 132, 52, -102, 54, 44, -28, -142, -18, 126, -82, 284, -220, 148, 66, -110, -108, 320, -14, 148, 144, -42, 62, 28, 226, 128, -10, 156, 32, 264, 64, 18, 134, -8, 80, -166, -2, -182, 36, 42, 138, 98, 294, 94, 28, 20, -146, -118, -70, -10, -162, -96, 38, 82, -44, 212, 198, 100, -180, 50, -78, 154, -66, 36, -124, 14, -120, 132, -32, -86, -190, -12, -42, 42, -156, 40, 104, 320, -60, 306, 36, -138, -298, 122, -230, 114, 140, -38, -82, 76, -78, 50, 122, 28, -146, -126, 50, -20, 112, -66, 96, -112, 96, 144, 256, -120, -50, 56, -68, -172, -136, -8, 68, 40, -86, 80, 36, 152, 134, -6, 178, 2, 2, -58, -92, -86, 136, -224, 110, -36, -248, 146, -100, 104, -92, 14, -12, -70, 144, 132, -228, 110, -178, -108, 36, 168, 12, -50, 242, 184, 42, -142, 140, 108, -122, -280, 282, 2, 278, -14, 122, 164, -116, -184, -118, 30, -134, 130, 66, -46, 64, -10, 144, 272, 40, -104, -96, -164, 56, -12, 72, 144, -138, -108, -80, 152, 82, -262, 128, -152, 100, 38, 114, -32, -186, -48, 48, -34, -168, -22, -248, -136, 228, -156, 0, 4, 158, -198, -42, 140, -52, 24, -88, 62, 164, 54, 44, 222, -18, 2, 128, 16, -18, -206, 126, 44, 128, 70, 142, -150, 34, 20, -24, 12, -12, 20, 98, -22, 96, -154, -220, 8, 292, -74, -134, 42, 156, 80, 28, -288, 46, -12, 24, 60, -28, 140, 56, 10, 92, 34, -36, 358, -162, -60, 384, -64, 170, 246, -138, -198, 44, -140, 12, 56, -16, 76, 78, -44, 10, -74, 44, 168, -2, 50, 30, 64, 98, -172, 34, 148, 98, -272, 110, 160, -248, 308, 56, 140, 32, -36, -86, -140, -24, -142, -12, -58, -68, -160, -142, 2, 0, 24, -18, 14, 32, -66, -38, -130, -142, -124, 122, 182, 32, -262, 4, 22, -14, -122, 146, 
-24, 32, -14, -104, -236, -38, 80, 0, -60, 88, -4, 258, 160, -38, -70, 150, -46, 22, -142, 46, 178, 16, -8, 120, -68, 20, 88, -44, 202, -4, 28, 56, -100, -118, -34, 130, 242, -72, 114, -82, 24, 24, -100, 30, 52, 114, 138, -126, 138, 0, 58, 48, 146, -26, 104, -202, -88, -58, -142, 22, 122, 74, 188, -104, 36, -44, 78, 138, -94, -88, -38, 172, 182, 28, 246, 124, -112, -56, -60, 28, -26, 186, -36, -124, 126, 94, 44, -52, -110, -184, -66, 90, -150, 128, -52, 120, -190, 134, 156, 38, -20, -138, -74, -154, 110, 156, 26, 196, 36, -96, 180, -130, 62, 40, 8, 98, 176, 36, -124, -158, 52, -132, -2, 118, -26, 18, -286, -2, 88, -246, -112, -72, 46, -214, -126, -66, -52, -62, 228, 4, -114, -116, -56, 54, 140, 326, 302, 254, 228, -64, 176, 148, -66, 64, -94, 116, 134, -204, 240, 126, -4, 20, 176, 388, 110, -172, 26, -36, 10, -230, 44, 10, -236, -98, 74, 220, 88, 92, 134, 72, -124, 230, -190, 262, -240, 184, -10, 96, -52, 14, 116, -80, 58, 18, -6, 34, -50, -52, -124, -106, -118, 168, 0, 24, 134, -126, 168, -92, 156, 62, 154, -38, -22, -266, -16, -48, -10, 262, 106, 0, 38, 154, -6, -136, -126, 104, -152, -124, 30, 248, -80, 48, -134, 112, -134, 166, 148, -56, 146, 46, 158, 246, -50, 136, 18, 238, -162, -4, -154, 90, -48, 26, 208, 46, -34, 268, -26, -68, -38, 2, -28, 36, -86, -294, -46, 244, 144, -82, -10, 36, -50, -184, 68, 74, -36, -108, 200, 134, 84, 138, -86, 244, 88, 52, 30, 112, -30, -144, -88, -164, 22, -66, -6, 36, -36, 216, 96, 22, 158, 96, 62, -28, 154, 230, -80, 248, 74, 96, 144, -132, 20, 156, -128, 52, 210, -164, 88, 88, 82, -114, 34, -20, 124, 62, -22, 172, 338, -150, -4, -120, 44, -46, 46, 218, 138, 74, -236, 182, -70, 50, 8, -184, -102, -174, -244, -114, 54, 32, 82, -40, -100, -150, -164, 98, 122, 34, -142, 20, 344, 50, 82, 40, -34, -154, -208, 164, -46, -48, 66, 86, 204, 244, 262, -116, 58, -26, 144, -192, 128, 6, -64, 186, -2, 222, -224, 122, -80, 168, -104, 140, -168, 14, 130, 156, 228, -90, 100, -138, 106, -218, 230, 36, -104, 10, -34, 68, -20, -12, -62, -182, 24, 32, 182, -226, -34, 190, 202, -216, -154, 88, 92, 32, 98, 66, 18, 202, -142, 56, 88, 80, 224, -28, -86, 0, -28, -400, 152, -120, -176, 188, 132, 14, 94, -54, 106, -24, 78, -216, -82, -28, -12, -16, -62, 194, 24, 34, 100, -136, -24, 26, -76, 74, 148, -36, -78, 106, -96, 126, 58, -10, -28, 26, 84, 20, 64, 76, 44, 34, 120, -2, 38, 40, 208, -24, 62, 68, 322, 58, -42, 170, 90, -160, -146, -42, 136, -54, 246, 54, 186, 10, 
158, -136, 222, -20, 52, -34, 80, 268, 96, 30, 62, -176, -106, 56, -30, -38, -38, -52, 116, -26, -218, -30, -68, -100, 94, -14, -14, 4, -80, -198, 30, -124, -2, -4, 114, -24, -58, 382, 36, -100, 56, -4, 254, 34, 148, -28, -210, -18, -136, -58, -42, 18, -126, 12, -202, 52, 108, 72, 222, 30, -52, 38, -98, -66, 172, 122, -100, 144, 206, 360, -42, -288, -70, 200, -82, 64, -94, 334, 114, 64, 96, -94, 30, 146, -84, -118, 44, 42, 146, 108, -96, 26, 6, -20, 24, -56, 256, -190, -76, 34, 90, 50, 96, 62, 120, -142, -32, -210, 12, 178, -62, 228, 70, -120, -132, -28, -134, 16, 138, 188, -32, 214, -8, -100, 118, -64, 322, 192, -86, 344, 144, 192, -170, 152, 174, 54, -144, 170, -44, 26, 20, 140, 56, 104, -90, -170, -30, -122, -60, -14, 164, -184, 140, -4, -12, -100, -50, 274, -252, -66, -72, 36, -178, -238, -200, 246, 116, -120, -64, 206, 128, 30, 104, 80, -160, -8, -20, 80, -38, -68, 208, -148, 146, -126, 220, -196, 164, -52, 70, 86, -48, 90, -26, -32, -32, 44, -18, -104, 124, 130, 114, -104, 14, -76, -8, 286, 38, 28, 84, 40, -76, -4, -120, 158, 48, -8, -8, -10, -36, 110, -78, 108, -118, 56, -134, -120, 224, 108, -20, -96, -136, -4, 160, -56, -40, 34, -126, 110, -128, 72, -124, -80, 112, -46, 54, -152, 128, -102, 130, -38, 52, -90, -118, 28, -154, -36, -54, 134, 156, 44, 40, 100, 140, 92, -34, -124, -64, 150, -148, -142, 30, 156, 90, -10, 22, 132, -90, -102, -168, -30, -38, -312, -146, 6, 88, -26, -52, 198, 214, 112, 92, 64, -10, -126, 152, -110, 66, -62, -54, -66, 0, -104, -188, -222, 92, -78, -162, 36, -126, 240, -34, -70, 282, 110, -32, 186, -150, -14, 22, 90, 44, 64, -22, -10, 10, -28, -168, -48, -50, 114, -24, 118, -136, -20, -4, 66, 60, -310, 196, 42, 118, 146, 162, 202, 282, 154, 62, 0, 28, -94, 30, 222, 92, -98, 18, 138, 120, -100, -150, -126, 56, -170, 18, 218, -12, -58, 312, 128, -6, -44, -118, -140, -196, -78, -102, -124, 18, 328, -108, 18, 20, -76, 126, 22, 132, -82, -104, -42, 132, -96, -30, 14, 10, -148, -24, -10, -230, 40, 0, 110, 26, 26, 118, 46, -60, 172, 44, 110, 232, 236, -82, -14, -212, 78, 6, -342, 142, 120, 68, 58, 76, -138, -68, -108, 56, -228, 258, 78, 110, 118, -86, 14, 294, -14, -26, 126, -230, 6, 166, -194, 26, 116, -262, 214, -100, -184, -74, 256, 42, -2, -26, 92, -10, -182, -2, 20, 34, -42, -40, 78, -16, -74, -110, 24, 18, 72, 114, -46, 96, 108, 78, -130, 160, -50, 56, -94, 104, 112, -20, 82, 40, 64, -152, -66, -74, 118, -348, 6, 100, -72, 42, 148, 342, -118, -62, -10, -52, 4, -314, -80, 
-228, 72, -196, 68, -54, 36, 34, -146, -54, 68, 60, 216, 124, -8, 264, -38, -170, 74, 66, 134, 154, 36, 30, -60, 112, 134, 78, 116, 216, 188, -150, 284, 132, 30, -126, -6, -70, -58, -74, 92, -160, 214, -52, 16, 134, -24, 118, 22, 262, -158, 58, 10, 188, 184, 148, -12, -18, 14, -124, -10, 78, 158, 74, 74, 54, -88, 80, -262, -14, -158, 112, 126, -68, 20, 4, -34, -96, -232, 168, -122, -120, 38, 48, -68, 10, 28, 128, 112, -74, -114, -94, 122, -148, -2, 144, 104, -112, 184, 178, 52, -80, -24, 60, -108, -204, 68, 82, 136, 68, -98, 72, -316, -36, 158, 220, -18, 190, -144, -158, 12, 54, -18, 82, -120, -112, 20, -180, -56, -26, -282, -156, 64, 64, -36, -228, -122, 98, 96, 184, 140, -204, 192, -58, -8, -116, -6, 78, 88, 18, 152, 22, 100, -62, -26, -116, 48, -70, -270, 94, 208, -14, -152, 384, 110, 106, -34, 56, 318, 102, 30, -102, 4, -20, -8, 262, 66, 154, 22, 140, 164, -88, 66, -28, 124, -232, 46, -58, -10, -108, 114, -156, -142, 114, 52, 146, -62, 232, 8, 46, 64, -50, 50, 16, 42, 106, -100, 62, -10, -12, 102, 20, -44, -6, 10, -30, -18, 74, 92, 104, -60, 194, -86, 186, 88, 116, 4, -172, -68, 136, -8, 134, 72, -216, 122, -4, -52, 26, -22, 102, 152, 146, -6, -20, -78, -82, 274, -192, 124, -4, 122, -130, 228, -20, -176, 200, 8, 58, 48, -92, 80, 74, 112, -230, 108, -196, 172, 58, -98, 198, 242, 118, 80, 42, 44, 78, -264, 110, 110, 208, 110, -32, 110, 8, 64, 152, 108, 86, -214, -34, -88, -92, -80, -144, 60, -130, 82, -114, 186, 72, 26, 152, 146, -58, 76, -26, 166, 86, 100, 198, -62, 58, 172, -142, -74, -28, -120, 226, 24, 98, -20, -16, 26, 22, -58, 50, 426, 150, 66, 86, 156, -216, -78, 268, -150, 54, -58, 132, 202, -136, -48, -40, 52, -8, -26, -90, -130, -156, 38, -98, 202, -30, -76, -96, 86, 212, -14, -24, 62, 92, 122, -110, 230, 160, -54, 70, 12, -98, -10, 104, 118, -162, 34, 158, -150, -2, 204, -74, -10, 168, -12, 36, 42, -202, 24, 108, 114, 102, 0, 84, 300, -130, -60, -36, 114, 154, 124, 58, -14, -146, 70, -90, -174, -148, 126, 74, -136, -14, -36, -76, 0, 190, -54, 182, -174, 62, 252, -62, -130, 92, -88, 68, 132, 28, 240, 52, 296, -154, -142, -114, -44, 90, 12, -130, 288, -30, -44, 152, -4, -150, 142, 70, -264, 48, -20, -48, 174, 92, 62, 202, 96, 192, 70, -16, 238, -12, 74, 138, -8, 182, -136, -28, 168, 148, -72, 96, -2, -56, -12, -16, 12, 90, 12, -68, -30, -44, 76, -156, -68, 38, -32, 120, -124, 88, 52, -78, -226, 258, 134, -48, 118, 170, -152, -116, 60, 14, 154, 20, 110, 120, 50, 
178, -38, 254, 132, 34, 32, -176, 300, 116, 154, -60, -254, 20, -20, -62, 94, 320, 268, -292, -44, 164, -218, 10, 60, 74, 104, 90, 28, -16, 14, 66, -200, -60, -92, 78, 124, 90, 216, -180, -56, 122, -60, 224, 66, -132, 92, -132, -24, -106, 164, -56, 10, -274, -234, -260, -12, 34, 40, 72, 26, -174, -98, 202, -62, -186, 260, -38, 152, 92, 0, -174, 74, 148, 4, 138, -14, 172, 26, -34, 144, 72, 8, -92, 32, 24, 26, -76, -168, 82, 148, 2, -82, 4, -36, -18, 124, 120, -96, -150, 28, 148, 36, 98, 176, 236, 46, -116, -70, -44, 18, -118, 114, -40, -190, -152, 32, -146, 230, 184, 30, -192, 74, 74, 132, 160, -106, 236, 218, 84, 276, 280, 30, 114, -122, 174, 90, 6, 62, 8, -204, 8, -182, 206, 222, 68, 34, -144, 124, 204, -110, 96, 70, 80, 212, 168, 34, 68, 168, 72, -210, 162, 106, -192, -6, 84, 208, 30, -82, -184, 188, 54, -130, 78, 76, -202, -170, -22, 22, 58, -144, 82, -50, 102, 4, 4, 164, -92, 32, 72, -116, 84, 22, -14, -76, -40, 248, -86, 74, -168, 4, 8, 30, -120, 24, -92, 88, -60, -100, -76, 174, -76, 120, -46, -4, -18, 122, 64, -64, 116, 104, -58, 74, -158, -202, 72, 52, 44, 104, -70, 152, -62, -192, 270, 54, 242, 168, -94, -64, 46, -56, 92, 26, 22, -8, 20, -186, 232, 154, -22, 44, -16, -68, 28, 130, -18, 102, -32, 106, -18, -42, 32, -54, 114, -40, 74, -138, 16, 172, -276, -152, 0, -34, -6, -32, -104, 74, -90, -8, -202, -50, 184, -12, 2, 62, -132, -130, -26, 168, -4, -26, 162, 102, 190, -32, 202, 68, 56, -54, 240, 172, -24, -84, -208, -218, 52, -52, -14, 108, -184, 112, 14, -156, 110, 132, -90, 258, -154, 6, 60, -118, 0, 114, -2, 320, 66, -146, -98, 8, 0, -172, 232, 88, -160, -128, 128, -34, -46, -182, -2, 274, 164, -108, 26, 76, 2, 54, 96, -126, -48, -208, -202, 88, 164, -190, -184, 64, -14, 174, 90, -18, -6, 4, -8, -126, 82, 24, -18, 156, -74, 50, 132, -88, 120, 28, -6, -62, -18, 120, -98, -20, -92, -100, 144, -132, 80, 32, -14, 70, -36, -206, 92, 188, 100, 72, -44, -108, -92, 74, 76, 76, 20, 158, 178, 4, -138, 60, 72, 80, 204, 84, -148, 28, 10, 78, -148, -206, 30, 110, -20, 122, -98, -46, 168, -104, -124, -222, 122, 34, 132, -100, -240, -4, -56, -170, -42, -42, -150, 212, -8, -8, -12, -6, -64, 6, 134, 8, -64, -90, -170, 38, -242, -56, 70, -102, 132, -150, -42, 122, -80, -58, -58, -40, -64, 88, -88, 168, 106, 0, 188, -56, 138, -42, 92, -140, 52, 12, 214, 62, -12, -168, -36, 160, 6, 76, -36, 106, -300, 0, 90, -72, -32, 42, 122, 88, 64, -80, 58, -48, -244, -76, 
-168, 134, -66, -30, -6, 96, 106, 2, -218, -72, -116, 358, 22, -24, 42, -50, -324, -60, 172, -66, -52, 246, 30, -110, -162, -142, -66, 118, 48, 214, 18, 52, 42, 154, -60, -90, 106, 2, 92, 124, 32, 144, -106, 106, 172, -38, -54, 34, 120, -2, 12, -204, 262, 0, 194, 90, 8, -6, -66, 184, 206, 44, -62, 50, 104, 46, 116, -98, -82, 70, 226, 44, -68, 190, -128, 80, -198, -34, -98, 22, 234, -86, 262, -52, 72, 14, 204, -182, -66, -52, 20, 156, -84, -30, 10, 0, 66, -6, 240, -170, -186, 68, -30, -160, 14, 16, 116, -22, 376, -90, 6, -30, -90, 144, 276, 122, 140, -140, -64, -48, 174, -44, 46, -242, -246, -168, -316, -22, -88, -26, -206, 178, -16, 140, -118, -24, 88, 210, 164, 232, 88, 282, -130, -254, -54, 28, 154, -64, 56, 130, 186, -250, -24, 40, -24, 204, -2, -58, -86, 300, -170, -88, 244, 190, -92, 14, 118, -146, 114, -70, 84, 150, -68, -78, 190, 60, -92, 18, -112, 346, -104, -230, 42, -116, -56, -246, 172, 108, -110, 138, 48, -44, 90, -44, 18, -178, 88, 174, -14, 2, 94, -30, 100, -2, -108, -2, 74, 174, 104, 188, 24, -86, 254, -62, 0, 12, 14, -6, 122, -56, 46, 10, 80, 170, 10, 72, -80, 12, 82, 48, 76, -28, -190, 6, -194, 12, -22, 12, 166, -46, -64, 70, 0, -140, -72, -86, -260, 28, 154, -14, 48, 22, -102, -92, 156, -138, 88, -136, 128, 40, -160, 56, -146, 112, -122, -12, -84, -76, 122, 154, -50, 122, 104, -94, -148, -44, -66, 74, 22, -46, -102, 128, 54, 60, 198, 44, 20, -248, 40, -28, 52, -96, -72, 154, -164, -48, 46, 162, -268, -70, -130, 156, 100, 16, 18, 222, 124, -16, 264, 48, 32, -18, -16, -276, 110, 144, 68, -112, -44, 88, 30, -22, 80, -50, -90, 60, 66, 124, 40, 78, 16, 90, 298, -26, -112, -32, 154, 132, 40, -64, -102, 52, 12, 208, 68, -94, -132, 170, 282, 154, 92, 174, -200, 98, 184, 208, 170, -114, 16, 30, -34, 100, 86, 52, -194, 220, 82, 88, 76, -158, -160, 48, -142, -36, 120, 204, -216, -96, 78, 98, 146, 42, 206, -34, -2, -122, 68, 296, 118, 130, 74, -86, 8, 142, 108, 276, -58, 96, -70, -78, 14, -236, -80, 156, 66, -52, 150, 72, 0, -216, -38, -10, 48, -142, 100, 236, -76, 2, 48, -88, 128, -118, -74, -174, 130, 32, 48, -112, -118, 164, 256, -126, 30, 154, 150, 2, 172, -48, -238, 64, 26, 32, 252, 54, -108, -26, 92, 216, 314, -80, 192, 4, 40, 86, -154, -158, 46, -64, 156, -44, -158, -18, 322, -2, 318, 72, 110, -38, -58, 182, -48, -54, -38, 288, 30, 172, -42, -30, 4, 44, 166, -96, 74, -96, 146, -18, 26, 44, 6, 120, 86, 52, -86, 18, 70, -84, 16, -138, 298, 186, 
186, 8, -50, 168, 10, 8, 208, 72, 144, 6, 62, -142, -12, 132, -76, 64, 198, -84, 56, -60, 152, -178, -40, 218, -72, 96, 142, -238, 152, -80, 24, 150, 80, -238, -80, 162, -104, -54, -126, -68, -60, -156, 162, -86, -58, -48, 224, 94, -72, 46, -36, 82, -238, 142, -176, 76, -4, -158, 174, -180, -138, -88, 12, -70, 204, -22, 30, -8, 266, 16, -96, -34, 170, -68, 130, 72, 68, 10, 320, 24, -136, 90, -70, 78, 224, 32, -4, 204, 20, 84, -44, -188, 116, 152, -200, 10, -120, 150, -54, 144, 110, -8, -112, 146, 30, 240, -94, 98, -86, 84, 168, 78, 28, -72, -140, 28, -118, 48, 116, 144, -128, 82, 68, 256, 194, 186, 280, 132, -40, 254, 108, 92, 20, 20, -16, -52, 26, -116, 0, -18, -70, -98, 118, 68, 164, -26, -252, -16, 28, -188, 82, 120, 84, 34, 44, -278, -104, -66, 106, -176, 130, 120, -252, 10, -16, -10, 18, 62, -74, 90, 74, -72, 118, 182, -250, -32, -18, -72, 240, -88, 16, 206, 6, -136, 114, 354, -74, -170, 132, 8, 26, 14, -180, 100, -14, 180, -64, 86, 22, 30, -34, -44, -100, 26, 324, 120, -102, -24, 58, 118, 56, 150, -108, -90, -132, -52, 64, 310, 104, 124, 64, -38, -36, 106, -14, -156, 250, 24, -24, -158, -164, 146, 194, 36, 48, 168, 16, 44, -136, 70, 142, -168, 42, 102, -76, 88, 288, -20, -224, 96, 176, 66, 96, 246, -58, 180, 172, 72, -158, 68, 152, -12, 64, -148, -132, 108, 58, -24, 16, -90, -120, -2, -34, 28, 40, 152, 38, -40, -16, 10, 114, -100, -52, -60, -22, 92, 2, 160, -20, 130, 118, 148, -26, -80, 270, 238, -24, -214, 268, -30, 52, 38, 70, 92, -92, -102, -50, 34, 14, 46, 14, 78, 154, 326, 4, -70, -74, 124, 152, 10, -48, -36, 4, 296, 52, 38, -50, -104, 32, 48, 164, -148, -52, 86, 54, 68, -28, -154, 6, -24, 92, 178, 76, 42, 6, 150, 152, 24, -42, -286, -10, -26, 144, -48, -88, -70, -180, -44, 122, -66, 18, 2, -64, 38, 228, -308, 8, -54, -118, -46, 122, -74, 16, 102, -4, -102, 354, -40, 144, 88, -48, 164, -34, -8, 208, 262, 130, -318, -228, -316, -266, 138, 264, -160, -96, -216, -74, -72, 30, 220, -80, 328, 92, -110, -116, -156, 48, 88, -96, 92, 24, 80, -34, 74, -178, -20, 126, 36, 38, 58, 150, -120, 90, -44, 32, -50, 238, -172, 152, 36, -132, 90, -168, -128, -182, 68, -8, -48, 166, -342, -94, 92, -260, -88, 98, 58, 26, -26, -284, 74, -144, -130, 46, 32, 88, 332, -72, -132, -130, 42, -48, 40, -254, 78, -124, -94, -104, 222, -14, -112, 144, 146, 24, -124, 38, -70, 84, 12, 80, 58, -190, 84, 4, 234, -74, -50, 6, 70, 50, 80, -90, -46, 142, 84, -38, 182, 232, 54, -186, -120, 
56, 136, -46, 14, 138, -50, -8, -100, 58, -54, -64, 484, 2, -36, 100, -60, 4, -8, -96, 260, 32, 34, -148, -244, 94, -72, 82, 220, -156, 20, 26, -150, -16, 166, 82, -44, 126, 118, 210, 132, 204, -98, 40, 116, -28, -34, -110, -54, 94, -158, 48, -98, 188, -200, 150, -248, 84, 152, -2, 124, 202, -8, 198, 84, -172, 36, -50, 42, -106, -120, 96, 86, -10, -172, 130, 42, -50, 72, -174, -40, 130, 20, 40, -98, -168, 110, -94, 98, 118, 100, 50, -4, 82, -26, 46, 162, -54, -44, -116, -74, -130, 18, -70, -108, -98, -170, -8, -86, 20, 34, -34, -28, -34, 178, 192, 146, 320, 132, -42, 122, 194, -114, 20, 2, -20, -264, -54, -174, -72, -238, -52, -202, 24, 4, 120, 74, -104, 208, 46, -150, 138, 82, -194, 78, -76, 266, 168, 198, -130, 92, -124, -90, -120, -100, 160, 182, 190, 40, -134, 180, -62, 24, 348, 124, -74, -148, -164, 102, 94, -6, -16, 28, -112, 6, 132, 108, 140, 108, 10, 58, -52, -298, -42, 62, 132, -258, 100, 134, 38, -58, 50, -22, 42, 30, 134, -204, 70, 240, -58, -96, 32, 72, 104, 124, -190, -70, 128, -26, 76, -84, -114, -132, 138, 74, 14, 142, -102, -314, -16, 144, 32, 46, 0, -110, -84, 344, -104, -38, -2, 122, 290, -90, -334, 26, 0, 98, 52, -8, 2, 128, -16, 332, -34, -18, -12, -130, -210, 86, 142, -156, -254, 102, -60, 34, 128, -64, -128, -88, 98, 220, -72, 14, -92, -40, 90, -72, -28, 60, 16, 184, 136, -126, 190, -60, -40, -216, 78, 66, -10, 88, 0, 188, -46, 0, 114, -158, -76, -110, -16, -48, 96, -2, -190, 136, -106, -98, -92, 172, -52, 164, -246, -160, 188, -94, 140, -16, 144, 26, 188, -60, -66, 134, -240, 38, 94, 42, 156, -94, -324, 44, 28, 148, 32, -218, 0, -58, 56, 60, 46, 24, 18, -42, 32, -70, -24, -68, 14, 214, -30, 70, 36, -78, 58, -38, 52, -10, -24, 12, -46, 76, -144, 162, -232, 74, 70, -18, 186, 20, -66, -10, -2, 0, 58, -174, -98, 200, 160, -72, -48, -46, 36, 114, -86, -132, 172, 4, -280, 82, 46, -68, 162, -32, 78, 116, -236, -116, -90, 330, 278, 350, 216, -24, -70, 116, 322, 272, 44, -118, 46, 80, 126, -232, -4, -8, 192, 186, 176, -122, 52, 22, -72, 154, 6, -34, 112, 112, -22, -106, 156, 70, -176, 242, 54, -50, -66, 118, -106, 94, 72, 126, 166, -48, 26, 270, 222, -80, 86, 218, 194, 88, 184, -74, 350, 48, 40, -64, -108, 34, 280, -148, 86, 134, -10, -114, -90, -104, 106, 130, 232, 130, -4, -18, 150, 32, 12, 128, -78, -88, 126, -34, -32, -14, -54, 58, 64, 8, 132, 148, -246, -84, 216, 88, 164, -112, 232, 164, 82, -92, 58, -36, 74, 202, 6, 202, 8, -58, -128, 188, 132, 4, 
144, -58, 2, -8, -158, -58, -36, 136, 68, -44, 50, -194, -54, -102, 58, 178, -62, -48, -34, -190, 84, -12, -62, 176, 112, 46, 86, -382, 158, 56, 2, 150, 108, 38, -46, -36, 30, -96, 44, -116, -302, 30, 40, 10, 120, 134, 120, 48, -132, 118, -304, 410, -144, 252, -184, 150, 12, -2, 212, -132, -52, 18, -268, -122, 168, 92, -270, -6, -92, -42, -96, 26, 172, 12, 82, -60, 202, -170, 142, -76, -100, 38, -172, 34, 68, -154, 130, -26, -108, -2, 170, 92, 70, 72, 52, -132, -138, 88, 92, 126, 110, 50, -64, 200, -24, 202, 134, 20, -220, -202, 14, 26, -2, -98, 0, -48, -72, 6, 98, -4, 50, 144, 156, 104, -16, 224, -80, 184, 90, 96, 242, 268, 98, -16, -152, -90, 256, -36, -78, 70, -30, -112, 98, 60, 158, -52, -52, -170, 130, 74, -36, 210, 38, 72, -246, -118, 54, 88, 154, -190, 258, -8, -280, -236, 38, -72, 222, -130, 30, 14, 146, 86, -106, 28, 30, -36, -118, 28, 50, 110, 128, 314, 118, -164, 6, 140, 44, -142, -94, 102, -140, 78, 116, 214, -84, 64, -176, -40, -14, 134, 72, -6, 104, 10, 136, 116, 78, 46, 22, 32, -104, 96, -96, -82, -136, -216, 146, 350, 280, 0, -54, -30, 124, 132, -160, -124, 160, -56, 196, -104, 10, -46, -34, -26, -54, -144, -30, -38, 24, 192, 54, -42, 90, 114, 70, 106, 178, 108, -94, 186, 230, 58, 136, -6, -6, 122, 136, 202, -36, -258, -56, 92, 200, 234, 0, 224, 34, -34, 54, -202, -36, 174, -72, -104, 276, 174, -62, 34, 10, -18, -62, -82, 114, 86, -46, 98, 16, -98, 140, -20, -116, 104, 110, -112, -36, 296, 104, -56, -110, 112, 172, 218, -54, 152, 12, 98, 4, -18, -168, -84, 106, -60, 134, 2, -6, 40, -204, 264, 186, 132, 2, -26, 100, 430, 106, 134, -226, 126, -76, -196, -218, 232, -22, 116, 18, 62, 128, -98, 40, 26, -20, 102, -226, 148, 52, 0, 48, 52, 10, -224, 118, -148, 222, 64, 2, -108, -152, 90, 62, 34, 74, 38, 56, 98, 92, -248, -88, 106, -40, -62, 104, 4, 98, 146, -154, 96, 78, -18, -238, 76, -144, 166, -232, -54, 224, 312, 168, -118, -202, -94, -300, -16, 190, -20, -218, -264, 148, 134, -44, -54, -66, 48, 140, 46, -196, -74, 102, -6, 44, -124, 144, -212, 98, 148, 32, -72, 74, -84, -72, -84, 118, 40, -16, -8, 40, 52, 166, -166, -8, -206, 10, -26, -38, -176, -72, -38, -100, -200, -66, -230, -68, 114, -156, 148, 76, 56, 26, 30, -214, 158, -8, 58, -138, -28, 22, 32, -12, 34, 42, 70, -62, -8, -142, -14, -12, 26, -82, 120, 12, -166, 50, 88, 64, -114, 136, 72, -18, -122, 76, 10, -168, -108, -206, 110, -168, -188, -120, 68, 94, -64, -120, -148, 50, -152, 202, 34, 80, -182, -58, 18, 
-50, -2, -66, -92, 192, 48, -18, -226, -142, -70, 54, 170, 146, 130, 98, -6, 64, 24, -2, 282, 46, -76, 190, -244, 34, 60, -32, 274, -22, 194, 172, -92, -28, -48, 90, -42, -22, 32, 134, 32, 158, -56, -24, -82, -44, 38, 94, -2, 342, -106, 188, -200, -4, -6, 80, -190, -10, 62, -180, 52, -176, -18, 238, 162, -240, -104, 360, -220, 122, 166, 12, 94, -128, -58, 10, -20, -6, -14, -46, 74, 100, -106, 202, 4, -260, 84, -326, -30, 174, -44, -136, -154, -2, -30, -182, 214, 126, 16, -92, 76, 174, -304, 66, -260, 98, -184, 28, -30, 340, 2, 0, 58, 10, 66, 76, 168, 202, 26, -136, -24, -80, -210, -90, -130, 148, 112, 116, -70, -44, -146, -116, -166, 58, -12, 84, 226, -122, 60, -14, -158, 8, 292, 112, 128, 64, 78, -80, -26, 126, 172, 8, -154, 96, 10, 90, 208, 108, -68, -128, 190, -218, 28, 186, 416, 24, 244, 42, -52, 144, -84, -106, -58, 168, 54, -22, -90, 190, -90, -46, -162, 112, -194, 44, 70, 144, -118, -28, 48, 142, 84, 92, -98, -146, -160, 24, 4, 82, 12, 94, 42, -32, 140, 80, 146, 56, 52, 134, -82, -194, -34, 70, 0, 70, -46, 132, -88, -10, -354, -212, 10, 150, -66, -60, -224, 204, 52, -130, -28, -68, 302, 48, -50, 140, 68, 88, 102, -16, 52, -66, -94, -58, -18, 72, -54, -100, 66, 4, -56, 30, -82, -134, -24, 4, 14, 46, -84, -66, -48, -16, 6, 150, -140, -218, 14, -2, -90, -20, 70, 158, 130, 158, -50, -4, -104, -166, -212, 20, 74, 8, -26, -24, 168, -172, 40, 122, -40, 178, -28, -140, 120, 292, -170, -158, 312, 90, -158, -16, 186, 100, -38, -326, -12, 2, -16, 126, -104, 78, -110, 110, 132, 26, -56, 86, 62, -32, 84, 200, -66, -192, -88, 156, 44, 138, -194, 26, -56, 154, -108, -42, 82, 110, -300, 96, -188, 30, 10, 106, -16, -108, -86, -46, 138, 244, -152, -94, -28, 62, -152, 74, 106, -158, 48, -18, -6, -18, -52, 110, -34, -106, -8, 140, -56, -142, 60, 10, 162, 42, -142, 14, -80, 44, -82, 124, -8, 128, -110, -44, 214, 108, -10, -80, -232, 286, 244, -12, -334, 172, 286, 178, 148, 150, 2, -180, -46, 188, 166, 28, 288, 6, 62, 204, -26, -20, -104, 158, 74, 48, -108, 6, 110, -128, 238, 38, -150, 58, 16, 18, -194, 116, 122, 108, 174, 6, 6, 192, 122, 8, 70, 26, -34, -22, -42, 32, 90, -48, 154, 104, -112, -102, 110, 146, -92, -24, -144, 138, -58, -30, 24, 142, -102, -4, -80, 232, 104, -20, 96, 36, 168, 62, 42, 148, -58, -28, -68, 138, 28, 76, 0, 22, 46, -22, 122, -114, 160, 100, 64, -46, 100, -108, 128, 134, 88, 50, -198, 154, 168, 254, 74, -82, 170, 30, 130, 78, -82, -54, 30, 78, 162, 198, 114, 
68, 222, 16, 22, -78, 106, -12, 274, 182, -90, 154, 2, -154, -70, 128, 118, -162, -48, 198, -254, 224, 20, -206, 242, 156, -106, 72, 0, 64, 26, 0, 48, -18, 120, 12, -92, 274, -28, 38, -102, -88, 164, 94, 130, 6, 52, -4, 196, -334, -126, -36, 276, 62, -58, -36, 160, 258, -40, 432, 72, 58, -140, -56, -92, 216, 184, -254, 246, -124, -104, 28, -12, 170, 62, 134, 86, -72, -114, -82, 52, -98, -84, -168, 110, 162, 58, 284, 122, -50, 78, 150, 16, 172, 18, 54, -200, -146, -126, 160, -30, 16, 218, 86, 258, 62, 16, 166, -22, 74, -262, -120, -170, -76, -40, -100, 26, -136, -96, 70, 130, 120, 168, 68, 84, -64, 6, -98, 112, 90, -148, 72, 40, 8, 228, -26, -2, 144, -152, 92, 150, -84, -98, 26, -222, -36, -2, 362, 102, 62, -56, -12, 42, 86, -44, -32, -230, 0, -92, 76, -232, 218, -152, -58, -228, 208, -388, 4, 112, -26, 168, -40, 78, -78, 174, 150, 92, -122, 230, 176, 96, -148, 194, -28, 110, 26, 84, 80, 34, 50, -100, -180, 30, 82, 136, -84, 4, 0, -84, -88, 88, -122, -110, -4, -116, 88, 164, 38, 70, 66, 92, -106, 6, 22, 112, 30, 186, 44, 198, 50, 136, 26, 264, 10, 112, 8, 210, 54, -96, -210, -268, -12, -92, -128, -36, -42, -98, -210, -116, 18, 196, 114, -14, -24, 132, 14, -32, 4, 118, 106, -98, 230, -64, -144, 18, 6, 144, 188, 296, 40, 158, -6, 40, 218, 122, 88, 86, 156, 42, 34, -412, -18, 100, 332, 64, 100, 198, -64, 32, -66, 2, 110, 14, 170, -146, 6, 120, 4, 70, 166, -164, -100, -114, 240, -196, -140, 114, -76, -112, -118, -98, 280, 108, -38, 0, -48, -52, 132, 12, -182, -198, -146, -60, -68, -82, -94, -24, -130, 128, 228, 120, -134, -134, -220, 20, 118, 86, -122, 158, 42, -68, -196, 40, 86, 244, 204, 84, -98, 96, 154, 34, -104, -154, -116, 136, 22, 30, -140, -94, 0, -146, 188, -2, -190, 78, 46, 114, -16, 90, 148, 52, -118, 92, 46, 36, 94, -166, -82, 222, 106, 70, -46, 52, -100, -14, 92, -94, 34, 12, 50, -86, -18, 16, -16, -228, 94, 256, -208, -84, -158, 8, -20, -110, 54, -40, -186, -12, -64, -158, -26, -58, 6, 208, -16, 34, 24, 20, 68, 122, 128, -152, 200, -254, 154, 128, -78, 24, -130, 44, -50, -164, -64, -14, 134, 128, -34, 94, 84, -18, 90, -24, 228, 168, 28, -138, 6, -100, 116, 110, 52, -88, -136, 172, 28, 160, 2, 26, -126, -90, -38, 46, -156, 106, -472, -128, 178, 12, -26, -74, 18, 96, 68, 110, 100, 94, -146, -26, 56, 138, 22, -104, 238, -134, -14, -20, 98, -18, -20, -130, -40, -110, 34, 130, -68, 252, -128, -122, -142, -16, 50, -148, 72, 74, -38, 188, 46, -194, 18, -28, -36, -24, 
-114, -160, -184, 80, 72, -124, -114, -196, -186, 16, -122, -76, 122, 138, -194, -70, 388, -10, -36, -12, -194, -16, 62, -220, -2, -52, -134, 26, -16, 18, 40, -54, 58, -188, -60, 74, -100, 240, -54, 92, 88, -72, 86, -20, -76, 46, -18, -12, 568, -60, 130, 56, -42, 102, 52, -60, -270, 222, -256, -34, 140, 66, 30, 66, -158, 58, 334, -58, 118, 280, -4, 300, 160, -78, 0, -142, -24, 172, 224, 166, 210, 68, 176, 116, -116, 128, -248, -36, 128, 114, -192, 98, -132, -160, -46, 266, 194, -14, 106, 4, -14, -10, -206, -50, 36, 36, -118, 118, 132, 96, 68, 26, 72, 320, -96, 16, 52, 96, 124, -110, -6, -30, 46, -96, -58, -138, 120, 118, -26, 28, -18, -76, 70, -52, 12, 12, -72, 114, -78, 0, 90, -16, 160, 322, 126, 194, -148, -150, 110, 56, 182, 338, 22, 34, -6, 220, -4, -86, 104, 100, -146, -4, 60, 208, -126, 170, -92, -106, -162, -240, 166, -38, 72, -6, -178, 168, 82, -68, -64, -10, 140, -136, 176, 56, -76, -10, -176, -58, 14, 208, 74, 10, -94, -102, 118, 50, -2, -56, 86, -110, 24, 20, -104, 286, -76, -126, -58, -138, 80, -254, 172, -204, 8, -22, 2, -84, -6, -104, 30, -32, -76, -244, 122, -6, 168, -126, -24, -6, 178, 76, 78, -70, -188, 174, 188, 50, 146, 168, -64, -70, -112, 134, 156, -8, -252, 22, 86, -92, 0, 148, -102, 86, 92, 114, 60, -80, -140, -48, -12, -148, 34, 36, -116, -70, 72, 12, -202, -132, 34, 114, 82, -172, -148, -100, -54, 12, -22, -68, 40, -112, -64, 32, -60, 222, 78, -144, 78, -28, -88, 102, 72, 14, -188, 260, 108, -174, 24, 92, 104, 28, -6, -110, -40, 96, 86, 242, 158, 10, 192, 200, 66, 44, -62, -18, 220, 56, 42, 88, -44, -56, 98, 50, 176, -54, -116, -136, 106, -24, -272, 178, 90, -96, -36, -154, -116, -144, 208, -90, 86, -112, 138, 102, 88, -200, 76, 2, 146, 126, -134, -120, -256, 66, 196, 72, 24, -76, -128, 126, 2, -10, 206, -256, 52, 38, 18, 30, 38, 84, -6, -168, -46, -18, 154, 64, 124, 172, -82, 30, -18, -60, 84, 26, -144, 166, 80, -46, 108, -8, 218, 160, -104, -32, -26, -156, 208, 108, 88, 128, 106, 52, -20, 8, 78, 128, -2, 164, -98, -138, -92, 270, 38, 56, -146, 70, 132, 162, 102, 154, 248, -20, -82, -76, 10, -4, 48, -86, -54, 130, 186, 24, -60, 112, 146, 76, -80, 280, -70, 24, 84, -66, 112, 20, 44, -178, 84, 88, 262, 22, 116, 44, 154, -12, 268, 134, -24, 76, 146, 8, -158, 50, 22, 14, -92, -200, 292, 34, -20, -50, -46, 48, -116, -42, -234, 96, 102, 78, 40, 98, 100, 260, 174, -258, 114, -138, 256, 200, 98, -56, -102, 148, 158, -40, 30, -104, 8, -174, -34, 186, 108, -30, 
18, 104, 14, -16, 152, 68, -18, 164, 180, -54, 62, 114, -126, -34, 70, 52, -136, 22, 30, 42, 218, 74, 150, 148, 26, -30, 266, -176, -62, 76, 108, -144, -16, 8, 96, -18, 2, -206, 2, -54, 96, 26, 84, 128, 192, -120, 144, 172, -284, 72, 0, -58, 92, -86, -6, 230, 286, -196, 94, 46, 102, 0, -120, 76, -162, -94, -258, -158, 14, -68, 6, -166, 56, 116, -50, 116, 168, 22, -110, -104, -126, -100, -30, 64, -44, 64, 198, 152, -24, 108, 142, -196, -4, -164, -110, -270, -72, -10, -82, 156, -56, 146, 304, 116, -12, -98, 28, -218, -26, -104, 16, 18, -136, -216, 244, 24, -12, 20, -104, 126, 158, 22, 60, 186, 46, 4, -102, 8, -158, 58, -8, 124, -76, 16, 120, -42, 100, -38, -42, -62, -52, 232, 26, -116, -250, -56, 88, 86, -72, 98, -44, -176, 104, 18, 12, -204, 130, 96, -126, -38, 214, -138, 48, -44, 124, -76, 20, 0, 168, 156, -148, 122, 76, -186, 100, 64, -54, 32, 160, 74, 24, 132, -66, -118, 248, -76, 220, 94, -106, -130, -62, 86, 168, -22, 4, -142, 142, -84, -126, -46, -80, -50, 340, -190, 204, 292, -14, 58, -174, 124, 182, 178, -136, 50, -104, 124, 188, 164, 38, 210, 198, 172, 106, -44, 10, 96, 50, 10, 16, 24, 64, 172, 254, -24, 94, -124, 26, -108, 30, 30, -66, 8, -358, -86, -4, -130, -60, -32, 76, 40, 18, -14, -52, -140, 94, -64, 152, 72, 108, 278, -68, 176, 132, 8, -214, 48, -24, -58, -98, -40, 106, 86, 72, 160, 86, -62, 54, -38, 8, 102, 42, -16, 88, -12, -156, 196, -150, 16, 90, -208, -8, -30, 98, -46, -72, -8, 74, 44, -288, 100, 110, 152, 88, -4, 84, -186, -98, 50, -158, -38, 26, 74, 96, 20, -134, -42, -32, 96, 124, -16, -124, -86, -100, 106, 172, 20, -118, -104, 466, 2, -194, 244, -50, 38, 30, 36, -148, -12, -34, 64, -34, -106, -100, 294, -170, -32, -128, -68, 84, 66, 94, 30, 44, 18, -86, 32, 196, 292, -20, 24, -4, 226, 20, 26, 64, 114, 60, 96, -78, 72, 118, 126, 130, 16, 114, -90, -146, -24, -104, 58, 12, -50, 60, -138, 166, -20, 142, -110, -174, -82, 90, 114, 114, 98, -158, -56, -10, 52, -4, -6, -68, -62, -72, -196, -46, -150, -2, 42, 68, -244, 14, -50, 152, -34, 96, -118, -98, -128, -28, 56, -92, -16, 100, 22, -14, 68, 110, -148, -194, 62, 102, -74, -56, -74, 2, -256, -10, 84, -20, 300, -90, -118, 86, 272, 58, -170, -308, -46, 34, 140, -94, 16, -128, -24, 148, -158, 82, 122, 54, -54, 32, -74, -56, 184, -132, -136, 108, 60, 56, -114, 52, -28, 196, 56, -212, -140, 26, -68, -166, -304, -70, 318, 30, 56, -108, -150, -270, 18, 140, -134, -98, -46, 160, 98, 32, -12, 84, 38, 26, 160, 
170, -20, 48, 248, -80, -142, 170, 106, -58, 36, 96, 14, 132, -50, 220, 56, 174, 16, 134, -232, -104, -84, -62, -98, 114, 64, -230, 90, 140, -6, -132, 62, 62, -224, -82, 190, -50, 200, 96, 82, 60, 86, -72, 4, -86, -12, -34, -70, 252, 252, 32, 242, -38, 134, 286, -242, -154, 86, -20, -46, 10, -12, 124, -56, 194, 98, 184, 194, 0, 42, 164, 288, -60, -200, -32, -188, -260, 72, 198, 70, -4, -74, 172, -138, 226, -34, -94, -218, -52, -24, -54, 110, 260, 168, 166, -26, 4, 170, 34, 12, 30, -208, -48, 106, -74, 30, -16, 210, -60, 188, 174, -46, 66, 188, -14, 142, 192, -78, -86, -80, 6, 106, 78, 38, -120, 8, 102, 50, 76, 16, -94, -6, 4, 42, -20, -4, -220, -64, -14, -20, 48, -2, 38, -12, 178, 114, -20, -54, -118, -132, 106, 250, -150, 18, 64, 2, -38, -134, 196, 2, -158, -42, 64, 210, -382, 114, -118, 226, -68, 0, 40, -102, 104, 106, -30, -16, -46, -42, -192, -42, -2, -104, -82, 216, -76, 148, -84, -118, -52, 240, 92, 70, -80, 72, 142, 212, 8, 88, -26, 74, 192, 242, -260, 8, 86, -310, -102, -70, -20, -34, -314, -134, 208, -166, -12, 0, -186, -2, -80, -134, -250, 76, -24, 184, 84, -176, -122, -48, 30, 28, -146, -148, -58, -14, 26, 106, 98, 152, 64, 6, 32, -122, 196, 120, -40, 256, -4, 62, 8, -54, -78, 10, 114, 256, -44, 80, -102, 82, 42, -160, 12, -204, -42, 56, 148, 22, -34, -64, 182, 34, 126, 40, -220, -148, 58, 164, -106, 12, -32, 28, 230, 44, -120, -94, 226, -38, 66, 4, -140, 218, 14, 98, -118, -62, 218, 4, 32, 66, -18, -32, 70, -122, 44, 92, 100, 118, -138, -158, -86, 16, 26, -76, -20, -68, 120, 78, 116, 38, -144, 122, 158, -40, 144, -134, -178, 4, 150, -48, -288, 0, 274, -58, 36, -148, -40, 78, 300, 148, 268, 4, 90, 166, 212, -102, 166, 150, 64, 142, 92, 22, 232, -24, 24, -92, 124, -56, -78, -128, -28, 6, -88, -90, 28, -26, 96, -184, -112, -116, 94, -120, -160, -76, -128, 220, 12, 250, -20, 80, 128, -30, 38, 188, 252, 56, -136, -66, 16, 104, 72, 56, 122, 16, -64, -56, 12, 86, 22, 116, 114, 128, 112, 82, -20, 32, 242, 174, 24, -26, 50, 164, 12, 40, -4, 122, -206, 104, 166, 372, -108, -18, 114, 66, -16, -48, 98, 128, -112, 140, -34, -166, -12, 8, 170, -78, -28, 150, -76, 48, 104, -282, 182, -44, -52, -126, 32, 132, 294, -80, -108, 40, 26, 66, 90, -178, -54, 200, 148, -82, 78, 198, -42, -10, 18, -60, -70, -40, -104, 146, 62, 208, -106, 2, -114, 38, 240, 76, 38, 90, 278, 444, 96, -142, -76, -82, 74, -58, 128, -4, -92, 44, 148, 106, -8, -82, 52, 0, -56, -126, -26, -178, 
80, 124, -68, -106, 130, 146, -260, -136, 192, 56, -70, 56, -110, 20, -134, -62, -122, -164, 120, 262, -44, 34, 140, 16, -154, 116, 50, -18, 150, 118, 126, -64, 32, -48, 166, 18, 70, -252, 0, 68, -46, -6, -22, 168, -128, 102, 52, 66, -62, -216, -68, -150, -32, -130, 114, 296, 150, -10, 126, 156, 236, 14, 6, 76, -154, 72, -212, -102, -68, -62, -88, -106, 74, 326, -266, 192, 234, 22, -18, -122, -12, -76, -114, 164, -226, 64, -2, 98, 236, -98, 152, -86, -98, -154, -118, 4, 116, 142, 2, 74, -8, 182, 14, -18, 120, -148, 52, -170, 200, -96, -68, -2, -4, -302, 82, -88, -58, -62, 232, 158, 4, 42, -46, 34, 156, 158, -96, -20, -206, 136, 160, 158, 158, -64, -24, -108, 224, 98, 34, 72, 156, 42, 190, -92, 94, -68, 50, 306, 112, 176, -112, -278, 240, -50, -270, -36, 60, 66, -86, 284, 142, 82, -28, -92, 98, -86, 294, -240, 130, 158, 46, 66, 10, -108, -80, -124, -28, 196, 118, 200, -200, 168, 56, 166, 22, -22, -106, 6, 58, -206, -68, -14, 98, 266, 144, -8, -92, 118, -40, 12, -52, -52, 354, 106, 86, 214, 28, 162, 68, 224, 254, 66, 6, 266, 124, 76, 200, 42, 54, 94, 0, 92, 36, -198, 54, 220, 12, 44, -14, -32, 86, 78, 24, -18, 80, -64, -6, 54, 42, -52, -120, -104, -128, -30, -76, 20, 182, -154, 74, 80, 70, 86, -138, -198, -40, -44, 22, 196, -86, 128, -122, 272, 178, -28, 134, -28, 0, 136, -356, 62, -180, -64, 172, -2, -146, -200, 86, 70, 298, 22, -250, -130, 250, 192, 20, -42, -232, -50, 174, -78, 6, 152, 226, 152, -48, 34, -46, -156, -32, -56, -26, 50, -144, -38, -296, -68, 220, 284, -56, -272, 44, -112, -70, 88, -4, 22, 152, -48, 160, 64, -38, -20, -144, -12, 140, 110, -26, -184, 290, -166, 36, 88, 144, 150, 132, 56, -156, 60, -298, 80, 76, -144, -336, 58, -4, -156, 62, -132, 74, -56, 28, -122, 50, 56, -70, 24, 180, 252, 196, -34, 76, 118, 18, 46, 42, -92, 122, 58, 84, 350, 204, 8, 300, -156, 122, -182, 92, -68, 102, 122, 82, -140, -40, 54, 178, 40, -60, 18, -10, 16, -90, -22, 94, -14, -186, -42, -100, 66, -124, -88, 0, -28, 82, -156, -120, -96, -24, 186, -82, -128, -74, 148, -22, -14, 56, -102, -76, -178, 118, 90, 216, 74, -82, 66, 30, 48, 32, -114, 104, 186, 140, -154, -12, 92, -38, -98, 82, -122, 104, 140, -102, -112, 88, 166, 152, 20, -308, 108, 108, 150, 202, -128, -6, 68, 44, -40, -96, 128, -110, -186, 152, 58, 138, 148, 88, 90, 74, -34, -234, -76, 216, 14, -16, -104, -112, 2, 148, 92, -112, -182, 68, 48, -78, 74, 2, -24, -150, -46, 42, -16, 142, 16, 16, 140, -116, 64, 78, 120, 188, -96, 
24, 4, -146, 84, -44, 56, 220, 292, -74, -20, 66, -104, 126, -54, 60, 68, -166, 80, -50, -36, 288, -104, -6, 216, 136, 16, 50, 80, 24, -28, -182, 40, 24, 68, -194, -46, 72, 196, 0, -30, -42, 32, 14, -48, 196, 80, 52, -110, 20, 288, 100, 112, -96, 56, 40, -126, 80, 102, 22, -98, -26, 126, 52, 58, 218, 218, 184, 60, 92, 88, 86, 172, -60, -136, 192, -104, -58, 20, 176, 106, -146, 180, 162, -244, 412, 34, 14, -16, -212, -58, 30, 170, -144, 54, 68, -32, -92, -70, 70, 24, -62, -146, 76, 98, -116, 202, 12, 254, -204, 108, -256, -158, -80, 326, -182, 22, 40, -138, -112, 56, 104, -54, 180, -82, 38, -12, 160, -18, 140, -112, -220, -32, -8, 16, 28, 164, -160, -148, 162, 8, -246, -136, -98, 146, -60, -18, 14, 126, 44, -212, 96, 144, -90, 168, 130, 186, 28, 26, 52, -68, 138, -138, 110, -52, -194, 184, -162, 330, -132, -26, 132, 8, 100, -34, 160, 74, 8, -142, -170, -192, 86, -244, -38, -112, -72, -10, 124, 20, -112, 134, 146, 4, -12, -430, -176, 16, 128, -12, 96, 102, 240, 188, -38, -32, -156, 0, -102, -82, -168, -240, -70, 86, 110, -168, 252, 32, -58, 152, 66, 112, -24, 110, -148, -10, 72, -246, -84, 72, 18, -12, -58, -82, 108, 56, 44, 76, -46, 98, -120, -40, 78, -32, 94, 70, -20, 138, 36, 212, -66, -24, 156, -14, -42, 34, -82, 150, -20, -142, 128, -20, 258, -282, -4, -106, -30, -26, -4, -122, 282, -122, 138, 8, -116, 32, 142, 140, -20, 22, -102, 156, 110, -134, -18, 0, -226, -14, 88, 150, 16, 68, -56, -54, -318, -46, 120, 144, 40, 124, 84, -138, -60, -14, 162, -150, 140, 180, -98, -134, 60, 124, -2, 44, 112, 62, 76, -36, 4, -26, -116, -38, 138, 2, 202, 44, -102, -132, 182, 118, -340, 180, -22, -388, -46, -180, -100, 138, 158, -66, 270, -258, -56, -22, 224, -128, -10, 50, -126, 116, -14, 66, 16, 62, 50, 134, 82, 96, -192, -96, -86, -112, -84, -82, 46, -122, 66, -196, 36, 162, -156, -120, -36, 70, -268, 72, -298, 294, -144, 170, 56, 92, -140, 146, -128, -40, -122, -140, -18, -126, 64, 88, 130, 136, -160, -28, 192, -40, 126, 164, 54, -60, 80, 140, 28, 96, 110, -96, 8, -102, 102, 196, 90, 168, 54, 220, -116, 154, 140, 126, -292, -12, -108, -66, 192, 122, -84, -42, 42, 206, 98, -132, -64, 88, -80, -144, -6, 152, 32, 22, -36, -162, 370, 44, 66, -154, -196, -44, 232, -196, -34, 92, -42, 76, 72, -150, -98, 122, -22, -22, 98, 152, 104, -156, -126, -110, -94, -130, -42, 64, 136, 12, -172, -206, 54, 78, 126, 10, -110, 50, 284, 200, -318, -54, -76, 82, 116, -14, 30, 82, 132, 36, 46, 32, -160, 0, 138, 86, -108, -50, -40, 130, 
-74, -48, 200, 22, 142, 98, -166, -226, 94, -96, 148, -30, -156, -16, 34, -128, 72, 88, 26, -30, -276, -76, 148, -184, 112, 30, -50, -6, -74, 202, 314, 50, -2, 0, 156, 20, 50, 20, -40, 72, 68, 56, 110, 222, -184, -54, 16, 166, 190, -42, -76, -76, 58, -86, 116, 130, -74, 60, -134, 78, 18, -68, 58, 94, -282, -174, 82, 20, -90, -88, -114, -122, 102, 144, 112, -94, 8, 50, 28, 38, 146, -190, -130, 264, -168, 152, -156, -14, 228, 242, -54, -66, 8, 102, -180, -150, 202, 242, 52, -4, 120, 148, -114, -60, 138, -256, 30, -102, -78, -78, 120, 230, 48, -234, 2, 148, 186, 8, 172, -42, -94, -20, -84, -2, -58, 66, -128, 28, 62, -2, 98, -10, 130, 26, 92, -124, 198, 132, -62, 64, 244, 60, 22, -40, 60, -26, -64, 0, -132, 66, -138, -22, 36, -30, -210, -126, 104, 42, -146, 88, -28, 180, 52, -8, 38, -10, 186, -114, 268, 58, 34, 168, -202, -210, 2, -180, 172, 260, 268, 168, -104, 94, 184, 60, 134, 110, -72, -76, 96, -118, -276, 238, -14, 318, 84, -12, 106, 214, 68, -16, -60, -30, -50, 46, 154, -88, 38, 22, 152, 150, 140, -8, 128, 110, -8, -70, 134, -18, 88, -166, 48, 190, 42, 162, 54, 302, 222, 74, 122, 16, 62, 60, 116, 94, -12, -172, 6, 68, 6, -2, 28, -12, -210, 128, -82, 72, -122, -154, 124, 42, -108, 54, -192, 54, -28, -142, 114, 204, 72, 174, 106, 364, 154, 156, 82, 90, 98, 36, 82, 42, -114, 110, 176, -52, -38, -102, 112, -12, 318, 192, -130, 28, 170, -66, -4, 42, -156, 16, 38, -66, -82, 102, 210, -2, 218, -44, -20, 12, 76, 140, 74, -32, -28, 240, -2, -244, 212, 190, 194, -276, 76, -16, -74, 80, -72, 152, 12, -148, 266, 26, -76, 92, -248, -166, 42, 204, -18, -98, 138, -106, -80, 322, -24, 114, 72, -156, -228, 214, -182, 54, 22, -70, -304, 208, 82, -30, 178, -26, 104, 64, -60, 94, -10, -76, -64, -68, 328, 12, 102, 52, -34, 24, 38, 210, 98, 144, -128, -136, 20, 146, 50, 80, 180, -44, 224, -14, 120, -208, 132, -16, 188, 74, 158, 80, 130, -20, -50, 210, 110, -28, -184, -44, 130, 72, -38, -8, -2, 116, -122, 98, -36, -142, 194, -28, -206, 30, 36, 76, -6, -60, -146, -254, -32, 26, -118, -112, -146, 4, 262, 192, 134, 144, -30, -32, 92, 166, -4, -222, 122, 210, 20, 32, 42, 58, 18, 4, -160, 14, 2, 114, 12, -264, -192, 106, 18, 6, -184, 102, -102, -134, 126, 60, -32, 172, 196, -184, 118, 52, -20, -208, 10, 162, 146, 212, 294, 328, 128, 34, -154, -94, 336, 148, -50, 14, -64, -30, 18, -12, -166, -12, 160, 76, -44, -160, 160, 346, 26, 12, 48, -10, -8, -38, 244, -142, -94, 6, 116, 88, 46, 10, 
14, -98, -116, 28, 98, -182, 238, 170, -134, 118, -74, 236, 186, 90, 96, 188, -148, -116, 10, 40, 142, 30, 12, 24, 4, -150, 36, 88, 78, 58, -24, -166, 44, 22, -64, -236, 84, 208, -32, -30, -162, -38, -146, 0, 256, 84, -120, -36, -108, 40, 232, 308, 172, 56, -120, 150, 278, 50, 44, -78, -104, -110, 68, -114, -52, -10, 138, -136, 116, 126, 214, 16, 30, -66, -28, 130, 10, -12, 66, 194, -76, 148, 36, -84, 124, -106, -48, -80, -42, -88, -106, 174, 10, -50, -110, 52, 22, -230, -246, -104, 38, -124, 122, 48, -166, 212, -36, 162, 140, 140, -54, -38, -18, 208, 4, 80, -130, 142, 48, 10, -78, 96, 92, -58, 8, -14, 32, -42, -172, 88, -148, -98, -196, -58, 64, 64, -42, -154, 76, -300, -36, -114, -22, -30, -184, -80, 190, 16, 98, -132, 2, 58, -2, 262, 194, 196, -156, 44, 120, 38, 36, -146, 136, -106, 224, 6, -88, -100, -186, 182, -84, -28, -54, 26, -40, 334, -36, -58, -184, -238, -12, -74, -104, 32, -290, -66, 78, 130, -234, 64, 140, -94, -120, -310, -20, 168, -12, -132, 0, 66, 50, 174, -140, 72, -84, -34, 42, 118, -150, -172, -82, 112, -128, -80, -196, 94, -48, 100, -122, 368, -126, -146, 154, -198, -124, -44, -202, -84, -30, 142, -64, -248, -138, -2, -56, 266, -26, 2, -108, -42, -60, 52, 146, -94, -10, -22, -88, 60, -14, 68, 196, -118, 296, 72, 168, -94, -158, -68, -44, -288, -64, -268, -12, -168, -230, 30, 48, 224, -32, -26, 206, -22, -188, -36, 204, 172, 114, 70, -248, -6, 112, 24, -56, -20, 88, -104, 42, -168, -130, 88, -112, -136, -142, 158, -12, 140, 192, -64, 174, -66, -100, 18, 224, -122, 130, 232, -196, -310, -32, 190, -102, -104, -22, -94, 120, -180, -82, 24, -296, -144, 126, -58, 316, 156, -80, -86, 110, 134, 60, 54, 228, -296, -74, 132, -78, 92, 294, -134, 304, -82, -26, -80, 210, 126, 146, -62, 16, 28, 46, -82, 104, -46, -34, 82, -34, 86, -246, 72, 80, 86, -48, -104, -130, -202, -18, -162, -50, 138, 174, -66, -78, -108, 18, -58, -66, 48, 26, 282, 18, 106, -26, -248, 48, -148, -210, -4, -12, -146, 82, 110, 216, 6, -120, -82, -52, 216, 126, -30, 130, -72, 204, 78, -58, 148, 234, 54, -154, 210, -102, 66, 352, -10, 26, -36, 80, 136, 72, 110, -176, -142, 60, -34, -6, 54, -80, -116, 62, 140, -154, -216, 232, -46, -70, -12, -74, -6, 212, 74, 76, 14, 102, 210, -6, 76, -4, -16, 184, 54, 102, 60, 30, 170, -132, -220, -194, 82, 82, 60, 204, 42, -80, -88, -74, -202, -186, -14, 40, 46, -46, 158, -220, -42, 42, 138, 84, -26, 164, -124, 194, -48, -258, 60, -12, 78, -118, -260, -10, -54, -18, -22, -24, 182, -58, 72, 186, 30, -78, 40, -60, 0, 
-20, -68, -62, 60, -188, -50, -50, -214, 142, 122, 102, -140, -196, -70, 88, -148, 84, 204, -24, 130, -32, -46, -88, 34, 164, 158, -116, -24, -60, 42, 28, 196, 34, 52, 26, 368, 26, 40, -24, -46, 124, 18, 182, 140, -128, 104, 12, -28, 144, -72, -88, -188, -14, -72, -6, 6, -124, 0, -86, 42, 172, 190, 6, 176, -94, 66, 106, 16, 270, 14, -112, -70, -158, -100, 148, -14, 12, 58, 62, -130, 74, -80, 46, 216, -12, 100, 46, 58, 46, 104, 286, -146, 54, 34, -14, -8, 50, -88, 102, 96, 176, 192, 136, 98, -84, -160, -52, 28, -172, 54, 246, -46, 12, -316, -58, -32, 78, -66, -84, -34, 132, 60, -96, -72, -68, 52, -22, 170, -122, 126, 188, 100, 38, -54, 16, -108, 146, 160, 46, 170, -52, 282, 14, -100, 128, 106, 36, -42, -48, 328, 152, -62, 12, -58, -266, -162, 210, -104, -188, -32, 128, 32, 66, 54, -66, -18, 82, 224, 82, 74, -26, 172, 68, -48, 0, -58, 168, 88, 26, 266, -66, -44, 242, -110, 256, 126, 52, 70, 28, 124, -222, 44, 122, 122, 28, 14, -58, 198, 38, -16, 104, -176, 134, 86, 140, 178, -50, -16, 106, 46, -24, -46, 128, 202, 126, 52, -168, -32, 140, -186, 138, 244, -36, 144, 54, 72, 0, -72, -34, 22, 0, 256, 224, 40, 108, -178, 134, -114, 42, 124, -178, -46, -64, -28, 16, 166, 58, -206, 280, 78, 22, 128, -314, -84, -4, 28, 144, -132, 338, 266, 40, 268, 82, 38, 18, -58, -62, -162, 114, -42, -84, 116, 136, 134, -34, -144, -202, -266, 308, 102, 116, 152, 40, 226, 36, 100, -26, 198, -30, 64, -162, 132, 122, -200, 24, -238, -44, 126, -186, 76, -38, 42, -14, 330, -50, -170, 326, 162, -46, -86, 226, 120, -182, 266, -186, 112, 258, -64, 310, 158, 4, 82, -250, 32, 36, 92, -54, -60, 138, 54, -124, 178, 238, -2, 140, -140, -190, -26, -152, 178, 154, 48, -94, -34, -70, 6, -6, 20, 58, 154, 128, 42, 34, 4, -54, -74, 360, -280, -44, 70, 144, 168, 58, 124, 148, 68, -164, -112, 24, 72, 46, 174, -20, -20, 130, 90, 8, -140, -88, -82, -76, 170, 90, 26, 264, 22, -20, 170, -106, -106, -42, -116, 82, 232, 144, -162, 4, -28, -228, -58, -108, 8, 206, -82, 4, -168, 116, -290, 42, 58, -240, 14, -106, 194, -46, 50, -134, 20, 172, 84, -110, -146, 74, -240, 194, 356, 26, 130, 128, 44, -144, -22, 104, -62, 76, 124, -328, -36, 44, 10, -158, -98, -52, -232, -58, -48, -46, 34, -94, -58, -16, -164, 188, 172, 126, 28, -70, -62, -164, -6, 132, 324, 280, 138, 126, 60, 40, -30, 112, 36, 6, 56, 74, -156, -54, 42, -18, 34, -116, 12, 66, -90, 62, 74, 42, 182, 62, 144, -40, -36, 20, -138, 170, -178, -42, 230, 136, 182, -22, -162, 
-36, 74, 40, -162, 76, 48, 66, 102, -128, 32, 50, 218, 110, 18, -172, 44, 24, -306, 120, -20, 168, 172, 174, 114, -26, -76, 218, -12, -40, 74, 84, -126, -118, -72, -136, -270, 30, 114, 54, -40, -188, 166, -48, -116, 6, 158, 50, 148, -44, 60, 162, 260, 150, 124, -122, 18, 102, -122, -16, 94, -108, -138, -74, -124, 212, 66, -40, -4, -174, 32, 122, -112, 192, -64, 78, 188, 202, 158, 110, -2, 204, 50, 64, -160, -40, -210, -86, -134, -122, -282, -120, 62, 52, -222, 102, -12, -8, -94, 146, -20, 88, -142, -108, -76, 14, 102, 144, 20, 14, 62, -110, 62, -32, 134, -28, -130, 52, -96, 122, 66, -18, 70, -8, 168, -62, -126, 96, -34, 90, -70, -116, -94, -38, 176, 88, 114, -64, -74, -126, -132, 240, -124, 0, 170, 76, 24, -78, 96, 116, -176, -94, -64, 54, -32, 332, 266, -142, 86, 158, -28, 48, -36, 14, -70, -12, -124, -70, 34, -122, 80, 128, 20, 80, 12, 52, 146, -60, 24, 38, -72, 6, 74, -110, 66, -102, -122, -46, 14, 198, -24, 110, 30, 42, -80, -116, -30, -38, 46, 14, -148, 152, 160, -6, 20, 24, -316, -72, 48, 32, -108, 14, 182, -182, 50, 78, -36, -28, 40, -114, 48, -150, -164, 226, -130, -56, -108, 82, 140, 138, -62, 14, -146, 40, -38, 48, 6, 10, 186, -4, -142, 124, 90, -108, 54, 52, 48, -122, 22, -120, 124, 48, -196, 308, 132, 24, -102, -8, 90, -216, -156, 56, -230, -76, -216, -26, 42, 24, 90, -38, 136, 140, -178, -200, -110, 44, 190, 36, 314, -264, -58, 54, 18, -62, -378, -72, -274, 68, -78, 94, -18, 82, -26, -94, 148, 24, 300, 82, -206, 138, -54, 88, -14, 110, -264, -118, 192, 50, 36, 152, -84, 42, -100, 122, -124, 132, -126, -150, 230, -76, -166, -12, -46, 58, -36, -2, -76, 60, 156, 38, 124, 156, -74, -196, 40, -212, -112, 90, 138, 132, -32, 16, 6, 360, 58, 100, 44, -4, -28, 46, -52, -156, 22, 76, 12, 100, 48, -44, -64, -84, 100, -74, -186, -74, -112, -200, 110, 156, 48, -102, -180, 4, -108, 58, 10, -142, 340, -32, 86, -48, 110, 120, -192, -118, -84, -118, 60, 38, -96, 104, 62, -42, 184, -150, 0, 18, 152, 126, -146, 254, 78, 106, 74, -166, 190, 240, 436, 32, 108, 40, -154, 112, -12, 130, -100, 240, -228, -54, 114, -58, 88, -18, 226, 82, 184, 106, -410, -136, 46, -260, 98, 242, 48, 60, 78, -236, 146, 174, 198, 6, -76, -24, 46, 28, -102, 144, 96, 176, -40, 2, 30, 24, 182, 50, 78, -126, 108, 28, 134, 208, 98, 72, -290, -102, -132, 130, -88, -202, -20, 4, 22, 56, 30, 58, -22, -58, 104, -24, -138, 64, -84, -14, -68, -118, 16, -266, -130, -28, -96, -172, 212, 72, 102, -156, 162, 118, 4, -54, -82, 56, 112, 
92, 130, 0, 206, -80, -112, -98, -8, 240, -96, 186, -196, 120, -94, 92, -60, 122, 106, -284, 148, -22, -140, 80, -108, 128, 162, -280, -36, 72, -106, -30, 106, 78, 96, 144, 244, 100, 46, -108, 70, 292, -44, -108, 170, 188, -188, 94, -90, 252, -26, -34, -288, -154, -86, 152, 56, 38, 220, -94, 16, 258, 52, -78, 98, -4, 104, -16, -28, 84, 124, -152, -42, -202, 188, 194, -252, -86, 44, -148, 138, -84, 84, 36, 94, 136, 28, -18, 96, 22, 138, -82, -128, 16, 60, -204, -50, -20, 128, -108, 248, 34, 126, 104, 44, 74, 34, -126, 38, 34, 0, 6, -82, -42, -56, 10, 92, -20, 156, -112, -52, 36, -8, -98, -114, 48, 266, -66, 64, -52, -2, -44, 26, -58, -290, -142, -6, -222, -54, 58, 84, -154, 148, -170, -202, -268, 72, -192, -48, -40, 144, 142, 122, -214, 220, -286, -52, 52, -16, -48, -196, 32, -60, 78, 84, -24, 72, -24, 108, 72, 36, -122, 142, -152, -22, 32, 120, 24, 88, 80, 104, 52, -30, 40, -12, 58, 152, -74, 38, -142, 0, -36, -42, 114, 188, -6, 6, 92, 150, 116, 268, 40, -110, 286, -116, 120, 402, 110, 28, 206, -16, -194, -56, 222, -180, 100, 8, -8, 26, -28, 16, 228, -40, -16, 82, 110, 100, 68, -132, -190, 272, 156, 178, -42, 102, -84, 164, -44, -118, 164, 274, -74, 20, 168, -66, -218, -14, -116, -114, 128, -82, -156, 238, -92, -24, -104, 214, 194, -188, 180, 294, -76, 190, 86, 294, 56, -210, -190, -28, 66, 232, -134, 156, 254, 34, -72, 68, 12, -118, 242, 110, -134, -32, -114, 506, 156, 288, 18, 148, -12, 70, 96, -50, -130, -146, -368, -316, 128, 130, 78, -68, 36, 54, -62, 82, 126, -194, 60, 238, -282, 22, -112, 222, 58, -42, -10, 54, 32, -108, 190, -12, -140, 194, 4, 144, -2, 66, -34, -156, -68, 152, -116, 154, 146, -88, 228, 186, -76, -168, -10, 142, 172, 76, -174, -110, -30, -244, 58, 64, -70, 150, 46, 8, -42, -100, 190, 78, -140, -58, 14, 56, 162, 130, -62, 74, 18, -120, 14, 46, 230, 200, 116, 26, -4, 18, 140, -346, -78, -2, 4, 2, -196, 124, -68, 264, 22, 16, -50, 64, 28, 76, 258, -246, 108, -64, -208, -166, -16, 146, -106, -66, -42, -174, 66, -138, -94, -296, -92, -112, 80, 104, -42, 170, -146, 212, -122, 64, 54, 22, 66, -208, -16, 26, -140, -168, 100, 326, 88, -52, 238, -42, -156, -56, 68, -78, 66, -70, -240, -278, 36, 118, 20, -172, -90, 202, -18, -108, -136, 102, -66, 124, -18, -52, -146, 96, 114, 12, 118, 26, 68, -112, 52, 216, 174, 274, -102, 90, 236, -100, -22, 90, -24, -144, 32, -70, 92, -92, -108, 118, 82, 8, 120, 86, 128, -80, 102, 124, 74, 288, 14, -150, 56, -60, 236, -126, -10, 128, -20, 202, -128, -224, 
0, -118, -86, -202, 42, -14, 96, 50, -26, -18, -166, 202, 96, 34, 136, -58, -100, -108, 222, -76, -16, 114, 50, 152, -70, -46, 164, -140, -20, 114, 66, -162, -134, -64, -146, -48, 30, 94, 66, 34, 48, 142, 164, 10, -38, 142, -92, 226, -222, -42, 40, 222, 188, -42, -216, 14, 52, -166, 20, 12, -42, -22, 26, -82, 168, -8, 110, 74, -56, 26, 258, 80, 318, -162, -218, 48, 50, -104, 206, -98, 80, -8, 26, -6, -136, -48, -166, 56, 50, -42, 74, 184, 280, -76, -94, 272, 66, 20, 132, -352, -38, -52, -38, 100, -36, -18, 96, 110, -82, 150, 122, -170, 12, 38, 76, -56, -122, -254, 108, 216, 102, 94, -18, 232, 24, -214, 130, -22, 58, -238, 226, 186, 206, 78, 222, -238, 290, 190, -128, -110, 288, 36, 242, 140, 90, 44, 142, 16, -88, 18, -120, -104, 124, -80, 194, 96, 124, 174, 140, 68, 34, 96, -54, 150, 116, 104, 128, -18, -86, -42, 106, -148, 76, 90, 6, -138, -4, 42, -80, -108, -100, 82, -30, 62, 32, 64, 72, -20, 28, 52, 94, 4, -136, -130, -36, -32, 146, -74, 2, 50, 6, 90, -112, 270, -138, -134, -248, 74, -180, 80, 312, -10, 58, 168, 46, 196, -20, -4, 60, 176, -144, 4, 28, 72, -26, -160, 36, 142, 160, -186, -214, -26, -10, -116, 76, -142, 204, 168, -122, -182, 174, 110, -48, 112, 78, 36, 68, 126, 120, 152, 8, -176, 226, 82, -192, -134, -160, 232, -268, -78, 214, -74, -204, -162, 58, 294, -66, -352, -48, -278, 102, 14, -72, 32, 54, 38, 246, 194, -258, -50, 352, 26, 182, -104, 68, -168, 10, -206, 118, 40, -8, 186, 88, 140, 184, 334, -262, -144, -8, -24, 48, 16, 66, -174, -54, 180, 84, -106, 306, 62, 40, -20, -120, 98, -6, -114, -134, 138, -50, 136, 148, -100, 108, -252, 40, 152, 110, 82, 92, -170, 64, -224, -90, 102, -204, -182, 222, 110, 138, 62, -76, -110, 132, 248, 106, 236, 110, -128, 272, -204, -62, 10, 144, 82, -118, -34, 94, 12, 0, 216, 12, -26, 26, 32, 258, 92, 124, -88, -104, -134, -6, -16, 228, -168, -78, 288, -26, 124, -6, -52, 224, -14, 16, -138, 30, 166, 126, 176, -152, 54, 62, 164, -224, 108, 206, 44, 22, -22, 114, 6, -18, 50, 24, 202, -120, 182, -130, 292, -92, -86, 248, -16, 70, 30, 268, -12, 108, -76, -10, 66, 30, 74, 292, 326, 66, -150, 40, -28, -96, 130, 94, 70, 104, 188, -256, 76, 132, 188, -80, 12, -82, 214, 34, -136, 162, 96, -142, -26, 26, -154, -28, 152, 2, 92, -50, 86, -226, -74, -110, 224, 20, -110, 30, -120, 162, -84, -138, -8, -38, -22, -26, 186, -30, -24, -46, 132, 154, -62, 22, -92, -120, 10, -94, -16, 28, -116, -38, -228, -86, 144, -102, 162, -176, 340, 30, -152, -62, -34, 154, 164, 
106, 352, -116, 22, -90, 38, 12, 138, -4, -88, -150, -164, 14, 80, 38, 62, 98, 206, -184, 90, -226, -52, -84, -80, 154, 60, -220, 62, -2, -96, -164, -66, 56, -6, 158, 126, 28, -168, -4, 8, 34, -20, -78, 8, 32, -102, 66, -160, -14, 0, -116, -216, -154, 102, 172, -28, -48, 222, 34, -154, 22, -120, 124, 230, -122, 36, -100, -218, 84, -124, -230, 42, -132, -8, 318, 6, -68, -56, -62, 24, -84, -40, 8, -18, 142, -152, 210, -160, -2, -14, -16, 24, -86, 116, 30, -130, 98, -68, -114, 150, 66, 204, 218, -70, -44, 14, -184, -174, 54, -152, 164, -62, -52, 68, -36, -18, 116, 354, -174, 22, 4, -64, 174, -42, 74, 130, -86, 50, -26, 66, -192, 54, -56, -16, -138, 138, -308, 8, 178, 112, -160, 244, -78, -52, -56, -46, -16, 14, 144, 20, -54, 24, -86, 106, -62, 70, -126, -30, 68, 6, -8, 12, -152, -152, -8, -240, -8, 78, -6, -46, -164, 64, -162, 144, -224, 250, 126, -152, 16, 164, 292, -154, -280, 130, -8, 52, -86, 98, -136, 182, -114, -140, 192, 44, -54, 92, -180, 36, 26, 18, -18, -72, 128, -248, 126, 172, 168, 98, 94, -58, -350, 262, -34, -118, -24, -196, -100, -94, 16, -72, -140, 102, 78, 14, 136, -68, -14, -240, 116, 154, 220, -50, 66, 180, -194, 164, 44, -236, 52, 170, -26, -114, -24, -64, 178, 54, -116, -12, -10, -108, 124, 8, -110, 86, 32, 202, 222, -176, 108, 122, -196, 64, 42, 248, -50, -104, 132, 196, -104, 142, -190, -80, -66, -136, -252, -84, -252, -186, 260, -6, -178, -16, 10, -2, -110, 162, 108, -12, -114, 194, 56, -160, 10, -22, -386, -132, 232, 160, -54, 52, 12, 42, -88, 314, 64, -226, 44, 122, -206, 112, 166, 60, -68, -16, 82, -84, -56, -42, 316, -80, -20, 156, -144, 254, -70, -80, -98, -88, -128, 170, 60, -132, 220, 2, 68, 110, 2, -120, -44, -64, 192, -6, -82, -278, -2, -132, 150, 120, -2, 242, 172, -16, 0, 44, 96, 142, -110, 96, 10, -118, -112, -76, 106, 18, -222, -50, -82, 28, 94, 168, -30, 88, -126, 306, 104, -118, -18, 98, 208, 202, -146, 24, 112, 122, -8, -202, 60, 6, 104, -10, -138, -146, 222, -52, -40, -284, 80, 76, -162, 136, 52, 112, 92, -320, 68, -36, 98, -192, 64, 178, -28, 180, -92, 50, 2, -56, -86, 182, 118, -12, 86, -170, -148, -238, -104, 172, 102, 6, 160, -202, -130, -6, -18, -198, 168, -182, -56, -52, -36, -18, 22, -192, -206, 130, -132, -184, 40, 50, -92, 76, 16, -192, 124, -60, -60, -6, -22, 252, -140, -32, -156, 128, -2, 30, -218, 126, 142, -58, 30, 40, 150, -238, 48, 108, 146, 48, -36, 86, 78, 6, -74, 146, -18, -40, -146, 112, -2, 248, -42, -262, 46, 36, 114, -276, 66, 98, 240, 68, -44, 104, 
-204, -276, 150, -52, -72, -88, 114, -78, -90, -34, 54, 198, 180, -128, -114, -160, -18, 0, 208, 70, 10, -52, 198, 180, -56, 108, 92, -142, 218, 120, 104, 116, -72, 146, -10, -146, -10, 196, 80, 60, 232, -40, 170, -118, 104, 158, 80, 348, 224, -88, 110, 342, 226, -130, -14, -184, 160, -154, 0, 164, 64, 48, -50, -194, 68, 24, 200, 118, 62, 180, 280, -10, 128, -40, -286, -32, -170, 30, 24, -262, -92, 28, 0, 246, -202, 70, -146, 212, 82, -60, 30, 88, 12, -256, 102, 134, 60, -198, 286, -180, 52, -72, -348, 162, 110, 62, 250, 134, 106, 154, -160, 114, 32, -164, -180, 26, -32, -130, 110, -54, 64, 86, 20, 42, 138, -92, 56, -178, -62, -114, 240, -200, 132, -34, 92, 158, 166, 44, 30, -126, 368, -106, 216, 6, 132, 194, 62, 32, -124, 10, 186, 48, 14, 18, 126, -236, 120, 28, -8, 152, 106, -44, 132, 106, 50, 332, -12, -18, -96, 182, 150, -132, 182, -90, 114, 84, 68, 92, -34, -78, -38, 110, 86, -184, 36, -172, 0, 102, 204, -220, -12, 6, -194, -78, 182, -140, 228, 40, 84, 98, -6, 110, -14, 280, -178, 236, -90, -44, -116, 176, 296, -170, -44, 60, -72, 176, -110, 252, -20, 280, 258, 14, 34, 156, -64, -208, 64, 64, -76, 38, -164, 68, -176, -208, 42, -30, -60, 38, 186, -274, 122, -4, -252, -96, -92, 10, 92, 4, -82, 34, -82, -20, 26, -32, 126, 4, -214, 144, 128, 68, 136, -120, 0, -100, 240, 100, 36, 62, -50, -100, 264, 162, 116, 244, 156, -92, 230, 124, -182, 10, -44, 148, -212, -52, 158, 94, -156, 42, 154, 54, 80, 94, 218, -90, 214, 52, -112, -140, 92, 30, 168, -130, 38, -306, 106, 250, 60, 18, 44, -136, -42, -136, -22, -82, -36, 288, 340, 30, -188, -106, 116, -86, 152, -222, 114, 22, 108, 130, 224, -94, 68, 94, -250, 92, -66, 258, 274, 34, 192, 44, -26, 96, 210, 172, 42, 20, 48, -24, 214, -210, -162, 92, -42, 142, -76, 22, 40, -24, 20, 100, 92, 114, -102, 14, 260, 50, 104, -94, -84, 2, -48, -138, 272, -158, -134, 170, 30, 10, -80, 2, 176, 70, 38, -144, -100, 4, -130, -86, -142, -124, 180, 346, -150, 48, 54, 312, 94, 132, 240, -102, -132, -90, 0, 366, -232, 28, -12, 184, -30, -16, 54, -120, 158, -18, 132, 160, 134, -158, -234, 16, -16, 56, 30, 56, 94, -138, 8, 74, -26, 372, -60, 14, 102, 82, -108, 128, 136, 152, 144, 16, 32, 292, 234, -52, 272, 150, 28, 44, 114, -22, 100, 136, -8, -2, 192, 180, 206, -170, 2, 48, -36, -22, 208, -144, 338, 18, -192, 102, 32, 88, -108, 10, 88, -96, -100, 106, 40, -92, -132, -20, 2, -24, 194, 14, -42, -98, 148, -100, 180, 190, 58, -54, -136, 274, 46, 18, -136, 60, 298, 102, 
374, 172, -64, 112, 78, 16, 130, 78, 46, -30, 32, -22, -108, 148, 18, 178, -90, -132, -178, -66, 204, 52, -36, 100, 262, -52, -8, 32, 78, -72, 48, -38, 84, 0, 154, 196, -20, -76, -108, 0, -94, 150, -176, 70, -136, -136, 162, -218, -96, 50, -148, -190, -74, 118, 152, 102, -22, 26, -136, -80, -22, -8, 70, -50, -70, 180, -44, -108, 40, 122, -90, 108, -74, 80, 30, 58, 128, 56, -14, 46, -40, -18, 40, -404, 208, 42, -2, -130, 102, -170, 28, -168, -100, 36, -308, 192, 96, 174, -154, 34, -180, 56, 238, 88, -60, -168, 66, -198, 10, -46, 250, -92, 46, 44, 160, 270, 110, 142, 12, 36, 90, -116, 180, 30, -148, 88, -142, 70, 212, 106, -102, 224, -38, 146, 22, -178, -82, -104, -110, 172, -110, 96, -216, -44, -222, 38, -210, 184, 52, -142, -86, -118, -28, 122, -120, 260, -44, -46, 174, -22, -18, 158, -148, -128, -178, -286, 116, 54, 236, -276, -88, 112, -120, 68, 114, -18, 142, -32, 142, 158, 208, 40, -94, 92, -162, 116, -12, -98, -14, 420, 48, -62, 48, 70, -106, 216, -232, -112, -60, -12, -168, 38, 106, -278, 214, -80, 38, 230, 162, -8, -66, 24, 74, -170, 362, -106, 112, 88, 40, -80, -110, -104, 150, -90, -96, 88, -128, 26, 54, 60, 276, -214, 336, 162, 230, -48, 198, 4, -172, 82, -350, -16, 264, 114, 84, -34, 140, -48, 200, 50, 248, -102, -82, 66, 62, -42, 78, -72, -106, 18, -124, 158, 114, 58, -168, -54, -142, -10, 80, 58, -270, -16, 18, -172, -30, 140, -154, 26, 88, 44, -124, 12, 318, -184, -28, -34, 28, 106, -206, -120, -152, -124, 32, 224, -138, -102, 66, 192, -76, -74, -166, 190, 10, 76, -68, -182, 28, -266, -74, 134, 60, 110, 52, 270, 84, -26, -252, 40, 150, 22, 20, 176, -100, 182, -410, -42, -64, 80, -134, -4, 96, -34, 272, -4, 120, -170, -164, 30, -64, 104, 122, -24, -224, -162, 80, -70, -110, -82, -130, 78, 154, -110, 34, -42, 106, 30, 78, -204, 110, -196, -222, 62, 4, 10, -48, -44, -62, 18, 116, 54, 80, -44, -184, 34, 168, -132, -32, -50, 56, 18, -76, -126, 28, 268, 82, -10, 146, 170, 214, 80, -160, -190, 176, -176, -102, -136, -70, -120, -2, 160, 44, -38, -24, -126, 154, -128, 70, -218, 52, 20, 80, -64, -108, 150, -94, -158, -124, -8, 220, 78, -58, -128, 16, 76, 46, 182, 52, -136, 80, -174, 116, -2, 60, -110, 98, -168, -124, -30, -60, 30, -20, -298, -208, 116, -128, 68, -16, -130, -124, 42, 54, -8, -140, 0, -78, -218, -158, 160, -16, 224, -30, -122, -190, 110, -172, 100, 170, -98, -28, 48, 14, 70, 110, 112, -40, -138, 36, 104, 206, -110, -62, -58, -22, 12, 136, 44, -22, 204, -146, -234, -190, -6, 140, -186, 10, -22, -28, 60, -102, 12, 
-472, -24, 98, -80, 12, -180, -42, -70, -188, -26, 116, 40, 68, -160, 156, -96, 46, 118, 214, -174, -190, -152, 44, -240, -94, -16, -94, -56, -22, 10, -34, -38, -182, 88, -154, 42, 60, 32, 122, 194, 8, -76, 86, -122, 270, 110, -112, 108, 90, -52, 76, 56, 224, -16, -8, -40, 32, 42, 144, 220, 60, 168, -182, 290, 82, -84, -54, 36, -100, -262, 238, -56, 126, -80, -22, -150, 50, 56, 84, -32, 120, 110, -100, 324, -148, 140, -28, 86, -62, 280, -92, 214, 220, 102, 178, -248, -6, 76, -54, 42, 182, 106, 44, -104, -18, 116, -116, 138, -24, 112, -82, 128, 36, 10, -154, -100, -96, -196, -22, 86, -36, 178, 80, 108, 110, -74, -112, 16, 32, 52, 66, -196, 32, -244, -28, 112, 4, -2, 36, -102, 168, 154, 48, 152, 94, -22, 286, -80, -40, 44, 8, 138, -32, 14, 116, -52, 26, 70, -62, -60, 74, -100, 192, -150, 372, 188, -28, 146, -248, 112, 68, -186, 0, 30, -172, 204, -46, 172, -48, -252, -42, 44, 144, -162, 98, -8, 98, 424, -56, -192, 6, -20, -190, -58, 144, -108, 236, 26, 130, 44, 166, -14, -158, 112, -344, 88, -136, -154, -34, 134, 120, 18, -6, 294, -274, 142, -22, 204, -42, 32, 4, -18, -12, 148, 4, -86, 280, -10, -28, 36, -86, 160, -194, 32, -126, -16, -226, 28, 84, 150, 98, 72, -18, -178, -68, 124, -102, 236, -62, 56, 106, 20, 28, -32, -98, 24, -30, -84, 244, 44, 236, -24, 84, 58, 40, 118, 210, -60, 108, -152, 414, 40, -38, 388, 48, -58, 210, 90, 38, -8, 222, 150, -290, 182, -20, -78, 60, -50, 254, 160, 224, 114, 10, -210, -44, 238, -10, -256, 192, 172, 208, -254, 4, 124, 98, 58, -10, 40, -102, -122, -48, 30, -86, -160, -22, 54, 150, -120, -240, 224, 130, -2, 178, -86, 274, 118, -138, -144, 68, -6, -68, -22, -252, -42, -108, 166, -26, 228, 152, -68, -108, 248, 230, 116, 164, 32, 70, 306, 204, -162, -48, -8, -82, 138, -50, -30, -22, 212, -28, 102, 286, -110, -44, 68, 196, 20, -86, 24, 148, -90, -10, -26, 282, 26, 50, 128, 92, -64, 106, 118, 100, 10, -122, -234, -2, -46, -138, 44, -92, -126, 198, 26, -78, 300, 38, -118, 100, 186, 106, -134, -134, 172, -48, 150, -104, 176, -2, 138, 16, 18, -56, -60, -170, 50, 64, 208, 90, 348, -214, 8, 228, -38, -32, -160, 70, -78, 220, 258, -160, 312, -16, 64, -34, 226, 206, -60, 122, 202, 68, 60, 152, 214, 114, -104, 134, -64, 270, 24, 14, -126, 100, 58, 220, -120, 170, 186, 226, 16, 46, -2, 26, -50, 42, -54, 178, 174, -140, 120, 162, 102, -16, 8, 16, 122, 12, -144, -80, 32, -122, 60, -102, 156, 46, 150, -110, 28, -68, 60, 402, 68, 12, -12, -174, 92, -20, -14, 178, -116, 200, -124, 
188, 176, -202, 134, -54, 178, -30, 198, 222, 214, 210, 150, 108, 200, -100, 168, 4, -36, -56, 56, 62, 50, -144, 250, -44, 190, -18, -58, 20, 80, -22, 238, 350, 132, 216, 30, -166, -18, -170, -70, -34, -10, 294, 42, -152, -52, 178, 30, -98, -74, 100, 46, -188, 242, 140, 108, -138, -26, -162, -126, 96, -164, 186, -122, -78, 54, -140, 4, -20, 118, -80, 94, -108, 272, 36, 150, -114, 74, 158, 42, -36, -6, 206, -10, -24, -50, 2, -54, 68, 84, 4, -4, -106, -4, -178, 250, -88, -40, 120, -94, -64, -22, -12, 24, 132, -30, 340, -74, 96, -200, -10, -24, -100, -54, 76, -14, 58, 202, 84, -126, 152, -120, -82, 72, -64, 22, 200, 40, 106, -132, -46, 308, -4, 354, 34, -90, 90, 130, -8, -32, -10, -68, -14, -154, 0, 34, -256, -62, 64, 74, 90, -38, 90, 224, 0, 166, 6, -12, -86, 76, 106, -24, -114, 74, -278, -136, 88, -112, 82, -122, -22, 218, 20, -100, -18, 4, 184, 102, 220, 228, 82, -110, -190, 130, -64, 244, -140, -128, 66, 84, 0, 110, -44, 102, -48, 234, -130, 262, 18, -64, -142, 166, 126, 92, 232, -204, 56, 38, -66, 76, -94, 100, 80, -68, 324, -34, 6, -310, 34, -24, -96, 18, -6, 20, 110, -72, -100, 234, 90, -66, 208, 22, 278, 94, 102, 220, 242, 214, -52, -50, -14, -6, -112, 248, 70, -50, -44, -132, 138, 98, -156, -6, 102, -38, 76, -54, 220, -32, -274, -48, -128, 64, -208, 32, 62, 90, 12, 110, -188, 230, -434, -28, 148, -134, -92, 96, 4, -112, 170, -2, -108, 16, 148, -162, 124, 310, -236, 202, 104, -50, 122, -208, -60, 176, 148, -108, -122, 432, -42, -218, -34, 270, -236, 2, -4, 90, 202, -226, 164, 88, -10, 0, 252, 208, 40, -112, -36, 166, 0, -338, 34, 46, 8, 44, -48, 14, 180, 138, 26, -64, 40, 70, 192, 42, 362, -204, -46, -274, -148, 208, -58, -154, -216, -90, -14, 174, -144, -212, -128, 138, -64, 186, 56, -80, 228, 102, 198, -212, -142, -66, -60, -58, -26, -98, 8, -150, 40, 22, -6, 156, -142, 154, -124, 16, -148, -38, -152, 152, 2, 48, -136, 98, -50, 348, 324, -112, -32, 70, 104, 120, -78, 42, 122, -160, -34, 238, -90, 18, -78, 128, 244, 16, -238, -86, 102, -64, -120, -4, 44, 36, 68, 20, -86, -170, 116, -16, -28, -256, 132, 84, -270, 130, 76, 192, 134, 82, -38, 12, 258, -236, 130, 0, 126, -84, -60, 60, 14, -102, 42, -12, -82, -198, 18, 60, -228, -142, -138, 46, 8, 290, -52, -154, -78, 114, -206, -116, -158, -132, 182, 78, 4, 20, -208, 102, -204, 122, 266, -192, -100, -160, 102, -136, -68, 44, -110, -62, 176, 82, 58, 160, 98, -86, -62, -86, -102, 96, 200, 30, -236, -50, 224, -16, 356, -156, 12, 114, -136, 54, -72, -78, 
-134, -190, 154, -38, -202, -156, 50, -104, -50, -60, 92, 126, 162, -258, 76, 116, -12, -72, 46, 60, -64, -74, 38, -148, 66, -164, 124, 206, -42, -58, 68, -158, -352, -88, -140, -56, 230, -46, 138, 94, -16, 226, -62, 24, -20, 24, 36, 88, 140, 176, -204, 158, 230, -90, -102, -12, 220, 262, 64, 12, -166, 86, -64, -26, 12, -32, 108, 50, -96, -22, 126, -18, -36, -100, 34, -78, 78, -12, 64, 80, 14, 64, -138, -20, 32, 54, 4, 90, 44, -168, 46, 172, 190, -42, 94, -64, 106, 44, -14, 194, 38, 34, 28, 128, -174, 2, -212, 0, -130, 288, -74, 14, 84, -164, -2, -92, -68, -124, 64, 240, -124, 200, 282, -238, 92, 38, -190, 152, 58, 36, 84, -240, -48, -58, -86, 262, 66, -186, -258, 146, 2, 208, 16, 268, 218, -110, 114, 24, 22, 60, -144, 148, -74, -170, -66, -68, -8, 366, -60, -106, -66, -34, 44, 144, 140, 82, 8, 18, -64, 182, 180, 0, 38, 40, 150, 36, -110, -72, -222, -80, -84, -28, 26, -56, 98, -208, 202, 82, -66, -202, -76, 24, -36, -282, 196, -114, 10, -204, 72, 18, 38, -314, -248, 48, -258, 130, -200, 160, -56, -172, -56, 74, -74, 156, -158, -112, 12, 62, 42, -154, 80, 70, 38, 118, -4, -62, 44, -114, 166, 74, -92, -18, -38, -16, -94, -246, -114, -86, 60, 8, -16, -16, 178, -138, 166, 228, 24, 22, 50, 96, -16, 72, -154, 36, -16, 104, -216, -36, 338, 132, 86, -10, 110, 114, -68, 74, 124, -128, 170, -120, 216, -220, 10, 146, 6, 78, 20, -20, -50, -66, 30, -100, -142, 214, 30, -332, 304, 72, -2, -8, 94, 204, 52, -64, 74, -120, 260, -356, -54, 360, 66, -306, 116, 148, 28, -26, -124, 134, -248, -28, -30, 52, -90, -62, -50, -24, 54, -244, -36, -8, 36, -150, -98, -28, 70, 174, -54, 10, -34, 68, 110, -124, -102, -24, -254, 176, 98, 194, 118, 66, 56, 128, 88, 66, 100, -100, 268, 378, 148, 140, 222, -68, -100, 80, -160, 22, -158, 144, 90, 224, 198, -26, 44, 86, -40, 170, 140, -54, 94, -52, 12, -160, 256, 64, 208, 108, 134, -48, -58, -38, 242, -22, -102, -236, -300, 148, 50, -72, -22, 160, 242, 118, 30, 250, 122, -130, 168, 198, 52, 6, -38, -170, 344, 288, 164, 32, 150, -30, 50, -50, -36, 0, 14, 224, -108, 132, 82, 366, -28, 148, 16, -138, -160, -204, 38, -106, -88, 22, -262, 162, -44, -118, -18, 288, 82, -56, 240, -12, -46, 108, 176, 184, 92, -98, 38, 212, -12, 152, -90, -158, 82, 208, 90, -92, 68, 164, 252, -44, 20, -26, 158, -84, 222, 182, 174, 74, -120, 210, -78, 144, -52, 296, -54, 106, 52, 118, -72, 28, 150, -214, 8, 4, 124, 210, 168, -94, -46, -86, 230, 150, -124, -114, -360, 52, 222, -76, 370, 128, 36, 56, 
-34, 44, 4, -6, 132, 94, 106, 260, 42, 110, -32, -74, -16, 276, -88, -90, -58, 172, -140, -128, -26, 4, -104, 296, 98, 100, 50, -98, 132, 70, -150, 218, 198, 172, -48, 204, 2, 100, -234, -166, -90, -174, 214, 44, 100, 38, 38, 56, -48, 16, 148, 64, -144, 190, 100, -58, -304, -116, 86, 206, 14, 118, 174, -118, 144, 124, -58, -98, 14, 162, -94, 128, 10, 94, -48, 202, 110, 140, -74, 0, -124, -78, 246, -22, 8, -186, 216, -22, 0, 256, -112, -34, 58, 82, 182, -198, -14, 16, -6, -166, -22, 128, -14, -78, 300, 154, 64, -14, 322, -214, 246, 94, 60, 90, -30, -40, 264, 42, -82, -66, 92, -106, -14, 314, 152, 72, 150, 12, -68, 160, -8, 12, -18, 200, 30, -234, 54, 226, 170, 78, 70, -80, 278, -134, -120, 102, -256, 46, -136, 4, 166, -164, 126, 150, -64, 232, -86, -132, 18, -68, 224, -78, 122, -20, 14, -184, -6, 56, 50, -126, -292, -38, -166, 246, -90, -36, 126, -10, -44, -106, 172, -214, -36, 108, -78, 272, 12, 128, -100, 98, 316, -106, 172, 100, -44, 100, -200, 152, 214, -20, -34, 210, 418, 8, 220, 104, 190, -64, -42, 224, 98, -66, 124, -142, 328, -150, 154, -18, 146, 168, 60, -4, 192, 18, 92, -64, 148, 226, -114, -28, -98, 112, 210, 120, 28, 338, 54, 100, 6, -104, 52, 130, 82, 140, 46, -158, 102, -84, 10, -166, 164, 156, 120, -4, 22, -122, 126, 68, -266, -164, -26, 48, -110, -82, 100, -90, -74, -60, -170, 182, -160, 82, -118, -290, -26, 0, 42, -8, 52, 6, -18, -84, 8, -120, -114, 156, -52, -132, -52, 136, -10, -230, 26, 58, 86, 52, -128, 352, -58, -328, -34, 176, 40, 68, 92, -14, 68, -88, 74, 144, -16, 72, -160, 56, -72, 18, -14, 88, -22, 16, -62, 32, 60, -6, -44, -100, 206, -48, 82, -38, -76, 202, 112, 94, 368, -34, 66, -80, -72, -64, -96, -84, -36, 28, -206, 136, -278, -142, 62, 48, -70, 110, 84, -88, 120, -34, 12, -18, -216, -156, -114, -22, 158, 132, 30, -126, -28, 162, 66, 192, 8, 114, -112, 102, -6, -62, -76, -12, 214, -82, -228, -84, 22, 176, 92, -162, -2, 262, -68, -138, -96, 36, -86, -248, -62, 10, -140, -34, 112, 44, 104, 240, -300, -90, -50, -12, -156, -20, -86, 46, 62, 126, -170, -136, -102, -50, -62, -252, -36, -12, -232, 244, 148, 122, 82, 80, 54, -60, 190, -176, -56, -22, 132, -178, -18, 166, 40, 68, 132, -312, -86, -182, 14, 186, 44, -64, 216, -78, 202, 160, -152, -264, 44, 4, 94, -236, -308, 76, 92, 116, -108, 72, -260, -138, 68, 154, 40, -46, 270, -78, 54, -228, 202, 4, -58, -70, 138, -84, -170, 234, -2, 34, -82, -242, -130, 20, 100, 82, -118, -132, 62, 198, 190, -112, 46, 46, -222, -162, -126, 8, 
-26, 178, -74, 2, 88, -18, -86, -76, -84, -32, 6, -60, 46, -50, 64, 62, -56, -52, 70, -124, 70, 246, 36, -196, -140, -68, -12, 60, -76, -60, 114, -48, -154, -90, 62, 38, 222, 46, 224, 200, 56, 126, 28, -80, -58, -164, 70, -46, 74, -142, 46, 96, 28, 60, 30, -8, 314, -96, 106, -6, 132, -100, -118, 76, 68, 18, -56, 194, 178, -194, 118, -192, 168, -48, 178, -60, 86, -114, -2, -16, 24, 56, 24, -178, -154, 240, 56, 12, 90, -110, 56, 132, -84, 108, -118, 140, -2, -36, -154, 160, 252, -26, 92, 76, -138, -4, -176, 192, -352, 192, -152, -54, -72, -76, -114, 30, -30, 108, 52, -12, 80, 184, -118, -256, -110, -318, 24, 4, 138, 64, -176, -152, -18, -46, -104, 172, 154, -308, 12, 80, -104, -258, -122, 64, -108, 34, 150, -124, 76, -148, -136, 322, -14, -174, -150, -164, 20, 110, 210, -26, 54, -22, 24, -34, 42, 298, -6, 182, 26, 100, 232, 114, 60, -34, -70, 170, -66, 112, -158, 36, 60, -10, -44, 28, 166, -100, 292, -152, -20, 54, -10, 100, -54, -58, 170, -28, 258, -8, -222, -98, 70, -60, -304, 42, -108, -190, -106, 92, 62, -14, 4, -138, 6, 22, -46, 106, -24, 114, -36, 0, 234, -134, 92, 90, -170, -44, -94, -140, 266, 76, -12, -80, -212, -80, 158, -96, 126, -56, 128, 140, -90, 4, -4, 54, -44, 186, -10, 50, 184, -62, -10, -144, 92, 0, 72, 64, -146, -104, 202, 148, 218, -96, 72, 328, -18, 112, 108, 106, 196, 84, 222, -50, 90, 264, 64, 126, 2, 22, -16, -40, 144, 18, -192, 152, 86, -54, -112, 88, 20, -52, -194, 108, 62, -94, -122, 128, 192, -84, 20, 212, 82, -74, -86, 10, 100, -10, 14, 8, -26, -36, 150, -110, 104, 128, 254, 104, -142, -14, 18, 44, 70, -32, -170, -8, -24, 226, 76, 14, 316, -38, 16, -44, 0, 52, -360, 186, -14, -68, 10, 0, 66, 110, 168, -40, 26, -54, 242, 78, -116, -32, -14, -160, 46, 244, -174, 52, -42, -76, 200, 92, -196, -102, -172, 68, -16, 28, 42, -68, -154, -50, -56, 38, 72, 26, 90, 0, 32, -90, -144, 174, 334, 148, 2, -94, -8, -58, -134, -96, 134, 182, 274, -126, 2, 246, 74, 238, 262, 72, -50, 46, -18, -88, 360, 136, -14, 58, 356, 96, 44, 64, -50, -162, 242, 130, 142, -20, 54, 248, -20, 242, 132, -30, 30, -110, -4, -92, -2, -64, -108, 66, 68, -162, -22, 176, -104, -212, 236, -2, -48, -18, 280, 248, 180, -12, -8, 44, -22, 154, -82, 88, 46, 84, 66, -76, -86, 238, -14, 40, 80, -2, 158, -70, 122, 130, -16, -148, 0, 196, -176, 234, 48, 70, -72, -20, -58, 46, 38, 234, 130, -280, 68, -76, 232, 444, 204, -60, -90, 42, -120, 16, 50, -114, 30, 166, -16, 42, 160, 106, 156, 214, 
28, -126, -74, 168, -198, 116, 22, 226, 156, 130, 30, -22, 94, 26, 42, 66, 168, -86, 122, 50, -134, -102, 86, 230, 258, 72, 146, -70, 88, 74, -76, 192, 194, 92, -94, 90, -98, -46, -74, -42, -22, 38, -16, -6, 202, 228, 14, -2, -42, 166, 144, -32, 42, -260, 18, -150, -220, 188, 22, 164, -10, 56, 226, -170, -244, -58, -198, -146, 44, 238, -62, 154, -176, 78, -10, 132, -146, 62, -162, 64, -148, 16, -24, 244, 62, -152, -32, -78, -182, -114, -24, -12, 60, 6, 88, -18, 66, 128, 178, -212, 8, 96, -94, 26, -76, -52, 134, -112, 216, -42, 176, 98, 106, 38, 98, -166, 216, -88, -102, -2, -2, -332, 216, 28, 74, 394, 74, -144, -184, -242, 200, 42, 50, 140, -96, 94, -190, 132, 60, 138, 38, 278, 224, 14, 228, 122, -218, 182, -132, 64, 178, -72, 194, 136, 26, 214, -16, -96, -126, 32, -70, 80, -200, 108, 114, -230, 0, -138, 42, -114, 64, -66, 96, -12, 36, -100, 56, -14, 62, 14, -200, 64, -110, -100, -72, 84, -218, 50, -38, 52, 52, -80, -166, -62, -162, -178, -114, 338, 318, 30, 264, -134, 132, -98, 150, 140, 290, -214, 98, 232, 160, 216, 100, -6, 264, -288, 36, -160, -122, 154, -32, 266, -76, 74, 62, 102, 22, 184, -88, 4, -70, 66, 128, 296, -24, 126, -34, -40, -12, -106, 18, 178, -98, -16, 182, -60, 52, -22, -194, -62, 48, 130, -48, 110, 84, 12, -26, 74, 100, 204, -10, 132, 8, -260, -46, 86, -118, 22, -14, -106, 46, 34, -146, -292, 112, -72, 42, 202, 126, 10, -64, 274, 288, -226, -160, 70, -12, -280, -44, 82, 66, -54, -26, 168, 184, -86, -94, 4, 78, -334, -26, 102, -18, 66, 70, 78, 110, -70, 60, 152, 26, -52, 16, -82, -54, -118, 404, 102, 198, -102, 110, 84, 80, 166, 152, -206, 114, 50, -226, 60, 82, 2, -12, 156, 222, -150, 120, 130, 8, 76, 4, -32, -138, 22, 66, -92, -104, -122, 34, 156, 48, 124, -124, 44, 140, 94, 160, 44, -128, 12, 192, 90, 122, 38, 90, 12, -76, 166, 152, -212, 102, 84, -152, 126, -52, 24, 6, 138, 56, 50, -132, 42, 80, 10, 18, 54, 302, -110, 46, -206, -128, 36, -16, -144, -120, -270, -242, 116, 152, -254, -42, 152, -232, -98, 4, -12, -154, 60, 128, 8, 234, 178, -100, -168, -270, 14, -126, -288, 62, -94, 2, -12, -122, 184, 164, -82, 44, 2, 186, -10, 170, 164, 118, -134, 36, 148, -188, 94, 2, -2, -160, -332, -78, 0, -86, 28, -30, 36, -56, 160, -46, -84, 16, 38, -34, -116, 252, -142, -52, -2, 40, 174, -290, -174, -84, 28, -114, -108, 260, -156, 48, -102, 20, -30, 22, -36, -78, -44, 40, 166, -2, 140, -118, -336, -128, -6, 8, 50, 180, -92, -32, 84, -78, -122, -30, 22, -22, -16, -112, 160, 
46, 216, 52, -52, 164, -4, 22, -228, 166, 118, 160, 50, -32, -176, 210, 2, -58, 66, 142, -26, 168, 48, 160, -270, -190, -186, -156, -30, -22, 90, 304, -228, -118, 14, 86, -8, 96, 102, 212, 142, -52, -222, 168, 154, -122, 114, -34, 94, 118, -164, 54, -8, -102, 320, 70, 112, 160, -174, -40, -284, 36, -54, -158, 46, 254, -102, 118, 68, -62, -32, -38, -54, 256, 108, 2, -116, 14, 20, 150, 100, 252, -186, 60, -244, -258, 164, 88, 82, 92, 202, 158, 84, 66, -108, -192, 2, 44, -66, -10, 354, -42, -72, 2, -132, 42, 106, -76, 150, -280, 168, -112, -100, -148, -84, 42, 96, -82, 72, 62, 132, 0, 232, -98, 306, -264, -114, -120, 50, 188, 216, -28, -10, 28, -228, 188, -246, 182, -98, -18, -124, -82, -120, 28, -112, -34, 224, 100, -106, 176, 4, -44, 244, 10, -144, 56, 4, -4, 148, 138, -12, -6, 8, 156, -22, -22, 210, -12, 40, -184, 70, 134, 228, -98, -54, 18, 262, -132, 146, -18, -4, 320, -100, 88, 76, -6, 54, 90, 104, 68, -192, -78, 138, 238, -14, 202, 86, 86, -54, -352, 54, -126, 38, -214, 10, 82, -108, -90, 170, -120, 82, -260, -202, 96, 134, -226, 152, -64, 54, -16, 74, 2, -12, 44, -226, 32, 0, -122, -260, 112, 30, 58, -208, -154, -264, -32, -94, -106, 108, -104, 50, 20, -62, 32, 38, 126, -34, 32, 52, 198, 192, 90, -40, 112, 110, 110, 66, 112, -80, 32, -62, 64, -40, -20, 124, 50, -46, 98, 44, -104, 104, -82, -60, 132, 138, 140, 190, 4, 16, -202, 168, 116, -276, -6, 166, 328, 46, 226, 136, 138, -28, 54, 18, 108, -68, 120, 94, 44, 12, -50, 208, 144, 40, 114, 46, 88, 74, -288, 146, -2, -56, -70, 316, 216, 168, 114, 112, -170, -28, -188, 34, -74, -136, -60, -84, -234, 78, 30, 58, 156, -44, 52, 18, -58, -58, 30, 130, -106, 0, 48, 132, -184, -68, 134, 90, -8, -84, 8, 176, -52, -10, -114, -36, -82, 46, 46, 118, -116, -30, -38, 218, -158, -14, 66, 22, -22, 180, 160, -74, -128, -10, 0, 36, 168, -110, 244, 88, 120, -80, -110, 108, 164, 40, 234, -48, -204, -228, -132, 112, -22, 134, 210, -42, 12, 240, 104, 144, 128, 282, 138, 88, -172, 0, 44, -26, 22, 40, 210, -90, -208, -30, -178, -158, 44, 174, -64, 20, 2, 74, 90, 90, -16, 170, 144, -244, -50, 192, -134, 28, -76, 34, -78, 76, -28, 76, 250, -48, 120, 42, 0, 116, 22, 18, 216, 242, 200, -52, -48, 88, -10, 10, 102, 58, -132, 72, 60, 204, -132, -66, 58, -18, 26, -128, 48, 42, -36, -44, 36, 30, -248, 62, 42, 200, -140, 244, -18, 232, 12, 34, 90, -254, 142, -12, -28, 124, 84, 44, 96, -132, -82, 112, 126, -100, 114, 174, 72, -186, -172, 4, 162, -90, 
-16, -180, 14, -20, 40, 174, -18, 368, -22, 118, 26, -208, 152, 90, 4, -8, -38, -240, -8, 30, -110, 44, -38, 186, 64, 22, 280, 8, 64, -118, -238, 224, 72, 10, -194, 148, -176, 92, -162, 104, 88, 142, -80, -164, 112, 54, 6, -94, -36, 148, 82, 80, 12, -282, 104, -146, -144, 348, 30, 240, 84, 212, 80, -188, -76, 70, -40, -150, 174, -28, 48, -82, -192, -14, 248, 272, 66, 40, -114, 70, -148, 140, -72, 242, 242, -144, 20, -60, 54, -82, -60, -196, 68, 76, 38, 174, -38, -80, -44, -66, 150, -24, 202, 18, -228, -108, 200, -50, 194, -216, -26, 116, 64, 244, 84, 20, 118, 176, -118, -144, 136, -90, 8, -236, 286, 116, -34, 96, -72, -304, 166, -42, -134, 216, -118, 300, -66, 28, 64, 94, 76, 16, 26, 202, 58, -78, -164, 248, -68, -24, -8, -134, 64, -52, -28, 0, 32, -188, 102, 210, 56, -112, 20, -56, 122, -150, 24, 130, 220, -192, -18, -130, -82, 78, 0, -194, 176, -106, -96, 82, -382, -96, 10, -16, 262, -266, 8, -64, -60, -2, 56, -202, -192, 18, -150, 30, 18, 146, 414, 150, 272, -104, 46, 18, -90, 184, 104, -204, 18, 142, 84, 180, -34, -206, 258, -38, 112, -2, -172, 208, 10, 160, 8, 202, 50, 132, 148, 214, 56, 166, -118, 186, 198, 242, 140, 66, 144, -124, 164, 20, -12, 156, 106, -126, -126, -14, 68, 8, -98, -40, 24, 16, -2, -16, -64, -236, -80, 74, 56, 48, 48, -16, -156, -90, 54, 4, 8, -72, 254, -118, 84, 50, 28, -50, -84, -76, 150, 6, 298, -94, 92, 140, 14, -264, -108, -14, -144, 18, -132, 16, -136, -94, -84, 16, 62, 20, -60, -52, -70, -262, 56, -66, -72, 134, -132, 4, 218, -96, 84, -30, -24, -198, 14, -90, 42, 56, 78, 20, 86, -76, 108, 46, 72, 156, 424, -110, -38, 48, -224, 20, 78, -2, -106, 224, 176, -22, 120, 20, -20, 72, 238, -90, 112, 22, -86, 30, 92, -40, -50, 130, 138, 10, 70, -80, 72, 46, 290, -86, 90, -154, 56, 102, 158, 44, 142, 60, -212, 320, 64, -2, -48, -52, -166, -200, -38, 8, 122, 4, -10, -24, -18, -52, -56, 22, 84, 236, 252, -82, 346, -46, -250, 34, -2, -272, -64, 50, -136, -22, 38, -54, -22, -168, -84, 112, 42, -56, -170, 30, 44, 170, 120, 102, 62, 72, 2, 212, 46, -48, 20, 32, -18, 44, -100, 196, 166, -104, 94, 90, 196, 68, 80, 8, 116, -34, -40, 118, 4, 48, 132, -194, -56, 30, -194, -54, -14, -112, 238, -116, -88, -54, 68, -124, 56, 270, -28, 32, 92, 68, 8, 46, -10, 200, -16, 56, -64, -22, -62, 48, 202, 194, -106, -158, 178, -180, -38, -42, 38, -22, -70, 154, -176, -88, 102, -66, -8, 76, -4, 162, 180, -140, -170, 318, 90, -112, -134, 256, 70, 6, -184, 146, 
-78, 202, 48, 132, -14, -172, -12, -196, -20, -46, 44, 130, -168, 50, -96, -18, 110, 146, 192, -32, 4, 116, 78, 38, -60, 122, -48, 4, -46, 126, 286, -108, -40, -30, 90, -8, 62, -2, 160, -136, -90, -234, 38, 138, 112, -102, 0, 56, 66, -126, 42, -146, -54, -70, 2, 22, 142, -94, -60, -154, 44, -158, 64, 132, 146, -262, 98, 156, -10, 26, 140, -22, 124, 170, -48, 16, 140, -76, 234, -68, 210, -108, 114, -214, -130, 202, 4, 138, -148, 164, 94, 262, 22, 150, 26, -28, 44, -50, 114, -56, 54, 16, -204, -104, 204, 96, 10, 104, -40, 250, -74, -112, -128, -58, -78, 180, -140, -66, 30, -72, -76, -28, 56, 178, -28, 4, 50, 102, 172, 282, -182, -76, 222, 0, 156, -220, 48, -92, -30, 34, 68, 6, 152, -156, -152, 198, 288, -312, 140, 2, -122, -48, 84, -4, 174, 6, -140, -34, -152, -180, -158, 52, 162, 108, -42, 154, 44, 74, -60, 106, 108, 138, 74, -160, 58, 170, 58, -28, 350, 126, 64, 122, 22, -20, -228, 144, -70, -60, -22, -24, -168, 142, 98, -116, 48, 62, 68, -78, -200, -16, -164, 70, -10, -48, 180, -200, 52, 102, 88, -150, 46, -216, 174, 204, -56, -96, 70, 154, 98, -90, -44, -216, -48, -190, -34, 42, -2, -16, 40, 198, 136, -44, -78, 204, -64, -72, -64, -130, 26, 36, 146, 6, 206, -10, 276, 114, -76, 26, 98, 152, 42, 192, 88, 114, 142, 182, 236, -104, 22, -146, 30, 112, 210, 118, 114, 58, 222, -92, -52, 122, 78, -26, 28, 36, 10, 168, -134, 116, -206, 70, -98, 30, -122, 264, 80, 62, 254, 134, 234, -28, 120, 2, 82, 20, -30, 60, 108, 34, -110, -122, 46, 70, 72, 188, -64, 50, -92, 188, 42, 68, 112, 176, -150, 126, 90, 80, 42, -58, 36, 204, -90, -74, 6, -142, -62, 160, 156, 34, 274, 146, 144, 138, 174, -140, -128, -34, -98, -214, 18, -52, -124, 176, -34, 48, -64, -42, -108, 156, -18, 92, -138, 28, -172, 72, -28, -126, -292, 192, -118, 324, -16, -30, -114, -72, -96, -122, 130, -264, 0, 112, 18, 4, 124, -172, 114, -30, 4, -196, -62, 98, 148, 80, 64, -46, -202, -60, -134, 208, -308, 76, 142, 24, 214, 186, -68, 28, 6, 184, 278, 76, -6, 38, -24, -118, 182, 50, 244, 184, 4, -36, -86, -72, -52, 68, 60, -200, -50, 92, -48, -100, 94, -98, 144, 2, 46, 336, 84, 102, -108, 64, 20, 238, -78, 140, 174, -50, -98, -22, 118, 106, -26, -28, 102, 134, 198, 120, -172, 54, 54, 222, 2, 176, -68, -48, 198, 22, -74, 36, 50, 50, 60, -284, -20, -114, 88, -34, 32, -62, -132, -198, 72, 206, -32, 170, -62, 148, 72, -38, 98, -160, 8, 106, 120, -38, -4, -20, -20, -40, -44, 42, -86, -184, -44, 122, 184, 44, -88, -118, 112, -24, 
158, 42, -150, -262, -4, 152, -26, 170, -54, 132, 4, -76, 146, -26, 94, -32, 72, -30, -138, -4, -98, -70, -102, 222, 108, -150, 36, 84, -40, 204, -134, 60, -36, 24, -134, 74, -26, 160, -14, -82, 258, 92, 38, -112, -202, 26, -12, 82, -8, 110, 46, 64, -86, 150, 64, 60, -142, 122, 96, 236, 44, 244, -78, -94, -28, 88, 74, -80, -72, -166, -124, -72, -182, -28, -76, 142, -350, 22, -178, 96, -26, 134, -30, 24, 178, -140, -62, -140, 160, -102, -88, -196, 84, -224, 24, 66, 138, 96, -42, 46, -198, -86, 148, -42, -142, -90, 4, -118, 2, 44, 36, 92, -62, 116, 42, -106, 46, 200, -76, -14, -58, 32, -8, 8, 98, -140, 142, 14, -164, -206, -12, 32, -224, 28, -14, 302, 0, 130, -44, 56, -26, 168, 142, 228, 146, -420, -150, 146, 36, 44, 116, 30, -210, -150, -178, -162, 14, 84, 196, 270, 64, -74, -148, -2, 130, -34, -40, 44, 50, -46, -52, -20, 28, 96, -200, -226, 64, 18, -136, -102, -180, -128, -62, 48, 230, -74, 118, 196, -34, 34, 104, -200, -60, 290, 198, 6, 24, 70, 230, 202, 110, 64, 120, 4, -80, 230, -82, 84, 44, 162, 108, 96, -62, -52, -72, 22, -94, -6, -50, 78, -26, 220, 108, 246, 46, 156, -84, 170, 90, -86, -96, 162, 92, -102, 106, 280, 156, 70, 104, 36, -202, -52, -4, 56, -306, -104, 126, 94, 36, -34, 24, -118, 116, -42, -32, 36, -200, 136, 132, 194, 38, -206, -226, 74, -268, 0, 86, 64, -30, -116, 34, 152, -26, -106, 106, -92, 70, -166, 206, 60, 52, -100, 92, -204, 138, 42, -126, -144, -70, 94, -214, -212, -120, 62, -30, -198, -126, -4, 136, 14, 24, 84, -112, -58, -138, 126, 28, -70, 16, 12, -38, -170, 110, -102, 110, 20, 118, -14, -160, -78, 22, 206, 130, 20, -46, -82, -152, 30, -320, 50, -98, 56, -210, 46, -48, 108, 74, 48, -14, 110, 104, -214, -28, -138, 58, 122, 70, -72, 94, 54, 258, -10, 104, -128, 236, 100, 96, -28, 286, -218, 266, 76, 152, 138, -4, 32, -86, 320, 108, 56, 24, -42, -70, 268, -126, 184, 50, 316, 64, 28, -140, -168, -74, 206, 80, 118, 140, -94, 48, 46, -96, 20, -294, -122, 26, 80, 48, -38, -156, -138, 28, 76, 22, -18, 0, 32, -264, -236, -52, 36, 106, 56, 92, -100, 12, 220, 136, 86, 52, 126, 114, 116, -18, 50, 170, -244, 52, -82, 88, -130, 180, -124, 100, -130, -34, 90, 38, 28, 60, -2, 16, 144, 108, -60, -4, -40, 98, 14, 40, -256, 72, -138, 98, 136, -134, 58, 232, 60, -14, -50, -24, 170, 64, 120, -98, 86, 96, -42, 106, 210, 94, -56, 152, 118, -56, -66, -52, 60, -68, 148, -98, -276, -376, 24, -156, 132, 56, 14, 176, -20, 40, 78, 14, 48, -100, 106, 314, 106, 6, 90, 
68, 90, -30, 96, 128, -82, 30, 30, 92, -86, 66, 36, 60, -16, -128, 188, -14, 62, 6, -24, -4, 54, 142, -230, -168, 176, -14, -178, -44, -96, 240, 6, 34, -24, 32, -102, 88, -36, 32, 110, -222, 32, 212, 200, 68, 100, 76, 14, 94, -122, 130, -68, 244, -54, 120, 50, 48, 18, 64, -86, 16, -82, 302, 50, -20, -130, -12, 56, 174, 198, -28, 212, 118, 36, 280, -100, 166, -172, 232, -26, 82, -58, 52, -204, -36, 146, 78, 100, -16, 90, 4, 192, -6, 194, 88, -164, -118, -48, 2, 90, 268, 276, -42, 134, 144, 168, 138, 44, -276, 178, -248, -160, 38, -204, 220, 100, 26, 126, 56, 14, 136, 96, 100, 80, -56, 204, -68, -160, 102, 226, 28, 102, 170, 24, 172, -196, 80, -132, 78, 14, -28, -34, -64, -102, -158, 414, 52, -160, 56, 10, 146, -42, 86, 88, -28, 78, 66, -66, -72, 6, 140, 172, 174, 26, -78, -48, 2, 172, -14, -22, -28, 86, -102, -148, 62, 154, 262, 30, 104, 58, 294, 124, 210, -84, -118, 96, -200, -140, 74, -30, -196, 84, 106, 8, -8, 56, 176, -106, -222, 82, -88, 104, -54, 96, 172, -198, 6, 126, 152, -104, 102, -88, -90, 136, 154, 46, 138, -30, 88, -198, 24, -116, 248, -182, -56, -8, 234, -104, -288, 20, 34, -82, 22, 20, -32, 60, -10, 184, -60, 76, 204, -42, 18, 56, 280, 108, -92, -28, -28, 168, -52, 208, -136, 16, 140, 26, -100, 80, -16, -100, 264, 98, 340, -22, -30, 158, -54, 134, -36, 144, -114, -98, 140, 56, -116, 124, -140, 136, -174, -64, -74, 98, 64, 60, -268, -46, 114, -40, -12, 34, 18, 140, 50, -112, -54, 206, -74, 24, -80, -4, -112, -270, 218, 190, 262, 4, -8, -46, -30, -136, -22, 158, 32, 54, -92, 10, -168, -30, 166, 8, -80, -100, 4, -52, 114, 114, 168, -124, 276, 36, 88, 10, 238, 190, -34, 0, -120, -38, 68, -8, -66, 176, 62, 368, -64, -24, -30, 82, -70, -80, 10, 132, -154, 104, -180, 90, 46, -28, -78, 346, -174, 60, -20, -288, 106, 180, 214, -30, 102, 96, 208, 82, -80, -108, -22, -140, 100, -44, -66, -10, 138, 168, -120, -302, 8, 24, -156, 142, 20, 62, -18, 86, 330, 52, 190, 62, 24, -10, 66, -32, -10, -142, 148, 86, 180, 46, 400, 154, 220, 32, 18, 144, -4, 28, 148, -170, -28, 6, -54, -90, -60, 82, -44, -18, -4, 174, -136, 226, 6, -134, -100, 88, -196, -2, 142, -46, 130, -92, 18, -32, 82, 36, -156, 40, 102, 140, 86, 100, -82, 292, -166, 200, -38, -76, 210, 154, -76, 64, -70, 186, 178, -172, 4, 112, 152, -202, 184, 88, 40, -172, 134, 152, 14, -258, 104, 58, -88, 46, 166, -70, -22, 234, 274, -104, 46, -64, 42, 102, -244, 20, 30, 34, 162, -170, -86, -66, -220, -104, -146, -54, 
-134, -24, -106, -100, -42, 4, 176, 94, 86, 96, 78, 94, 26, 64, -20, -138, -112, 24, 154, -112, -22, 108, -150, 150, 282, -78, -20, 0, 224, 120, -2, 42, 242, 270, -210, 302, 192, 12, -4, -64, 166, 140, -110, -260, -68, -160, 8, 26, 70, 120, 178, -40, -360, 116, -52, -224, -94, 116, 94, 12, 186, 68, -198, -10, 12, 178, 108, -52, -168, -82, 6, -96, 76, 178, -238, -172, -10, 28, -56, 72, -142, 42, -34, 322, 50, -6, -8, -110, 172, -100, 46, -280, -70, -204, -144, 248, 150, -40, 78, 96, -62, -82, 136, 64, -168, 86, -222, -140, 108, -232, 190, 96, -28, 86, 36, -24, 54, 56, -108, 0, -148, -64, -166, 8, 174, -274, 64, 200, 42, -38, 158, -86, -272, 50, -118, 56, 20, 220, -280, -24, -192, 158, 70, 134, 90, -116, -70, 128, -70, 18, -120, 228, -52, -234, 48, 78, 58, 210, 138, 0, -258, -158, 174, -36, 162, 132, -82, -38, 202, -42, 128, -198, -140, -52, 44, -254, -54, 218, 10, -8, -236, -148, 72, 186, 86, 10, 280, -42, 52, 92, 242, -122, 42, -32, -8, -76, -90, 142, 82, -22, 96, 52, -90, -6, -116, 100, 144, 0, -184, 138, -120, 74, 134, -230, 40, -36, -34, 68, -22, 202, -54, -14, 56, 56, 20, 10, -160, -34, 214, -12, -98, 66, 22, -38, -124, 164, -12, -148, -136, 116, -36, 60, -58, -116, -154, -66, 134, 192, 32, -142, 2, -236, 128, -138, 62, -82, -130, 6, -52, 150, -164, -98, -274, 14, 100, -134, 168, 100, 86, -192, 262, 156, -200, 44, 296, 46, 136, -26, 128, 188, 154, -74, 22, -132, 80, 8, 162, -74, -240, 114, 128, -138, 34, 72, 26, -152, 74, 32, 76, 226, 28, 320, -28, -24, -160, 8, -38, 92, 68, 48, 126, -176, 4, 12, 74, -8, 58, 116, -30, -8, -32, -70, -130, -46, 210, -84, 148, 226, -260, 196, -248, -60, 56, -52, 228, 172, 78, 18, -86, -70, 116, -172, 92, -40, 34, 146, 154, 94, -4, 72, 42, -28, 244, 38, -34, 62, -76, -36, -20, -118, -104, 8, -78, 58, 54, -234, 114, -40, -170, -58, -168, -230, 136, 74, 178, 54, 48, 128, -118, -94, -42, -74, 170, 422, 74, 118, 192, 4, -34, -48, -58, -4, -458, 0, 10, -84, 64, 52, -2, -134, -58, 326, -82, -2, -30, -10, -198, -160, -132, 64, 148, 112, 30, -110, -174, 156, -104, 60, 170, 180, -10, -56, 82, -32, -44, -24, 336, -264, 70, 190, 202, -6, 20, -18, -28, 16, 0, 148, 34, 16, -234, -102, 36, -12, -168, -94, 102, 40, 200, -134, 360, -128, 70, 40, -288, -156, 106, 40, -190, 76, -136, 152, -108, 192, -114, 380, -312, -2, 6, 134, -154, 132, -160, 454, -98, 30, 112, -118, -64, 14, -106, -116, -156, 258, -98, 160, 118, -170, 200, -106, 44, -2, -178, 216, -126, 82, 298, 34, 56, 64, 
160, 82, 32, 120, -38, 4, 20, -164, -124, 202, 112, 144, 46, 0, 48, 118, 2, 52, -226, 42, 146, -90, 254, -86, -28, 32, 156, 202, -112, -178, -154, 236, -46, -128, 16, -136, -6, 94, -110, 118, -36, -52, 224, 106, -122, 100, -26, -70, 32, -64, 128, 70, 382, -176, 154, 106, -106, 28, -116, -70, -200, 66, 2, 50, -46, -114, 64, 38, 136, 90, 0, 140, -44, 84, 114, 174, -48, -140, 88, -68, 74, -44, -224, -362, -44, 194, 52, 208, -252, 240, -116, 324, 12, 154, 70, -60, -150, -4, 154, -68, 48, -20, -228, 134, 166, 10, 62, 168, -104, 164, 112, -210, 2, 172, -58, -164, 120, -74, 240, 42, 152, -234, 102, 18, -144, 266, 180, 34, -128, -96, -106, -36, 190, -74, -54, -154, -30, -76, 330, 142, 90, -400, 24, -102, 50, 48, 146, 0, 198, 6, -86, -90, 2, 94, -86, -52, 70, -138, -50, -20, 324, 64, -114, 116, -122, 30, 260, 76, -46, -42, -148, 58, 16, 224, -64, 294, 68, -8, 136, 164, 242, 118, 48, -190, 60, 222, -316, 190, -146, -2, -60, -118, 56, -22, 174, 266, 8, -292, 38, -26, -10, 106, 10, 2, 208, -186, -34, 18, 238, 46, 260, 60, -114, 146, -198, 46, -34, 92, 8, -302, 230, -74, -180, -252, 0, -40, 90, 98, -262, -122, 206, -132, -8, 98, 212, 0, -16, 234, 110, -44, 116, 2, -58, 0, -24, -12, -146, 26, 76, 92, 176, -24, -12, 94, -32, 96, 74, 134, 132, -98, 144, 6, 294, -148, -40, -26, 20, 34, -148, 224, -84, -10, 200, -68, -86, -78, 154, -150, -38, -182, -58, 232, 246, 36, -136, 56, -172, -32, 300, 74, -212, 120, -118, 4, 80, 256, 180, 126, 78, -36, 12, -68, -18, 176, 124, 6, -48, 62, -140, -2, -92, 30, 70, 18, 30, -24, 174, -150, -86, -116, 240, 32, 52, 32, 74, 126, 36, -268, 402, -180, -110, -206, 82, 110, -34, -112, -32, 120, 132, -16, 82, 58, -82, 106, 24, -132, -48, -14, 208, -136, 48, 40, 16, -32, 128, -20, -6, 42, 74, 66, 170, 26, -26, -190, -124, 140, -112, 42, 154, -74, -34, 210, -174, 40, -138, 130, -64, -174, 122, -104, -44, 278, -242, -370, 106, -146, -108, -82, 108, 50, -50, 150, 430, 94, 178, -36, 42, 78, -34, 82, 182, -164, 116, -58, -94, -160, 70, -38, 190, -82, -168, -24, 200, 84, 176, -22, 194, -154, -174, -18, -28, -4, -216, 22, 80, 26, -82, 122, 68, -284, -202, 54, -68, 42, 110, 140, 30, -36, 94, 108, 226, -50, -90, 248, -24, -20, 66, -128, -124, 238, -116, -20, -18, 0, 74, 122, 20, -12, -4, -140, 16, -240, 76, -232, 150, -234, 212, 96, 176, 54, 122, -6, 92, 12, 12, 24, -136, 116, 50, 4, 132, 238, 104, -54, 300, 34, 20, 156, -116, 322, 80, 8, 128, -114, -20, 80, -24, 140, 94, 76, 
-114, -130, -2, -226, 146, -22, 52, 18, 66, -100, 94, -54, -144, 156, -10, -224, -28, -2, 222, 124, -148, 42, -94, 4, -78, -32, -44, -136, 158, 118, 186, -100, -32, 72, -182, 78, -68, -120, 0, -22, 74, 92, -28, -48, 32, -8, 124, 88, -46, 36, -94, 8, -308, -72, -152, 8, 162, 18, 224, -24, -120, -82, -80, 76, 152, 138, -58, 134, -290, -12, 168, -174, -22, 34, 52, 44, -96, 304, 94, 78, -104, -118, 194, 218, 2, -214, 54, -140, 202, -96, 44, 26, 242, -76, 42, 10, 152, -186, -138, 56, -20, -134, 142, 36, -100, -14, 128, -28, 42, -86, -36, 186, 198, -72, -14, 134, 122, -68, -32, 10, -88, 96, -62, 120, 82, -300, -114, 0, 128, 46, 140, 24, -36, 12, 36, 292, -64, 14, -182, 0, -300, 308, -118, -6, -60, 78, 32, 60, -244, 102, 122, 64, -24, -108, -32, 92, 174, -74, 120, -62, -96, -108, 78, 96, 114, -10, -114, -142, 154, -194, 314, 32, 36, -136, -48, -188, -142, 272, 136, -20, -158, 76, 196, 300, 44, -50, 152, -24, 276, -58, 168, 210, -48, 84, -60, -92, 96, 142, 76, -204, 32, -98, -8, 138, -280, 48, 56, -16, -108, -112, -158, 50, 24, 10, 160, 116, 2, -120, -150, 212, -138, 130, 116, 176, -12, 56, 60, 82, 98, -54, -134, -30, 76, -54, 150, -42, 16, -204, -50, 34, -30, -42, 226, 38, 16, 100, 186, 104, 150, -136, -150, 106, -6, -26, -4, 68, 114, -46, -98, -8, -106, -52, -170, 32, -48, -104, 28, -104, -24, -86, 40, -138, -198, -100, 270, 248, -16, 356, 80, 52, -58, -160, -124, -20, 180, 62, 38, 48, 16, 92, 284, -16, 92, 88, 12, -280, -74, 28, -64, 74, -142, 70, 162, -20, -4, -2, -38, -216, 318, -40, 196, -54, 60, 6, -106, 166, -114, 108, 178, 218, -96, 86, 204, 86, -2, -44, -48, 406, -268, 26, 80, 30, -60, -136, 22, 230, 100, -144, -140, -64, 2, 4, 104, 160, 124, 182, 96, -4, -32, -114, -46, 108, 116, 130, -284, -18, -4, -168, 32, 82, -44, -44, 22, 164, 108, 20, 162, -208, 0, -20, -164, -242, 0, 18, 174, -124, 138, 218, -186, 160, 78, -36, 216, 250, 24, 178, 28, 126, -40, -32, -128, 20, -184, 22, -64, 26, -14, -100, 176, -82, -144, 110, -78, 32, 144, 266, 180, 6, -74, -50, 54, -14, 134, -162, 52, 20, -168, 216, 272, 24, -182, 46, 124, -70, 150, -88, -2, 2, 6, 300, 246, 70, 22, -10, -40, -56, 28, 80, -38, 104, -20, -20, 78, -82, 138, 240, -12, 70, 222, -150, -142, 136, 28, -56, 168, -96, -50, -2, 8, 176, 4, 198, 132, 210, -78, 56, -156, -12, -186, 82, -56, 16, -48, 128, 186, -94, 144, -102, 50, 4, 144, -8, 58, -60, -272, 156, -76, -136, 92, -314, 158, -62, 114, 50, -98, 112, 66, -234, 224, -158, 
-108, 232, -30, 44, -130, -18, 68, 116, -84, -74, -134, 38, 80, 10, -14, 228, -140, 188, -144, -122, 156, -24, -66, -204, 120, 96, 222, -52, 0, 88, -34, -136, 130, 160, -58, 156, -12, -4, 182, 22, 120, -78, 178, 146, -134, -56, -58, -42, -154, -60, 82, 216, 118, 120, 114, 58, -118, 110, 2, 2, 104, 222, 122, 52, -126, -42, 88, 36, 32, 2, -150, 224, -186, -48, 72, 182, 214, -184, -86, -12, 172, 92, -88, -10, 80, 206, 128, -10, -116, -22, 28, -4, 90, 140, 152, 56, 32, 154, 114, 48, -32, 216, -174, -82, 2, 96, 44, 112, 22, -140, 174, -176, -126, 34, 116, -124, -164, -98, -28, 134, 110, 12, -12, -102, 40, 124, -16, 20, 88, 34, -48, -62, 28, 258, -104, -78, 52, -34, 144, 30, 358, -248, 202, 92, -186, 62, 4, 172, 198, 34, 42, -108, 64, 122, -24, 74, -124, -8, -296, -32, 284, 168, 98, 76, -38, -24, 78, 154, 168, 150, -118, -114, -58, 258, 66, 86, 118, -24, -98, 8, 38, -140, -126, -112, -12, 170, 38, 168, -164, -212, -40, -102, -42, -80, -66, 164, -14, -18, 6, 70, 120, 24, 204, -12, 46, 28, 142, -10, 160, 194, 58, 82, 32, 254, -294, 64, 170, 90, 66, -70, 178, -80, -56, -208, 130, -66, -122, 90, 30, 76, 48, 164, -76, 176, -74, -158, 28, 226, 84, -218, 166, -74, -290, 12, 80, 28, -154, -52, -34, 34, 142, 10, 118, 18, 58, 46, -158, -64, 38, 160, 12, 156, 280, 54, 74, 180, -128, 144, 42, -22, 4, 116, 146, 146, -332, -104, 20, -220, 12, -8, -32, 138, 108, -12, 128, 64, -36, -144, 86, -16, -80, 160, 124, -114, -130, 138, 58, 16, 94, -162, 208, -80, -196, 34, -44, 112, 26, 138, -154, 190, -102, 4, -78, -172, 210, -80, 74, 48, -122, -80, 26, 180, -124, -70, 244, 146, 196, -408, 240, 78, -80, 120, 186, 252, 140, 108, -30, 34, 24, 8, 274, 14, 40, -84, 52, -288, -40, 62, 204, -52, 44, -6, -36, 70, 134, -96, 66, 248, 162, -104, -34, -102, -96, 160, -78, -12, -202, 176, -76, 128, 214, 350, 18, 62, -134, 216, -8, -232, 272, -140, -26, 36, 32, -12, 102, -96, -14, -94, -142, 98, -26, 32, 42, -86, 106, -210, 210, 62, -12, 34, -76, -96, 76, 116, -34, -218, -184, -124, 38, 34, -56, -266, -70, 28, 242, 52, 130, 100, -254, 182, -82, -102, -30, 86, -68, 112, -52, 72, 72, -76, -136, -94, -42, -150, 92, 162, 132, 140, -100, -12, -32, 96, 62, 114, 2, 90, 142, 98, 10, 150, 14, -112, 112, 58, -62, 132, 244, 148, -128, -38, 100, -60, -72, 16, -44, -32, 156, -42, 308, -90, 8, 144, 24, -8, -130, -180, -24, 12, -58, 30, -168, -2, -176, 162, 274, -24, 134, 110, -184, 66, 92, 274, -22, 124, 180, -62, -168, 18, -38, 150, 
36, -4, -72, 74, 220, 28, -104, -160, 38, -20, -68, -24, -216, 188, 24, -30, -42, -138, 196, -58, -162, 2, 88, -206, 90, -6, -118, 24, 134, -90, 142, -18, -34, 122, 92, -14, 182, -136, -178, 24, -180, 136, 4, -120, 36, 22, 132, 72, 78, -44, 52, -254, -28, 186, -144, -54, 192, -20, 96, 56, -68, -210, -112, 24, 40, 78, 166, 40, -14, 20, 190, 22, 310, 130, 34, -186, -234, 98, 208, 356, 38, -146, 66, -78, -56, -10, -62, -20, 92, -4, -68, 100, -160, -94, -50, -84, 18, -6, -70, -58, -26, -238, 144, 168, 6, -246, 92, -48, 76, 6, -82, 134, 68, 34, -20, 256, 68, 168, -60, -2, -96, 40, 184, 28, -54, 184, 96, 0, -72, 56, -32, 22, -74, -118, 32, -234, -8, -40, -134, -14, -206, 260, -82, -18, 124, 32, -112, -260, 36, 36, 94, -40, 88, -52, 122, 6, 92, 118, 82, 188, -154, -154, 34, -52, 44, 14, -66, 2, -76, 140, -86, 74, 76, -102, -14, 12, -16, 130, 108, 88, 102, 346, 154, 78, 138, -134, -102, -52, 244, 116, -8, 98, -86, 114, 60, -154, 36, 98, -84, 40, -142, 44, -232, 82, -74, -100, -262, -14, 192, 50, 240, -138, 42, -196, 310, -140, -152, -34, -230, 76, -86, 38, 124, 126, 88, 68, 38, 64, 6, -142, 36, -76, 68, -136, 74, 98, -58, -90, 112, 138, 96, 102, 226, 92, 46, -40, 140, -16, 62, -24, -168, 46, -6, 70, -62, 70, 116, 4, -80, -132, 52, -62, -208, 26, 96, -90, 132, -70, -2, 62, 144, -280, -62, -62, 294, 156, -166, 168, 108, 60, 102, 36, -146, 276, -66, -234, 8, 34, -18, -106, -54, -272, -144, 198, 128, -106, 80, 24, -76, 0, -90, 174, 356, -32, 56, -168, -40, -86, 220, -78, -24, 36, 28, 132, -44, 38, -100, -104, 74, 54, 108, -120, 62, 0, -128, -210, -152, 470, -140, 182, -2, 8, 100, -6, 12, 70, -64, -94, -166, 78, 34, 112, -118, 130, -12, 222, -166, -34, -52, -54, -98, -64, -64, 122, -112, 130, 56, -144, -136, 136, -216, 10, 4, -166, 44, -36, 222, -98, 32, 96, -178, -228, 68, -90, 98, -18, 76, 160, -120, -110, 34, 116, 10, 234, -74, 90, 86, -6, 96, -152, 88, -84, 36, 66, 0, 264, -138, -186, 4, 52, 150, 158, -44, -22, 28, 216, 284, 150, -166, 62, 58, 106, 146, -42, -206, -4, 80, 178, 236, 54, 292, 82, 206, 2, -58, 138, 24, -28, -108, 220, 166, 94, 86, 136, 6, 68, -82, -140, 136, -26, 90, 10, 184, -58, 174, -112, -4, 66, 20, -48, -120, -30, -80, 6, 102, -180, -136, -4, 260, -54, -34, 56, -18, 120, -60, -16, -136, -28, -144, 60, -6, -74, -174, -38, 164, 28, -112, -108, 136, 134, 40, 52, 264, 22, -266, 78, -214, -66, 258, 12, -2, -138, 150, -56, 32, -52, 180, 216, 68, -188, 
26, 108, 214, -108, -158, 36, 10, 124, 4, -12, 108, -22, 44, -26, -118, -2, -56, 26, -112, 140, 96, -148, 16, 128, 66, -86, 170, 68, 102, -78, 20, 182, 10, 198, -14, 102, 58, -60, 58, -78, 24, 18, 22, 172, 34, -18, -78, -218, -66, -80, -6, 210, 102, 32, 274, 6, 58, -32, 44, 48, 262, 178, 58, -84, -158, 32, -102, -12, 26, 212, -178, -130, -174, -178, 44, 348, 244, 74, -174, -186, 22, 70, -74, 8, 58, 88, -112, 58, 58, 284, 180, -112, 64, 198, 106, 164, -58, 28, 242, 80, 140, 242, -84, -66, 106, 326, -184, 464, 50, -84, -82, -136, 2, 96, 160, 24, -28, -130, 42, 210, 42, 110, -190, -154, -168, -20, 10, 50, -4, 94, 58, 106, 0, 152, 2, 268, -90, 48, 106, 14, 166, -60, 328, 70, -90, 104, 208, 134, 176, -48, 10, -228, 42, 174, -162, 76, 118, -30, 42, -154, 220, -20, -12, 60, -92, 124, 224, -112, -60, -236, 108, -26, -76, 196, 28, -40, 148, -48, -208, 64, -28, -134, -162, -84, -22, 32, -114, -68, -102, 6, -2, 150, 40, 118, 92, -6, 82, 20, 112, -102, 154, -108, 184, -26, 126, 260, 84, 204, -118, -10, 106, 76, 144, 276, -214, 88, 224, 6, 60, -112, 218, -168, 34, -158, 2, -198, -12, -16, 82, 96, -52, 126, 44, 152, 100, 10, 124, 130, -104, -94, -6, 78, -134, -62, -134, 220, -38, -146, 70, 88, 170, -170, 56, -98, 58, -138, 0, 68, -64, -70, -14, 26, 166, 64, -148, 144, -194, 220, -6, -140, -74, 212, 166, -176, -88, -126, 18, 106, -152, 186, 192, -262, 252, -76, 216, 90, 172, 84, 64, -156, 218, 272, 230, -180, 62, 78, -86, -38, 16, -84, 28, -186, 42, -2, 126, 180, -18, -22, 32, 50, -146, -44, -44, -108, -10, 158, 88, -2, -4, -12, -108, 126, -172, -142, 316, 12, 156, -446, 166, -64, 186, 122, -166, 122, 104, -122, -88, 126, 142, 130, -70, 86, -22, -116, 2, -156, 146, 16, 118, 48, 108, 162, 74, 104, 222, -114, 10, 110, 300, -68, -50, -28, -110, 18, 80, -108, -316, 184, 140, -110, 54, 14, 84, 208, -78, -96, -60, -56, -16, 38, 18, -80, -84, -86, 314, 36, -120, 70, -10, 154, 0, -16, -28, -4, -64, 8, 110, 20, 12, -102, -10, 86, 68, -144, -50, -164, -228, 38, 116, 60, 34, -32, -94, 128, -122, 256, 142, -28, -30, 8, -242, -78, -62, -132, 48, 28, -76, 84, 20, 66, -188, -126, -150, -190, -30, -38, 164, 106, 126, -22, -18, -38, -36, 100, -246, 114, 80, -126, 56, -22, -4, 272, 64, -134, 14, 50, 46, 110, -134, -38, 52, -38, 38, -12, 110, 46, 176, -70, 220, -22, -14, 184, 294, 16, 24, -40, 198, 14, -28, -118, -100, -66, -214, -144, 360, 34, 250, -102, -182, -18, 114, 54, -138, -114, -122, 8, -168, 138, 80, 262, 
56, -24, -6, 26, 156, -62, 10, 10, -28, 86, -16, 172, 66, -6, 102, 142, 274, 32, 144, 226, -96, 166, -88, 38, -138, -30, 10, 32, 4, 2, 158, 156, 22, -146, 30, 98, -170, -14, -272, 48, 70, 94, 82, -140, -88, 58, 12, 270, 222, 32, -26, -192, 0, 126, -96, 102, -4, 204, -86, -94, -12, -124, -192, 132, 70, 120, 176, 18, 156, -104, 80, 60, -50, 44, -238, -296, -40, -106, 144, 82, -8, -14, 64, -106, 52, -122, 140, 12, -12, -242, -154, -6, -22, -154, -244, -4, 222, 104, 52, -32, -32, -108, -2, 28, 90, -316, 296, -44, 138, 16, -32, 236, 162, 234, -234, 58, -90, 66, -80, -70, 26, -170, -60, 28, 184, 64, 56, 0, 218, -166, -40, -234, 56, 22, -44, -302, 98, 12, -20, -96, -84, 72, -202, -68, 280, 24, -68, 54, -24, 50, -122, 16, -14, -40, 82, -260, -56, -86, -194, 86, -246, 74, 86, -172, 14, -58, -210, 34, -72, 120, -36, -44, 218, -238, -160, 4, -86, -12, -18, 108, -14, 50, 154, 180, -34, 110, 194, -20, -44, 132, 66, -170, 132, -128, -144, 152, 32, 252, -170, 230, 22, -6, -40, -80, -172, -72, 24, -150, 102, -76, 0, -116, -52, -58, 146, -8, -98, -44, 34, 92, 44, 246, 96, 48, 42, 280, 258, 128, 8, 60, 96, -52, 274, 38, -8, -24, -92, -42, 180, 56, 132, -154, 132, -62, 144, -84, 228, 126, -20, 54, -214, -46, 128, -76, -52, 202, 24, 0, 198, -50, -90, 18, -190, 194, 132, 6, 98, -128, -44, 118, 26, -82, -208, 208, 136, 280, 104, -102, 150, -160, -114, 152, -110, 98, -142, -10, -110, -84, 30, 24, 206, -152, -76, 138, -8, -56, -6, 54, -64, 148, -44, 190, 42, 142, -104, -170, 46, -30, 10, 50, -74, -52, 156, 92, -34, -34, -224, 142, 70, 192, 182, 62, 232, 178, -78, -20, 82, 254, -74, 64, -182, -118, -172, -124, -198, 52, 54, 122, -116, 62, 218, 112, 26, 50, 82, 26, -112, 124, -54, 176, -4, -24, 86, 140, 76, 114, -58, 0, -132, 148, 84, 100, 34, 0, -42, 126, 86, -308, -108, 86, 104, -134, 118, -72, 24, -50, 134, -18, -70, -66, -198, 190, 88, 68, -214, 246, 88, -330, 138, -200, 218, -70, -86, 172, 176, 114, -26, 32, 152, 234, 38, 144, 238, 236, 4, 204, 0, 182, 30, 78, 28, 26, 66, -74, 178, -238, -222, -92, 68, 164, 250, -38, 32, 86, 30, 30, 16, -200, -22, 26, 260, -106, 6, 46, 86, 144, -70, 8, -80, -14, 70, -34, -50, 52, 94, -272, -20, 42, 24, 96, 16, -166, -126, 260, 226, -10, 90, -118, 20, 92, 144, 116, 174, 74, -12, -148, -22, -32, -170, -26, 118, -62, -92, 66, -26, -72, -4, 204, -24, 8, 42, 62, 258, 122, -68, -216, -42, 350, 224, 176, -98, -16, 114, 192, 114, 114, -6, 60, -116, -176, 
-44, -80, 70, -122, 14, 70, 18, 58, 24, -4, 14, 92, 46, 12, -128, -108, -252, -94, -10, -354, 14, -66, 182, -40, 334, -62, -18, 138, -82, -132, -218, -160, -20, 156, -166, -160, 36, 172, 364, -30, -108, 148, 18, -22, -38, -164, 34, -186, -200, -56, 92, 120, 32, 170, -38, -118, -110, -286, 86, 150, 36, -32, 184, -32, 72, -42, -28, 94, -130, -10, 96, -40, 52, -146, 232, 358, 26, 116, -14, -20, -32, 182, 10, 150, -120, 42, -40, -96, 84, 258, -20, 46, -74, 270, 238, -162, -222, 18, -144, 178, -44, 98, 6, -100, -84, 494, 8, -54, -94, 80, 208, -206, -108, -258, -52, -42, 4, 96, -36, -116, 88, 108, 216, 42, -12, -112, -104, 32, -192, 74, 102, 254, 76, 2, -174, 118, -62, -12, 80, 162, 206, 54, 60, 72, -132, 16, 158, -152, -190, -72, 230, 182, -90, -14, -16, 220, -134, 40, -138, 6, 118, 62, 38, 264, 64, -44, 240, -106, -82, -114, 206, -170, -110, 112, 2, 72, 60, -10, 56, 110, 0, 4, -166, -126, 24, -154, -144, -24, -24, -102, 112, 40, 62, -44, 116, -206, -14, -248, 166, -242, -80, 102, 144, 8, 390, 6, -60, -22, -154, 4, -54, -16, 82, 76, -94, 26, -180, 76, 266, 68, -258, -346, 66, 78, -14, -110, -88, -2, 144, 50, -132, -46, -128, 48, -198, 60, -20, 34, -50, 32, 134, 196, 100, 194, -24, 132, -228, 32, 110, 70, 176, -114, 4, 148, 14, -234, -256, -72, -28, 16, 76, 124, 204, -60, -232, -32, -84, 216, -126, -46, 84, 172, 160, -30, 56, -78, 18, 266, -34, 132, 26, -60, 38, -62, 138, 118, 84, 120, 56, -178, -50, 106, -228, -94, 152, 28, 22, 38, 94, 90, 20, -104, -4, -294, 44, -60, -90, 98, -82, -92, 46, 146, 10, 140, 48, 108, 292, -52, -130, 48, -224, -80, -144, -38, 66, 232, -50, -34, 268, -114, 64, 106, 38, 134, 180, 90, 50, -204, 120, 74, -292, -120, 86, -30, -14, 58, 182, 166, 16, -6, 158, 82, 140, -36, 28, 88, 94, 16, 88, -132, 20, -86, 230, -28, 206, -44, -98, 244, -22, -224, 36, 200, 32, 108, -12, 204, 34, -56, -122, 116, 42, -190, 50, -192, 200, -336, 132, 230, -178, 268, -170, 102, -24, -136, 0, -62, 8, -28, 48, -170, 76, -18, -122, -92, 52, 22, 30, -84, 176, -192, 176, 64, -72, 48, 14, 202, -42, 116, 160, -104, -210, 190, 182, -90, 84, 288, 28, 18, -106, -154, -124, 194, 68, 10, -110, 10, 80, 92, 24, -108, 52, 90, 92, 60, -102, 272, -26, -68, -22, -114, -102, -10, 54, -130, -56, -22, -162, 122, 190, 56, -168, -104, -48, -170, -184, 150, 24, 134, 170, 36, -208, 136, 54, 70, 338, 160, 96, -172, 20, -70, 18, 28, -68, 174, -48, 126, -6, 66, -186, -114, 156, 172, -44, -66, 82, 104, 74, -32, 126, 94, 
-54, 154, 126, 34, -74, -74, 170, 166, 4, -4, 48, -194, -74, -80, 108, 314, 214, 12, 40, 340, 96, -62, 28, 88, -244, -94, 6, -18, -4, 206, 74, 142, 192, -132, 302, 68, -142, 4, -74, -58, 172, -78, -98, 202, 60, -64, -4, 66, 46, 6, 10, -30, -42, -14, 64, -76, 120, 186, -204, -220, 90, 158, -6, 10, -98, -92, -34, -76, 48, 122, 80, 152, 208, 120, -152, -172, 28, -84, 118, 26, -10, -48, -76, 32, -30, -72, 74, 218, 10, -120, 46, -122, -166, -120, -226, 30, 134, 198, 154, -4, 212, 152, -38, 90, 304, -374, 148, 136, -36, -40, 4, 304, -52, 112, 50, 52, 46, -72, 42, -12, -64, -134, 16, 24, 16, 232, 206, 66, 296, 184, -134, -218, -14, 210, -16, -50, 54, -212, -114, -38, 6, -238, 138, -20, 274, 42, 8, 340, 242, 34, -160, -104, 142, 170, -30, -48, 150, 24, 48, 54, -124, 68, -4, -200, -74, 170, 110, -60, -46, 88, -74, 236, 218, 110, -20, -4, 142, -86, 54, -80, -92, 36, 252, 28, -64, 12, -44, -42, 176, -242, 64, -8, 64, 224, 56, 72, 78, 142, -234, 228, 6, -136, -48, -18, -64, 164, -138, 78, -38, -6, -36, 68, -58, -14, 4, 52, 128, -114, -134, -74, 390, 220, -100, -188, 130, 90, 6, 4, 16, 124, 100, -4, 120, 0, 74, -96, 176, 64, 52, 104, -6, -222, -96, -202, 60, -22, 4, 38, 106, -62, -38, -14, -2, -192, -12, 86, 24, 82, -116, 116, 94, 92, -18, 68, 288, 108, 114, -208, 82, 268, 44, 16, -144, 106, 94, 102, 20, -18, 62, -46, 46, 250, 54, -44, -44, -14, -14, -160, -26, 78, 12, -140, 22, 92, -220, -282, -88, 64, -222, -104, -186, 166, 120, 56, -124, 260, 96, -12, 60, 84, -112, -218, -106, -158, -58, -238, -114, -66, 110, -152, 62, 192, 280, 104, -112, -26, 86, 40, -108, -36, -42, 106, -2, -82, -156, -86, 236, 84, -38, -152, 178, -12, 106, -10, 266, 38, 40, -76, -62, 86, 50, 106, -254, 50, -6, -70, 76, 136, -152, 70, 32, 22, -68, 206, 134, 146, 208, -188, 50, 234, -16, 24, -134, 30, -18, -116, -214, 182, 58, 62, 118, 68, 30, 16, -56, 268, -42, -80, 114, -82, 32, 66, -16, 50, 204, 26, -96, -90, -144, 96, -158, 132, 166, 82, -174, -170, 208, 100, -234, 162, 4, -112, 10, -36, -26, -10, 74, -90, 32, -140, 276, 22, 36, 132, 20, -258, -48, 226, 128, 184, 8, -82, 160, -50, 54, 0, 64, -46, -52, -40, -50, -202, -90, 36, 170, -30, 148, 114, -94, 82, -4, 26, -76, 314, 122, 0, 192, -22, -174, 66, 196, 250, 124, 84, 250, -262, 66, -10, -76, -20, 108, -86, 176, 44, -140, -74, 38, 118, -82, -50, 92, 30, 122, -8, 58, -110, 48, 104, 204, 82, -46, -170, 20, 64, 18, -28, -50, 30, -8, 66, 
-30, -18, 60, 34, -70, 22, -118, -230, -54, -26, 142, -34, 40, 362, -188, -20, -174, 104, -86, -226, -58, -26, 98, -38, 152, 140, 82, 10, 126, -150, 12, 12, -66, 80, -194, 18, 38, 30, 62, 68, -24, 26, -72, -188, -74, 84, 68, 16, -94, 26, 36, 108, 48, 56, -70, 68, -52, 62, 110, 284, 82, 44, 162, 68, 144, 90, -40, 92, -190, -8, 34, -110, -102, -48, -20, 194, 50, 218, -32, -32, 136, 36, 174, -34, 80, -30, -100, -82, -94, 150, 64, 92, 170, 140, 198, -18, -96, -144, -142, -2, -152, -168, 134, -90, -146, 254, -190, 40, -38, 90, -88, -98, 158, 122, 60, 84, 34, -46, 144, 262, -34, 292, -20, -4, 58, -456, -102, -134, -58, -216, 72, 142, 204, 80, 110, 38, 42, 190, 198, 226, 70, 132, -86, -10, -178, 12, 160, -66, 8, -178, 50, 208, 70, -18, -34, -2, -120, 252, -28, -176, 50, -238, 50, -48, 100, -148, -74, -76, -134, -224, 164, -116, -104, 64, 82, 36, -158, 82, 70, 164, -50, -32, -278, 136, 120, 32, 42, 44, -74, 142, 90, 8, -22, -42, -62, 172, -128, -20, 250, -174, 50, -48, -84, -26, 108, -44, 282, -116, 176, -104, 2, 104, 30, 4, 268, 62, -8, 130, 70, 144, -234, 50, 6, 78, -28, 84, -54, -66, -36, -40, -84, -6, 62, 84, 18, 126, -132, 94, -64, 202, -270, -82, 140, 416, 66, 200, 40, 238, -106, -58, 144, -116, -46, 546, 98, 146, 64, 162, 18, -150, -60, -36, 164, 34, -132, -128, -112, 132, -62, -144, 100, 16, 150, -158, 112, 84, -34, 62, -10, -70, 84, -132, 50, 174, -90, -46, 98, 188, 2, -128, -78, 308, -150, 74, 22, 366, 24, 14, 186, 192, 194, -142, -34, 6, 172, -18, -44, 78, 32, 2, 54, 224, 14, 208, 174, 82, 174, 90, 64, 70, -156, 38, -100, 26, 138, -40, 78, 82, 98, 158, 124, -72, -64, 74, 168, 166, -138, -154, 224, 122, -128, -30, -166, 8, -78, -142, -150, 2, -78, -40, 36, -226, -56, 336, -112, 50, 186, 20, 50, -50, -104, -26, 72, -78, -18, -54, -38, 108, 2, -64, 96, 166, 142, 104, -24, 250, 294, 0, -112, -64, -226, 26, 36, -10, 60, -168, 156, 114, 0, 154, -48, -62, -78, 14, -194, 104, -158, 92, 194, -190, 56, -36, 80, 22, 4, 230, -272, 144, 192, -92, -54, 38, -8, -108, -10, 70, 60, 110, -28, 280, -108, -8, 84, -12, 246, 336, -16, -92, -68, -142, -124, -36, -138, 62, 88, 80, -16, 118, -18, 72, 70, -8, 88, -184, -106, -26, -64, -16, 36, 42, -108, 74, 94, -182, -38, -56, -330, 18, 168, 12, -22, -292, -34, -76, -224, 120, -32, 176, 4, -172, 72, 52, -92, -38, 100, 68, -54, -136, 232, 64, -12, -72, -112, -30, -28, 14, -86, 76, 12, -42, -40, 46, 104, -70, -132, 6, 10, 80, -10, 6, 
58, 154, -36, 164, 20, 238, 122, 170, 4, -106, -78, 176, -102, -178, 152, -18, 120, -78, -64, 158, 126, -72, -74, 28, -114, -2, -76, 88, -84, 38, 72, -58, 110, 8, 346, -74, 8, -98, -80, -60, 52, 186, 2, -10, 64, 56, -146, -122, -70, 108, 166, -118, -84, 118, 86, 68, -12, 42, 20, -190, -216, 96, -72, -66, -76, -212, -34, -88, 160, 22, -260, 140, 220, 154, 26, -160, 272, -142, 78, -26, -194, 0, 94, 322, 54, 70, 62, 182, 180, -56, -118, -6, -136, 28, -138, -86, 228, 126, 152, 150, 116, -12, -270, -58, 10, -168, 126, 146, 142, -48, 40, 272, -130, -36, 120, 104, 46, -86, -114, -198, 122, -172, 216, 210, 68, 268, 140, 168, -72, 124, 18, 24, -204, 14, -48, 22, 112, -132, -42, -180, 56, -156, 34, 86, 78, -42, -102, 84, 144, 66, -136, -116, -8, -44, 4, 240, 186, -30, 52, 2, 176, 110, -50, 66, -130, 40, 30, 98, 16, 136, -20, 58, 224, 74, -28, -38, 138, -56, 18, -18, 66, -118, 112, -42, -290, 198, 182, -28, -4, -168, -36, -28, 170, -38, 248, -34, 8, 194, -108, 94, -164, 174, 48, 144, -134, 82, -220, 108, 76, 248, 70, -78, 264, -166, -88, -194, 26, 14, 80, 50, 120, -142, 28, -24, 8, -148, -6, 84, -80, 12, -66, -112, -18, -136, 78, 74, 40, 52, 68, -198, 396, -10, 54, -280, 178, -80, -72, -44, 164, 96, -14, 136, 8, -182, -74, 112, 182, -158, 58, 134, 20, -36, -44, 42, 234, 10, 68, -300, 170, -22, 12, -50, -8, 172, -54, 52, 192, -12, 28, 252, -236, -120, 238, -270, 174, 138, 156, -226, 66, -34, 158, -280, 84, 52, -254, -108, 84, -170, -40, -146, 46, 24, -130, 54, -124, 50, 42, 28, 32, -114, 10, -30, 84, -44, 100, -80, 66, -38, -218, 24, 296, 90, 10, 120, 2, -52, 36, 86, -68, -104, -106, 256, 22, -50, -86, -246, 176, 44, 0, -36, 150, 24, 212, -4, -22, 70, 72, -40, 156, -128, 58, 38, -56, -228, 64, 200, -64, 222, -152, 108, 248, 182, -150, 238, 170, -30, -62, 50, -38, -90, 0, -60, -134, 162, 230, -12, -120, -124, 74, 98, 288, 82, -56, -160, 210, 184, -114, 50, -48, -10, 60, 62, -48, 92, 102, 116, -116, -110, -216, 66, -102, 196, -204, -64, -62, -210, 172, -78, -6, 92, 64, 24, 100, 268, 120, 88, -178, -90, 110, -140, -14, -176, -136, -90, -80, -42, 44, 2, -28, 14, 34, -88, 88, -88, -142, 62, 30, -80, 174, -132, -4, 64, -94, 104, 12, -2, 126, 92, -44, -206, 192, 14, 86, 104, 6, 28, 384, 278, -122, 34, -190, 200, 68, -38, 142, 26, -28, -118, -140, 26, -80, 46, 122, 200, 0, -20, 42, 126, -310, 132, 32, 84, 166, -160, 192, -176, 228, -70, 36, 76, 130, 78, 166, 26, 130, -10, 32, -20, 156, 34, 
-36, -50, 150, -148, -86, 10, 34, -128, -102, 96, 98, -42, 50, 272, 14, 80, -48, -56, -74, -146, -18, 32, 24, 36, 184, -36, 170, -20, 114, -16, -34, 68, -236, -20, -128, 18, -16, 108, 46, 82, 70, -204, 16, -6, 76, 30, 192, 68, 152, -36, -120, -66, -38, -102, -82, 24, -124, -232, 130, 366, 262, 320, -110, -74, 80, 228, 122, 130, -296, 2, 142, 30, -116, 52, -168, 268, -262, 184, -28, -78, 92, 170, -30, -402, 2, 4, 66, -64, -66, 164, 112, -40, 290, -84, 140, 338, -294, 0, -52, -170, -40, -76, 242, 6, 30, 50, -124, 122, -2, -186, 20, -428, 84, 40, -20, -110, -96, 286, 34, 230, 2, -34, -236, -244, 26, -306, 18, 14, -4, -138, 6, 28, 72, 130, 146, 30, -68, 338, 24, 142, 36, -22, -124, 82, 98, 56, 92, 90, 6, -180, 24, 144, 108, -54, -98, -62, -224, 80, -64, -160, 4, -152, 202, 12, 240, -6, 80, 240, -122, -116, -2, 102, -136, 102, -108, -112, 26, 4, -150, 0, 14, 88, 54, 140, 234, -38, -96, 156, 36, -84, -18, -70, -132, 142, -50, 78, 0, 96, 90, -16, 76, -68, -156, -122, -100, 74, 304, -60, 200, -96, -112, 76, -256, -22, 98, -26, -6, -40, -88, 82, -62, 84, -28, 78, 126, 58, 10, -152, 54, 88, 6, 152, -120, 68, -30, -104, 82, 72, -44, 364, -274, 66, 128, 388, -58, 202, -22, 168, -166, -138, -92, 94, 82, 204, 258, 60, -20, 218, 4, -140, 62, 120, 166, -60, -100, -44, 76, 296, -194, 110, -192, 54, 48, -160, 4, -124, -76, 100, -34, -94, 68, 62, -130, 86, -68, -122, -194, 174, 34, 50, 42, 326, 72, -52, 178, 226, -88, 228, 96, 122, 210, 274, 136, -102, -74, -54, -52, 226, 92, 158, 24, 126, 8, 280, 0, -40, 114, 52, 222, -40, -142, 48, 216, -100, 48, 174, 76, 192, -58, -10, -102, -100, -14, 36, 68, 222, -146, 68, -48, 30, 10, -50, -60, -138, 32, 30, -12, 184, -18, -4, -18, -88, -48, 88, 76, 16, -38, -82, 202, -156, -112, 0, 94, -90, -104, 88, -172, 154, -20, 110, -26, -80, 146, -50, -190, -130, 48, 54, 86, 44, -102, -98, 142, 222, -86, -86, 304, -40, -8, -10, 54, 48, -148, -104, -20, 168, 94, 288, 208, -58, 128, -98, 84, 50, -4, 88, 12, -16, 46, 192, -30, -94, 0, -88, 34, 86, -68, 158, 116, 74, -90, 380, 56, 240, -20, 246, -2, 4, 36, 112, -82, -86, -102, 120, 96, -168, -42, -40, -192, 164, -28, 160, -14, -122, 0, -46, -28, 84, 134, 180, -112, 140, -140, -68, -90, 54, -432, -112, 48, -78, 96, -296, -42, 112, -174, 178, 50, 126, -18, 34, -34, 54, -142, -118, -182, 260, -62, -76, 278, -68, 10, -192, 58, -70, -70, 234, 2, 150, 74, -124, 98, 236, -178, -28, 48, 52, 20, -64, -116, 74, 
50, 56, -314, 52, 78, 74, -102, -132, -16, 104, -246, -64, -126, -112, 68, -36, 46, 72, 132, 328, 70, -44, -32, 216, -92, 186, -72, -18, -146, 40, -98, -54, 72, 110, -84, 26, 46, 80, -120, 26, -80, 226, -42, -128, -42, -78, 102, -74, 2, 14, -28, 160, 200, 224, -92, -18, 168, 268, -268, -270, -256, -104, 70, 132, -144, -262, -134, -74, 98, -12, 194, 72, 134, 82, 186, -314, 328, 138, -4, -148, -14, -160, 64, 40, 18, 134, 140, 140, 80, -110, 4, -32, -142, 80, -62, -50, 250, 108, 244, 176, -40, -10, -148, 10, -86, -132, 108, -170, 166, 286, 102, 188, -138, 108, 144, 96, -12, -262, -70, -78, 194, 118, 130, 174, 8, 108, 166, -52, 146, 96, 30, -58, -78, 8, -114, 56, 112, -46, 106, -136, -78, 100, 20, -70, -14, 122, -152, -98, 150, 40, 24, -70, -28, 78, 242, 6, 114, 42, 162, 326, 162, 194, -32, 68, -132, 80, 56, -42, 48, 50, 278, -38, 216, -116, 84, 92, -36, 72, 22, 124, 68, -90, -96, -24, -106, 200, 146, -88, 8, 98, -116, 34, -76, -48, 102, 34, 172, -218, -118, 64, -130, -84, 260, 134, 106, 12, -200, -148, -216, 150, -20, -52, 76, 2, -134, -36, -102, 138, 104, 182, 240, 22, -10, -110, -128, 28, -10, 192, 106, -108, -100, -104, 66, 54, -102, 12, -152, 10, -84, -76, 92, 100, -46, -232, -2, -140, 168, -156, 74, -24, 58, 42, -48, -268, -256, 6, 150, -316, 68, 218, 46, 186, 10, 82, 12, 124, 64, -278, 126, -168, 228, 126, 4, 190, 106, 88, 168, -174, -36, 100, -24, 10, 226, -12, -44, 46, 42, 8, -94, -48, 224, -150, 32, 70, -266, -118, 94, -312, -54, -24, 38, -20, 2, 16, -40, 60, 92, -220, 42, -70, -142, -74, -106, -186, 76, -136, -114, 0, -48, 216, 140, 6, -70, 256, 22, -6, -14, -64, -80, 68, 126, 236, 86, -194, 112, -20, 84, 22, 154, -2, 46, 84, 142, 162, 10, 182, 16, -68, 96, 156, -76, 92, 162, -10, 24, -164, -48, 122, -98, 412, 10, 76, -144, 48, 342, -120, 54, -242, 58, -146, 82, -114, -30, -20, 238, 16, 126, 118, -40, 18, 118, 102, 30, -106, 22, 270, -272, -68, -218, -16, -146, -118, 102, 48, -28, 94, 46, -128, -194, -154, -166, 14, -262, -190, -78, -56, 46, 98, -12, -128, -122, -82, 100, 76, 106, -14, 140, -44, 38, -14, -26, -152, 98, -208, 194, -174, -142, 110, -144, -80, -98, 58, 104, -82, 26, -206, 108, 60, 286, 68, -44, -34, 64, 114, -124, 142, -70, 184, -106, -60, -32, -142, 102, 66, 16, -4, 114, 108, -84, 86, 28, 266, 68, 0, 232, -72, 194, -16, 78, 50, -32, -116, 30, 314, 246, -86, 74, 12, -240, 118, -18, -36, -128, 148, 302, -310, 76, -154, 58, -48, 204, -130, 74, -28, 6, 40, 78, 6, -82, 18, 
-18, -46, 360, -156, 90, -76, 126, 188, 138, 8, 240, 186, 2, 30, 28, 70, 200, -80, -76, -194, -138, 158, 148, -152, 196, -38, 188, -76, 216, -80, -16, 292, 102, -120, -70, 48, 94, -154, 108, -4, -28, 44, 66, 286, 142, -48, -180, -2, 16, 224, 154, -96, -66, -124, 72, 274, 12, -260, 88, 130, 194, 110, 4, -42, 208, 152, -106, 128, 10, -110, -66, 112, -98, 48, 102, 162, -250, 20, -84, 124, 160, 242, -78, 96, -192, 56, -98, 56, 16, 214, 34, 210, 156, 44, 32, 190, -116, 118, -254, -150, 104, -94, 168, -82, 78, 16, -262, 30, -56, -280, 16, 46, 28, -20, 22, -118, 68, 214, -170, -218, -42, 38, -290, -236, -84, -48, -8, -84, 20, -32, 116, 154, 268, 68, 224, -144, -160, 52, 124, 356, 156, 94, 30, 94, 128, 48, 218, 132, -180, -12, -58, 154, -22, -60, -238, 182, -102, 184, 48, -154, -36, -82, 106, 72, 240, -8, -112, 64, 134, -52, -68, -40, -44, 0, -34, -224, 130, 56, 108, -224, -52, 52, 136, 156, 4, -116, -144, -102, -6, 110, 190, 128, -62, 178, -198, 98, -100, 262, 132, 24, 156, 82, -294, 160, -112, 122, 310, 234, -30, 136, -128, 14, 42, 12, 50, -42, -48, -174, 32, -234, -60, 30, 150, 132, 130, 248, -126, -164, 84, 148, 76, 36, -20, -38, 128, -94, 198, -54, 134, -34, -134, 20, 18, 276, -152, 48, -94, 192, 136, 10, 8, 12, 196, 232, 144, 96, 4, 166, 68, -104, 148, -38, 126, -122, -30, -304, 144, 208, -58, 168, 4, 2, 72, -74, -78, -64, -84, 68, 24, -250, 158, 82, -142, -6, 86, -132, 44, -38, 122, -6, -20, 158, 14, -66, 118, -12, 148, 240, 186, -12, 50, 146, -214, 30, -136, -16, -90, 156, 158, -178, 260, 72, 206, 52, 138, -120, 54, 106, -118, -172, -360, 200, 92, -114, -4, -84, 122, 40, 168, -24, 160, -202, -60, 248, 138, -70, -110, -182, -162, -64, -28, 54, -58, -70, 104, 2, 6, 284, -24, -12, 34, 10, -12, 96, 36, 170, 60, 32, 72, -228, 60, -196, 14, 16, -338, 150, -74, 116, 30, 204, 78, -204, 162, 238, -96, -60, -82, -38, -132, 124, -102, 64, 8, 206, 8, -160, 80, -42, 128, -30, 74, 110, -98, -74, 118, 122, 52, 110, 270, 118, 60, -2, 100, 234, 66, -42, 232, -168, 18, 144, -52, 148, -94, 24, -80, 182, -192, 32, -138, -22, -8, 142, -204, 154, -132, 336, 126, 30, 36, 150, 98, 60, -148, -46, -116, 270, 14, 102, -54, -56, -100, 42, -44, -26, 14, -196, 6, -256, 132, 88, 84, 52, -30, 72, 168, -92, -120, -4, 244, 46, 98, -244, 110, 50, -90, -62, -118, 14, -78, 4, 426, 164, 118, -36, -6, 82, -8, -128, 36, -202, 198, 70, -36, -52, -284, 32, -130, 104, -166, 132, -56, 44, -88, 166, 148, 28, -48, 34, 38, -32, 
42, 22, -232, 150, -158, 114, -270, -214, -146, 128, 86, 14, 4, -222, 196, -20, -232, 176, -42, 164, -100, -150, -40, 2, -128, 70, -192, -74, -184, -118, 226, -158, -4, -18, 184, 108, 0, 292, -48, 110, -60, 42, -58, -142, 54, 52, 42, 162, -34, -200, -110, 44, -40, 86, 12, -138, 78, 200, 60, 24, -214, -8, -72, 88, -146, -30, -18, -82, -84, 202, -50, 22, 56, 48, 6, -64, 180, 100, 156, 42, -432, -82, 208, 86, 86, -44, 170, -168, -18, 120, 164, -246, -64, 40, -72, -94, -18, -62, 222, 140, -118, 228, 42, 58, -46, 110, 168, -162, 16, 280, 70, -130, 86, 206, 94, 116, -190, -206, 162, 184, -22, -242, 234, 216, 146, -12, -78, 270, 30, 162, -120, -106, -212, -188, -52, 150, 128, 32, -126, -376, -36, -16, -96, -104, -70, 84, -104, -34, -22, 134, -46, -98, 32, 224, 144, -80, 208, -160, -50, 174, 148, 170, -58, 254, -160, -58, 178, 88, -64, 120, -12, 98, -76, 254, 134, 70, -236, -108, -56, 134, -18, -106, -88, -210, -8, 240, 4, -66, 246, -92, -200, -46, 232, 20, 104, -32, -2, 6, -118, -56, -12, -166, 92, 194, 194, 98, -110, -162, 86, -178, 122, 4, -80, -36, -252, -36, 10, 4, 70, 242, -14, 58, -100, -24, -106, 14, -32, 224, -12, -110, -28, -156, 132, 34, 68, 32, -148, 78, 84, -68, -54, 18, 148, -132, -86, -254, 24, -36, -64, -46, 86, 2, -240, -158, 194, -70, 64, -166, -126, 118, -274, 58, -142, 158, 158, 208, -58, -28, 174, -46, 100, 156, -54, -30, -6, 6, -20, -10, 86, 210, 4, -146, 128, -58, 64, 122, -128, -138, -74, -6, 132, 82, 200, 124, 80, -70, -88, -314, -160, 152, -170, -94, 336, 154, 210, 10, 96, 44, -144, 20, -164, 90, -32, -56, -104, 132, -190, -112, 144, 148, 90, -120, -48, 138, 90, 164, -98, -32, -122, -28, -204, 250, 46, -198, 68, 104, -16, 190, 206, -26, 228, 50, 152, -78, -144, 154, 118, -238, -40, 128, 202, 94, -10, -164, 114, -116, 200, 226, 6, 120, -14, 158, 20, -192, 84, -54, 4, -112, -132, -88, 14, 124, -78, -6, 94, 126, 202, 30, 128, 66, 6, 100, -22, -138, -198, 184, -78, 76, -34, -240, 132, -12, -8, 110, -16, -174, 72, -20, 6, -26, 22, 28, -2, -122, 8, -106, -22, 94, -70, -100, 266, 42, -4, 84, 266, -310, 88, -4, 86, -120, -102, 4, 252, -200, -76, -178, -122, 26, 96, 142, -4, 56, 130, -18, 66, -54, -16, 100, 88, 36, 72, -134, 296, 68, -54, 22, 242, 230, -28, -96, -28, -16, 198, 0, -218, 50, 168, 54, -288, -164, -48, 122, 146, 136, 82, -12, 130, 88, 134, 68, -376, -126, -126, -158, -46, -218, -110, 264, 76, 112, 50, -148, -102, 282, 218, -80, 132, -42, -24, -94, 126, -234, 84, -120, -52, 108, 110, -106, 40, 104, 
20, 272, 248, -48, 168, -18, -20, 276, 226, 0, 70, -2, 210, 126, -158, 16, 72, -38, 84, -40, 70, 134, 140, 28, 38, 4, 260, -24, 210, 156, -168, 194, 46, 60, -200, 36, -22, -206, -10, -82, 32, 100, 218, 126, 46, 8, -78, 2, -14, 42, 128, -54, 180, -132, 6, 370, -84, -218, -122, 112, 104, -40, 136, 96, 134, 12, 42, 194, 84, -100, 40, 40, -14, -190, 94, 56, -196, -96, -58, -18, 312, 268, -166, -148, -108, 60, -150, 238, 44, -204, -66, 240, 94, 26, 130, 62, 48, -152, -136, 30, 70, -140, -18, 38, 12, -14, 42, 104, -16, -276, -66, 88, 52, -268, 34, -40, -18, 290, -208, 36, 72, 130, -74, -90, -168, 96, 90, -152, 46, -20, -48, -34, 190, 100, 14, 106, -152, 16, 174, 258, 94, 0, 60, 26, 84, 112, 86, -218, -62, -200, 10, 168, -6, -70, -152, -26, -254, 164, -50, -68, -36, -10, 80, -130, 118, 130, -60, -10, 158, -114, 76, -34, 124, 68, -124, 138, 12, 22, -56, -40, -96, -30, 44, 90, 158, -8, 164, -58, -62, -100, 136, 114, -234, 16, 68, 94, -68, 128, 204, 46, 174, 72, 16, -142, -44, 142, 198, 216, -396, 26, 54, 140, 152, 152, 0, -30, 144, 36, -208, -20, -40, -164, 8, 156, 38, -102, 92, -54, -74, 36, 58, 246, -58, 114, -236, 74, 12, 150, -98, 36, 68, -102, -110, -62, -34, 176, 108, -34, 216, -100, -116, -80, 172, 56, -238, 86, -188, 48, 148, -154, 168, 208, 40, -156, -154, -126, -132, -30, 70, 42, -8, -150, -44, 194, -76, -136, 170, 202, 104, -182, 106, 202, -118, 110, -60, 70, 80, 74, 122, 226, -140, -138, -40, -86, -446, 196, 204, 166, 176, -98, 84, 126, -262, -152, -120, 152, -270, 36, 318, -86, 126, 54, 88, 30, -16, -38, 362, 152, -80, -30, -212, 98, 154, -138, 8, -214, 122, 218, 124, 44, 190, -110, -132, 60, -74, -24, 112, 14, -80, 130, -130, 40, 6, 76, -28, 10, -170, 90, -94, -68, -148, -110, 42, 264, 38, 206, -118, -258, -226, 104, 118, 10, 158, 328, -154, 210, -54, 182, 106, 6, -60, -144, 82, 34, -56, -106, -232, -110, -36, 2, 58, -138, -96, -190, -24, 24, -28, 52, 18, 160, -194, -10, 28, -96, -124, 282, 26, 90, 104, 218, 268, -46, 112, 154, -94, 42, 138, -22, -6, 130, -272, -86, -50, 114, -136, 212, -158, 22, 72, 132, 108, 78, -152, 72, 80, 226, 180, -34, 74, 22, -14, 106, -44, 144, -28, 56, 220, 78, 24, 120, -126, -92, -58, 28, -24, 184, -38, -152, 144, 348, 110, -56, -58, 158, 88, 36, -168, 110, -66, 226, 140, -80, -114, -104, 66, 130, 14, 54, 40, -192, 234, -30, 62, -6, 46, 84, 222, -188, -16, -40, 118, -4, -22, -132, -106, 98, -28, 70, -60, 106, -32, -2, 30, 164, 198, -24, -84, 56, -156, -22, 
96, -28, -140, -118, 138, 44, -124, -230, -138, -18, -142, -122, -156, 70, 120, 16, -150, 54, 74, -88, -22, 100, -246, 128, -94, 26, 80, 30, -202, -336, 152, -64, -78, -120, 120, -52, -114, 154, -2, -18, 76, -224, -34, -142, 30, 94, 144, -104, -16, 148, 30, 130, 44, 144, 154, 22, -34, 58, 144, -64, -68, 24, 100, 76, -236, -6, 78, -108, -50, -92, -18, -32, 18, 204, 10, 214, 202, 22, 42, 100, -128, -238, 86, 204, 158, 16, 152, -128, -58, 204, 80, -260, -24, 196, -64, -24, -18, 10, 134, -104, -30, -50, 70, -166, 48, 158, -20, -216, -126, 138, -24, -114, 78, 294, 66, 108, -98, -184, 154, -24, -152, -178, -68, 150, 38, -46, -78, 172, -78, 8, 90, -2, -172, 102, 58, -272, 112, 10, 180, -268, 96, 114, 62, -64, -104, -118, -290, 158, 26, 132, 62, -136, 48, 160, -2, -20, 90, -186, -8, 108, 134, -30, -24, 106, -78, -128, 58, 50, -252, 278, 58, 90, -40, -24, 242, 18, 38, 164, 18, 40, 36, 98, -78, 42, -226, -58, -104, 188, 82, 118, -108, -248, 144, 76, -20, -88, 42, -130, -176, 50, -102, -110, 22, 352, -84, -10, -300, -64, 238, -210, -106, -72, -104, -144, 60, 96, -40, 218, 180, 224, 52, 92, 76, -84, 14, 122, -38, -52, 124, 216, -104, -208, 192, 76, 252, -20, -84, 146, 126, 132, 58, 76, 174, 40, -4, -108, -246, 36, -282, 194, 64, 126, 74, 2, 188, 92, 90, 48, -70, 164, 52, -156, -66, 114, -52, 120, 122, 80, -62, -18, -38, 122, -8, -130, -58, 22, -108, -82, -186, -8, 114, -42, 144, -64, -2, -128, -56, 104, -166, -182, 174, 148, 98, 54, 190, -250, -170, 92, -164, -88, -84, -142, 260, 10, 106, -100, 236, -6, -180, 12, -84, -54, -202, 228, 12, 186, -94, -52, -72, 120, 140, 84, -206, 102, 30, 262, 16, -170, -118, 30, -128, 228, -6, -68, 80, 210, -24, 102, 118, -2, -36, -140, -196, -222, 130, 110, 44, 30, -10, 236, 170, 6, -86, -100, 38, -334, 130, 228, 122, -16, 66, -88, -112, -330, 126, 36, 30, -2, -120, 36, -96, 80, 74, 54, 80, 166, 122, 20, 112, 194, -148, 362, -20, 78, 40, -82, 48, -138, -68, -104, 70, 132, 208, 210, 104, -194, 8, -76, -150, -270, -178, 34, -186, -8, -22, -28, -104, -208, -40, 24, 310, 78, 70, 110, 112, -136, -6, -22, -30, -88, -62, -176, -10, 0, 4, -102, 42, 316, -62, -92, 66, 150, 8, -62, -172, -80, -108, -138, -8, -92, 246, 154, 316, 62, 88, -10, 96, 98, -92, -266, -198, 130, 82, -54, 120, 238, -10, -172, 158, -242, -144, -102, 116, -30, -44, -136, -28, -78, -86, -48, -196, -26, 68, 46, -80, -54, -58, 56, 140, -26, 128, 40, -134, -10, 130, -102, 50, 14, 94, -22, -58, 158, -94, 158, 6, 34, 38, 0, 16, -22, 
-114, 44, 64, 24, 58, 28, 50, 168, 100, -70, -264, 32, -28, -26, -144, 168, 72, -42, 244, 148, 86, -354, 86, -6, 132, 56, 36, -8, 152, 272, -34, 178, 230, 36, -28, 34, 330, -108, 112, 290, -12, 174, 254, 140, 48, -230, -162, 76, -20, -8, 134, -12, 108, -142, -84, 6, 16, -130, -142, -38, -24, -130, 16, 174, 280, 110, -38, 162, 26, 126, -10, -36, -66, -412, -54, -158, 88, -150, -56, -100, 142, 190, 176, 104, 6, 118, 26, 144, -10, -166, 74, 326, 38, -32, 66, 44, 118, 206, -114, 144, 88, -120, -14, 254, 80, 12, -76, 214, -6, 224, 146, 182, -76, -10, -74, -232, 102, 58, -24, 100, 30, 274, 62, 0, 106, 38, 70, -330, 242, 30, 34, -16, 100, 68, -110, 58, -48, -2, -44, 144, -102, -86, 92, 120, 26, 90, 292, 198, -4, -118, -50, 38, 34, -32, -6, 34, 28, 14, 252, 204, -54, 32, 26, 46, 102, -62, -26, 38, 180, 30, 22, -100, 52, 174, -126, 30, 54, -138, 2, 124, -70, -30, -24, 128, 206, -10, 108, -126, -194, 34, 110, 144, 70, 72, 12, 32, -50, 94, 124, 20, 144, 194, -124, -200, 96, 66, 230, 16, -90, 156, 34, -144, 202, 184, -80, 28, -42, -88, -182, -70, 196, 6, -110, -6, -42, -64, 196, -10, -170, -32, -110, 0, -94, 16, -152, 26, 92, 112, -8, 70, 58, -62, -92, -2, 36, 140, 80, -36, 322, -78, 66, 12, -24, 126, -50, -18, 48, -244, 84, -20, -142, 182, 50, 56, 192, -70, -24, 38, -48, -26, -98, -20, 72, 138, 174, 16, 74, 36, 58, 52, -178, 28, -80, -160, 10, 10, 136, 0, 104, 246, -214, -100, -16, -230, 50, 92, 180, -88, 46, 6, 92, -46, -194, -52, -174, -52, -106, -42, 4, -56, 14, -10, 144, 12, 130, -64, 142, 32, -8, 74, -6, -214, 128, 22, -194, -172, -60, -14, 214, -226, -78, -46, -110, 110, -34, -72, 314, -172, -52, -30, 240, 68, 4, 124, -18, 34, 148, 26, 72, -296, -18, -20, 78, 176, -192, 338, 40, -154, 14, 18, 8, 186, 138, 224, -18, 102, -164, -34, 56, 84, 64, 96, -60, -90, -124, -68, -136, 104, -76, 16, 244, -252, 14, 8, 224, 86, 136, 116, -44, 118, 18, -54, -36, -92, -98, 148, -44, 84, 250, 148, -118, -416, 122, 70, -78, 22, 94, 78, 6, -4, -6, -136, 36, -62, -14, 8, 12, 148, 102, 86, 114, 44, -40, -166, 120, -42, 106, -168, 30, 180, -48, -168, 78, 60, 158, 158, 90, 84, -22, -86, -180, -104, -338, -200, 34, 106, -12, -68, 8, 334, 204, -128, 18, 214, -92, -218, 46, 196, -168, 290, 100, -20, -66, -10, 132, 142, -104, 108, 142, 16, 136, 58, -60, 22, 410, 40, 154, 52, 48, 128, -188, 2, 108, 58, -98, 142, -10, 32, 10, 78, 84, -118, 20, -98, 84, -42, 114, 90, 46, -234, 
138, 222, -178, -24, 136, -164, 8, -108, 68, -16, 136, 106, 50, 40, 322, -122, -42, 44, -120, 38, -58, 204, 66, 164, 60, -202, 166, -10, -120, -244, -4, -150, -154, 106, 150, -120, -144, 60, -84, -218, 4, -116, -248, 24, -192, 120, -128, -138, -110, 148, -104, 56, -70, 170, 6, -42, -62, 118, -36, 46, 64, 66, 46, 4, -122, 40, 130, -102, 74, -168, 86, -44, 230, 300, -96, -16, -92, 202, 82, 68, -46, 100, -90, -68, 130, -64, 158, -30, 0, 308, -30, -150, -84, -86, -106, 100, -42, -328, 68, -78, 18, 112, 16, -180, -78, 60, 58, -16, -14, -76, -146, -134, 82, -4, 102, 204, -148, -26, 210, -4, -266, -148, -70, -6, -114, -134, 142, 72, 38, 66, -82, -188, 14, -62, 48, -118, 176, 106, 194, -234, 126, 146, -180, 76, -4, -92, -78, -90, 104, -12, 80, 128, -6, 16, 160, 122, -122, 62, -220, -176, 196, 14, 204, 158, 82, -124, 206, -58, 48, -12, -136, 136, 78, -116, 250, 24, 46, 264, 18, 120, -20, 4, 90, -160, -366, -40, -100, 168, 76, -60, -112, -114, -154, -68, 64, 2, -26, -176, 166, 202, -94, -192, 116, 158, 20, 110, -144, 58, 38, -182, -214, 200, -144, -190, 204, 46, -20, 16, 184, 156, -184, 88, 126, -112, -102, -10, -70, 90, 162, 232, 80, -94, 118, 166, 160, -90, -48, 78, 82, -82, -150, 222, -106, 98, 134, -76, 38, 122, -194, -122, -106, -24, -178, -184, 44, -88, 62, 66, 4, 100, 182, -140, -176, -2, -160, 18, 52, 224, 172, 102, 138, -44, -36, -44, 64, -12, 38, 62, -46, 104, 28, 18, 220, 6, 18, 18, -14, 142, -20, -214, -20, 206, 46, 218, 36, -104, -206, 180, -146, -2, -82, 94, -16, -52, 138, 4, 170, 44, 18, 28, 46, -102, 58, -22, 76, 18, 10, 98, 16, -8, 158, 172, -166, 8, -114, 78, 42, -42, -56, 246, 144, -76, 320, -22, 76, 178, -138, 34, -68, 122, -206, 70, 62, -58, 46, -188, 48, -162, -54, 206, -162, 12, -66, -134, 0, -208, -98, 182, 172, 114, -6, -134, 42, -42, 64, -74, 172, 6, 26, 78, -64, -100, -112, 122, 74, 128, -48, -68, 226, 214, -122, 192, 34, -68, -70, -130, -172, -238, 218, -280, -62, -12, 104, 18, -80, -170, 24, -218, -340, -106, 76, 442, 258, -94, 26, 150, -132, 80, 166, -10, 140, 180, -28, 90, -144, 36, 170, -4, 172, 78, 212, 156, 74, 150, 18, 64, -128, -86, -54, 110, -46, 316, 10, -8, -104, -148, -128, -140, 24, 28, 22, 14, 118, 136, -30, -46, 68, 52, 48, -320, 64, -82, 78, -88, 152, 74, 8, -92, 92, -190, 100, 138, 38, -94, 24, -42, 98, -56, 10, 68, -118, -8, -24, 58, -286, -152, 42, 10, 64, -80, 114, 174, -34, -10, 358, 76, 0, 54, 14, 94, -216, 46, 96, -4, -92, -16, -276, -144, -122, 36, 
-20, -26, 186, 170, -110, 28, -40, 36, -54, -54, -36, 6, 56, 170, -190, 150, 96, 2, -26, 88, -84, 20, -142, -82, 42, 26, -52, 24, 186, 164, 110, 186, 72, 62, -114, -158, 6, -44, -2, 182, 144, 0, 0, 6, 12, -74, 172, 80, 78, 72, 60, -178, 52, -14, -84, -68, -150, -22, 130, -82, 2, -128, 80, 78, 146, 60, -160, 12, 0, 132, -52, 74, -82, -218, 108, 224, 116, -2, 30, 140, 72, 16, 58, 112, -104, 160, 60, -100, 46, -268, -62, 72, 76, 186, 96, 76, 58, 268, 112, 200, 52, 70, -24, 346, 62, -98, 68, 196, 66, -78, 178, 24, 32, -24, -36, -20, 0, 270, -110, -28, 190, -14, -46, 62, 168, 230, 46, -280, -104, -130, 160, 380, -2, 136, 168, 40, -70, -236, -52, 228, -202, -96, 170, -76, 150, 116, 42, 108, -210, 60, 58, -118, 110, 236, -164, 48, -116, 6, 88, 72, -186, 44, -136, -172, -32, 108, -54, 102, 68, 148, 162, -92, 72, 178, -224, 34, -192, -278, 78, -92, 60, -44, -66, -34, 242, 90, 80, -140, -54, 106, 158, 160, -72, 10, 122, 132, -192, 162, 38, -46, 232, 62, -124, 16, 104, 30, 178, -156, -118, 70, 6, -330, 172, 28, -254, -82, 132, -18, 42, -196, 98, -14, -110, 176, 216, 16, 42, -42, 184, -78, -132, 20, -46, -298, -114, 22, 54, 32, -30, 176, 206, -140, 198, -174, -164, -180, -20, 50, 50, 134, 88, 80, 270, 34, 106, 144, 70, 20, 66, -146, -40, 202, 94, 46, -34, -54, -18, -112, 92, -88, -54, 10, 280, 198, -172, 28, 76, 74, 32, 6, 50, -150, -68, 104, -18, -80, -2, -136, 166, 152, 46, -124, 74, -194, -56, 60, 132, 88, 132, 96, 166, 128, 46, -78, -2, 30, -146, 204, 18, 184, -42, 192, -118, -62, 24, 166, 62, -6, 202, 18, -122, -228, 136, 12, 14, 18, -26, 22, 112, -138, -90, 72, -114, 18, 222, -206, 216, -46, 114, -130, 232, -36, -8, 108, 138, 238, -242, 184, 22, -84, 124, -32, 34, 178, -86, 106, 106, -30, -90, -132, 42, 50, 224, 184, -130, 196, -86, 16, -82, 68, 144, -18, -24, -54, 48, -58, 76, -98, -44, -272, 266, -2, -210, 114, 102, -136, 104, 144, -38, 384, -40, 190, -8, -118, -58, 48, -36, 18, 328, 82, -150, -324, -54, 166, 88, -154, 154, -12, -136, 158, -96, -136, -68, -10, -38, -90, -194, 28, -124, 176, -264, -136, -236, -104, 72, -36, 322, 246, 132, 38, 118, -150, -72, 26, 74, 98, 46, 224, -30, 276, 16, 36, -20, 8, -94, 100, 50, 20, 216, 260, -98, -28, -174, 96, 84, 2, -116, 150, 26, 144, -16, -48, 248, -60, 54, 212, -18, -128, -16, -72, -18, 290, -70, 134, 292, 210, -14, 30, -66, 96, -46, -226, 106, -44, -58, 124, -56, -38, 116, -60, 222, 30, 24, -28, 20, -24, 204, 158, 156, 6, 
84, 62, -150, -104, -6, -52, 54, 36, 20, 74, 144, 48, -200, -92, 110, -104, 56, 6, 0, 64, 52, -126, 82, -114, -96, -66, 58, -156, -164, -166, -34, -216, 180, 58, 184, 116, 22, -88, 112, -152, 142, 204, 80, 144, 8, -16, -34, 120, -54, -200, -82, -154, 90, 214, -24, 6, 220, 146, -72, 84, 10, 152, -82, -102, -8, 388, 92, -72, 204, -214, 32, -186, 36, 196, -6, -134, -6, 112, 106, -300, -90, 58, 144, 146, 108, -134, -200, 162, 48, 232, -34, 10, 94, 32, 76, -24, 62, -130, -260, -64, -80, -190, 58, -164, 10, 88, -102, -80, 82, 208, -256, 40, -124, 78, 204, 58, -128, -184, 128, -32, -58, 124, -32, -170, 80, -136, 168, 270, -38, -98, -46, -272, 172, -126, -160, -48, 234, 304, 46, -122, 268, -20, -64, 186, -20, 34, 124, -218, 16, -8, -48, 108, 52, 36, 52, 142, 46, 58, -42, -112, 120, -36, 226, 136, 44, 62, 24, -138, -84, 36, 36, 148, 76, -294, 250, -50, 234, 194, -36, 144, -68, 32, 98, -16, -196, -136, 144, 68, 128, 132, -70, 52, -44, 172, 32, 40, 78, -158, 48, -66, -78, -18, -180, -16, -74, 140, -252, 130, 226, -128, -148, 28, -192, 84, 274, 186, -194, -50, -96, 34, 44, -26, -14, -164, -66, 74, -184, -10, -58, 168, 204, -56, -10, 328, 258, 146, 84, -40, 144, -42, -186, 144, -32, 36, -28, 66, -32, 92, -114, -98, -34, -150, -284, 2, 44, 2, -18, -76, -158, 170, -60, -44, -200, -54, 44, 208, 30, 106, -186, 32, 32, -72, -282, -204, 172, 16, 76, -104, 96, 30, -70, 60, 4, -12, 18, 84, 10, 138, -86, -146, 14, 146, -232, 88, -48, -36, -66, 32, -22, -236, -368, -132, 56, -6, -42, -4, 168, -154, -12, -192, 14, -122, -22, 100, -6, -110, -8, 140, -182, 72, 80, 66, -168, 72, 16, 56, 22, -78, 90, 210, 106, 170, 118, -38, 30, 152, -48, 50, -116, 242, -130, 14, 86, 0, -58, -64, 164, 2, -20, 108, 64, -36, 164, -116, -76, -150, -106, 28, -20, 246, 176, 168, -28, -24, -12, -232, 0, 24, -60, 50, -56, -126, -100, 128, -46, 172, -84, 36, 12, 134, -42, -248, 192, 0, -12, 346, 34, 58, 108, -258, -82, 20, -34, 134, 198, -166, 36, 216, -192, 36, 68, 500, -4, -112, -56, 294, -202, -40, 274, -210, 144, -2, 44, 94, 4, 80, 292, 4, 156, -38, 140, 166, 198, 16, 80, -44, -152, -114, -148, 22, -148, 80, 106, 96, 38, 18, 34, -110, 130, -230, 4, -132, -78, 40, 286, -56, -112, 202, -104, -248, 132, 54, -120, 66, 42, 210, 2, -214, -98, -136, 122, -6, -140, 122, 42, 50, -4, 76, 4, 72, 44, -172, -6, -212, -224, -110, 102, -48, 22, -12, 102, 176, 70, 64, 162, -68, 22, -124, -124, 68, -56, 126, 54, -4, -184, 70, -170, -134, 38, -112, 
-4, 6, 126, 168, -38, 96, 44, 104, -86, -240, -156, 90, 266, 112, 84, 64, -190, -12, -46, 12, -88, -28, -32, -72, 158, 104, 168, 206, 252, 142, 60, 188, -108, -20, -184, -82, -166, -54, -32, 112, 28, 66, -4, 94, -112, 48, -52, 38, 136, 10, 208, 20, -34, -88, 126, -190, -40, -70, 118, -144, 88, -168, -100, 74, 46, -34, -32, -102, -12, 84, -10, 164, -6, -70, 174, -28, 62, -258, -24, 148, 176, 124, -76, -116, 46, -12, 114, -174, -94, -200, 50, 88, 16, 84, -184, -14, -172, 206, 392, -46, -12, 150, -2, 358, -14, 84, 198, 100, 10, -208, 370, 2, 12, -60, 52, -126, 234, 336, -218, -108, -20, 90, 28, -28, 162, 210, -56, -184, 70, -20, 42, 382, -116, -10, 212, 16, -160, -322, 2, 10, -20, -64, 108, -134, 64, 12, 12, 348, 82, 40, 180, -170, -8, 50, 6, -274, -2, -60, 102, 170, -110, -54, -32, 96, 142, 320, 24, 286, -12, 150, 106, -58, 106, 422, -60, 4, -28, 34, -14, -22, 298, 120, -42, -14, 148, 206, 98, -206, -232, 50, 114, -34, -44, -36, 118, -200, 6, 310, 38, 12, -68, 158, 36, 88, 200, 6, 2, -204, 94, 132, -2, -100, 136, -30, 26, -348, 36, 32, -196, 4, -42, -50, -108, 186, -12, -150, 190, 12, 110, -216, -48, -66, 14, -242, -248, -122, -194, -34, -8, 160, 202, -102, 230, -60, -86, -96, -74, 146, 92, 104, 80, 136, 140, 100, 30, -120, -46, 62, 316, -254, 82, 94, 74, 210, 68, 76, -68, -48, 188, 38, 114, 196, 208, 212, 32, -46, -202, 28, -78, -132, 56, 42, -130, -44, -108, 110, -34, -72, 74, 292, -90, 26, 100, -98, 198, 22, -98, -10, -54, 352, 134, 78, -16, 232, 154, -132, -40, 152, -108, 40, -108, 12, 86, -32, 152, 180, 84, -104, 184, -64, 64, -76, 2, -230, 100, -56, -210, 32, 146, -82, -30, 26, -74, 12, 32, -106, 118, 152, 304, -256, 152, 24, -24, 192, 118, 170, -208, -130, 106, -76, -198, -38, -54, 68, 28, 162, 92, -60, 68, -208, -148, -132, -126, 22, 160, 196, 132, -216, 208, -26, -76, 262, 90, -66, 22, -174, 118, -10, -34, 2, 122, 208, -170, 30, 112, -274, 46, 112, -186, 148, -48, -8, -120, -140, -40, 250, 74, -140, 32, 22, -44, -134, -14, 298, -28, -404, 192, -6, -110, 222, -216, 74, 70, 4, 68, 378, -158, -174, -40, 182, 64, -118, -128, 54, 32, -52, 260, 128, 214, 80, 138, -70, -130, -146, -108, 74, 108, 244, 40, 256, -4, 224, 176, 114, -96, 58, 48, -198, 200, 234, -62, 6, 294, -8, -10, -198, 62, 252, -46, -64, -202, 116, 166, -96, 6, 238, 68, 24, -98, 20, -116, 30, 60, 120, 314, 60, -120, 12, -32, -124, 8, -2, 62, 2, -30, 190, 136, 178, 14, -198, -4, -122, 78, 92, 188, -244, 184, 150, -94, 14, 
98, 102, 32, -36, 148, -100, 162, 124, 92, 24, 92, -114, -322, -188, -68, 14, -54, -56, 40, 10, 10, 24, 50, -24, -96, 14, 8, -130, -58, 72, 42, -102, 34, 164, 74, -62, 164, 76, 146, -100, 88, -98, -20, -52, 18, -58, 112, 250, -128, -38, -244, 234, -146, 196, -36, 122, 38, -64, -206, 266, 68, 134, 48, -78, -42, 92, 58, 72, 64, 150, 74, -130, -24, 160, 6, 70, -80, 424, 124, -60, -34, -144, 212, 42, -76, -46, 60, 102, 14, -28, -86, -194, -82, -132, 276, 276, 254, 12, -290, 40, 52, -128, 42, -130, 180, -192, 64, 70, 64, 146, -62, 152, -12, -48, 100, 170, -98, -104, 122, 246, 76, -92, -8, 22, -172, -76, 52, 152, -102, 104, 200, -304, -6, 78, -98, -150, 30, 274, 54, 10, -10, 70, 12, 30, 180, 60, 0, -252, 8, -32, -292, 174, -134, 104, -20, 152, 124, 104, -104, -66, -10, 38, 102, 10, 6, -378, -128, -264, -56, -198, 140, -30, -82, -42, 204, 82, -84, 36, 140, 206, -158, 112, 146, -12, -172, -150, 86, 40, 252, -44, 70, -198, 92, 316, -166, 62, -210, -368, 166, -304, -78, -58, 56, 16, -154, -86, -84, 26, 12, -114, 60, -132, -188, -20, -56, 250, 44, -84, 16, 30, -160, 152, 24, -44, -46, 96, -114, 74, -52, 292, 36, 36, 0, 298, 204, -12, 238, -224, 94, 0, 56, 116, -170, 166, -76, -82, 242, -130, 22, -160, -22, 22, 82, -20, 130, 80, 74, -76, -308, 190, 38, -136, -108, 104, -142, 178, 242, 354, -110, 80, -66, -14, -202, -260, 28, -10, 208, -132, 4, 154, -80, 100, 112, 114, 64, -224, 96, 158, -18, -80, 42, -60, 88, 272, -142, 16, 180, -4, 86, -156, -110, -224, 28, -284, -144, 108, 144, 34, 32, -16, 48, 220, 0, -34, -14, 92, 44, 90, -116, 40, -58, 50, 42, 226, -54, 46, 92, 170, 26, 50, 52, -28, 42, 14, 94, 114, -66, -72, -288, 90, -288, -188, 70, -44, -238, -206, 202, 184, -44, -120, 226, 80, -194, -78, 74, 4, -220, 40, -80, 144, 138, 146, 214, 146, -136, -316, -90, 192, -298, -66, 118, -24, 22, -30, 60, 228, -44, -48, 156, 48, -132, -184, -62, 114, 60, 70, 10, -12, 118, -20, -98, -68, 138, 74, 146, -172, -14, 24, 72, 106, 210, 220, -48, -24, 260, 340, -146, 104, 168, -234, 46, -138, -42, 2, -70, -308, 94, 166, 86, -76, -36, 170, 180, -2, 98, -172, -130, -96, 44, -26, -230, 32, 166, 58, 16, -104, -38, -30, -98, -170, 198, 34, -66, -54, 144, -12, 120, 176, 18, -198, -20, 72, 20, 226, 198, -32, 102, -260, -120, 164, 132, -28, 142, 86, 90, 176, -96, 28, 98, -46, 306, -136, -252, -78, -172, 70, 130, 210, 66, 138, -74, 146, 18, 20, 168, -162, -184, -122, -32, 192, -134, 76, 76, -68, -132, 34, -50, -70, 334, -204, 
98, -10, -34, 70, 116, 92, -188, -106, 40, 64, -42, -6, 234, 88, 162, -16, 26, 132, 20, 44, 248, -114, -94, 210, 246, 132, 110, 192, -102, -72, -30, 144, -16, -64, 14, -34, -226, -32, -110, 236, 94, 6, -92, 66, 82, 132, -116, -234, 132, -20, 90, 46, 122, -110, 130, -238, 20, 62, 242, -198, -48, -186, 150, 0, 94, 112, 160, 16, 38, -12, 8, -68, 64, 10, 226, 0, -2, -378, -42, 82, 64, 180, 76, -18, 130, 160, -312, -24, 30, -86, 182, 34, 20, 188, -172, 70, -146, 110, 296, 108, -10, 28, 0, 66, 78, 188, 20, -100, 68, 26, 144, -116, 14, 8, -114, -44, 92, 142, -176, -114, -30, 162, -22, -64, 204, 206, -64, -164, 184, 78, -116, 162, -66, -24, 176, 194, -104, -144, -2, -38, 80, 66, -14, 2, -88, -36, 38, 72, 206, -190, 54, -82, 176, 28, 72, -6, -80, 214, -18, 42, 24, -72, -100, 6, -26, 112, 168, 294, 4, 54, -142, -54, 126, -66, -226, 106, -30, 56, -206, -138, -6, -148, -234, 174, 140, 58, 12, 68, -130, -132, 28, 28, 2, -176, 62, -14, 222, 326, -148, 208, 102, 142, 26, 52, 76, 104, -8, 34, 62, 246, 86, 64, -106, 42, 142, -108, 14, 18, 72, 108, 70, 20, 104, 284, -16, -38, 116, 32, 100, -136, -46, 160, 22, -206, -156, -190, -306, 222, -96, 150, 90, -8, 264, 82, 58, 128, -320, 108, -4, 180, 144, -92, 52, -108, -20, 20, 110, 4, 46, -188, -104, 400, -12, -142, 174, -360, -120, -90, 180, 68, 102, -68, -20, 162, 46, -14, 46, 176, 130, -178, 124, -236, 36, -46, -150, 264, -108, -60, -24, 84, 94, 144, -12, -322, 76, 50, -20, 64, 106, 410, 158, 190, -116, 158, 192, -148, 56, 36, -120, -4, -66, -32, -126, -104, 92, -40, -102, 72, 78, -72, 88, -190, -8, -182, 308, 70, 18, -98, 84, -96, -168, -4, -78, -26, -38, 12, 6, 72, 102, 80, 106, 218, 18, -14, 182, 340, -24, -266, 90, 146, -112, -14, -32, 84, 110, 146, 166, -22, 56, 44, -180, 136, -98, -124, 26, 194, 42, -86, 398, 100, 2, -16, 210, -18, 156, -132, 66, 62, -186, -80, 168, 270, 32, 154, -28, 196, 8, 42, 36, 54, 80, 28, 16, 78, 100, 214, 14, -186, -6, 10, -186, -108, 30, -130, -226, -160, 86, -116, -220, 482, -184, 74, 118, 192, -76, 268, -16, 70, -2, -106, 28, -122, -78, -116, -58, -28, 298, 158, -44, 50, 294, -44, 22, -70, 36, 88, 90, 256, -124, 134, -52, -158, -88, 120, -102, 138, -72, -96, 62, 160, -12, -94, 34, 46, -78, -108, -98, 122, 106, -28, -122, 68, -112, -58, 116, -288, 180, 16, -10, 74, -72, 34, 184, 88, 192, 46, -60, -170, 170, -186, 56, -216, -194, -44, -108, 188, 302, 150, -2, -58, 152, -96, 22, 134, -6, -34, 176, 62, -98, -24, 
-168, -34, 54, 18, -122, -70, 178, 56, -112, -86, 78, -10, -242, -172, -220, 46, 12, 12, 38, 52, -224, 136, 126, -194, -68, -26, -42, -148, 82, -32, 68, -142, -16, -176, 130, 138, -40, -32, 36, -224, 38, 98, -14, -126, 98, -142, 172, 358, 24, 38, -12, 218, -232, 166, -62, 262, -36, 40, -260, 182, 108, 94, -12, 18, 12, -146, -90, -86, -46, 44, 40, 132, 30, 8, -86, -14, 16, 354, 20, 144, 28, -62, -130, -18, -52, -72, 116, -28, 84, 198, -112, 64, -18, -202, 148, -52, 4, 232, -164, -138, 80, 170, -78, 74, -304, -62, 62, 220, -44, 186, -230, 120, 46, -156, 218, 94, -46, -14, 120, 170, 40, -292, 62, -42, -32, -56, 140, 212, -172, 110, 170, -110, 78, 98, 78, -90, -30, 142, -68, 22, -10, -34, 326, 60, -14, 56, -102, -138, -84, 134, -36, 52, -202, 116, -68, 216, 42, 42, 50, -162, -122, 42, 14, 136, -62, 148, -116, -146, 2, -154, 190, 82, -58, 220, 240, -40, 24, 74, 154, 44, -110, 302, 328, -48, -2, -96, -44, 68, 214, 38, -186, -90, 140, 166, 56, -48, -174, -324, 78, -10, 74, -50, -42, 24, -62, -174, 94, 180, -126, -206, -22, -50, 6, 88, -22, 240, 14, 40, -50, 64, -14, 234, 28, -190, -258, 92, -56, 34, 72, 38, -170, -78, 36, 202, 144, 8, 306, -14, 190, -76, -40, 28, -106, -120, -44, 12, 330, -44, -158, -200, -160, 70, 142, 60, 4, 124, -38, 44, 218, 82, 142, -288, 26, -32, 16, 54, 16, 136, -180, 8, 60, -50, -20, -178, 156, -122, 30, 20, -18, 220, 42, 342, -68, -106, -64, -182, 250, 164, 68, -156, 60, 90, 122, 300, 94, 44, -18, -82, -108, -480, -136, 120, 4, -304, -82, 112, -98, 36, 150, -22, -22, 0, 104, 80, -98, 100, 182, 86, 162, 6, -54, 172, -32, 332, -72, 14, 62, -32, 206, 70, 142, 116, 72, -152, -180, -90, -86, -66, 160, 52, -36, -62, 26, -64, 0, -330, -70, 58, -2, -84, 90, 112, 210, -58, 24, -168, 136, 4, 140, -40, -18, -54, -40, 40, -40, -372, -98, 28, -248, 10, 74, 22, 88, -62, -88, 72, 80, 116, 48, 120, -158, -10, 80, -42, 60, -142, -80, -12, -78, -84, 146, 20, -38, -46, 8, -38, -88, 102, 156, 42, 206, 104, 34, 120, 338, 222, -92, 106, 340, -206, 66, -174, 4, -48, 136, -208, 144, -120, 234, -96, -132, 92, 48, 130, -42, 52, -340, -66, -32, -104, -24, 98, 18, 68, -130, -36, -44, -148, -6, -10, 102, 18, 24, -124, 156, -280, -48, 6, -80, -96, 4, 178, 82, -86, 208, 84, 298, -64, -56, 100, 196, 54, 102, 88, -28, 110, 46, -178, 42, 70, 248, 112, -128, -28, -26, -16, 22, 412, -136, 130, -124, 94, 260, 108, 88, -70, -302, -152, 34, 114, 2, 32, -44, -72, 156, 116, -6, 6, 24, -90, 
-82, -28, 30, 52, 40, 110, -140, -30, -52, -2, 6, -60, 76, 232, 76, 102, -26, -24, -12, 12, 66, -144, -106, 80, 148, 10, 136, 302, 2, 22, -94, 48, 186, 62, -108, 60, 242, 42, 6, 108, -54, -142, -96, 12, -10, 58, -176, -260, 44, -142, 54, -130, 218, -82, 210, 156, 38, 58, 106, 104, -62, -78, -40, 182, 168, 32, 114, 234, -6, 230, 152, -20, 88, 66, 194, 54, -70, -190, 176, -66, 100, 172, 264, -10, 82, 84, -84, 96, -148, -60, 68, -58, 20, -80, -100, 26, 18, -160, 226, -24, -108, -132, 88, -34, 104, 130, -104, -188, 122, -70, 66, -6, -112, 208, -134, 232, 44, 38, 126, 24, -58, 298, 48, 36, 206, -20, 132, -74, 144, 50, -250, 120, -12, 112, -54, 22, -54, -104, 90, -134, 86, -96, -182, 20, 28, -18, 92, 202, 88, -32, -24, -144, 174, -78, 144, -250, 4, 104, -96, 178, 66, 62, 166, -130, 92, -96, 216, 40, 32, 178, -8, 100, 120, -140, -180, -2, -56, 16, 34, 92, 64, -174, -26, 66, 48, 214, -84, 80, -158, -226, 132, 96, -64, -146, -50, 150, 34, 230, 122, 222, -34, -52, -44, -44, 148, 212, 58, -242, 4, -26, 168, 64, 204, -78, 46, -322, 6, -210, 298, -84, 196, -256, -88, 72, 158, -66, 164, 24, 24, 186, 38, 176, -36, -132, -84, -62, 28, -40, -28, 14, 74, -2, 6, -46, -22, 96, -200, 196, 176, 86, 146, -24, -4, 70, 118, -92, 78, -124, 24, 32, -122, 276, -46, -146, 12, -20, -32, -218, -58, 56, -66, 2, 98, 160, 82, 246, 6, -106, -2, 26, -32, -310, 96, 62, 24, 72, -124, -118, -124, 34, 28, 128, -152, -146, -60, 150, 150, 100, 210, 370, 48, 40, -4, 84, -44, -190, 36, 38, -306, 44, 56, 152, -42, -70, 24, -54, 70, -134, -60, 62, 86, -170, 58, -206, 70, -16, 168, -48, -100, 130, -90, 114, -58, 140, 252, 286, 0, 60, -164, 56, 122, 158, 70, 172, 80, 340, 76, 34, -36, 68, -64, -158, -168, -40, 68, -20, -302, -336, 58, -126, -100, -34, 42, 318, -194, 366, 174, 168, 8, 160, -44, 94, 16, -180, 92, 56, -14, 60, 22, -214, 200, -132, -140, -100, 92, 44, -60, 4, -28, 86, -78, -14, -118, -2, 98, 10, 76, -86, -14, -30, -94, 42, 150, -48, -136, -50, -120, -38, -52, 172, -146, 70, -104, 122, 70, 94, -46, 208, -100, -6, 64, -34, 90, 64, -102, 164, 182, 32, 210, 180, 92, -44, -80, -66, 112, 84, 52, 234, 118, -118, -66, -22, 38, 226, -56, 358, 54, -144, 34, 218, 50, -8, -206, 82, 4, -238, -90, -40, 50, -84, -30, 20, -144, -64, -278, -64, -102, 86, -164, 0, -242, -270, 148, -6, 22, 106, 120, -348, 96, -54, 60, -10, -20, -74, -12, 114, 318, 34, -14, -10, -168, -238, 32, -30, -270, 182, -66, 104, -58, -38, 
62, -50, 98, -190, 26, -84, 8, 100, 214, -78, -24, -8, 18, -214, 74, 124, -12, 0, -56, -96, -124, -56, 38, -88, -164, -4, -84, -18, -48, 174, 160, 44, -16, 58, 52, 10, 96, 62, 56, -102, -40, 68, 66, -124, 268, -110, -66, 430, 60, 188, 34, 186, -240, -10, 34, -2, 230, -114, 60, 0, 0, -112, 212, -30, -28, 162, 2, 46, 94, -116, -124, 40, 216, 38, 4, 90, 106, 154, -28, 248, -62, -100, -154, 292, -70, 36, -12, -28, 122, -40, 18, -74, 16, 106, 54, 44, 150, -12, -230, -58, 42, 104, -2, 42, -14, -66, 78, 6, -180, 106, 122, 32, -42, -116, 182, -106, 44, 48, 54, -50, -10, -160, -46, 114, -170, 120, 30, -52, -222, -70, 150, 14, 24, -98, 150, 150, 30, 412, -74, 38, 76, 134, 14, -72, -70, 12, -80, -68, 176, -12, -50, 194, -64, -126, -190, 204, -80, -246, 8, -150, 102, 20, -210, 186, -96, -146, 2, 0, 6, 14, -10, -142, -178, 202, 170, 160, 42, -26, -106, 22, -26, 140, 108, -64, -34, -180, 54, 54, 144, 154, -252, -166, -18, 204, 88, -162, -48, -240, -142, 196, 266, 124, 116, -72, -94, -148, -10, 396, 30, 16, 10, 26, -30, 230, -74, 428, 20, 350, -186, -36, -114, 88, 34, -28, -30, 62, -156, 54, 28, -80, 118, -124, 170, 132, 86, 332, -190, -74, -10, -18, -112, 132, 8, 166, 202, -90, 232, 54, 24, 126, -134, 12, -104, -82, -12, -106, -184, 210, -10, 280, 106, -190, 50, 40, 84, 174, 74, 240, 124, 136, 124, -20, 6, -242, -44, -184, -86, -58, 42, -38, 58, 212, -82, -44, -22, -126, 74, 270, 114, -58, 168, 52, 36, 164, 190, -34, -226, -146, 20, -394, -38, -100, 14, 144, 44, 120, -176, 2, 106, -56, -34, -180, 64, 84, 90, 306, -36, 18, 42, 332, 150, 174, -134, 188, 60, -80, -18, -36, 102, 38, 48, 18, 174, 6, -16, -100, -20, -240, -68, -78, 32, 166, -106, -32, 100, -288, 104, -68, 122, 104, -82, 126, 142, 192, 74, 208, 260, 40, 20, 178, 58, 24, -38, -266, 108, -232, -176, -98, -32, -10, -60, 132, -120, 200, 104, 4, 6, 148, 94, 148, -202, 68, 132, 238, -94, -8, 198, 274, -64, 82, 178, 30, 50, 72, -124, -142, -30, 138, -78, 174, 16, -90, -96, 202, -48, 158, 158, 240, 186, -110, 2, -192, 58, -46, -106, -114, -66, -226, 72, -58, -86, 244, -70, 132, 28, -204, -42, -124, 44, -226, 56, -38, 78, 96, -38, -120, -92, -290, -66, 44, 266, 62, 24, -96, -42, -128, -16, 82, 74, -58, -22, 124, 228, -80, -58, 278, 234, -34, -24, 104, 194, 134, 252, -44, 282, -20, 146, -38, 122, 56, -64, 166, 114, -8, -84, -28, -96, 270, 58, 2, 64, -14, -12, -64, 94, -152, -200, 62, -68, -106, 100, 146, 208, 36, 242, 64, 110, -94, -16, -6, 
-6, -36, -234, 116, -198, 178, -106, -86, -74, 128, -32, 22, -48, 254, -46, -42, 110, 80, -102, 78, 62, 114, 134, 42, 318, 18, 74, 162, -142, -176, -14, 82, 110, -112, 18, 234, -104, -50, 32, 74, 122, -124, -32, 296, -176, 228, 80, -322, 124, -66, 112, 166, 128, 14, -38, 164, -150, 272, 152, -20, 36, 222, -146, -8, 80, -8, -120, 226, 18, 142, 40, 76, -106, -176, 44, -78, 32, -30, 204, -178, 98, 0, 258, -136, -10, 0, 182, 168, -8, -12, -40, 184, -12, -40, 106, -40, 74, 180, 118, -6, 16, -100, -10, 64, 30, 66, 30, 112, 156, -66, -272, 58, -2, -32, -102, 188, 60, 120, 40, -50, 236, 156, 132, 40, 182, -138, -50, 88, 52, 298, -256, 76, -68, -84, 24, -156, 14, -178, 8, -116, 26, -280, 52, 4, 142, -8, 172, -26, 20, -22, 100, 46, 190, 270, 90, -28, 136, 116, 84, 176, 106, -62, 212, -318, 102, 130, 198, -100, -66, -36, -82, 174, 122, -44, 90, -4, -6, -98, 156, -134, 28, -24, 40, 42, 134, 120, -112, -34, -78, -150, 188, 136, 22, -80, 62, 192, -36, 156, 248, -28, -174, -264, -24, 220, 10, 136, -110, -300, -50, 90, -64, 4, -168, -42, -52, -216, 8, -264, 194, 86, 146, -134, -10, -78, 2, -136, 50, -100, 106, 26, -160, -34, 98, 58, 52, -254, -190, -94, -66, -132, 28, -96, -30, -62, 46, 144, -198, -62, 66, -44, 168, 312, 166, 90, 56, 170, 86, 52, -8, -36, -260, 144, 26, 36, -102, -226, -16, -56, -36, -10, -58, -94, 252, 90, 102, 250, 196, 122, 8, 68, -4, -88, 94, 172, 52, 122, -192, -74, -226, 148, -42, -186, 106, -48, -94, -56, 186, 106, -8, 476, 164, 76, -136, -120, 56, -100, 110, -26, 118, 62, 100, 240, -74, -116, 16, -78, 34, -94, -106, -170, -118, -174, 32, -12, 16, 82, -20, 116, -16, -92, 4, -44, -130, -92, 0, 260, 48, 148, 136, 114, 158, -2, 84, 154, -28, 238, -74, 160, -22, -78, -84, -198, -8, 116, -102, -40, -114, -48, 24, -172, -26, -78, 220, 66, -98, 278, 240, 324, 138, 18, 132, -40, 128, -168, 68, 158, -44, -52, 104, -84, 186, 76, 118, -262, -100, 100, -122, -176, 86, -46, -158, -148, -126, -32, 92, 126, 44, -2, -78, -108, -34, 162, -102, -338, 14, -204, -70, -88, -24, 218, 182, -20, -34, 132, 90, -32, -106, 312, 110, 68, 118, -226, 12, -12, -236, 64, 106, 12, -44, 238, -44, -66, 172, -30, 84, -66, 74, 238, 240, -62, -110, -122, -22, 92, -152, -38, -30, -80, -44, -8, 98, -328, -122, 192, 392, -106, 70, 84, 88, 24, -32, -44, -88, -6, -302, 28, -152, 264, 132, 56, 150, -10, 18, 126, 98, 98, 186, -8, 28, 88, -122, 26, 92, 28, 154, 18, 314, -92, 272, 72, -122, 48, -38, 48, -84, 36, -144, 124, -38, -178, 
60, -30, 132, -236, 108, 52, 30, 94, 104, -102, 16, 18, -26, -274, -116, 100, -72, -170, -2, -38, -132, -72, -58, 76, -100, -70, -90, -134, 120, 232, -8, 46, -74, 178, -42, -88, 72, 76, 56, 60, 100, -38, 152, -80, 122, -76, -64, 260, -92, 82, 186, -26, 18, -30, 18, -298, 176, -174, -116, -8, -44, -34, 244, -138, -124, 76, 98, -264, 0, -42, 20, 64, 200, 4, 10, 102, 0, -134, -68, 326, -136, 164, -324, 178, -126, 146, -212, 26, -72, 216, 300, -110, 154, 110, -34, -14, 26, 68, 48, -58, 18, 286, 32, -16, -102, 218, -138, -42, -96, 148, 162, 166, -26, 250, 194, -40, 104, -212, 42, -164, -44, 12, -144, -6, -252, 126, 192, -164, 92, -144, 312, 62, -74, -22, -24, 88, 14, 282, -114, 150, 38, 148, -48, -44, -40, 38, -170, 132, -114, 76, -224, -126, -170, -98, 104, -44, -70, 180, -56, 32, 22, 220, -98, 192, -108, -56, -10, 48, -74, -58, 164, 36, -232, 60, -22, 8, -28, 26, -130, -8, 22, -136, 18, -64, -36, 32, 168, -82, 154, 78, 40, -86, 20, -88, -234, -98, 128, 92, -66, -64, -42, 90, 6, -64, 20, -162, 2, 264, -8, -102, -10, 14, -40, 26, 28, 256, 94, 136, -262, -90, 60, 118, 152, 70, 72, 116, -124, 110, -154, -68, 176, 226, -182, 58, -66, 110, 148, 102, 66, 6, 22, 96, 114, -74, 36, -4, 292, 14, -24, -82, -204, -262, -176, 106, 136, -90, -134, -160, 14, -40, 220, 58, 180, -78, 152, 84, 78, 94, 134, 22, -62, 154, -86, 40, 52, -150, -94, 102, 64, -66, -74, 142, 28, -202, -108, -104, 152, 162, 232, -224, -46, 40, 88, 74, 72, -54, -226, 70, 18, -328, 64, 24, 178, 126, -2, 172, -162, -56, -108, -10, -24, 74, -44, 10, 20, -22, 4, -44, 78, 78, 358, 46, -22, -4, -130, 128, 84, 102, 94, -16, -28, -8, 20, 150, 36, -66, 134, -124, 96, -94, -142, 100, -124, -46, 28, -20, 140, -96, 122, 98, -20, 276, -138, -48, 132, 178, -48, 76, -20, -132, 72, 162, -30, 54, 280, -96, -180, -224, -110, -60, 152, 116, -118, 140, 124, -52, 214, 56, -124, 170, 10, -126, 14, -10, 124, -106, 128, 134, -178, -26, 140, 86, -14, 90, -106, -204, 120, 40, 116, 178, 6, 82, 178, 300, -14, 320, 116, 218, 100, -140, -198, 42, 18, -176, 122, 182, 10, -96, 30, 6, -262, 278, -102, -100, 148, -54, -70, 74, -6, -178, 46, 156, -22, 82, -72, 196, 34, -136, -122, 276, -110, 178, -52, -116, 214, 198, -36, 62, -38, 40, -212, 286, 252, -118, -204, 152, 10, 76, -46, -102, -148, 50, 142, 82, 214, -4, 252, 28, -166, -78, -178, 114, 104, -128, 26, 142, -18, -170, -210, 18, 18, -104, 50, 106, -232, 92, -180, 124, -270, -34, 172, 118, -182, 28, 120, 98, 24, -54, 8, 0, 
114, -6, -176, 102, -52, 16, 46, -40, 6, -98, -56, 168, -36, 282, 92, -104, 118, 146, 98, 38, 248, 154, 86, -154, -44, 2, 50, 182, -202, -38, -14, 130, -24, -134, -86, -82, 98, -174, 2, 90, 8, 102, -180, 10, -12, 94, 54, -180, -22, 210, -212, -38, 196, 96, 32, 248, -66, 176, -24, -240, -138, 92, -124, 380, -128, -92, 58, 120, -60, 24, 6, -174, -138, -130, -32, 102, 132, 236, 188, -214, -46, -128, 230, -88, 130, -12, -116, -54, 84, -220, -112, 64, -184, -152, 64, -60, 28, 14, -96, -58, -66, -140, -10, 140, 220, -42, 22, -20, 156, -122, -222, -112, -6, -286, -134, -32, -156, 120, 2, 162, -8, -6, 142, 160, 186, -100, 64, 212, 12, 212, -208, -4, -62, 10, 138, -62, -82, -242, 82, -172, 46, -34, 74, 130, 80, 92, 178, -20, 20, 134, 96, 196, 162, 198, -124, -116, -10, -2, -56, -8, -48, -98, 100, -10, 40, 158, 162, -84, 162, -38, -110, 98, 102, -16, 182, 14, 72, 4, 158, 208, -32, -20, -18, 110, 206, 72, -76, 152, -78, 60, 8, 194, 144, -44, 100, 4, -160, 24, -44, -42, -60, -42, 108, 12, 30, 64, -28, -132, 92, 34, 170, -50, -164, 24, 114, -220, -108, -26, 132, 22, -40, -168, 6, -130, 4, 120, -58, 4, 184, 48, 178, -8, 98, -114, 18, -4, -62, 112, 132, 120, 164, 44, -82, 170, -150, 128, -206, -38, 48, -74, 144, 108, 218, -16, 130, 24, 192, 272, -62, 52, -146, 76, 10, 124, -28, -76, -80, 164, 18, -8, 70, -270, 222, 20, -120, 148, 66, -58, -12, 16, -86, -58, -118, 232, 52, 100, -248, -134, -156, 298, -32, -88, -64, -12, -14, 154, 80, -22, 20, 122, -108, 22, -128, -146, 126, -84, 142, 64, 16, 126, -28, -2, 280, -102, 62, 8, -144, 224, 16, -20, -232, -74, 116, 238, 288, -120, -42, 86, 44, 64, 138, 128, -98, -184, 12, 162, 80, 150, 130, -106, 112, -190, 66, -100, -148, 202, -152, 0, -124, -176, 186, -154, -44, 144, -274, -110, -136, -156, 160, -8, 120, -92, -218, 24, 64, 230, 140, -18, 32, -78, -40, -246, 24, -94, -184, 180, -90, -102, 76, 100, -44, 112, 130, -72, -100, -86, -2, 38, 74, 58, -20, -12, -78, 206, 32, 104, -104, 230, -50, -20, 74, 12, -310, -22, -136, -180, -146, -80, -56, 38, 244, 40, 140, 102, -102, -20, -88, -42, -42, 6, 318, -62, -10, 154, -32, -20, 144, -202, 24, 104, 142, -66, 58, 62, -68, -38, 12, 214, 10, -158, 152, -252, -86, 156, -50, -318, -30, 120, -106, 100, 248, -240, -248, 118, 230, -42, 48, -114, -136, 62, 216, -22, -8, -58, -132, 36, 88, -10, 26, 140, 222, 204, -36, 42, -26, -62, 88, 142, 250, 16, 130, 90, -22, -106, 40, -32, 50, -48, 238, 28, -40, 46, 86, 80, -104, -16, 216, -120, 150, -74, 
36, 50, 138, -184, 132, 106, 40, -162, 206, 32, 92, 24, -48, -38, 2, 14, -22, 8, 12, -72, -182, -104, -48, 382, -22, -40, 130, -238, 106, 114, 116, -268, -94, 198, 158, 70, 110, 2, -130, 62, 2, -166, 242, 100, -112, -204, 248, 294, 94, -54, 132, 78, -170, -84, 190, -84, 184, -64, -184, 182, -56, 130, 206, -166, 52, 310, 36, -28, 50, 142, 82, 222, 144, 150, 118, 122, -190, -72, -40, 268, 78, -96, -78, 94, -4, 162, 108, -108, 68, 120, 118, -44, 242, 310, 70, 0, 76, -42, 10, 166, 198, 172, -28, -74, -102, 6, -202, 76, -190, 72, 126, 182, -108, 278, 234, -50, 142, -60, 56, -214, -154, 66, 12, -32, -302, 264, 0, -326, 24, -192, 144, 78, 98, -42, 0, 52, 114, 30, 34, 116, 74, -124, 8, -136, -108, -66, -12, 202, 12, -118, 228, -266, 80, -106, 86, 202, 160, -250, -14, -96, 86, 244, -34, 118, 32, -60, 0, -144, -90, 184, 172, -114, 148, 98, -118, -216, 44, 32, 0, -268, 180, 238, 194, -46, -134, -40, 2, 20, 332, 30, -24, 78, -6, -128, -224, 4, 144, -100, 18, -40, 58, -180, -102, -36, -164, 80, 120, 94, -200, -132, -198, -52, -44, -92, -184, 120, 92, 108, -188, -188, 100, 102, 178, -2, -166, 22, -58, 20, 14, -52, -4, 28, -36, 120, -62, 20, -22, -62, 36, -98, -352, -64, 78, -78, 50, -174, 278, 76, -54, -70, -130, -82, -98, 26, -156, 80, 12, -160, 30, -14, 344, 50, 64, -90, 186, -4, 74, -100, 72, 46, -52, 206, -186, 68, 50, -166, -56, 42, 166, 12, 42, -76, -68, -218, 12, 4, 294, 146, 300, -250, -90, 146, 62, 100, -62, 38, -72, 48, -2, 50, -2, 88, 366, 348, -14, 92, -104, -90, 90, -102, -172, 108, -154, 300, 116, -32, 300, -18, 14, -134, 42, -20, -4, -52, -180, 90, 178, 124, 304, 62, -56, -124, 58, 140, 128, 64, 14, 60, 54, -156, -58, 286, 40, -104, 160, 42, 114, -154, -102, 130, -36, -68, 184, -10, 244, 38, 138, 184, -50, 42, -46, 254, 56, 8, 32, -216, -102, 82, 8, 88, -160, 338, 176, 0, 86, -98, 132, 42, 54, 42, 88, -10, 74, 96, -14, 102, 80, 128, -114, -64, -64, 116, 90, -28, -38, 56, 170, 96, 52, -84, 78, -94, 120, 138, 112, 58, 318, 52, 68, -150, -42, 6, -46, -68, -222, 18, 28, -28, 98, 196, -140, 178, 30, 148, 24, -92, 36, 94, 172, -18, -124, 80, -62, 150, 228, 48, -32, -42, 254, 154, -88, 6, 208, -48, 20, 190, 28, 74, 62, -194, -234, 222, 234, -120, -26, 88, 210, 144, 206, -48, -10, 32, 150, -66, 30, 116, 24, 96, -16, 158, 38, 8, 174, 8, 32, 94, 138, -142, -78, -6, -158, -8, -70, 66, -130, -58, -24, 108, -146, 30, -118, -78, 86, 92, 254, 48, -144, 102, -214, 110, 
-26, 62, -106, 146, 100, 2, 60, 54, 54, -88, 144, 62, 72, 10, 72, 34, -52, 84, 30, 84, 278, -20, -86, -116, -40, 94, -138, 78, -124, 22, 62, 264, 118, 16, -68, 76, -184, -158, 42, 0, 140, 190, -262, -18, 92, 116, -202, -46, -116, 100, -62, -92, 90, 50, -18, -48, -134, 76, 294, 62, -16, -292, -8, 300, 172, 18, 206, -62, 92, -116, 78, -246, -232, 62, -30, -164, 78, -150, 106, -156, 36, -16, 58, -14, -18, -192, 34, 184, -48, -86, 118, 76, -18, -76, 56, 200, 28, -80, -84, -160, -292, -136, -38, -140, 184, -66, 228, -8, 236, -98, 82, -292, 210, -150, -112, 120, 54, 70, -232, 22, 76, 86, -42, -56, 224, -166, -10, 360, -20, 232, -122, 70, -66, 14, 48, -46, 72, -126, 110, -92, -2, 372, 130, 76, 8, 78, 154, -92, 122, 164, 26, 248, -106, -62, 28, 56, 68, 468, -34, 26, -92, -116, -120, -170, 0, 90, -40, -24, 70, -44, -146, 30, -138, 42, -38, 22, 266, 76, -34, 274, -292, -148, -8, 60, 190, -20, 122, 54, -134, 20, 172, -98, 50, 18, 96, -32, -4, 150, -66, 146, 34, 96, 88, 112, 228, 72, 118, -288, 222, 288, 486, 128, 346, 70, 144, -196, -40, -76, 266, 226, -54, -136, -262, -18, 284, -140, 94, 30, 108, 52, 42, -6, 132, 112, -14, 82, 68, 70, 96, 242, 240, -52, -86, 24, -26, 180, -186, -134, 40, -14, 144, 140, 100, 110, 202, -84, 184, 406, -116, -54, -50, -188, 16, -44, -14, 10, -160, 178, 0, -18, 20, -46, 158, -28, -102, 210, -4, -40, -180, -50, 98, 18, -18, 108, 12, 180, -164, -118, -236, 106, 184, -90, -8, -62, 66, 90, 22, -158, -22, -112, -38, -58, -302, -222, 212, 144, 16, 24, 62, 234, 226, 36, -44, -142, -72, -64, -134, 206, -12, -22, 16, 66, 18, 112, 138, -90, -54, 168, -114, -60, -70, 156, 66, 136, -140, 68, 14, 0, -122, -156, -22, -148, 90, 100, -26, 24, -136, 20, 24, -134, 100, 212, 36, 88, -62, 6, 32, 16, 30, 14, 42, -172, 14, 138, 94, 26, 14, -24, -48, 94, 50, -320, -164, 2, 102, 36, 10, 12, 20, -56, -46, 172, 174, -40, 8, -230, -114, -60, -54, -32, -44, 82, 174, 140, 72, 84, 104, 76, 42, -92, 82, 122, 56, -56, -106, -18, -178, -112, -122, 204, 94, 16, 90, 106, 328, 94, 4, 36, 70, 30, 12, -162, 268, -172, -10, 20, -50, -32, -6, 72, 192, 68, 122, -50, -224, -92, 152, 152, -268, -120, -86, -34, -56, 120, 198, -276, 76, -72, 68, 176, 46, 58, -8, -66, 54, -20, -84, -104, 10, 56, 148, 64, -108, 120, -100, -96, -14, 98, 168, -72, 140, 70, 58, 12, -122, 78, -36, 164, 210, -92, 94, -110, 150, 90, 40, -116, -6, -134, 138, -96, 90, -22, -16, -8, 30, 152, 64, -2, 58, 56, 
88, -12, 76, -54, 32, 110, -38, -226, 96, -32, -92, -60, 126, 104, -206, 72, 104, -256, -54, 24, -182, 20, 278, 60, 20, -92, -54, -18, 200, 34, -20, -66, -92, 96, 144, -18, 352, 72, -28, 0, -48, -170, -4, 52, -172, -102, 74, 170, 8, -24, 72, 24, 4, 64, -42, 136, 204, -88, -210, -6, 38, 258, -50, -72, -202, 184, -58, -48, -12, 126, -18, 144, 60, 20, 146, 100, 64, 136, -152, 188, 46, 8, 8, 42, 40, 132, 108, -52, 170, 80, -50, 10, 70, -34, -132, -112, -114, -46, 116, 298, 214, 206, 38, 28, -74, 162, -100, 132, -66, -4, 52, 262, -336, 128, 252, -146, -98, -52, 174, 64, -8, -40, -10, 100, -186, 268, 174, -222, 72, 26, 18, 32, 72, 116, 160, -8, 60, 66, -88, 70, 8, -192, -176, 4, 144, 70, -164, 122, 0, -36, 80, -150, 200, 0, -170, 80, 192, -314, 104, -14, 114, 54, 22, 164, 66, -16, -8, 16, -6, 146, 56, -12, 82, 64, 30, -162, -112, -100, 144, -330, 106, 132, 70, 184, 8, 178, -162, -140, 38, 0, -84, 152, -154, -16, -62, -24, -200, -62, 60, -48, 26, -96, 16, -74, -124, -34, -42, 200, -66, -28, -182, 44, -206, 16, -84, 180, 126, 64, -186, -78, 30, 312, 202, 16, -204, 54, -208, 120, -34, -56, -66, 132, 52, -22, 74, -32, -70, -162, 126, -214, -122, 254, 38, 204, 4, -174, 50, 286, 138, 42, -270, 0, -94, 32, -264, 106, -6, -192, -86, 94, 52, 198, -110, -48, 226, -98, 252, -102, 132, 0, 58, 44, 36, 68, 32, -4, -26, 178, 142, 198, 4, -78, -56, -188, -16, -80, 84, 130, 154, -166, -74, 32, 52, 70, -60, -52, 26, -16, -16, 88, -20, 54, 166, 112, -168, -134, 42, -58, -116, -120, -66, 62, -42, 134, 96, -24, 222, -134, 226, -104, -20, -66, 94, -160, -60, 64, 52, 90, 212, 86, 28, -78, 26, -162, 174, -76, 140, -54, 64, -10, -16, 128, -122, 26, 112, 216, 78, -154, 72, 278, 4, -102, 50, -82, 94, 30, -62, 144, 104, -28, 88, 234, -152, -134, -2, -62, -118, 174, 120, -30, 132, 164, 316, 144, -78, -114, 142, 68, 18, -22, 170, -136, -228, -12, -250, 270, 76, 18, 60, 94, 132, -82, -156, -30, -126, 134, 116, 90, 166, 226, -70, -144, 78, 16, 162, 92, 50, 0, 146, -48, -64, 36, -154, -28, -124, 164, 8, 68, 126, 52, 142, 188, -332, 74, -164, 50, 108, -4, -42, 82, -88, 74, -196, 96, 138, 176, -200, -46, 162, 96, 70, 44, 70, -248, -156, 280, -54, -106, 0, -142, 26, 22, 142, 84, 52, -58, -60, 6, -72, -130, -26, -90, 290, -82, 16, -28, 84, 74, 100, 108, -192, 10, -182, 90, 268, 172, -14, -124, -190, 132, -28, -34, -146, 28, -120, 114, -172, 122, 78, -42, 0, -18, 290, 70, -214, -174, -74, 94, 4, -70, 
-154, 10, -98, 16, -20, -416, -16, 182, -96, 68, 120, 100, -42, -132, 0, -120, -26, 302, 314, -68, 158, -8, -402, -50, -64, -6, 28, -192, -42, 12, -24, 182, -42, -160, -284, 184, -158, -38, -24, 164, -66, 6, 98, 42, 54, 106, -56, -146, -6, 30, -62, 58, 38, -122, 132, -68, -162, 54, 136, 14, 188, -128, 152, 82, 224, 44, 164, 236, 0, -154, -12, 74, 42, 0, -182, 58, 64, -216, 270, -18, -152, -18, 48, 54, 98, -32, -156, 74, -68, -44, 80, 82, 70, -40, 166, 240, 106, 38, -52, -270, 114, -42, -112, -36, 130, -116, 98, 24, -60, 74, -130, -152, 316, -70, 50, -24, 24, 152, -236, 142, 116, 156, -26, 8, 84, -208, -22, 108, -18, 178, 6, 110, -106, 48, -112, -6, -8, -222, -54, -34, 64, 114, 146, -46, 46, -66, 154, -188, 94, 0, 32, 190, -210, -54, 142, -82, -62, 186, -46, 4, 156, -240, 42, -134, -144, -14, -14, 46, -188, 60, 102, -114, 136, -44, -12, -4, 202, 42, 82, 206, -88, -102, -166, -88, 48, -84, 100, 216, -24, 52, 226, 0, 142, 146, 56, 132, 266, 170, -240, -72, 206, 20, 90, -122, 24, 162, 72, -244, -32, 56, 230, 198, 74, 50, -84, -66, -98, -136, 278, -4, -80, -188, -250, 90, 134, 122, -52, -182, -36, -112, -40, -12, 28, 78, -12, 150, 162, 102, -214, 80, 134, -40, -8, 54, 134, 242, -134, -34, 76, -28, 214, 30, 284, -2, 208, -2, 104, 94, 194, -48, 112, -10, 200, -58, -186, -42, -312, -2, -88, 2, -62, -88, 236, -48, 62, 12, -242, -144, -84, -226, 58, 126, -16, 106, -180, 102, -166, -36, -144, 200, 272, -46, 152, 20, 118, 104, 44, -72, -48, 26, 124, -206, -52, 10, 72, 68, -30, 16, 134, 110, -16, 44, 18, 48, 4, -62, -304, 280, -146, -44, 126, 24, 60, 204, 32, 180, -90, 18, 16, -170, 92, 132, 102, 194, -4, 226, -116, 174, -74, -2, 46, -204, 150, -86, 18, -88, 112, 100, 116, -248, 80, 158, -100, -36, -180, 32, 246, 32, -32, -88, -14, 80, 286, 126, 16, -110, 218, -78, -316, 32, 94, -18, -118, 82, 72, 106, -56, 94, 64, -156, -226, -18, 96, 108, 120, 4, 26, 84, -22, 140, -100, 52, 220, 284, 114, -268, 66, -142, -20, -204, -32, 290, 22, -128, -182, -18, -62, 56, -78, -68, -6, -160, -112, -28, 218, -38, 142, -18, 28, 54, 64, 74, 332, -14, 220, 36, -210, 112, -128, -234, -22, -50, 146, -74, 14, -24, -24, 110, 76, -190, -2, 96, -164, 126, 96, -180, 94, 138, 44, 268, -30, 30, 40, 90, 46, 310, 64, -48, 98, 46, -146, 112, -172, 48, 30, 90, 34, 82, -4, -32, 270, 30, 140, -82, -164, -166, 98, 56, 76, -126, 72, 46, 64, -36, 144, -190, 50, -184, 124, 40, 148, -36, -206, 48, 222, 286, 186, -42, 104, 162, 
250, -20, 110, 0, 18, 318, 254, 44, 130, 62, -304, 66, 8, 156, -46, 60, 6, -2, -174, -56, 42, 50, 352, 44, 152, 48, 156, 134, -26, 120, -6, -24, -12, 140, 154, -284, 254, -64, -150, 52, 98, 74, -84, -94, 134, -36, 162, 120, -30, 62, 44, -116, 54, 86, -102, 238, 46, -34, -108, 116, -238, 156, -186, 120, -152, 82, 30, -76, 116, 122, -110, -20, -58, 20, 328, -148, -2, 148, -106, -96, 136, 48, 0, 28, 46, -40, 106, -34, -60, -34, -18, 14, -8, -160, 142, -186, -52, 4, -48, 130, 18, 154, 88, 56, -8, 248, -176, 80, 54, 48, 144, 40, -270, 64, -220, 44, 134, 32, -50, -40, -64, -206, -118, 180, -90, 166, -86, -128, -62, 2, -42, 58, 178, 88, 180, -148, -20, 44, -46, -36, -130, -178, -110, 50, 124, 232, -76, 156, 24, -30, 6, -56, 34, -46, -182, 120, 162, -128, 42, 6, -14, 74, -108, 126, 68, -50, -184, -32, 86, 104, -186, 122, -182, -8, 122, 30, -84, -198, -14, -184, 196, 54, 98, 164, -154, 154, -148, -242, -10, 150, 34, -26, 74, -48, 12, -180, -16, -132, 124, -14, -120, -16, 74, 56, -90, -194, 16, 292, 94, 16, -270, -16, 94, -62, -52, 190, 106, -10, -30, 138, 160, 186, 68, -92, -6, -92, 58, 146, 114, 60, 44, 36, -16, -178, 38, 74, -100, -128, 122, -124, 30, 8, 94, 98, -80, -180, 68, -56, -114, 28, -174, -72, -286, -46, -178, 26, 6, -208, -176, -128, 38, -80, -102, -4, 116, 158, 220, 98, 290, -30, 74, 138, -120, 18, 52, -188, -30, 122, 114, 246, 234, -60, 34, 130, -102, -102, -14, 352, 186, -22, -48, -34, 70, 72, -34, -26, -146, 38, 90, -96, -22, 76, -18, 32, 106, -16, -214, 198, 20, -164, 46, -14, 80, 270, 102, -22, 278, -214, 264, -36, -8, -68, -38, 6, -32, -142, 160, 98, -98, 206, -58, -14, 52, -80, 34, -24, 42, 74, -32, 100, 192, 378, -94, 278, -80, 148, -158, 158, -66, 414, -124, 68, 78, 174, 52, 56, -204, -152, 148, -68, 68, -14, -254, -90, -70, 324, -54, 92, 82, 92, 116, -164, 146, 104, -302, 178, 36, -78, -150, 158, -10, 0, 110, 28, 224, 28, -36, -30, 114, 28, 116, 72, -52, -188, -42, 46, 6, 0, 12, -2, 32, -130, -60, 216, 132, 160, -28, 40, -42, -174, 46, -84, 118, 122, -260, 98, -66, 170, 114, -70, 52, -150, -54, 80, -204, 26, 176, 98, 238, 134, -110, 46, -302, 150, -36, -130, 88, -154, -34, 192, 12, 142, 164, -68, 18, 176, 60, -68, -110, -110, 28, 60, -170, -76, 30, -130, -312, 36, -106, 60, 42, 6, 66, -56, -72, -8, 12, -48, 174, 116, 4, 40, -282, 84, 140, 82, -146, 16, -30, 92, -88, -68, 44, 60, -304, 88, 84, -52, 62, -78, 112, -6, 218, -182, -98, -122, -260, 64, -48, -30, 
-106, 82, -268, 126, -22, -182, -156, 124, -88, -200, 160, 0, -134, 92, 104, -26, 74, 106, 232, -8, -38, 20, -250, 42, -24, -162, -182, -40, 54, 22, 198, 112, -2, 6, -110, 124, -202, -58, 26, -214, 212, 36, 48, -86, -96, 134, -108, -192, 154, 54, 8, 246, -84, -74, 164, -140, -30, 40, 186, -98, 100, -120, 140, -116, 218, 62, 98, 326, -66, 128, 170, 104, 82, 160, -46, 94, 2, -168, 110, 152, -100, 58, -2, 40, 4, 60, -48, -14, -20, 118, 140, -38, -118, 18, -254, 184, 56, 16, 218, -140, 48, -112, -36, -84, -104, -288, 200, 122, -76, 62, -80, -26, 234, -118, 166, 86, -258, 20, 52, 346, 170, 8, 200, -38, -86, -162, 166, 206, 42, 118, 74, 2, -126, 8, -126, 2, -16, -120, 154, -20, 38, 84, 224, -44, -146, -10, -2, -230, 0, 164, -120, 26, -114, 56, 122, 24, -200, 96, 102, 168, 182, 20, 154, -106, -76, 24, 246, -138, -166, 78, 276, -150, 204, 0, -86, -116, -2, 104, 186, 50, -8, 178, -132, 52, -56, -140, 118, 168, -98, -74, -100, 14, -34, -118, 180, -38, 106, 10, 120, -64, 208, 78, -24, -84, 160, 192, 70, -234, -126, -80, 152, -52, 94, 146, 294, -372, -48, 122, 166, -108, 36, -122, 80, -52, 122, 8, 126, -72, -256, 6, -74, 8, 74, -6, 88, -184, 166, 120, -10, 196, 80, 52, -118, -80, 74, 154, -276, -8, 46, 78, 84, 196, 356, 34, 6, -144, 34, 120, -166, 88, 28, 130, 86, -2, 58, -168, -218, -62, -62, 144, -70, 16, 186, -66, -110, -78, 0, -96, -200, -262, -18, 104, 122, -146, 182, 8, 202, -20, -174, -92, 26, 200, 164, -244, 106, 10, 204, 74, -116, 8, 14, -166, 46, 16, -20, 84, 158, -28, -212, 154, 146, 152, -60, -146, -60, 122, -172, 152, -34, 132, 34, -30, 40, -48, -154, 46, -68, 66, 218, -58, 102, 42, -54, 176, -120, 158, 12, -2, 32, 70, 22, -158, 192, -154, 10, -214, -124, -126, 68, -64, 162, 28, -72, -120, -26, -24, 90, -46, 4, 24, 32, 20, 6, 68, 8, -146, 144, 182, 54, 244, -114, 62, -60, -228, 226, -84, 44, -78, 244, -58, 142, 68, -256, -120, -196, -86, 78, 64, -10, -62, -56, 82, 284, 66, 82, -274, -52, 30, 62, 250, -10, 34, -38, -52, 70, -210, 256, -44, 28, 182, -108, 50, -132, -138, 314, -54, 40, -104, -96, -44, -136, 86, 132, 12, 188, -86, -64, -12, -332, -90, 104, -110, 100, -148, 56, -76, -72, 142, 142, -216, 112, -50, -98, 130, 186, -14, -38, 284, 58, -114, -82, -104, 54, 210, 96, 52, 316, -110, 202, 266, -44, 6, -86, 130, -74, 78, 22, -56, -66, -264, 6, -62, 138, -118, -64, -86, 190, 164, 24, 78, 248, -70, -140, 124, 292, -70, -122, -90, -184, 66, -124, 168, -162, 210, -8, 202, 216, -42, 86, 248, 
146, -106, 286, -38, -46, 230, -112, -126, -46, 184, -20, 32, 230, -6, -52, 150, 46, 74, 0, 100, 68, 124, 228, 16, -12, 200, 102, 224, 182, 100, -84, 12, 14, 40, 52, 62, 72, -92, 54, 188, -34, 346, -86, 32, -92, -68, 214, 194, -206, -38, 18, -44, 108, 116, -26, -56, 98, -38, -132, 0, -28, 86, 22, 18, -136, 14, 6, -86, -60, 62, -184, 0, 62, -272, 20, 48, 52, 186, -44, -108, -34, -56, -34, -70, 6, -96, 176, 28, -28, -304, 8, 36, 92, -122, 258, -102, 80, 154, 24, 14, -54, 42, -40, 250, 36, 26, -80, -234, 26, -172, 56, 86, -252, 78, -146, 30, 164, 200, -84, -306, -150, 90, -68, -60, 128, 100, -200, -274, -6, -104, -4, -4, 166, -16, 108, 10, 30, 116, -136, 286, -126, 10, -44, 60, 102, -22, 146, 202, 44, -118, 124, 10, 102, 86, -162, -64, 236, -24, -16, 92, -130, -26, -56, 106, 356, -64, -50, 100, 58, -68, -60, 124, 82, -18, 172, -26, 110, -116, -8, -78, 176, -132, 56, -92, 132, 52, 150, -96, 188, 82, 100, -34, 68, 298, 0, -60, -86, 58, 16, 110, -192, 206, 188, 202, -12, -94, 2, 148, 82, 94, -198, 140, -172, 146, 44, 302, 44, -14, -248, 34, 14, 316, -118, 58, -68, 0, -214, 170, 294, -2, 2, -64, 42, -26, 40, 148, -70, -134, -82, 10, 130, 64, 16, 40, 12, -8, 116, 92, 84, -72, -68, -182, -342, -110, 62, 228, 42, -142, 206, -100, -74, -140, 36, 40, -138, 136, 76, -148, 188, 6, 92, 52, -68, 104, 246, -100, 32, 106, 130, 152, 18, 80, 40, 40, -126, -154, -86, 34, 92, 74, -42, -112, -36, 370, -4, 224, -94, -82, 96, -112, 46, 276, -112, 16, 272, -138, -76, -4, 290, -166, -18, -176, -46, 112, -62, 18, 266, -28, -34, -16, 92, 36, 4, 206, 154, -24, 56, -170, -140, 148, -22, 252, -48, -296, 202, -8, 122, -96, -188, 222, 66, 136, -108, -24, 66, -154, 26, 60, 216, 344, -4, -202, -8, 50, 14, 152, -64, -14, -12, 42, -86, 240, -108, -108, 86, 114, -74, -232, 22, -162, 138, -148, 56, 206, -14, 186, -174, 136, -126, 194, -70, 46, 198, 84, 76, 114, -86, -132, 84, 194, 52, 16, -148, 24, 168, 288, 318, 48, -104, -12, 38, 46, -40, -80, 20, 308, -86, 96, 14, -184, 30, -34, 158, 166, -260, 56, 58, 152, 116, 44, 334, 100, -78, 146, -182, 46, 50, 120, 280, 282, 2, -80, -20, -6, 4, 22, 0, -76, 42, 206, -44, 20, 180, -8, -250, -38, 38, -118, -4, 34, 168, -38, -138, -224, -182, -88, -170, 220, -74, -246, -12, 118, 154, -166, -28, 8, 154, 106, 50, 246, 12, -148, 28, 260, 24, 342, 44, -12, -60, -168, -214, -82, 102, -98, 116, 122, -86, 88, 36, 132, 56, -112, 178, -32, -26, -364, -126, 114, -62, -80, 
-140, 42, -190, 34, 284, 70, 158, 74, 146, -96, 110, -28, -42, 74, 122, 64, -72, 52, -40, -246, 64, -136, -150, -118, -108, -80, -66, -148, -116, -70, 60, 172, -88, -102, -66, 42, 170, 178, 86, -136, 88, -276, 90, -110, 18, 0, -164, -48, 80, -132, 0, 112, 14, 64, 6, 22, -162, -68, 148, 100, 96, -84, 218, -52, 242, -118, 102, -14, 84, -186, 348, -142, 136, 144, -56, -28, 50, 68, 114, 148, 104, -80, 58, 32, -156, -28, -178, 66, -56, 342, -24, -114, -78, 26, -184, 2, 0, 92, -2, 10, 178, 76, -76, -198, 176, 20, 136, 252, 106, -128, -60, -34, 72, -176, 46, -44, -168, -188, 102, 168, 238, -102, 54, 86, -56, -72, 96, 398, 168, 204, 118, 170, -56, 186, -182, 46, 26, 60, 12, -152, 98, -66, -94, -164, -146, -92, -36, -162, 0, 178, 176, 62, -44, -120, 150, 78, -126, 14, 36, -124, 32, -20, 126, -30, -244, -24, 10, 82, 6, 90, 138, -84, -142, 36, -184, 36, 68, 28, -28, 52, -246, 152, -170, -74, -178, 112, -76, 180, 126, -98, -114, 64, -22, -162, 52, 72, 142, -32, 70, -56, 150, -166, -188, -196, 198, 58, 118, -10, 92, 120, 132, -210, 310, -96, -30, -180, 62, -18, 18, -106, 46, -364, 38, -94, 192, 34, 240, 0, -148, 34, -42, 264, 90, 154, 86, -196, 100, 142, 90, 52, -90, -86, 96, -162, 62, -18, 16, -80, 12, -86, 78, 80, 284, 212, -148, -54, 74, 116, -136, 48, -36, -48, -40, 56, 142, 136, -88, 290, -56, -24, 50, -58, 160, -42, -114, 168, -70, -58, 78, 46, -36, 42, 72, 198, 8, 118, 20, -138, -32, -46, 274, 64, -104, -76, 18, -34, -78, 52, -158, 270, 76, -130, 256, -22, -240, 52, 66, -10, -152, 60, 4, 208, 64, 18, 46, -182, -74, 6, 162, 90, -32, -178, -16, -144, -14, -4, -10, 56, 250, -94, 24, -60, -96, 302, -34, 164, 192, -74, 262, -28, 100, -246, 100, -34, -252, 194, -90, -30, -214, -224, 340, 144, -26, -50, -134, 40, 12, 8, -6, 4, 98, 0, 136, 0, -70, -148, -18, 196, -32, 176, -74, 32, 32, -72, 164, -56, 178, 168, 180, -154, 136, -36, -82, 44, -48, -116, 90, 14, 94, 2, -24, 0, 102, 110, -306, -126, -192, 152, 36, -80, -148, -142, 116, 134, 318, -176, 68, 20, 168, 180, -20, 122, -36, -44, 190, 136, -84, -168, -176, -144, -12, -36, 98, -4, 160, 60, 20, -114, -124, -172, -250, 38, 6, 158, 24, -68, 102, 194, -66, -98, 76, 136, -20, 0, -36, 134, 148, 54, 186, 46, -52, 70, 244, 222, 126, 44, 238, -120, 80, 148, 172, -242, 24, 206, 14, 100, -138, -64, 12, -144, 62, -6, 46, -210, 4, -288, -76, 0, 210, 100, 78, 80, 32, 220, 90, -12, 216, 28, -54, -180, 0, 124, -24, 40, 128, 532, 188, -24, 62, 192, 
112, 2, 132, 132, -184, -74, 66, -66, 36, -34, -216, -124, 176, -110, -214, 114, 34, 150, -16, 256, -80, 170, 122, 20, 154, 112, 114, -26, -68, 44, 88, -60, 50, 166, -2, 32, 106, 38, 72, -60, -78, 268, -22, 258, 124, 228, 84, -86, 60, 34, 70, 82, -30, 102, 12, -6, 44, -52, 46, -180, -174, 196, -34, 118, -132, -4, -30, -202, 156, 102, -138, 90, -194, -26, 86, 18, 134, 30, -188, -12, -108, 36, 124, 54, 132, 10, 354, 26, 108, -36, -20, -64, -106, -78, 166, 30, -38, -40, 114, 148, 84, -104, -74, 280, -212, 192, -38, 22, -20, -170, 4, -88, -58, 318, -38, 122, 68, 192, 68, -26, -46, 76, -26, -32, 188, 184, -190, -288, 56, -74, -278, 14, -12, 28, 116, 98, 60, 62, -130, 80, -22, 66, 276, -6, 140, 4, 66, 188, 38, -54, -138, -40, 200, 48, -84, -58, 104, 148, 170, 222, -44, -2, 90, 84, 250, -76, 4, -216, -74, -58, -170, 170, 94, -198, 258, 96, -78, -64, 228, 228, 196, -76, 288, 44, 148, 128, -34, 22, -138, 46, 96, 84, 150, 300, -86, -52, -62, -12, -12, 136, -142, 336, 106, -86, 4, 82, -102, -184, -46, 150, 180, -2, -278, 86, 124, 210, -90, -68, -194, 260, 14, 336, -80, 100, -72, -40, -150, -2, 124, 202, 0, -180, 112, -18, -8, 162, -60, -8, -62, 32, 308, 198, 4, 280, -62, -106, 58, 128, -6, 308, 24, 52, -180, -78, 172, -10, 118, 190, 120, 36, 134, -34, 40, 22, -216, 72, 234, -126, 18, 122, 2, -12, -144, 32, 110, 46, 118, 22, -96, 90, 12, 80, 178, -40, 120, -86, 174, 228, -68, -4, -318, 126, -44, 198, -22, 202, 120, -114, 166, -38, 82, 70, -328, -82, 152, 50, -126, 134, 106, 44, 24, -76, 24, 14, -14, 44, 180, -106, -26, -168, 170, 82, 106, 252, 110, 118, 112, -16, -108, -134, -22, 86, 44, -92, -2, 10, -172, -10, -368, 88, -58, 302, 64, 124, 166, -146, 204, -2, -20, 250, -118, -166, 50, 124, 126, 42, 28, -84, 70, -92, 148, 80, -96, -98, 146, 84, 194, -128, 74, 38, 74, -166, 136, 62, -62, 106, -254, -100, -84, 248, -240, 182, 196, -184, 70, 62, -46, -80, -212, -140, -66, 94, -92, -200, 194, 112, 110, -96, 18, 152, 134, 174, -30, -16, 28, 186, 114, 180, -14, -110, 132, -50, 176, 16, -6, 52, 182, -32, 234, 2, -92, 92, -232, -132, -102, -92, -178, 208, 196, 50, 298, -62, -176, -76, -74, 16, -14, -94, 54, 166, -82, -18, -170, 4, 200, -6, 68, 138, 78, 20, 70, 196, -200, -74, -20, -264, 8, -32, -108, -124, -34, 296, -128, -48, -16, -56, 164, 60, 112, 120, -48, 260, 26, 88, 42, 192, 46, -102, -84, -192, 46, -88, -154, -30, 42, 184, -230, 2, 82, 16, 30, 36, 160, 98, -62, -358, 216, 158, -138, 52, 
38, -32, -190, -204, 86, 108, -44, -66, 8, 100, 248, 14, -28, 106, 122, -138, 164, -110, 78, -234, 232, -138, -94, -56, -52, -114, -102, 98, -18, 48, -136, 138, 58, -122, 124, -14, -10, 84, -6, -58, 68, 10, -228, 62, -56, -130, 18, 0, -86, -18, -40, 6, -28, -172, 138, -28, -46, 8, 96, 174, 62, -166, 188, -94, 48, -68, -50, 192, -102, 12, 130, 46, 76, 120, -54, 210, -148, -64, 122, 110, 38, 64, 36, -154, -34, -28, -242, 120, -236, 184, -40, 206, 54, 114, -148, -52, 42, -54, 28, -30, 102, -10, 10, -28, 268, -2, 88, -28, 30, 158, -62, -36, 106, -20, 180, -24, -106, -92, 60, 90, -20, -40, -200, 216, -46, -132, 186, 332, -54, 90, 290, -82, 46, 84, -210, -114, 34, 82, 58, -116, 192, -4, -256, -250, -192, -78, 64, -166, 60, -70, 42, 30, -66, 64, 66, 74, 104, -26, -92, -84, 90, -114, -64, -124, -234, 144, -26, 112, 140, 298, 94, -60, -56, 208, -154, 22, -54, 20, -34, -132, -58, 58, 72, -90, -72, -148, -86, 108, 92, -224, 214, 62, -216, -242, -58, 74, -10, -126, 52, -8, 238, -278, -46, 162, 90, -58, -74, 154, 94, -240, 98, 64, 158, -42, -90, -76, -98, 246, 88, 4, 72, -238, 264, 0, 292, 10, 158, -52, 32, -146, -140, 194, -222, 60, 88, -124, 284, 154, 58, -82, -186, 66, 8, -34, 294, 176, 76, 2, -14, -80, -222, -50, 208, 92, -144, -118, -78, -218, 86, -42, -84, 258, 34, 38, 138, -112, -36, 166, 56, -102, -34, -118, 32, -74, -82, 82, 8, 44, 112, 6, 38, -104, -102, -96, -154, 50, -98, -214, 98, 124, 312, 126, 134, 20, 128, -188, -158, 192, -54, -20, -70, 50, 120, 56, -362, 324, 262, -94, -10, 22, 324, 196, -22, 94, 102, -138, -30, -86, 66, 300, 60, 74, -244, -122, -78, -166, -246, 214, 24, 138, 100, -30, -116, 152, -4, 98, 30, -140, 148, -36, 56, -116, 32, -290, -100, 152, -56, -178, 84, -98, 84, 70, -46, -46, -52, -194, -74, 248, -92, 78, -60, -34, 44, 218, -68, -34, -138, 258, -22, 14, -8, 110, -136, -24, 128, -106, 186, 236, 2, -24, 138, -12, -106, 64, 34, -38, 162, 98, 208, 88, 28, -90, 100, 140, -126, -158, -142, 32, 198, -82, -68, 70, -24, 82, 56, -134, -66, 64, 212, -12, 28, -2, 136, -50, -58, -52, -300, -16, -12, -46, -222, -24, 108, 74, 72, 40, 108, -222, 24, -56, -10, 146, 80, 100, -82, 58, 68, 102, 56, -134, 64, 152, 162, -126, 66, -102, -154, -42, 4, 96, -24, -84, 278, 126, 8, 222, -74, -4, 62, 108, -112, -92, 260, 110, 112, 100, -124, 100, -148, -118, 110, -242, -18, -28, -12, -106, -126, 152, 66, 292, -168, 78, 108, 26, 76, -204, 168, -26, -12, -54, 98, 182, -16, -92, 74, -16, -306, -196, 52, -46, 
-6, 62, 196, 106, 110, -20, 186, 28, -80, -152, -88, 90, -20, -108, 44, 22, -68, -62, -32, 122, 8, 126, -8, 16, 78, 196, -34, 92, 100, 60, 282, 24, 92, 68, 20, 22, 112, 0, 36, 4, -6, -184, 98, -128, 148, 60, -64, -32, 278, -108, 62, -24, 38, 308, 44, 20, -54, -6, 2, -174, -6, -24, -236, -38, -72, 218, 30, -88, 194, -98, -60, -114, 2, 42, -26, -12, -70, 98, -26, 0, 50, 78, -142, 118, 134, -18, 84, -114, 18, -218, 68, -48, 80, -50, 278, 192, -146, 46, 70, 54, 54, 152, -76, 8, 34, 332, 96, -4, 66, 42, 22, 10, -96, 34, -84, -100, 194, 146, 78, -244, -136, 132, 108, -160, 158, 98, -114, -232, 102, -34, -34, 160, -38, -176, 56, -22, 196, 18, -134, 80, -88, 220, 158, 112, 92, 108, 46, 16, -18, 80, -26, -38, 30, -26, 20, 4, 124, 24, 92, -162, 174, 182, 36, 18, 196, -2, 316, 46, -84, -192, -24, -2, 130, -114, 54, 70, -42, 42, 212, -16, 86, -14, 36, 66, 218, -92, 158, 220, 4, 224, -72, -8, 16, 174, 6, -30, -36, -62, 106, -40, -30, 162, 16, -80, -142, 40, 102, 6, -34, 186, -32, -62, -2, 80, 146, -22, 106, -68, 40, 60, -20, 190, -72, -120, -144, -56, 58, 88, 102, 186, 104, 114, 16, -70, -58, 22, -208, 142, -4, 72, 208, -148, 6, -62, -198, -114, -184, 168, 98, 2, 238, -56, -62, 34, 48, 140, 156, 216, -92, 62, -24, -194, 108, -88, -84, -146, 140, -22, -24, 150, 206, 164, 142, 138, 24, -146, 156, 8, -50, 94, 10, 68, -10, -36, 344, -30, 164, 134, -226, -138, -108, 48, -142, -52, -86, 272, 188, -172, -162, 154, -96, 146, -60, 22, 2, -24, -298, 86, 40, -84, -350, -40, 102, -188, 102, 100, 20, 120, 108, -204, 26, -124, 274, 62, 208, -40, 304, 26, 2, -210, 50, 8, 12, -178, 30, -50, 28, 186, -178, 116, -16, 198, -10, 216, 234, -232, 234, 54, 74, 60, -62, -164, 132, 2, 44, 6, 154, -128, -6, -180, -38, 132, -40, -274, -52, -34, 140, -160, 156, 146, 172, -134, 192, 6, 54, 170, -226, -134, 112, 204, -106, -22, 24, -94, 110, 148, -114, -180, -248, -16, 88, 148, -60, -18, 46, 20, 150, -170, -74, 112, 70, -28, 92, -16, 56, 142, 156, 98, -126, -42, 54, 208, -82, -26, 108, 44, 26, 124, 44, 168, 102, -42, -116, 40, 62, 14, -130, 250, -58, 52, -104, 22, -118, -26, 130, -214, -92, -36, 102, 92, -40, -52, -60, -68, -54, 104, 98, 54, -52, -24, 106, 104, -226, -118, 98, -176, -80, -88, 100, -56, -90, 172, 2, 14, 86, -108, 148, 124, -92, 42, 0, 250, -46, 26, -64, 36, -154, -26, -96, -202, 146, 4, -68, 32, -10, 270, -194, 138, -136, 162, 22, -178, -168, 202, -124, -100, 316, 254, -138, -130, 
124, -14, -180, -46, -84, 128, -138, 60, 10, 12, -132, -4, 82, 102, -18, -48, 134, 128, 18, 42, -16, -284, 52, -126, -60, -120, 64, -24, -8, 164, -180, -250, -244, 24, -182, 136, 30, 20, 50, -72, -26, 202, 164, 216, 24, -164, 92, 202, -146, 30, -20, 42, 12, -138, 218, -12, 42, -44, 52, -60, -72, 16, 236, 148, 110, -292, -196, -22, -172, 128, 264, 184, -52, 18, 138, 176, 238, -76, 30, -46, -98, -10, 66, 4, -64, 206, -158, 268, 216, 162, -84, 56, -106, 20, -234, -152, 72, 46, 54, -66, 8, -218, -12, 8, -84, -198, -186, 210, -68, 58, -26, 12, -72, 82, 240, 132, -150, -142, -112, 196, -126, -86, 100, 180, -182, -72, 140, 208, -42, -70, 72, 54, 120, -90, -202, 58, -144, 164, -12, 94, 36, -228, -24, -64, -126, -208, -228, 2, -82, -72, 142, 90, -52, -6, -152, 44, -54, 6, 54, -102, -32, -118, 76, -114, -102, -122, -210, -160, 228, 30, -194, 112, -116, -14, -78, -66, 140, -142, -148, 86, -162, -10, -94, -38, -210, -68, -222, -174, 210, -224, 82, -70, -94, 26, 62, -16, 200, -12, 46, -86, 118, -62, 36, 216, 64, 80, -48, -114, 158, -72, 54, -46, -178, -288, 16, 36, -66, 140, 132, 32, 156, -190, 140, 102, 208, 72, 148, 152, -120, -190, -52, -86, -34, 108, -94, 96, 246, 20, -34, -218, -14, 218, 88, 22, 264, 192, 64, 78, 118, 132, -92, 178, 54, -26, 116, 56, 76, -174, 34, -72, 106, 82, -104, 98, 208, 212, -96, 146, 38, -32, -12, -58, -88, -162, -132, 122, -18, 90, -14, -36, 134, 66, 154, -120, -356, 82, -54, 50, 194, -90, 158, -44, 66, 140, -40, -50, -108, 160, 176, 72, -56, -148, 68, -70, -102, 14, 248, 32, -4, 44, 246, -58, -2, 246, -62, -38, -70, -40, 44, 4, 112, 194, -384, -30, -184, 262, -92, 68, 96, 212, 54, 42, 104, 216, -30, 42, 128, -122, 68, 48, 54, -44, 70, 34, -228, 226, -160, 252, 16, 130, 162, 20, -182, 52, 124, -112, -228, 148, 116, 168, 162, -136, -18, 84, -42, 66, -20, 164, -14, -308, 10, 220, 26, -28, -44, -64, 222, 164, 38, -126, 108, 98, 18, 188, -6, -178, 214, 84, 260, 114, -52, -160, 80, 234, 86, -82, -48, 166, 8, 34, 188, 4, 64, 38, 166, -216, -98, -178, 158, 82, 64, -4, 118, 114, -112, -38, -8, -18, 84, 38, -70, 18, 194, -58, 124, 4, -28, -176, -92, 48, 26, -172, 122, 72, -130, 16, 106, -42, -94, -56, 116, -24, 12, 178, 38, 46, 38, 134, 8, 90, -14, 46, 74, 138, 54, 46, 170, 128, -26, 2, 298, -316, -34, -6, -150, 136, -154, 52, 220, -34, -76, -46, 18, -82, -56, 126, -62, 72, 188, 158, 6, 72, 44, -92, 96, -166, 128, -80, 246, -182, 26, 58, 130, -288, 186, 130, -126, -144, 62, 116, 
-72, 226, 40, 122, -92, 6, 198, 42, 10, 82, 70, 84, -86, 170, -70, 190, -74, 62, -128, -138, 138, 240, -64, 22, -16, 190, 78, 46, -74, -162, 122, 178, 120, -160, -16, -12, -62, -10, 178, -34, 124, -218, -290, -174, -52, 56, -28, -322, -120, 134, 52, 92, -126, 68, -320, 156, -34, 312, 38, 268, 254, -28, -174, -42, -222, 256, 294, 58, 222, -192, -88, -224, 110, -100, -18, -138, -110, 148, 18, -2, 238, -20, -168, 2, 182, -22, 32, -114, -84, -54, 130, 84, -70, -20, 46, 108, -92, 86, 142, 2, -4, 308, 4, 92, 34, 72, 88, -78, 114, -86, 242, 40, 60, 54, -216, -30, 114, 78, 96, -180, 20, 76, 8, -158, 268, 126, 0, -110, 2, 92, -106, -28, -36, 256, 42, -10, 58, -68, -130, -24, -34, 176, 82, 120, 24, 200, 84, 110, 348, 100, 4, 214, 10, 220, 130, 64, 164, 34, -46, 124, 36, 66, -110, 306, 212, -144, 46, 216, -286, 2, 226, 2, 232, 144, 164, 198, -82, 212, 262, -2, 90, 124, -40, -4, 128, 34, 96, 84, 58, 82, -164, 72, 24, -20, 26, 32, -256, 74, -82, 240, 98, 66, -46, -224, -150, -10, 350, 100, -80, -40, -36, -134, 46, 290, 10, 56, 110, -30, 24, -154, -210, 374, 54, -32, -170, 6, -292, -34, 378, 96, -14, 84, 26, 128, 212, -186, -124, -14, 16, 186, 48, -32, -168, -132, -224, -180, 56, -166, 62, 172, 208, -170, -82, 10, 108, -32, -66, 176, -24, 252, 18, 40, 274, 14, -62, 58, 290, -150, -42, -22, 2, -28, 180, 90, 42, 84, -18, -278, -146, -46, -38, -224, -80, 348, 252, -208, 284, 10, -80, 216, 22, -60, 20, -144, 124, -12, 16, -258, -58, -104, -122, 160, 138, 108, 62, 90, -238, -62, 92, 100, 16, 106, 18, -164, -96, 150, 204, 186, -22, -12, -144, -234, 348, 46, 44, -120, -6, -42, 26, 44, 262, 78, 74, -258, 240, 18, -84, -58, -76, 170, -18, -2, -34, 194, 240, -68, 18, 102, 30, 24, 206, -92, 224, 134, -44, -14, 336, -214, -44, -90, -76, 134, 146, -12, -28, 38, 150, -132, -8, 260, 28, -260, 0, 232, 2, 0, -208, -102, -54, 50, -64, -64, -176, -178, -66, 214, -214, 62, 42, -76, -50, 58, -174, -156, -92, 230, -38, -136, 10, -80, -164, -36, 30, 40, -160, 110, 206, 82, -160, -48, -50, 68, -128, -204, 78, 126, -100, 78, -72, -262, 158, 22, -92, -40, 106, 60, 46, 202, 36, -180, -42, 194, 10, 92, 220, 134, 118, 124, 86, 142, -12, -68, 24, -176, -108, 58, -198, -106, 54, -222, 46, -40, -104, -150, 56, 232, -2, -54, 70, 56, 38, 204, 68, -120, 234, -90, 130, -136, -192, 0, -72, 108, 66, 228, 26, 54, -84, -102, -176, -234, 132, -112, -64, 194, -92, 38, 10, 176, -120, 152, 88, -120, 112, 96, -78, 0, 146, 214, -162, -262, 
-14, -22, 142, -294, 106, -24, -146, 20, 12, -92, 32, -126, 174, -32, 82, -98, 18, -2, -28, 184, -46, -178, 226, -218, -68, -280, -80, -12, 122, 138, 40, -28, -14, 244, 168, 156, 232, 52, -82, -24, -82, 396, 300, 74, 82, 114, -20, 204, 18, -164, -24, 58, 112, -122, 132, 76, -96, -234, 100, -40, -310, 38, 122, 308, 74, -256, -84, -16, -124, 194, 52, 66, 74, 160, 46, 88, -4, -60, -16, 26, -158, 28, -4, -96, 60, -64, -70, -42, 154, 126, 168, -28, 144, -56, -242, -46, -24, -42, -54, 52, 6, -148, 128, 94, 240, 88, 78, 88, -170, -104, -90, 18, -80, 92, 52, 12, -198, 0, 32, 160, -156, 24, -104, 184, -12, 40, -88, 144, 224, -52, 260, -24, 122, -96, 24, 18, -46, 104, 48, 8, 16, -2, 148, -188, -62, -12, -40, -130, -214, 8, 194, -190, -52, -278, 48, -16, 24, -200, 134, -124, 8, 14, 16, -406, -176, 172, 90, -32, 214, 80, -248, 16, -118, -192, -46, -244, 148, -90, -172, -40, -46, -148, -74, 34, 10, 44, 142, -152, -8, 40, 92, -18, 66, 10, -82, -58, 98, -310, 118, -250, -10, 28, 50, 148, 240, -132, -436, 44, 38, 236, -74, 6, 140, -234, 180, -136, 26, 74, -78, 124, 154, 0, 28, 60, -68, 82, 152, 66, -320, -36, -4, -152, -40, -138, -106, 38, -36, 130, -44, -394, 196, 140, 128, 142, 314, 142, -30, 58, -16, 20, -126, 44, 44, 20, -66, -56, 72, -10, -78, -206, 46, 2, -220, 14, -40, -118, -28, 230, 28, 164, -22, 208, -44, -4, 110, 132, -142, 238, 68, -94, -146, 264, -30, -210, -156, 172, -90, 150, 180, -8, -52, 258, -14, 116, 16, -90, 102, 162, 74, 184, 166, 40, -168, -86, 4, -102, 76, 222, -6, -126, 106, -40, -202, 100, 56, -152, -196, -110, 110, 72, 144, 226, -220, -114, -98, 32, -234, 122, 56, 18, -60, 2, -46, 186, -100, 18, 76, 0, 22, -56, 160, 128, 66, 10, -246, 22, 6, -158, -42, -10, -10, 46, 18, 66, 120, 80, -142, 292, 180, 74, -6, -78, 54, 206, -72, 114, -54, 100, -30, -128, -68, -38, 106, -126, -96, 100, -66, 152, 118, 18, -164, -2, -128, 144, 168, -136, -30, -34, -6, -26, 220, 158, 98, 58, 126, 58, -6, 272, 90, 76, -14, -64, 240, 148, 162, 122, -84, 32, -44, 92, 102, 8, 30, 254, -32, -88, -64, 20, 176, 318, -64, -142, 28, 48, 18, 160, -70, -58, 6, 244, 92, -98, 146, -66, 18, -90, 96, -82, -122, -12, 34, 118, 128, 104, -14, -16, 24, 180, 40, 36, -6, -78, -96, 86, 134, -110, 10, 156, -156, 100, 182, -56, -196, 202, -222, 50, -306, 202, 158, 6, 424, -70, 2, -158, -102, 20, -8, 30, 144, 140, -168, 36, 128, -128, -10, -10, -8, -76, 142, -148, -28, 30, -84, -12, 200, -50, -90, -120, 34, 222, 
-40, 142, -20, 152, -2, 26, 78, 200, 32, 78, -38, -32, -70, 12, 152, 28, -72, 66, 66, -42, 10, 276, -282, 152, -8, 68, 274, 114, -16, -86, 76, 40, 132, -88, -126, -120, -406, -206, 22, 134, 132, -356, -308, -200, -86, -12, 2, -48, -150, 98, 76, 34, 50, 150, -104, -46, 104, 50, -208, -176, 492, -194, 96, -172, -184, 142, 182, 34, 24, -44, -282, -108, -46, 64, -50, -122, 92, 92, -168, -2, 54, -76, -180, 278, -38, 118, 48, 260, 96, -64, -124, -6, -124, 38, 176, 82, 64, 60, -16, 8, 70, -32, -98, -148, -168, 16, -8, 10, 132, 24, -38, 42, 58, 146, 6, -102, 328, 28, -70, -64, 416, 24, 62, 70, -22, -22, 22, -48, -172, -72, -108, 114, -288, 148, -132, 116, -32, -170, -38, 140, 70, -26, -126, 50, -38, -48, 94, 70, 414, 4, 34, 48, 36, 132, -66, 156, 170, -50, 54, 142, -52, 58, -30, 48, 160, -122, -44, 146, 16, -48, 148, -52, 226, 188, 32, 86, -92, 214, 282, 118, 180, 140, 70, -112, 124, 86, -102, -110, 110, -4, -198, 18, 126, -72, -4, 146, -100, 268, -98, 128, 82, -86, 0, 144, -12, 40, 114, -20, 120, -154, -160, -86, -142, 144, -190, 36, 48, -260, 98, -130, -56, -6, -216, -32, 60, -52, 30, -36, 222, 78, 16, 56, 4, 32, 120, 32, 56, -154, -70, 138, -182, -22, -170, -110, -108, 4, 36, 220, 42, -32, 142, -140, 94, 26, 54, 14, -82, 124, 126, 210, 80, -72, 36, -208, 8, 130, 58, -122, 136, -88, 260, -36, 50, 110, 18, 138, 252, -164, -4, 150, 34, -90, 104, 220, 90, -64, 50, -250, 8, -18, 104, -28, -60, -230, 164, 8, -64, -16, -184, -74, -154, -100, 262, -132, 2, -38, -172, -186, 26, 132, -16, -48, -34, 44, -84, 10, 16, 44, -108, -14, -238, -76, 196, 78, 76, -218, 296, 96, 140, -16, 58, 18, -16, -92, 212, -62, -88, 12, 138, -102, -250, 12, 212, 146, -88, 154, 160, 90, 18, -130, -18, -108, 78, 76, -68, 58, 50, -202, 156, 22, 206, -26, 24, -218, 38, 64, -18, -104, 40, 74, 46, -80, -30, -66, 30, 152, 262, -188, -162, 232, 336, 68, -106, 76, 104, 162, -44, 108, 212, 14, 10, -166, -90, 20, -86, -132, 20, -210, 126, 182, -156, 180, -56, 104, -246, -114, 28, 98, 42, 12, -248, 50, 122, -218, 208, -144, 4, 34, 36, -130, 88, 72, -4, -182, 36, -78, -114, 142, -10, -70, 234, 174, -140, 196, 122, -32, 38, 84, -28, 60, -32, -2, 4, -140, 20, 30, 26, -130, -122, 108, 26, 22, 38, 154, -12, 46, -12, -236, 146, 130, -78, 192, 130, -130, 232, 128, 36, -10, -182, 134, -228, -30, 12, 86, 196, 160, -6, -34, -126, -34, 212, -192, -182, 40, 32, -68, 0, -56, -84, 130, 128, -230, 90, 28, -144, 130, 238, 80, -46, -260, 
-70, 50, 176, -164, -14, -30, -10, -74, -84, 160, -6, 22, 104, 172, -72, -154, -38, -150, 4, -168, -50, 88, 114, -12, 92, 138, -126, -122, -10, 32, 138, 74, 72, 330, 92, 190, 364, 94, -28, -82, -126, 264, 178, 48, 90, -74, 126, 60, 198, -68, 156, 140, 132, -112, 20, 170, -24, 0, -16, 48, -324, 158, 68, 160, 210, 78, 10, -22, 114, -82, 172, 108, 72, -40, -16, 102, 184, 92, 284, 26, -72, 92, 150, -240, 194, 114, 4, -108, -144, 112, 144, -8, 6, -174, -84, -160, -142, 236, -10, 130, -18, 180, 252, -36, 20, 220, 118, -84, 16, -50, -138, 126, -160, -26, 180, 304, -44, 28, -56, 118, -224, 122, -62, 4, 202, 110, 276, -116, 174, 184, 190, -324, -46, -152, 238, -92, -56, 232, -88, -72, 42, 114, 8, 68, -82, -4, -202, -32, -270, 104, 166, 98, 86, 70, 110, -70, -82, -40, -80, -168, 182, -160, 108, 98, -104, 86, -4, 56, -44, -122, 4, 14, -154, 18, -48, 78, 130, -188, -84, -56, 32, 150, 2, 86, -28, -44, 76, 16, 18, 28, 32, 48, 0, 274, 26, -26, -58, -330, 176, -38, -240, 10, 76, 74, -106, 46, 42, 28, -12, 46, 72, 0, 166, -142, 90, -210, -24, 220, 56, 72, -68, 172, 142, -8, 200, 138, 6, 66, -146, -90, 266, 48, 78, -10, -216, -132, -92, -176, -30, -122, 34, 140, 112, 94, 42, 188, 144, -118, 14, 154, 146, 140, -96, 104, -40, 66, 42, -48, -68, -52, -190, 18, -142, 170, -16, -26, 58, 234, -282, 46, -34, 204, -74, 72, -12, 24, -172, 18, -8, -56, -12, 18, -140, -218, 102, -108, -8, 246, -62, 2, -98, 158, 28, 300, -106, 114, 66, 218, 32, 62, 144, -28, -86, 208, -52, -88, 12, 188, -188, 20, 30, 178, 172, -108, 108, -20, 14, 98, -2, -6, 164, 148, 24, -122, 46, 86, -144, -12, -50, 118, -104, -78, 0, 16, -130, 32, 84, -110, 96, 24, 256, 44, -4, -114, 24, -106, -198, -32, -28, 64, 202, 86, -48, 94, 194, 32, 122, 144, 10, -254, -208, 10, 30, 126, 34, -24, 120, 188, -124, 148, -104, -126, 36, -24, 8, -230, -80, 122, 26, -258, -242, -60, 84, 8, 0, -200, 220, 118, -264, -52, -26, 122, 30, -42, 168, 252, 154, 218, -192, -28, 146, -208, -66, -44, 152, 214, 88, 6, 32, -20, 282, -384, 14, 114, 10, 130, -66, 68, 44, 190, -74, 28, -12, 186, 76, 50, 44, -10, 18, 114, 162, -130, 132, -126, 170, 128, 22, 80, 98, -102, -42, -66, -84, -74, 48, 50, 94, 240, 134, 8, -20, 86, 18, -70, 68, -16, 82, 354, 0, -118, 122, -76, -14, -60, -202, -254, -110, 20, 132, -78, 20, -78, -64, -78, -158, -136, 0, -48, 38, -144, -162, -12, 230, 104, 18, 142, 176, 110, 238, 74, -206, 202, 64, 60, 110, -30, 214, -44, 40, 266, 
152, -80, -154, 134, -66, -44, 70, 202, -8, -100, -72, 30, -164, 66, 96, 58, -24, 136, -180, 124, -130, -84, -86, 14, 116, 6, 150, 120, 128, -110, 66, 8, 36, -134, 32, -130, -108, -46, -42, 34, 80, -164, -190, 2, -110, 24, -110, -140, -200, 118, -76, -118, -124, 118, 84, -86, 40, -12, 150, -114, 78, 62, -154, 76, -78, -4, -42, -292, -12, 120, 26, -64, 28, 0, 12, -58, 38, 4, -338, -12, 212, -206, -90, 222, -114, -32, 48, 168, 56, 82, 52, 56, 56, 204, 80, 132, 190, 54, -16, 50, -20, -128, -80, -124, -78, -12, 170, 118, -36, 66, 202, -80, 50, 186, -52, -174, 136, -152, 104, 12, 208, -58, 218, -226, -112, -54, -160, 348, 126, -190, -72, 314, -40, 120, -58, -124, -64, 6, 46, -10, -140, -186, 132, 52, -74, 6, 256, 144, 212, -124, -250, -6, -110, -52, -116, 10, 218, 44, 94, 48, -170, 256, 30, -56, 14, 4, -22, 138, 38, 116, -136, 82, 114, 154, 100, -126, 64, 166, 218, -12, 8, -368, 140, -76, -100, 210, -114, 34, 98, 80, 56, 62, 58, -108, -100, 2, 142, 62, -142, 196, 190, -110, -162, -84, 96, -78, -2, -64, 10, 90, -4, -130, 196, 154, -160, 184, 132, -142, 40, 154, 110, -94, -102, 14, -228, -54, 54, 106, 250, 58, -92, 20, 146, 212, 300, 86, 112, 64, 200, 24, -166, 106, -124, -102, -118, -88, 90, 128, 250, -116, -56, -132, -80, 18, -94, -60, 24, 40, -42, -122, -74, -58, 118, -98, 34, -162, -34, -12, 218, 172, -64, 86, 26, -2, 152, 94, 132, -22, 54, 74, 56, -102, 116, 172, -138, 92, 52, -94, 66, 50, 182, -36, 74, -96, 8, 78, -152, -74, -236, 14, -20, 234, -14, 26, 202, 132, 30, -136, -130, -6, -136, -122, -98, 218, -54, 38, 14, -82, -122, -22, 34, 40, 0, 26, -10, -80, 272, 180, -216, -14, 208, 66, -118, 10, 54, -70, 70, -20, 68, 162, -208, -14, 72, -10, 14, 114, 228, -34, 54, 16, -162, -110, 84, 34, 12, 44, 40, 20, 18, 202, 266, 220, 212, -122, 12, 32, 236, -192, 56, -58, 30, -24, 60, 168, -68, 162, 170, 78, -94, 270, 194, 20, -120, -54, 166, 134, 158, -136, 364, -58, -188, -14, 0, 176, -56, -84, -190, -80, 294, -154, 2, 322, -76, 150, -146, -136, 54, 122, 30, 40, -158, 424, -62, -100, 50, -38, 60, -20, 22, -130, 272, -8, 38, -200, 54, -56, 52, -258, -30, -102, -70, 82, 186, 114, 14, -18, -26, -56, -140, -94, 8, -42, 278, 82, -60, -198, 10, -98, -20, 66, -46, 100, 102, 56, -30, 94, 94, -254, 62, 174, -262, 194, 20, 108, 254, 250, 174, 232, -136, 6, -6, 112, 116, -24, -30, 238, 36, -10, -94, 168, 122, -68, -68, -152, 108, 12, -78, -128, -80, 0, 54, -196, -54, 20, 36, -54, -2, 92, 146, -46, 
-82, 80, 18, -196, -52, 18, -156, -132, -50, 82, 72, 62, 288, -114, -66, 60, 32, -216, 152, -208, 180, 12, 92, -78, -18, -88, -170, -80, -60, 68, 72, 2, -12, -14, -204, 268, 224, 68, -40, -142, 70, 216, 272, 226, -4, -146, 124, 70, 338, 68, 126, 194, 154, 4, -26, 70, 32, -6, -24, 46, -118, -12, 164, -42, -118, -26, -4, 234, -122, -114, 58, 138, -32, 58, -12, 28, -34, -28, 274, 238, -126, 308, 152, -142, 80, -24, 140, -106, -262, -28, -90, -62, 114, 10, -48, 158, -166, 82, -62, 104, -46, 180, -120, 86, -2, 8, -60, -52, 52, -160, -242, 190, -114, -78, 140, -60, -24, 108, -48, -74, -148, -2, -112, 150, 102, -6, 112, -184, -28, 192, 250, -102, 200, 12, 104, 80, -38, 112, 118, 68, 198, 98, 20, 102, 108, 142, -306, -156, -108, 324, 200, -130, 24, -86, 198, 136, -70, 104, -86, -42, 120, -206, -86, 56, -58, 34, 16, -190, 144, -76, 96, 38, 68, -30, -4, 48, -170, -100, 74, 80, 144, 142, -178, 152, 406, -138, 178, 20, -32, 168, -182, 18, 84, 222, -136, 164, 34, -72, 234, 0, -110, 130, -44, 220, -196, 176, -58, -24, -4, 8, -60, 58, 50, 12, 72, -84, -40, 128, 108, -6, 80, 252, 64, 124, 98, 18, -54, 170, -100, -90, 60, -38, 14, 6, -84, -132, -28, -124, -32, 90, 34, 142, 176, 84, 18, 156, -112, -182, -154, 0, 206, 66, 106, 48, 172, 290, 106, 124, -54, 214, 96, 208, -258, -44, 142, 180, -36, -98, -130, -200, 20, 46, 18, 98, -342, 18, -212, -150, 44, -4, 14, -2, -142, -226, 10, 0, 348, 4, 126, -98, -50, 44, 110, 188, 18, 134, 94, -82, 154, -56, 138, -46, 164, 28, 92, -204, -54, 68, -38, 86, 294, 50, 210, -30, 156, 202, -10, 150, 168, 0, 72, 38, 28, 98, 44, 128, -56, 18, 202, 214, 12, -86, 218, 202, -54, 72, -196, 12, -18, -28, 122, 26, -146, 8, 102, 194, 14, -18, -66, 124, 182, 50, 86, 178, -6, -60, 58, 60, 234, 26, -168, -42, -118, 54, 120, 150, -210, 74, -94, 52, -2, 122, 116, 96, 78, 26, -78, -8, -102, -154, -194, 24, 322, -38, 152, -176, -220, 186, 44, 84, -46, 66, 52, -178, 86, 166, 142, -106, -114, 278, 160, -30, 40, -168, 176, 84, -76, -98, -114, 38, 216, -226, 58, 124, -58, 70, -76, 180, 98, 152, -160, -18, -222, 204, 14, 114, 42, 192, 86, 162, 64, -114, -18, -202, 8, 54, 142, -6, 220, 208, 20, 144, -242, 94, 218, 282, -120, 0, 136, -102, -68, 38, -70, -68, 136, 36, 24, 190, -104, 88, 196, -128, -46, -86, -120, -242, 66, -48, 172, 132, 98, -8, 86, 98, 76, -234, -110, 22, -10, -2, 54, 22, 38, 118, -162, 44, 8, 298, -106, 138, 90, 182, -2, -6, -124, -56, -30, -78, -174, 48, 
-32, -104, 42, 224, -8, -126, 52, -78, 184, -68, -14, 142, 8, -12, -64, -78, -142, 166, -60, -18, 106, 168, 58, -24, 38, 156, 98, 120, -106, -214, 22, -64, -32, -230, 212, -188, -102, 124, 180, 188, -130, -242, 2, -116, 144, -144, 26, -62, -190, 180, -206, -244, -60, -136, 244, 138, -30, 54, 188, 56, 16, 2, -74, 40, 16, 100, -4, -4, -84, 16, -58, 88, 70, 26, 204, -38, -70, -86, -144, -164, 52, -140, 34, 200, 122, 62, -228, 270, 196, 74, 192, -52, -68, -146, 302, -158, 346, -8, 138, -12, 82, 114, -194, 10, 18, -126, 60, 124, 4, -6, 168, 92, 202, -14, 66, 44, 42, 98, 284, 136, 110, 26, 78, 24, -140, 244, 8, 122, 22, -30, -220, 182, -36, -62, -122, -204, -130, 84, -252, -130, -138, -64, 90, -34, 14, 34, 340, 134, -2, -176, -248, 92, 180, 2, -84, -88, 118, -70, 86, 68, -124, 138, -200, -164, -108, -94, -18, 82, -160, 24, -116, 198, 14, 110, 18, 244, 224, 88, 106, -26, -178, -26, 126, 212, -204, 130, -18, 8, 174, -300, 114, -118, -114, -70, 116, -44, 92, 166, -192, 36, 160, 86, 50, -52, 156, -50, 164, -16, 72, -34, 104, 2, 234, -64, -28, -6, 36, -92, -118, 78, 88, -168, -40, -60, -50, 84, 70, -174, 192, 142, 110, 50, -36, 112, 12, 114, -2, 70, 60, -208, -178, -166, -60, 270, 42, 14, 30, 102, 168, -14, 58, -34, 42, -30, 80, -292, -6, -128, 78, -268, 78, 12, 262, 116, -34, -104, -142, 304, 192, -118, 38, 34, -216, 88, 230, -6, 74, -80, -264, 68, 100, 260, -26, 236, -68, -24, -36, -60, 132, -54, 20, -264, -8, -104, 134, -58, -60, 0, -108, 130, -200, -40, -128, 110, -170, 180, 24, -128, -68, -140, -280, -162, -22, 116, -230, -172, -60, 200, -82, -150, 178, -38, 26, -144, -184, -82, 42, 70, -140, -18, 86, 28, -170, 116, 210, -24, 150, 2, 304, -60, -54, -114, 90, -44, -72, -100, -84, -26, 100, -34, -34, 38, -202, 66, 88, 2, -82, -168, -120, -78, 66, 36, 98, 26, -150, -42, -8, 140, 204, -50, 150, -88, -188, 34, -82, -158, 78, -22, 136, 302, -42, 8, -186, 12, -94, 18, 124, -22, 40, 18, 72, 76, 2, 88, -6, -2, -36, 58, 224, -176, -122, 124, -52, 124, -64, -120, -122, -4, 220, -78, -78, 280, -50, 10, 172, 10, 86, -46, 60, -144, -18, 70, 118, -26, -42, 40, -258, -116, 88, -392, 68, 206, -100, 320, -50, -72, -140, -46, -140, -166, -122, -102, 144, 104, -22, -334, -30, 8, 116, 166, 52, -38, 78, 24, 78, -8, 62, -44, 62, -80, -98, 142, 168, 90, 106, 114, 36, 92, -222, -34, -112, -232, 66, 88, -136, 146, -28, 62, 72, 2, -40, 218, -158, 62, 232, 2, 166, -272, -126, 130, 0, -66, 40, -40, 28, -140, 126, 104, 100, -76, 
-80, 200, 36, -300, 200, 12, -104, 28, -126, 192, 24, 70, 106, 100, -162, 180, 196, 18, 226, 88, 102, -32, 6, 122, 74, -34, -142, -64, 134, -42, -60, -22, 136, 182, -102, 132, 218, -192, -24, -96, 20, 222, 74, 98, -110, 180, -46, 148, 278, -80, 50, 198, 92, 188, -18, 98, -84, -40, -312, 68, 132, 172, 102, 66, -50, -26, 92, 174, 4, -42, -46, -24, -72, -62, -170, 18, 178, 240, -8, 162, -92, 124, -98, -180, 88, 252, 134, -236, -62, -66, -100, -106, 44, 124, -248, 292, -194, 202, -142, -72, -42, -112, 224, -20, 36, 114, 30, 84, -24, 106, -82, -138, -110, 112, 4, 198, 10, 78, -34, -198, -76, -4, -76, 68, 0, 10, -130, -114, 24, 198, 36, -16, 190, 132, -42, 232, -82, 232, 38, -100, 114, -40, -92, 174, -18, 42, -174, -42, -18, 66, 228, 104, -132, -150, 84, -46, -182, 46, 48, 216, 256, 0, 94, -4, 80, 16, 224, -10, 160, -338, 162, -54, 102, -128, 26, -120, -112, 74, 8, -18, 214, -154, -144, -136, 222, -220, -6, -6, 64, 166, -46, -6, 140, 108, 84, -10, -204, -316, 108, -24, -326, -152, -28, -116, 4, 14, 2, 14, -126, -96, -160, 142, -56, 18, 108, -74, 48, 198, 124, -50, 180, 106, 44, -84, 24, -114, 4, 58, -116, -194, -110, 6, 64, 212, -186, 30, -110, -240, 12, 118, 98, 114, 64, -32, -34, -46, -74, 84, 34, 232, 106, 74, -46, 36, 54, 118, 56, 24, -188, 190, -174, 158, -148, -138, -20, 38, 58, -186, -28, 78, -44, 80, 184, -114, -104, 26, -2, 32, 242, 102, 80, -76, 38, -164, 150, -100, 158, 92, -128, -70, -160, 130, 124, -50, -120, 168, -18, 110, 26, -136, -78, -10, 280, -84, 96, -78, -12, 86, 32, 198, -2, 214, -12, 34, 232, 206, 106, -126, 246, 148, -70, 82, -102, 274, -18, 170, -76, 98, 98, -6, -152, -170, 222, -90, -164, -130, -38, 100, -162, -54, 142, 216, 72, -34, 106, -30, -18, -74, -30, 62, -76, 114, 90, 138, -92, -50, 228, 104, 138, 50, 82, -4, 94, 134, 258, -162, -104, -48, -202, 26, -106, 8, -90, -108, -78, 190, -10, -114, -152, -204, 52, 20, 46, -46, 90, 10, -12, 50, 202, 66, 60, 84, 152, -228, 12, 74, 76, 244, -202, 172, 112, -24, 44, -194, 152, 76, 38, -22, -176, -80, -74, -148, 76, -162, -36, -90, -130, -134, -86, 28, 174, -164, -146, 74, -72, 34, 236, -34, -88, 240, -140, -192, 138, -230, 306, 144, 298, -120, 156, 106, 220, 204, -152, 10, 254, 182, 22, 116, 36, -24, 238, 58, -116, 156, -10, -8, 16, -2, 122, 36, 176, -180, -140, -76, 36, -114, -104, -130, -32, 110, -164, 272, -112, -298, 106, -134, -100, 112, -82, 88, 102, -198, 170, 74, -242, -142, -148, 98, -14, -162, -68, 22, -160, 128, -16, 108, -30, -116, 126, 20, 
116, -128, -84, 128, -168, -68, 178, 108, 104, 6, -94, 20, -136, 32, 136, -220, -258, 94, -276, -8, -64, 54, 196, 68, 42, 0, 268, 292, 144, 54, -76, -4, -80, -174, 216, -70, -186, 142, 134, 164, 18, -294, -14, 114, 162, -130, 76, -110, -154, 36, -14, -132, -6, -146, -28, 196, -136, 78, 290, -80, -42, 14, 174, -62, 124, 58, -230, -42, -8, 140, -68, 38, 136, 166, 212, -28, -140, -116, 118, -118, 12, -84, 72, 168, -46, -196, 168, 204, 214, 90, -172, 216, -34, -142, 206, -284, 60, -88, -20, -24, 0, 94, -116, -62, 50, -74, 114, -34, 174, 12, 378, 28, 46, 42, 74, -142, 162, 30, 98, 50, 166, 24, 116, 146, 64, -108, 218, 30, -108, -178, -62, 126, -2, -50, 98, -30, -110, 210, 110, 36, 76, 86, 52, -188, 46, 28, 84, 22, 108, 36, -192, 72, 236, 112, -50, 54, 70, -154, 34, -100, -90, 98, 44, 40, -296, 2, -76, 16, 36, 292, -264, 18, 40, 190, 96, 264, 252, 36, 18, 24, -172, 210, 42, 116, -192, 44, 144, 158, -54, -22, 76, 142, 186, -208, 134, 64, 234, 96, 12, 76, 156, -148, 78, 70, 140, -70, 18, 60, 202, -72, 214, -266, 130, -20, 44, 156, -50, -102, 10, 68, -104, 6, 112, -42, 146, 190, 128, -38, 240, -8, 140, -124, -6, -114, 32, -38, 218, 36, -154, -64, 8, 116, -82, -10, -6, 110, 40, 128, 132, -112, -88, -130, 56, -4, -106, -118, -94, -48, 218, -62, 48, 80, 160, 204, -38, -58, 36, 134, 112, -62, -168, -118, -16, 156, 132, 238, -116, -72, -100, -42, -76, -94, 216, 170, -100, 136, -212, -76, 114, 46, 14, -24, 58, 86, 236, -166, 130, 20, 246, 48, -130, 70, -182, 0, -4, 114, -34, -176, -216, -100, 124, 24, 78, 134, -174, -72, 60, -136, -20, -310, -142, 38, -64, -268, 44, 4, -110, -2, -110, 44, 34, 286, -48, 8, 86, 164, 44, -144, 64, 90, -28, 16, -262, -52, -126, 244, -120, 0, 166, -224, 90, 84, 12, -52, 22, -18, -240, 108, -48, -12, -70, -188, -40, -46, -216, 146, 64, -2, -4, 2, 266, -26, 82, -44, 42, 84, 42, -46, 234, 62, 10, 130, -62, -44, -2, 44, -18, -36, -18, 92, -38, 24, -238, 130, 0, -70, 136, -134, 330, 18, -28, -80, 44, 242, -62, 36, -32, -114, 72, -46, -30, 140, -62, -20, 120, -4, 4, 46, -146, 50, 50, 124, 132, 92, 36, 46, 200, -78, 98, 2, 88, 108, 10, 48, -284, -204, -244, -16, -8, -4, -152, -228, 38, 162, -90, -12, -46, -232, -2, 138, -154, -278, 150, -126, -4, -26, -12, -132, 86, 62, 74, 292, 244, 174, 128, -88, -94, -64, 134, 62, -122, -128, 128, 186, -156, 2, -162, -36, 164, -36, -116, 234, 16, -184, 152, -74, 14, 156, -52, 40, 224, 14, 94, -12, 202, 156, 82, 176, 88, 164, 
88, 116, 20, -84, 202, 82, -302, -136, -118, -28, 160, -70, 186, -22, -58, 170, 112, 72, 216, 22, 234, -70, 74, -196, 162, 228, -238, -24, -2, -104, 30, -24, -40, 170, -20, 208, 314, -110, 8, -142, 158, 150, 36, -146, -10, 210, 142, 278, 130, -22, 86, 116, -34, 0, 94, -24, 56, -164, -48, 30, -8, -160, -72, -162, -188, 48, 250, -142, 8, 94, -62, 18, -98, 34, -52, -10, 144, 100, -96, -16, -10, 128, -202, 74, -42, 20, 22, 76, -208, -28, 118, -110, 66, 304, -86, 238, 28, 20, 196, 182, -12, -30, 252, -28, -410, 18, 40, -6, -192, -26, -500, 156, 22, 30, 96, 126, 64, -118, -134, -124, -166, 200, -4, -226, -42, 120, -44, 30, 54, 158, 144, -40, 38, 96, -34, -36, 386, 52, 14, -66, 54, -184, 6, 230, -20, 142, -42, -66, 56, -236, 138, -194, -306, 20, 36, -10, 120, 216, -66, -14, 138, -134, -20, -62, 338, -126, 122, -42, -84, -254, 158, -92, 62, -4, -82, -214, -70, 106, 32, -142, 124, -80, -56, -2, 172, -72, -66, 12, 240, -118, 128, -132, -82, 162, -60, 58, -62, 74, -80, 68, -60, 0, 58, 106, -214, 78, -70, -132, -152, -50, -242, 188, -72, -44, 108, -132, 102, -48, -24, -74, -70, 122, -64, 130, 58, 48, -40, 48, -178, -14, -74, 94, 154, 80, 40, 126, -42, 26, 286, 206, -34, -172, 202, -84, 64, -78, -32, -82, -156, 192, 140, 74, 142, 46, 56, 184, 180, 148, 56, -54, -62, -192, -204, 40, -16, -12, 48, -110, -180, 256, 114, 60, -72, -20, -62, -112, 194, 108, 196, 100, 20, -90, -152, -34, 148, -106, 204, 60, -240, 68, 182, 50, -36, -68, -126, 316, 24, 148, 14, -182, 214, -144, 146, 66, -76, -112, 102, 148, 194, 160, -26, 50, -66, 72, 68, 136, 24, 88, -148, 294, 284, 74, 150, 124, -60, 100, 10, -4, 126, -16, 46, -150, 6, -58, -114, -250, -120, 86, -88, 26, -98, 156, 240, 144, 128, -190, 110, 122, 34, 188, -232, -96, 110, 38, -148, 124, 164, 162, -106, -54, 186, -26, -14, 180, -12, -54, -244, 124, -128, 2, -44, 128, 56, 100, -10, 24, 84, -34, -192, 80, 176, -98, 62, 70, 132, -198, 178, 0, -88, -98, 158, -84, 130, 126, 56, 322, -6, 268, -118, -40, 60, 76, -32, 184, 124, -70, -94, 118, -76, 66, 76, -4, -122, 122, -228, -8, 94, -122, -10, 198, -56, 44, 60, -142, -26, 146, 6, -154, -20, 24, 46, 98, -32, -16, 236, 156, 356, 104, 54, -86, 120, 200, -66, -260, 114, -56, -36, 118, 14, -28, 178, 214, -4, 282, 114, 96, 160, -54, -82, 60, 40, -76, 10, -44, -40, -26, 242, -2, -162, -208, 102, 246, 6, -40, 122, -104, 104, -32, -82, 184, -68, -168, 158, 116, -124, 66, -82, 2, -106, -108, -124, 116, 12, -228, 26, -32, -66, -170, 96, -200, 
-48, -78, 116, -16, 50, -120, 222, 192, 200, 168, -78, 54, -40, -86, -6, -166, 30, 116, 36, -60, -222, 108, -98, 248, -158, -150, 164, 70, 112, -92, 6, 20, 140, -20, 50, -146, -90, 168, 48, 406, -38, -144, -44, 132, 112, -270, 20, -280, 12, 116, -142, 136, -82, 76, -32, 88, 70, 110, -12, -54, 82, -102, 132, 102, -38, 82, -10, 26, 82, -28, 30, 74, 126, 12, 84, -110, -32, -82, 154, 18, -22, -146, 114, -10, 34, 136, 14, -92, 314, -40, -184, 60, 80, -194, 146, -82, 78, 162, -40, -174, -30, 14, -98, 390, 176, -4, -82, -2, 74, 26, 272, 72, 32, -90, -74, -94, 90, 112, 26, 164, 52, -110, -24, 138, 40, -42, -74, 112, 106, -228, -50, 136, 114, 22, 144, -8, -162, -18, -82, 72, 50, 270, 144, -202, -106, -122, -42, -72, -32, 66, -180, 114, 24, 48, -8, 120, 86, -104, 46, 178, 18, 50, 42, -26, -292, -2, 130, 100, -12, 292, -258, 148, -170, 2, -90, 202, 168, -126, 78, 124, -272, 172, 218, 76, -204, 40, 134, 82, -290, 200, -130, 66, -6, -92, 28, -20, 48, -76, -38, -124, 168, -8, -2, -52, 234, -186, 38, 0, 0, 92, 56, -152, 70, -152, -58, -2, -62, 30, 68, -154, 188, 62, -54, -296, -44, -18, 74, 36, 74, 72, 154, -124, 52, -60, -116, -16, 18, 130, -352, -178, 80, 228, -96, -94, 40, 56, -60, 54, 252, -62, -142, 58, -36, 36, -6, -188, -54, -86, 44, 94, 206, 146, 138, -198, -108, -2, 132, 106, 30, -34, 108, -184, -82, -46, -10, 68, 108, -208, 50, -20, 60, 86, 154, 22, -128, 118, 18, 88, -10, -78, -166, 98, 80, 194, -92, -228, 26, -10, -32, 180, -148, 60, -114, 90, 42, 116, -96, -48, -14, 118, 58, -24, 24, 42, 76, 30, 48, -46, 64, -62, -78, -94, -86, -12, 42, -4, 68, -62, 16, -60, 140, 222, -68, 190, -130, 302, 142, -234, 122, -10, 16, -180, -262, -78, -144, -2, 132, 60, 118, 10, 246, 42, -118, -72, 158, -76, -72, -72, -66, -28, -60, -38, -72, -88, 18, 10, 122, 60, 98, -42, 150, -34, 80, -24, 124, 22, 116, -42, -46, 4, -84, -40, -72, 146, -20, 60, -180, -56, -60, 68, 66, 210, 44, -154, 46, -190, 86, -132, 14, 134, -60, 68, 114, -118, -26, -8, 132, -272, 290, 148, -58, -42, 170, -146, -16, 146, -156, 310, -58, -100, 42, 126, -76, 198, -194, -94, 104, -32, -16, 52, -120, -196, -22, 0, -96, 10, -432, -16, -56, 78, -122, -34, -48, 310, 8, 160, 120, -46, -54, -58, -182, 46, -148, -102, -34, -2, -168, 12, 76, -10, 150, 110, 64, 98, -172, 84, -20, 78, 128, 140, 90, -68, 106, 258, 134, 136, 124, -38, 16, -232, 206, 244, -44, -26, 178, -146, 82, 72, 206, 258, 108, -20, 226, 300, -54, 216, -60, 370, -134, 62, 
96, 124, 110, 80, -50, 36, -186, -146, -268, 102, -96, 172, 28, -42, 58, 140, -10, 124, 184, 58, 142, -72, 64, -190, 132, 14, 14, 28, 12, 184, 68, 24, -78, 122, 130, -48, 150, 32, -20, -142, -40, 270, 278, -202, -12, 176, -176, 218, 128, 2, 80, 106, -54, -22, 122, -166, 18, 92, 94, 14, 14, 246, 116, -212, 66, 40, -82, 60, 196, 22, 56, -42, -2, -88, 86, 76, 82, 134, 92, -38, 58, 202, 10, -6, -156, -132, -96, 202, -234, -26, 50, 6, -38, 70, -100, -12, -166, -32, 36, 194, -38, -114, 94, -256, -66, 40, 104, 160, -52, -38, -224, 82, 12, 134, 2, 94, 162, -54, -34, -168, -94, 174, 100, 72, -2, 38, 100, -126, 68, 224, -62, -108, -34, 120, -84, -98, 156, 118, 62, 8, 36, -148, -78, 166, 164, 144, 76, 96, 70, -26, 28, -228, -20, 118, -6, 0, 22, 260, 42, -270, -12, -76, 122, 86, 168, -66, 64, 84, -74, -290, 86, -46, 158, -116, 34, -70, -54, 58, 114, -98, 198, -202, -48, -30, 150, 32, -24, 30, 250, -292, -14, -158, 94, -36, -42, -124, 80, 88, -104, 242, -164, 152, 56, 36, -248, 80, -138, 68, -38, -42, -190, 122, 92, 160, -10, 94, 6, 150, -72, 370, 32, 56, 164, 120, 98, 74, -70, -268, -40, 48, -308, 138, -68, 288, 148, -66, 20, 38, 238, 200, -72, -282, 234, 102, 88, -12, 14, 44, -76, -10, 218, -14, 26, -20, 18, 232, 14, 158, 46, 110, -264, 86, -10, 202, 216, 144, 2, 136, 88, 84, 108, 162, 168, 146, 132, 24, -74, 104, -32, 130, 16, -112, -86, -88, 164, -100, -24, 58, -70, -12, 232, -186, -70, 46, 90, 200, 210, 154, 128, -180, 140, -46, 142, 118, -44, -92, 98, 56, 222, -154, -174, 154, -2, -30, -72, 32, -24, 86, 30, 244, 34, 352, -158, 90, -58, -68, -130, 30, 62, 226, -130, -98, -64, -26, 164, -184, 56, 190, 16, -66, -2, 218, 202, 132, -54, 4, -4, -70, 74, 28, -74, -66, 118, -180, -128, -98, 138, -14, -70, 106, 38, 120, 144, 234, -58, 166, -118, -74, -146, 50, -84, -30, -98, -36, -72, 42, 40, 60, -16, -32, 134, 196, 224, 188, 8, -54, 148, 0, 214, 70, 156, -278, 74, 224, -4, 216, -70, 72, -14, 16, 76, 64, 10, 254, -226, 134, 90, 274, -116, -134, 164, -72, -216, 238, -86, -168, 162, -172, 190, 26, -16, -16, 112, -254, 198, -54, -18, 70, 66, -80, -46, 72, 82, 126, 356, -16, 322, -18, 114, -36, -80, 22, -8, -180, 4, -122, -20, 128, 50, -218, 240, -140, 42, 224, 322, -98, -30, -20, 42, -116, -52, -150, -84, 124, 152, -52, -10, 4, -44, 50, -32, 106, 86, -124, -48, -120, 166, -6, 26, 100, -214, -100, 188, 96, 52, 70, 192, 24, -32, -226, -14, 104, -102, -196, 18, -134, 70, -204, 32, -28, 
76, 22, -80, -122, 84, 80, 250, 292, 14, -134, 4, -22, 62, 104, 88, -26, 76, 130, -168, 26, -210, 80, -122, 234, 284, 104, 88, -2, 16, -80, -46, -22, -44, 40, -28, 90, -166, -4, -46, 48, 4, -328, -62, 302, 134, 26, 192, -124, -14, -14, 22, 0, 254, 164, 80, 288, 92, 38, 60, 38, -14, -204, -12, -172, 220, 96, 162, -10, -220, -170, -118, 168, 132, 152, -86, 52, -244, -82, -50, 68, -74, -46, 18, 34, 176, 188, 148, -62, 270, -212, -90, -52, 236, 128, 30, 56, 180, 40, -70, -210, 42, -50, -50, 292, 14, -16, 32, -50, -106, 136, 420, -92, -28, -68, 144, -212, 22, 58, -38, 0, 338, -26, -56, -64, 20, -74, 24, 182, -72, -144, 216, -70, -172, 76, 26, 134, -188, 18, -88, -178, 108, 128, 106, 70, -150, 14, -214, -52, -10, 44, 112, 88, -92, 4, 28, 124, -144, -26, 82, 238, -62, 114, -34, 22, -148, -38, -44, -26, 20, 140, 56, 30, 70, 132, 34, -32, 16, 28, 74, 184, -70, 6, -92, 318, -98, 146, 166, -28, -280, 142, 132, 128, 2, -30, 76, -42, 116, 118, -12, -66, 252, -52, 16, 96, 198, -46, 136, -102, 8, -6, 132, -252, 30, 78, -238, -74, 78, -106, -126, -24, 80, -22, -204, -130, -56, 174, 96, 132, 250, 2, 48, 84, -174, -102, -144, -20, 66, -20, -44, -94, -180, 134, -272, 24, 64, 16, 152, 148, 2, -4, -44, -54, 192, 110, 90, -28, -84, 18, 36, -198, 332, 96, 30, -176, 78, -74, 18, -138, 28, 102, -168, -24, -162, 22, 44, 116, 130, -134, -8, -94, -88, 180, 190, 14, -40, 178, -68, 60, 140, 52, -18, 238, 62, -48, -22, -170, -46, -76, -102, 208, -108, 42, -96, -110, 74, 108, 28, 104, -384, 136, 182, -54, -56, 196, 188, 22, 298, 64, 38, -134, -50, -262, 262, 166, -14, 44, 206, -74, 58, -50, 54, 80, 6, 26, -78, 142, 40, -76, -26, 76, 70, -24, -50, -32, -12, 124, -106, 226, 228, -390, 80, 80, -8, 102, 160, 280, -20, -80, -52, -20, 74, 104, -54, -314, 110, 14, 24, 98, 142, -22, 130, 92, 30, 110, 112, 266, 54, 94, -92, -22, -82, -198, -116, -204, -36, -38, -64, -138, -220, 38, -314, 360, -160, -120, 138, -72, 176, -88, 60, 64, -134, -194, -140, -66, 234, -84, 32, -60, 18, 100, -82, 184, 126, -46, 142, 118, 70, 254, 74, -58, -22, -8, -36, 218, -172, -46, 68, -82, -4, 162, 164, -36, 128, 72, -182, 122, -218, -20, 68, 102, -30, 158, 2, 142, 18, 132, -70, 20, 146, 86, -202, 72, 10, -164, -308, 104, 58, 36, -10, -78, 14, 216, 172, 24, -188, 202, 108, -62, 16, -80, 154, -128, -170, -154, 196, -22, -98, 76, 26, -160, 132, 32, -254, -26, -46, 42, 14, 54, 164, 116, 36, -26, 184, 166, -36, 78, 14, 8, -86, 8, 
-228, -48, -28, 120, 78, -22, -112, -202, 60, 144, -32, -44, 128, -122, -102, 30, -140, 88, 192, -118, 42, 6, 78, -138, -128, -192, -192, 140, 88, -84, 22, -164, 62, -18, 54, -2, -76, -82, -70, 54, 112, 194, -4, -266, -10, 60, -182, 134, 122, 34, -64, -2, -132, 6, -122, -244, -104, -92, 88, -210, 8, 224, 56, 272, 14, 16, -78, 66, 122, 220, 282, -202, -22, 126, -18, -112, 120, 132, 136, -6, 4, 4, 52, 120, 8, -194, -68, 168, -228, 106, 242, 12, -230, -34, 168, -90, -188, 84, 96, 244, 90, -216, 74, -168, -118, -124, -16, 242, 124, -134, -218, 158, 42, -114, -46, 106, -142, -114, 152, -48, -146, 150, 18, 124, -12, 86, -92, -54, 90, 150, -96, 54, 152, 62, 166, -28, 120, 24, 100, 330, -120, -88, -114, 6, 142, -14, 260, -4, 24, 136, 104, -52, 300, 16, 74, -182, 142, 80, 86, -66, 18, 74, 6, 102, 272, 62, -8, -78, 190, -222, 146, -152, -10, -274, -24, 96, -122, 112, -4, -240, 60, 118, -32, -162, 226, -84, -272, 130, 244, -100, 94, -98, 112, -26, -52, -106, -30, 236, 74, -114, -146, 10, 54, -62, -154, -54, -98, -46, -172, 100, -16, 250, -152, -44, 336, -148, -18, 146, 56, 130, -38, 244, 316, 92, 124, 34, -28, -58, -60, 62, 78, 62, 138, 164, 178, 116, 78, -12, 166, 56, 66, 2, 166, -12, -26, -18, -146, -76, 54, 58, 180, 118, -236, -82, -48, 12, 240, 80, 140, 60, -160, -180, -158, 144, -36, 226, 92, 92, 60, -202, 156, 26, 46, 120, 40, -178, -18, 154, 0, 100, 276, -138, -70, 134, -176, -78, 26, -52, -124, 30, 50, -84, -92, -118, 138, -22, 234, 118, 156, 68, 216, -86, 114, -22, 16, -18, 28, 44, 246, 124, 6, -6, -38, -18, -128, 82, -260, 174, 100, 306, 84, 172, -86, 4, 44, -10, 10, -10, 2, 120, -100, -274, 60, -116, 218, -120, -142, 38, 42, 156, 98, 192, -92, 102, 122, 62, 46, -170, -122, 116, 6, 12, 70, -150, -24, -214, 174, 194, -42, 176, 30, -90, -214, 126, 10, 14, -48, 118, -32, 34, -8, -84, -56, -132, -80, -14, -36, -22, 2, 242, 64, 28, 192, 126, -40, 72, 28, 238, 226, -32, 192, -116, -10, 190, -28, 146, 18, 34, -210, 180, 78, 270, 62, -128, -312, 22, 118, 126, 10, -58, 266, 76, -76, 30, -52, 92, 96, -242, -38, 98, 10, 96, 34, -200, 204, 164, -60, 202, 52, -92, -162, 66, 16, -34, 108, -142, 208, 140, -148, -238, 82, 8, 66, 176, 90, -196, -28, 150, -144, -90, 42, 64, -142, 220, 120, -22, -112, 96, 64, -96, 138, -6, -190, 206, 48, -182, -116, 34, 206, 20, -30, 76, 114, -58, -120, -76, -34, -2, -70, 228, -140, -48, 80, -120, 178, -110, -132, -32, -2, -68, 148, -4, 0, -140, -162, 24, -4, -116, 160, -2, 
300, 50, 148, -124, -42, -52, 22, 316, 94, -118, -158, -4, -112, 100, 12, 138, -6, -120, -142, 114, 234, -78, -6, 158, 226, 86, 50, -162, -150, 194, 246, 48, 78, 42, 222, 32, -40, 208, -76, -136, -74, -94, -122, 200, 40, -50, 162, 124, -18, -194, -98, 0, -22, 72, 104, 124, -4, 104, 148, 88, -38, -106, -94, -216, 138, 122, 110, -98, -156, -150, -50, 108, -214, 12, 276, 78, -36, -122, -62, 176, 54, -86, -82, -88, 100, 306, 4, -14, 122, 70, -86, 136, 280, 92, 56, 76, 184, 90, -126, 4, 42, 190, 12, 18, 76, 124, 22, -250, -6, 42, 156, -170, 36, 50, -72, -114, 80, 106, -104, 240, 240, -84, -128, -50, 14, 12, 178, -114, -66, -184, 22, -110, 58, 70, -86, 62, -388, 90, -124, -208, 88, -16, 162, 74, -102, -30, 84, 24, -92, -90, -8, -6, -244, -148, -36, 374, 6, -66, -16, 112, -162, -22, 36, 8, -144, -102, 88, 132, -70, -82, 2, 226, 0, 80, 140, -120, 202, 2, -94, 48, -118, -10, 154, 174, -120, -86, 136, -94, -116, -48, 92, -2, -68, 154, 28, 156, 36, -178, 52, 16, 130, 120, -132, -40, 114, 126, 162, 250, 32, -192, 78, 8, 102, 116, -202, 228, 206, 24, -180, -68, -76, -192, -194, 94, -46, 198, -48, 66, -20, 0, -110, 148, -8, -108, 110, -30, -142, 96, -72, 146, 18, -36, -206, 2, 190, -20, 210, 26, 18, -100, 8, 12, 160, -20, 110, 104, -158, -8, -86, 192, -56, 204, 82, -264, 102, -126, -104, -6, 28, 316, -40, 140, -40, -26, -118, 58, 38, -62, 100, -124, -226, -48, 282, -76, 274, -8, 54, 138, -26, -24, -114, 24, -52, 198, -134, 94, -172, -102, -160, -258, 60, 184, -128, 216, -62, -24, -136, 28, -280, -108, 0, 10, -42, -40, 114, 12, 192, -306, -112, -56, 54, -106, 190, 56, -98, -54, 158, -84, -172, -66, 20, 112, 62, 46, -146, -6, 64, -42, 4, 0, -78, -114, 212, -60, -50, 48, 58, 32, 150, 120, -30, -110, -152, 130, -44, -82, 32, -192, 62, -128, -134, 134, 80, -6, 22, -30, 146, 42, 138, -14, 116, 0, -160, 226, 220, 116, 104, 8, -88, -104, 24, 34, -108, 86, 84, -110, 150, -164, -90, -20, 38, -126, -36, -168, 16, -110, -26, 8, 18, -118, 118, -138, 150, 204, 268, 32, -44, -186, -48, 128, -154, -20, 34, 42, -156, -16, -58, 246, 30, -14, 56, -270, 22, 190, 102, -58, 276, -106, 152, 176, 148, -134, 216, 198, -44, 156, -138, 48, 24, 30, -22, 280, 6, -160, -70, 38, 158, 28, 132, 312, -12, 160, 52, -72, -286, -38, -74, -150, -178, -48, -28, 58, -24, -118, 74, 208, 112, -76, -242, 0, 100, -22, -182, 96, 134, 116, 2, 146, -172, -158, 86, 128, 30, 190, 8, 12, 52, -34, 30, 114, -164, 32, 30, 196, 268, -6, 264, 94, 44, 50, 
-28, 296, -18, 66, 92, 0, -182, -86, -262, 82, 92, -64, 80, 44, -120, -194, 24, 108, 10, -170, -92, 114, -70, -194, -320, -64, -6, 258, -54, -134, -138, 142, 154, 176, -124, 154, 52, -98, 180, 306, 276, -168, 180, -150, -38, 146, 94, -82, 132, 88, -60, -52, -56, -160, -104, -180, -80, -26, -250, -240, -140, 118, -70, 162, -166, -158, -70, 60, 136, 0, 56, 2, -44, 22, -164, -38, 50, 84, -46, 76, -26, 276, 236, 226, 178, -218, -38, 4, 108, 54, -110, 96, -272, 54, -236, -110, -8, -52, 240, 50, -46, -42, -70, 128, -74, -122, 204, 216, -10, -6, -34, -18, 52, 76, 2, 124, 34, 228, 64, -40, -194, 62, 286, 74, 12, 54, -226, 204, 118, 364, 22, 58, 108, -188, -72, -18, 322, -162, 168, 178, -10, 34, 26, -4, 202, 56, 22, 56, 86, 22, 0, -64, 392, 168, 114, -242, 238, -156, 44, -80, 122, 64, -68, -24, 258, 112, -178, -4, 316, -28, -202, -266, 38, -174, 28, 268, -178, -94, 140, -94, 48, -136, -36, -108, 116, 270, 70, 136, 22, 94, -44, 94, 110, 76, -12, -72, 18, 18, -98, -68, 54, -118, 208, 152, -6, -196, -122, -36, 86, 164, -6, 114, 56, -66, 6, -34, -190, 4, 0, -116, 298, 196, 134, -102, 110, -44, -46, -58, -32, 48, 234, -44, -146, -46, -200, 170, 56, -312, 68, -66, 126, 96, 126, 120, 24, 2, -198, -98, -100, 160, 118, 38, -52, -92, -14, -154, 178, 66, 94, -36, 176, 12, -80, 54, -22, 92, 136, 0, -196, -168, 66, -16, 58, 12, -26, -18, -24, 72, 64, 74, 124, 54, -172, 16, -16, 118, -164, 28, -34, 86, 82, 68, -4, -196, -52, 30, 188, 106, -100, 92, 58, -98, 148, -66, 150, -18, 116, -74, 138, 98, 108, 98, 214, -46, 80, -54, 38, 340, 42, 134, 14, 176, -192, -52, -68, 172, -52, -76, 110, -76, 6, 186, 98, 86, 48, 34, 14, 72, 182, 16, 194, 162, -18, 52, 186, 120, -22, -14, 4, 4, 6, 22, 180, -70, -64, 252, 124, 212, -64, 120, 16, -116, -114, -48, 102, 190, -116, 204, -206, -14, -56, 198, 98, -174, -82, 106, -90, 100, 68, 14, -32, 78, 68, -98, 34, 198, 12, 180, 18, -66, 18, 168, -116, 22, -202, -88, -30, 70, 12, 118, 174, 224, -234, 4, -170, -62, 132, 66, 22, 44, -146, 120, 6, -18, 272, -76, 252, -28, -214, 26, -182, 166, 170, -184, 44, 126, -354, 54, -48, -122, 22, 116, -230, -110, -18, -138, 12, -22, 26, 76, -26, -156, 16, 194, -64, 38, 112, -156, -2, -218, -162, 28, 116, 0, 288, -6, 100, 88, 30, 196, 4, 10, 138, 110, 98, 32, -84, -18, 120, 64, -14, -46, 2, 68, -30, -98, 10, -48, 122, 72, -8, -254, -90, 16, 42, -36, 4, -24, -128, -164, 8, 122, -14, -148, -158, -156, -188, -26, 80, 2, 
66, -86, 132, -180, 14, -46, 10, 82, 248, -76, -122, -40, -228, 110, 38, 262, 88, -58, 52, 136, 152, -86, -66, 212, 314, -160, 94, -174, 18, 136, 88, -36, 42, -140, 272, -90, -120, -72, -144, -360, 0, 140, 52, 230, 74, -62, -64, 36, -62, -58, 30, 136, 22, 20, 248, 20, 30, 162, 322, 264, 172, -114, 126, -76, 94, -38, -228, -96, -150, -22, -142, 164, -58, 20, 18, 10, -90, -120, 24, -136, 74, -196, 38, -94, -36, 142, -54, 152, 86, 252, -34, -84, 196, -110, 230, 74, 244, 214, -248, -42, 306, 68, 98, 22, 162, 212, -172, -92, -70, -12, 2, 14, -172, -52, 144, -52, 18, -8, -84, -112, 38, 44, -108, 76, 2, -34, 328, -222, -64, -102, -66, 24, 12, 36, 34, -34, -288, 58, -246, -118, 2, -2, -238, -58, -94, 44, -58, 16, -48, -64, 4, 252, -340, 70, -28, 70, -182, 208, 6, -28, -118, 12, -58, -38, -222, -100, 66, 60, 106, 146, 34, 262, -88, 70, 222, 42, 188, 246, 188, 196, 4, 68, 124, -54, -104, -238, 72, 100, -8, -30, -74, -60, -92, -136, 56, 58, 104, -126, -136, 46, -52, -52, -128, -70, 130, 100, 106, -56, -178, -112, 238, -212, 126, 40, -138, -36, 400, 194, 104, 80, -70, -108, -188, 102, -10, 46, -150, 172, 134, -12, -100, 16, 124, 168, 48, -2, 156, 242, 50, -144, -40, -78, -202, -66, -152, 12, 304, 218, -72, -164, -60, 198, 12, 8, -140, 12, -76, 30, -234, -6, -66, 122, 90, -106, 60, -82, -226, 100, 400, 140, 48, 328, 166, 36, 86, -44, 70, -270, -12, 22, -54, -38, 252, -160, -16, -96, 66, -76, 228, -36, 52, -54, 90, 260, 76, 282, 16, -100, 162, 116, 50, -84, -190, -64, -128, -76, -28, 18, 54, 42, 104, 8, 10, 120, 84, -58, 144, -166, -168, 84, 162, -4, 64, 138, -58, 114, 62, 140, 28, 64, 10, 46, -40, -30, 122, 86, 174, -28, -292, 152, 6, -66, -2, -104, -30, -172, -70, -92, 116, 4, 96, 208, -214, -180, 22, -88, -156, -112, 182, -62, -48, 184, 66, 42, -112, -4, 104, -92, 252, -80, -32, -268, -4, 86, 92, 52, 64, -170, -58, 108, 280, -94, -120, 116, -120, 86, 26, -4, -18, 154, 270, 30, 72, 68, 10, 20, 24, 16, -164, 52, -46, -24, -54, 44, 218, 156, -22, -76, 40, 30, 302, -28, 152, 28, -96, -48, -132, 80, -56, 38, 178, -28, -188, 72, 98, 22, 4, -152, -74, 70, 30, -62, 152, 100, 50, 272, -54, -20, -294, -134, 42, 220, -10, -230, -154, -78, -160, 12, -2, 94, 148, 70, 20, 226, -274, -16, -60, 108, -4, -104, 10, -8, -140, -46, -82, 190, 36, 34, -24, -114, 162, 22, 68, -130, 68, 10, 8, 198, -190, -104, -138, 316, 38, -178, -98, 196, 54, -18, 146, 160, 66, -80, -116, 48, 158, 222, 134, 148, -50, 46, 
-36, 200, -4, 194, -80, 44, 152, -278, -152, 146, 60, 116, 176, -102, 90, -54, 168, 16, 270, -64, 36, 236, 132, 0, -266, 284, -14, 260, -130, 28, 148, -18, 20, 114, -138, -42, -40, 20, 98, 190, 58, -102, 72, -142, -200, -148, 4, -36, 90, 258, -124, 108, -100, -18, -62, -26, 44, -214, -200, -154, -338, 70, 84, 58, 158, -68, 272, 44, 226, 24, 188, -134, 34, 226, 64, -172, 164, -34, -104, 96, -78, 260, 54, -14, 42, -194, 110, 36, 12, -232, 36, 126, 46, 40, -40, 20, -162, -216, 132, -130, -276, -56, -30, -68, -204, -74, 150, 70, 116, -148, 24, 190, -12, 38, -158, 64, 44, 42, -90, 92, -144, -18, 46, -36, 72, 166, -144, 110, -86, 108, 6, 240, 292, -182, 190, -32, 222, 38, 114, 258, 16, 18, 30, -74, -10, 106, 20, -94, 26, 96, 154, -320, 380, -42, 116, -4, 304, -256, 190, 64, 28, -100, 60, 22, 226, 266, -38, 36, -96, 12, 104, -84, 168, -60, -76, 266, -182, -156, -168, -276, -64, 130, -256, 258, 84, 170, 68, -12, 160, -152, 12, 116, -26, 134, -106, -72, 12, 226, 114, -30, 110, 156, 82, 138, 128, -44, -102, -70, 144, 66, -10, 258, 74, -60, 74, -30, -240, -28, -130, -174, 6, 174, -88, -28, 76, 94, 204, -162, 48, 116, 268, 132, 56, -212, 28, 200, -20, -148, 118, 174, -38, 206, -130, 110, 178, -20, -56, -266, 16, 166, -102, -64, -54, 194, -20, -136, 218, 154, 26, 254, 24, -232, 16, -62, -36, -94, 102, 8, -260, -156, 26, -104, -240, 12, -18, -42, -70, 236, 2, -38, 84, 186, 8, 194, 190, -36, -128, -58, 28, 158, 24, 86, 36, -120, -34, -206, -266, 132, -142, -124, 20, 24, 278, 14, 86, -136, 6, -4, -74, -26, -164, 12, -114, 14, -120, -38, -302, 102, -6, -80, 64, 6, 156, -40, 52, -18, -14, 40, -56, 66, 148, -84, 48, 96, -38, 46, -120, 2, 286, -34, 154, 110, 186, 124, 92, 112, 82, 142, -48, -18, -14, 14, 226, 242, 200, 148, -16, 180, 136, -14, 66, -158, 88, -56, 350, 74, -124, 148, -82, 52, 34, 64, -160, -130, -26, -68, 56, 66, 18, -30, -116, 60, 164, 124, 242, 6, 18, 26, -70, -200, -252, 120, 192, 112, 102, 252, 58, -46, 224, 30, 68, 32, 106, -56, -306, -16, 80, -8, -6, 40, -246, 24, 52, 116, 234, 24, 14, -92, 134, 64, -122, 202, 28, -82, 110, 204, 270, 346, 82, -6, -34, 146, -80, -72, 52, -160, 150, -2, 76, 70, -34, -62, -16, 184, 100, 144, 188, 62, 50, -6, 190, -46, -126, -238, 72, 24, 206, 18, 12, 42, 84, 186, 28, 218, -82, -264, 58, -52, 154, 210, -82, -8, -78, -64, -196, 28, 120, -180, 14, 88, 140, -290, -30, 152, 16, -52, 50, -164, 40, -64, 84, -68, 0, -166, -152, -240, -56, 128, -106, 74, 
12, 0, 42, -6, 88, 54, -254, 244, -72, -36, -10, -60, -96, -34, 150, -110, -20, -52, -14, 96, 132, -84, -8, -66, 158, -78, 18, 16, 174, 42, -130, 124, 54, -80, 48, -26, 196, 110, -136, -36, -160, 48, -48, 30, 18, 238, -72, 144, -64, -150, -4, -122, 70, -10, -76, -48, 30, 316, 300, -102, 220, 56, -4, 14, -18, 118, -112, -108, -184, 268, -40, 66, 60, -224, 28, 148, -158, -62, 158, 112, 166, -190, -188, 164, 64, -36, -78, -124, -10, 108, 0, -154, 104, 14, 32, 42, 32, 12, -110, 264, 222, -14, 34, 36, 106, 294, -16, 112, -200, 68, -92, 16, -124, 120, 116, 138, -14, 66, 164, -208, 74, 92, -228, 36, 12, 58, 372, -168, -36, -114, 18, -42, -100, 150, -18, -12, 12, -30, -196, -266, -244, 38, 14, 62, 116, 138, -16, 150, -132, -114, -192, 272, -224, -122, 30, 80, 32, 226, -126, -102, -50, 0, -30, -52, 114, -190, 34, 14, 286, -78, -198, 106, -66, 226, -8, -280, 262, 176, 306, 226, -122, -60, 204, -368, 78, -140, -102, 8, -8, -28, 108, 42, 184, -100, 188, 6, -24, -120, 34, -34, -82, 84, -108, -36, 8, 54, 198, 34, -70, -10, -84, -120, 70, 166, 86, 196, 268, -132, 104, 138, 76, -50, 96, -108, -64, -76, -206, 322, 140, 44, -48, -36, -122, 252, 34, -42, -86, 134, 12, -218, 94, -264, 6, -52, -74, 120, 136, 88, 42, 62, 94, 30, -72, 26, -34, 136, -250, -210, -142, -220, 52, 122, -10, 112, 176, 86, -104, 54, 250, 172, 30, 20, -70, 78, -8, 300, 78, -74, 146, -120, -34, -166, -10, -222, -70, -144, 100, 4, 210, -8, 6, -212, -22, 44, -44, 162, 136, -74, 110, 50, 150, 50, -134, -70, -104, 154, 246, -12, 316, 148, 290, -160, 72, 24, -32, -176, 372, -38, -176, -56, 178, -36, -72, 162, -164, -156, -28, 252, 12, -40, -78, 28, 70, 118, 104, 10, 36, 88, -142, 24, -70, 138, 54, -76, -2, -96, -194, -38, 72, 2, 188, 20, -114, -154, -200, -170, 336, -194, 96, 38, -164, 210, -70, 76, -250, -86, 180, -58, 34, 10, 74, 18, 170, 84, 190, 92, -8, -126, 148, -52, 132, -22, 66, -2, -140, -158, -132, -8, -58, 72, 216, -8, -156, 2, -12, -82, -146, 216, -98, 68, 148, 46, -140, 106, 72, 82, 158, 66, -80, 72, 106, 88, -40, -150, -90, -72, 92, 48, -166, -90, 122, -102, 98, -142, -54, -132, -158, -320, -16, 156, 74, -20, -18, 218, 0, 84, 8, 134, -32, -194, 60, 90, 66, -108, 26, -72, 12, -2, 62, 134, -198, 44, 8, 198, 82, 90, -50, -40, 16, -2, -42, -152, -312, -224, 24, 268, 130, 290, -118, 54, -90, -62, 94, -226, -16, -106, -6, 266, 68, 22, -72, 380, 260, -74, 72, 376, 76, 242, 10, 180, 66, 30, -2, 164, 14, 178, 122, -260, -2, -130, 
76, 168, -180, 50, -44, 100, -6, -68, 72, 210, 6, 110, -22, 112, 52, -4, -10, 64, -92, 120, -174, 12, 86, 104, -126, 54, -76, -128, -130, 70, 282, 30, -56, -8, 72, -106, -136, -92, 280, -170, 114, -58, 12, -52, 190, 30, -210, 34, 64, 100, -6, -12, 60, -2, 100, 50, 2, -88, -106, 238, -88, 36, 66, -34, -108, -126, 100, -108, -30, -92, 106, 140, -96, 130, -106, -186, 256, 126, 100, 78, -36, 126, 190, -136, -38, -6, 350, 174, 200, 56, 110, 78, -86, -56, 90, 10, 92, -142, 46, -88, -166, -84, 98, 82, 50, -160, 12, 96, 92, 142, 52, -6, 44, -76, 96, 108, 22, 174, -18, 70, -42, 24, 80, -152, 128, 40, -88, 196, -148, 14, -96, 132, -40, -124, -88, -38, 156, -2, 62, 220, 302, 0, -114, -42, -58, -222, -92, 52, 2, -126, 278, -44, 104, 40, 206, -28, 134, -260, 234, 88, -6, 120, 46, 58, -160, 128, 120, 88, -162, 128, 178, 120, 78, -152, 178, 176, -26, -156, -198, -156, -48, 58, -98, 200, -98, 14, 130, -96, -12, -34, -112, 134, -80, 62, 60, 18, 84, 258, 186, 40, 74, 48, 62, -76, -76, 30, -104, 130, -92, 2, 154, 114, -40, 32, -12, 120, -130, 42, -6, 90, -56, 86, 18, 6, -40, 70, 236, -52, -52, -34, 112, 30, -16, -102, -104, -16, 98, -134, -10, 110, 44, 194, 242, -46, 264, -50, -134, 46, -120, -28, 54, 116, 50, 120, 6, -100, 324, 120, 238, 114, 66, 12, 170, -8, -140, -28, 144, -24, -276, -20, 56, 18, -24, 20, -84, -150, -54, 72, 52, 28, 2, 118, -8, 86, 170, 44, 108, 244, -16, 140, 158, 174, 92, -22, -32, -178, -78, 260, -12, 34, -226, -84, 42, -188, 50, -64, -144, 120, -156, -148, -78, 232, 80, -10, 342, 100, -134, -26, 90, 156, -46, 10, 122, -226, 188, 116, -28, -146, -8, 42, 12, -6, 308, 26, 50, 76, 132, 76, 32, 182, -102, -102, 158, 90, -54, 116, 10, 38, 174, 162, 62, 2, 54, 178, 140, 28, -330, 376, -64, -136, 88, -86, 18, -70, 190, 40, 84, -8, 48, 104, -30, -226, 8, -10, 6, 62, 220, 32, 10, 152, 4, -56, 58, 44, 60, 116, 232, -70, 134, 68, -52, 14, 90, 146, -6, -18, -38, -100, 184, 170, -94, -32, -58, -186, -220, 118, 14, 48, 2, -6, 68, -166, -92, 62, 240, 52, -134, -20, 204, 204, -8, 90, -272, 228, 80, 288, 54, 236, -86, -260, 122, 10, 136, -92, -66, -16, 22, -26, -82, 116, -118, 42, -84, 170, 60, 74, 132, -12, 136, -190, 166, -132, -106, -58, -84, -58, -180, 50, 8, 112, -2, 138, 334, 230, -20, -78, -10, -56, 0, -124, -44, -34, 118, 150, 46, 58, 38, -244, 14, 106, 108, -146, -112, 30, 28, -34, -94, -80, 86, -100, -172, -112, 38, -184, 80, -34, -110, 244, 80, 168, 
16, -188, 80, -130, -26, 56, 124, 150, 66, 26, -118, -152, 152, -86, -18, -20, 216, 50, 60, -134, 88, 92, -106, 8, -38, -188, 4, 110, 86, 138, -254, -60, -32, -84, -118, 32, 72, 136, -42, 48, -46, -160, -48, -18, -30, 34, 140, 34, 80, -10, 30, 14, 80, -18, 238, 6, -76, 32, 112, -34, 96, 202, -44, 24, 136, 228, -144, 108, 58, -100, 52, -126, 156, -206, 280, -104, -60, 46, -52, 62, -8, -130, -166, 140, 66, 140, -204, -92, -78, -36, -116, 10, -20, 58, -28, -4, 20, 116, -108, 52, 154, 88, -58, 22, 2, 108, -72, -20, -116, 6, -50, 202, -144, -2, -166, -26, 80, -242, 164, -8, 82, 14, 10, 8, -62, -84, 142, -84, -8, -152, 36, 82, 48, -26, 24, -30, -68, 84, -160, 2, -132, -28, -32, 104, -96, 146, 306, -206, -30, 262, -164, 114, -40, 42, -304, 90, -34, 56, -20, -144, 66, 28, -80, -30, 264, 24, -22, -50, 180, -140, -206, -226, 160, 246, -276, 92, 64, 170, 178, 240, -28, -52, 228, -62, 144, -24, -124, 158, 244, -70, 182, -142, -34, -104, -156, -198, -148, -112, -162, -50, -146, -40, -294, -40, 172, 90, 166, 148, -96, 10, -262, -62, -26, -12, 104, 104, 84, 10, -12, -44, -92, -8, 42, 126, 194, 80, -336, -142, 146, 84, -230, -2, -16, 38, 188, 86, -176, 114, 158, -130, 52, 4, -114, 26, -276, 18, 72, -138, 104, -32, 28, -104, -20, -266, -102, 80, -254, -78, -308, 74, 34, -16, -126, 30, 196, 92, 8, -46, 60, 124, 28, -32, -78, 176, 284, 274, 110, -18, 0, -102, 14, 16, 10, -32, -150, 86, -218, -166, 24, -106, -210, 96, 4, 200, 242, 52, -44, -92, -64, 182, 264, 146, 88, 112, 68, 38, 194, -104, -18, -32, 142, -168, -6, 190, -420, -54, 330, 250, -48, 84, 136, -52, 56, 298, -168, -10, 100, -68, -94, -32, 82, 230, -166, -192, -154, -112, -82, 118, 20, 2, 142, 246, -86, -230, 166, -142, -84, -22, -166, -72, -58, 136, -96, 0, -152, -18, 490, -200, 74, 26, 78, 18, -104, -128, -230, -42, 50, 186, -44, -66, 14, 258, -140, 40, -96, -206, -106, 108, -48, -126, 128, -2, -40, 98, 148, -116, -182, -8, 36, 2, 88, 150, -220, -46, -32, -60, 36, 96, -96, -12, -20, 84, 134, 52, 246, -24, -44, -50, -120, 148, -4, 284, 130, 66, -78, 80, 158, -2, -198, -156, 102, -78, 200, -56, -164, -300, -32, -106, -66, 162, -14, 172, -112, 232, 64, 36, -22, 198, 142, -274, 104, -28, 88, -158, -14, 144, -264, -16, -122, 196, 58, 174, -52, 2, 166, 28, 44, -84, -40, -8, 72, -10, -170, -268, -14, -162, 206, 148, -190, 58, 6, 60, 16, -92, -116, 8, 100, 372, -128, -76, -188, -72, 262, 20, 100, 12, 168, 74, -14, 58, -68, 152, 240, -108, -264, 54, 50, 6, -86, -74, 
212, -50, -60, 184, 84, -52, -98, -56, 20, 44, 44, 26, 38, -78, 170, -26, -56, 0, -16, 114, 62, -44, 68, -116, -26, 204, 66, -24, -230, -132, 118, 130, 208, 138, 164, 16, -68, -72, -28, -156, 108, 12, 86, 188, 62, 18, 56, 118, -220, -38, -16, -18, -202, 120, -14, 110, 102, 10, 96, 108, -238, -212, 330, 40, -22, -16, 248, 84, -148, 56, 0, 88, -84, 132, -164, 62, 36, 62, -114, -110, -44, -56, 406, 26, 70, 100, 216, 220, 106, 182, 124, 4, 40, -102, 14, -58, -6, 216, 118, -158, -98, -72, 144, 154, 58, -12, 118, -26, 114, -14, 56, -282, 342, -40, 152, 42, 88, 84, -232, 188, -60, -24, -46, 12, 260, 16, -40, 200, 218, 72, -96, -208, 216, 108, 30, 54, -80, 144, 106, 92, 170, 222, 100, -156, 126, 2, -56, 152, 116, -226, -18, 8, 76, 56, 220, -130, 60, 218, 208, -2, -52, 172, 184, 198, -52, 106, -102, 178, 42, 54, 92, 108, -258, -94, 122, 2, 6, -140, 226, -236, 38, 76, -240, -2, 68, 32, 238, 2, -182, 32, -138, -76, 172, 94, -74, 176, 32, 78, 114, 130, -72, 26, 50, -72, 78, 0, -96, -62, 56, -58, 162, 16, -92, -20, 4, -176, -130, 120, 64, -52, 36, 30, 58, -14, -120, -20, 32, 0, -134, -34, 356, 30, -86, -14, 72, -92, 120, -30, -236, 324, 58, -46, 170, 256, 62, -152, 82, 38, 38, 104, -14, 150, -28, 186, 238, -144, 110, -42, 180, 96, -96, -166, 60, -116, 122, -182, 78, 242, 8, -264, 72, 38, 78, -132, -72, -110, -80, 56, 44, -30, 178, -120, 118, 114, 266, -178, 190, 246, 4, 120, 172, -358, 88, -98, -194, 20, 178, 84, -88, -18, -228, -154, -182, -90, 276, -10, -142, 62, -184, 12, -48, 256, -18, -132, 340, 88, -102, -246, 246, -12, -112, -6, 138, -148, 42, -54, 48, 278, 74, 206, -142, -76, 168, -140, 268, 130, 76, -88, 26, 266, -52, -262, 88, 94, -62, -40, 114, -2, 136, 190, 20, -172, -40, 186, 314, 126, -220, -18, 22, 190, -6, 144, 128, 166, 158, 14, -152, 18, 88, 156, -20, -36, 10, 46, 44, 234, 136, -190, -4, 232, -72, -26, -14, -108, -148, 124, 170, 6, -142, -26, -22, 40, 188, 166, 8, 104, -42, -146, -32, 78, 210, -86, -74, 2, -308, 120, 8, 98, 78, -238, 24, -342, -92, 240, 206, -56, -122, 30, 226, 2, 110, 56, -12, 272, 98, 66, -150, -216, 42, -92, 14, -284, 76, -96, -190, -8, 18, 78, 92, 260, -212, 220, 148, 172, -130, -110, 332, -206, 246, -138, 50, 104, 128, 20, -54, -220, 22, 20, -52, 76, -24, 150, 278, 186, 122, -18, -132, -140, 186, 10, -142, 50, 90, 92, 180, 204, -116, -196, 280, 0, 76, -70, 16, 144, -120, 10, 30, 242, 210, -158, -182, 118, -168, 36, 146, -102, -50, -250, 150, 128, 
-52, 32, 28, 0, 6, 86, 162, 270, 206, -74, 8, 34, 112, 120, -312, 194, 28, 34, -66, -34, -68, -20, 96, 164, 52, -42, 50, -18, 88, -34, 140, -102, -70, -254, -166, -38, 80, 40, -70, 132, -6, -28, 68, 72, -26, 100, -12, -92, 92, -110, 130, 44, 278, -154, 124, -218, -142, 90, 70, 90, 36, 260, -96, 12, 112, 56, -150, 40, 22, 50, 70, -98, 132, -180, 104, 6, 64, 212, 42, -14, 44, 104, -286, -28, 194, -300, -114, -298, 124, -80, -214, 80, -6, 140, 124, 40, 94, -12, -12, -56, 96, 210, -62, 110, -76, 0, -142, -34, -144, 120, -110, 6, -138, -150, -132, -92, -262, -34, 170, -18, 112, 118, 116, 84, -40, -12, 76, -238, 0, -152, -112, 212, -114, -28, -24, -166, 184, 40, -142, 36, -218, -136, 76, 158, 50, -122, 112, 66, 60, 176, 18, 88, -46, -46, -84, 128, -120, -40, 30, 140, 128, -290, 40, -90, 64, -198, 60, 22, 240, -136, 46, 92, 220, -20, -260, 84, -66, -50, -80, 26, 186, 20, 294, 292, 30, 152, -30, 130, 176, 96, 130, 120, -4, 14, 214, -172, -38, -196, -24, 44, 144, 92, -124, 0, -26, 84, 258, 26, -162, 72, -70, 20, 162, -40, 12, 42, 180, -10, -186, 30, -6, 84, -84, 2, 54, -52, 70, -12, 68, -8, -212, 20, 128, 224, -60, 4, -34, -86, 14, -230, 142, -90, 74, -164, 128, 272, -10, -28, -24, -156, 120, -76, 6, -318, -146, 24, -106, -64, -16, -54, -4, 284, -122, 16, -24, 214, 20, -134, 24, 168, -30, 32, 96, 168, 280, 30, 32, 120, -2, 52, -82, 166, -112, -88, -228, 86, 6, 10, 68, 54, -78, 146, -162, 272, 146, 120, -92, -60, -26, 320, 126, -82, 130, 68, -84, 58, 316, 106, 196, 90, 64, -92, -64, 22, -234, -274, 42, 186, -208, 22, 120, -52, -174, 100, -134, 124, -32, -220, 76, -90, 92, 46, -168, 136, -206, 8, 16, -2, 170, -64, -38, 276, -36, -242, 44, -20, -82, 318, -152, 14, -104, -22, -138, -64, -172, -152, 6, -80, -190, -240, 14, 8, -98, 92, 94, -128, 162, 24, -148, -106, -20, 156, -64, 72, -44, 112, -102, 168, 26, 54, 34, 102, 36, 254, -6, 58, -36, 86, 234, 8, 30, -98, -122, -44, 60, 32, 228, 366, 228, -110, -84, 126, 136, -140, 272, 52, -114, -70, -64, 118, 26, 60, 16, -86, -80, -128, -12, 94, -286, -70, -38, 178, -20, -60, 170, -40, 214, 316, -168, 84, -176, 210, -194, 122, 154, 84, 18, -184, -80, -136, 120, -108, -88, -198, 182, 72, -146, 248, -172, 146, -176, -42, -124, 202, 40, 70, 320, 8, 18, 54, 12, -218, -56, -86, -54, 104, 66, 228, -44, 284, -32, 20, -64, 8, -42, -298, 42, 182, -248, 48, -100, 68, 82, -118, 216, -92, 346, -236, -200, 18, 162, -132, 204, 12, -128, 148, 190, 218, -90, 84, 
80, 0, 82, 40, 46, -104, 36, -112, -12, 86, -66, -70, -40, -226, 460, -98, 32, -60, -60, 58, -8, 76, -100, 20, -26, -28, -84, -56, -64, 50, 30, 54, 148, 206, 38, 34, -72, 20, -56, -76, 34, 122, -78, -54, 120, 162, 220, 120, 178, 52, -48, -54, -102, 64, 8, -60, 100, -40, -90, 50, -42, -190, 120, 0, -122, -48, 96, 234, -152, -12, 82, 110, 40, 132, -230, -76, -186, -6, 54, -88, -116, -52, 124, 128, 88, 40, 132, 312, 62, 182, 298, -62, 78, -274, -112, -70, -2, 72, 126, 146, 10, -164, -20, -14, 168, 94, 2, -4, 0, 122, 172, 96, 236, 84, 140, 154, 120, 54, 70, 136, -8, 16, 42, 146, -2, 202, -262, 158, 34, 84, 218, -44, 116, -140, -8, 140, -356, -12, 34, -116, 196, -70, 136, 20, -2, 162, -98, 66, 6, -224, 212, 46, 6, 148, 124, 106, 120, -54, -76, -170, -28, 182, 50, 188, 160, 30, 104, -36, 118, 130, 44, 2, -42, -14, 188, -54, 154, 168, 12, -28, -134, 280, -106, -246, -46, -42, 100, -178, 94, 86, -40, 68, 170, -216, -216, 148, 180, -88, -30, -126, -10, 90, -50, -70, 16, -68, -150, -20, 182, 44, 108, 66, -168, 138, -230, -86, -96, 18, 10, 20, 8, -292, 78, -6, -56, 18, 112, 64, -74, -98, 92, -30, -40, -126, 114, 42, 304, 360, 30, 322, -34, 74, -106, 150, -102, -138, -20, -54, -114, 0, 56, 88, 70, 190, -28, -132, 138, -98, 72, 254, 58, -100, 80, -64, 26, 10, 30, 48, 108, -138, -26, 74, -92, -46, -262, 4, 28, -118, 62, -38, 116, 8, 240, 138, 256, -180, 16, 208, 16, 294, 54, -150, 92, -194, -204, -224, 64, 210, -28, -196, -122, 24, -120, -180, -44, -122, -96, -184, -150, -62, -24, 168, 90, -84, 252, 112, 24, -272, 204, 108, -80, 140, 230, 132, 14, -76, -22, 206, -106, 104, -42, -156, 148, -60, 148, 28, -8, -196, -186, 94, -76, -218, -4, 76, -60, -152, 118, -174, 182, -80, 200, -22, 64, -22, 222, 174, -116, 110, 108, 148, -34, 74, 32, 30, 0, 44, -14, -10, 132, 46, -4, -84, 66, -52, -178, -56, 86, -172, 266, -60, -88, -198, -12, -230, 232, 8, 120, -164, -108, -56, -10, 138, -170, -76, -92, 52, -378, -248, -102, 36, 92, -8, -34, 44, -178, 16, 222, 336, 158, 8, 192, -82, 170, 40, 170, 306, -34, -122, 156, -30, 30, -118, -34, 44, -220, -170, -58, -230, 84, 2, 154, 42, 82, 38, -18, -60, -176, 22, 118, 36, -132, 16, 230, 24, -170, 8, 226, -126, 86, -126, 318, 172, 64, 48, 80, 76, -306, -130, -32, -72, 74, 116, 18, -42, 150, 66, 130, -74, 234, -156, 128, 10, 96, -2, 54, 234, 8, 26, 234, 22, 118, 60, -128, 172, -238, 304, -110, 268, 184, -130, -60, 130, -56, 46, 10, -152, -180, -68, 18, -68, 
-78, 52, -48, -28, 148, 4, 254, 100, 26, -150, -144, 46, 26, 112, -308, 320, 138, 42, 132, -120, 116, -188, -22, -42, 74, 30, 114, 16, -132, -4, -90, 8, 6, -148, -56, -118, 148, 176, 94, 168, -44, 8, -46, 16, 46, -206, -218, 70, 48, -40, 126, 40, 90, 28, 58, 282, -168, -72, 66, 40, 88, 92, -250, 138, 162, 210, -168, -62, -142, 132, -78, -66, -80, -110, 120, 44, -2, -12, 2, -24, 120, 10, -148, 108, -4, 164, -108, -124, -84, -292, -132, 150, 20, 280, -62, 78, -18, -116, -50, -66, 92, 266, -2, -64, -190, 104, 144, 6, 224, -36, 70, -66, -168, -86, 0, -100, -10, -38, 122, -156, -156, -44, -36, -10, -132, 34, 188, -100, -114, -52, -12, -60, 16, 240, 174, -32, 262, 52, 28, 66, -154, 114, -112, 46, 196, -134, 98, -142, 76, 416, 4, -152, -6, -48, -20, -132, -96, 222, 164, 104, 176, -54, 24, 112, 84, -60, -112, -34, -176, -54, -34, 74, 152, -24, -142, -38, -14, 48, 22, -78, 120, -70, 160, 252, 260, 108, -148, 52, -98, -150, 244, -86, -202, 14, 212, -14, -12, 178, 56, 42, 100, 46, 206, 28, 10, 82, 128, 90, 56, 172, -104, -232, 304, -186, 64, -12, 108, -68, 70, -96, 86, 134, -86, 160, 46, 192, 12, 6, 76, 92, -34, -60, -50, 152, 14, 36, -132, -12, 32, -388, 132, 126, -10, 36, -62, 70, 40, 4, 132, 6, -24, -160, 18, -126, 104, -12, -6, 126, -62, -290, 40, 212, 8, 116, -142, 18, -2, -50, 154, 116, 26, -62, 190, -46, 202, -14, 6, 88, 20, 98, -24, 24, -274, 112, -120, 152, 86, -32, 36, -238, -48, 102, 110, 24, 32, 154, -10, -140, -100, -78, 200, 144, 82, 306, 196, 98, 134, 90, 194, -86, 150, -198, -96, 94, -236, 154, 176, 64, -148, 6, 278, 146, -116, -190, -54, 176, 86, -10, 20, -8, 58, 118, -88, 218, -62, 48, 12, 194, 126, -76, 174, 200, 32, 56, 120, 22, -4, -106, -118, 300, -86, 66, 6, 34, -272, -40, 122, 6, -130, -116, 26, -62, 8, 0, -94, -226, 2, 128, -70, -10, 104, 160, 118, 122, 62, 46, -90, 184, -2, -230, 140, 214, -46, 198, -6, 216, -86, 72, 76, -6, -72, -76, 144, 36, 66, -184, 74, 206, 76, -50, -50, 60, 98, 20, 94, 22, -104, -108, -140, 42, -44, 86, -100, -136, -118, -214, -30, -38, -110, 148, -72, 80, -6, -104, 238, 202, 202, 28, -54, 154, -44, 146, -258, -142, 60, -4, 68, -194, -96, 64, 198, 80, -158, -90, 82, -56, -286, 252, 30, 148, -68, -258, -62, -134, 194, 94, 248, 10, 40, 60, 48, -50, 96, -98, -174, -144, -20, 164, -138, 270, 34, -12, 94, 8, 150, -200, -78, 10, 34, -62, 28, 150, 64, 44, 184, 0, 60, -102, -108, -60, 152, -246, 32, -4, 96, -72, 176, 26, -10, 62, 
132, 46, 22, -28, -146, 26, -120, -142, -74, 38, 56, -62, 84, -190, 376, 4, -124, 56, -196, 252, -50, 104, -36, 54, 30, 150, -74, 26, 156, 172, 170, 124, 18, 218, -8, 134, 28, -122, -82, -52, -40, -70, 148, -6, 74, 92, -12, 70, -100, -84, -44, -88, 22, 38, -76, -48, 144, 250, -280, -96, -92, 242, 232, -100, 48, -78, 60, 30, -66, -172, 82, -24, -52, 52, -72, -106, -42, 166, -54, -46, -62, -266, 84, -88, -60, 24, 268, -18, 12, 236, 46, -228, -30, -128, 64, -40, 104, 96, -102, -110, -8, -68, 74, 20, 344, 14, 4, 42, -128, 240, -50, 24, 18, -88, -6, 10, 82, -22, -30, 210, 84, 6, 128, 126, 140, 70, -216, -78, 22, 36, 184, -36, 84, -110, 168, 56, -280, 84, 88, 104, 266, -26, 126, 144, -320, 236, -150, -16, 8, -222, 0, 86, -148, -12, -46, 28, -60, 16, 150, -58, -60, -106, 64, -82, 32, 172, 150, 214, 180, 184, 66, -84, -110, 20, -10, 170, 76, 2, 10, 32, 46, 252, -22, -282, -112, 50, 230, -18, 178, 226, -24, 114, 150, -98, -166, 132, 70, -190, 106, -64, -162, -76, -26, -24, -80, -124, 8, -56, -42, 70, 282, 124, -158, 86, 70, -154, 20, 18, 22, 240, -228, -216, 242, -100, 232, -78, 36, 72, -12, -20, -74, -120, -150, -54, -46, -104, -50, -68, -62, 278, -240, -170, 210, -50, 16, -48, 128, -44, 12, -32, 58, 100, -20, 74, -46, 38, 156, -120, 222, 236, 18, 68, 116, 20, 144, -68, -64, -20, -178, 10, 36, 246, -228, -176, -32, 48, -26, -42, -100, -52, 42, -32, 106, -236, 162, -188, -112, 32, -72, 74, 108, 58, 108, -22, -72, -132, 68, 84, 188, 72, -142, 32, 182, -92, -132, 20, 66, -18, -92, 62, -40, 86, 196, -16, 188, -102, -236, -162, 250, -50, -286, 98, 56, 94, 138, -44, -140, 114, 20, 170, 32, 12, -6, -80, 66, 124, -54, 20, -180, 132, 6, -54, 26, -20, 86, -30, 36, 24, 266, -180, -128, -52, -96, 36, 286, 122, 48, -26, 276, 138, -166, -98, 88, -144, 180, 176, -144, -164, -6, -90, -48, -4, -66, 128, 94, -140, 86, 92, 40, 288, 14, -24, -124, -162, -86, -198, -28, 192, 14, 34, 76, 180, 56, -162, 28, 364, -70, -130, -36, -66, 90, 208, -28, -142, 60, -164, 160, 200, 120, -172, 52, 110, -160, 156, 114, 298, -42, -140, 230, 116, 62, 132, 104, -40, -38, -172, -180, 42, -66, -116, 102, -52, 188, 26, -2, 118, -106, 90, 160, 168, -114, -154, 290, 146, -10, -58, 174, 66, -128, -224, -8, 156, 120, 10, -146, -40, -152, -24, 250, -12, 104, 154, 166, -132, 8, 250, 64, 150, 48, -28, 30, 172, 70, 6, -118, 396, -126, 40, 76, -12, -98, -90, 4, -102, -164, 90, 32, 262, 98, 16, -88, 136, 162, -8, -118, -160, -200, -76, -24, -8, 
40, -10, 50, -2, 224, -52, 66, 156, 64, -44, 76, -96, -192, 350, -210, 72, 146, -28, -34, -78, 26, -58, 180, -42, -12, 52, 66, -32, 116, -236, 144, 124, -54, 98, 66, 24, -36, -24, 220, 100, 206, 84, -230, -30, -24, -16, -52, 52, -32, -14, 76, 78, 30, -48, 76, 166, 2, -20, 162, 166, 128, -306, -198, 146, 8, 14, 74, 26, 20, 328, 10, -158, 166, 32, 78, 50, 172, -214, 10, 62, 184, 216, -72, 102, -38, -2, -282, -62, -20, -196, 56, 104, -12, 10, 8, 64, 142, -140, 104, 28, -6, 184, 78, 2, -214, 66, 68, 108, 84, -282, -48, -30, 180, 168, 160, -130, 2, 124, 114, -312, 80, -212, 2, 136, -106, 158, 248, 174, 90, -20, -128, -40, -42, 154, -56, 82, 170, -176, 116, 120, 70, 52, -38, -10, 194, -236, 32, 58, 8, 210, 124, -88, -8, -30, 28, -26, 188, 92, -140, 168, 230, -130, -118, -60, 66, -128, -58, -58, -12, -148, -78, -122, 174, -42, 100, -48, 4, 142, -4, 38, 86, -206, -36, 228, 110, 136, 92, -84, -122, -176, 150, 24, 24, 114, 16, 66, 6, 208, 64, 148, 176, 132, 152, -54, 252, 202, 72, 56, 228, 0, -290, -38, 160, 34, -64, 178, 112, 30, 48, -142, 52, 138, -70, -26, -254, 118, 68, -82, 26, 128, 196, 78, 122, 68, 156, 110, -80, 42, 66, -184, 262, 34, -26, 168, -98, 228, 200, -30, 42, 52, 0, -250, -4, -58, 110, 116, -12, 174, -10, -150, -64, -268, -128, 34, -196, 98, 220, -46, 170, -148, 30, -134, 98, 294, 68, -30, -220, 30, 24, -48, -36, 156, -70, 144, -108, 240, 280, 60, 62, -2, 48, -24, -118, 76, 88, -34, -68, -172, -42, 50, 146, -120, -2, 38, 160, 180, -92, 4, 206, 108, 226, 142, -312, 70, -106, 142, 124, 46, -238, 46, 118, -170, -26, -38, 50, 70, 244, -88, -32, -98, 170, -72, -138, 72, -140, -34, 170, -32, 150, 136, 196, -52, 74, 68, -158, 20, 26, 10, -114, 300, 220, -96, 4, 98, -124, 146, 20, -24, -166, 26, 234, 142, 76, 122, -90, -42, 194, 62, 26, 6, 110, 102, 16, 42, -28, 186, -94, -30, -2, -38, -78, 44, 36, 346, 164, 210, -30, -28, -164, 44, 110, -168, -146, 288, -102, -244, 90, 292, -146, 296, 60, -146, -24, 154, -140, 2, -204, -96, -176, 264, -100, -110, 18, -112, -98, -312, 92, 2, -110, -8, 210, -82, -98, 20, 180, 128, 142, 98, 4, 200, -44, 124, -38, -72, -100, 28, 88, 54, -164, -286, 10, -68, -126, -32, -2, 8, -100, 60, 84, 188, 170, 104, -78, 96, 218, 116, 80, -32, -136, -56, 136, -52, -90, 128, -66, -270, -58, -152, 52, 96, -76, -174, 6, -124, 58, -218, 154, -8, -144, -186, -12, 102, 142, 106, 244, -160, 8, -130, -108, -2, 106, -380, 40, -144, 62, 28, 102, -46, -174, 162, 
-18, -130, 4, 0, -132, -124, -98, 206, -12, -120, -8, 70, -88, -264, 174, 96, -116, 144, 26, 218, -202, 258, -140, -102, -98, -22, -238, -78, -36, 164, -202, 158, -220, -180, 28, -128, 32, -48, -222, 68, -34, -106, 234, 282, 68, 106, 66, 28, -52, -74, 34, -98, 14, 84, 2, 2, -174, -76, -252, -116, 14, 282, 18, -84, 130, -10, 36, 58, 90, -130, 56, 322, -32, -132, -118, -54, -44, -82, 16, 112, -10, -118, 160, 8, 288, 28, 270, -62, 232, 86, -82, -166, 82, -174, -62, 54, 128, 186, 56, 94, -182, 44, -32, -66, 428, -30, 24, 10, -124, 264, -14, 24, 14, -76, -96, -30, -54, -154, -222, 292, -110, 190, 106, -64, 194, 204, -114, 20, 4, 144, 180, -100, 84, -122, 236, -130, -252, 136, 132, 140, 32, -202, 30, -8, -74, 278, 168, -28, 4, -214, -92, 98, -48, 116, 48, -80, -134, -78, 130, -94, 142, 78, 230, -20, -166, 218, 78, -54, 58, 236, 26, -18, -272, 244, 78, 86, -58, -26, 66, 14, 34, 266, -4, -48, 98, -130, -94, 206, 128, 218, 50, 118, 106, -2, -50, 160, 32, -164, 38, -50, -140, -74, -136, 166, -18, 54, -82, -278, -164, 248, 222, 136, 18, 72, 140, -82, -78, 60, -82, 116, -24, -104, 4, -18, 166, -14, -244, -8, 168, -208, -100, 16, -190, -74, -146, -8, 10, 44, 56, 10, -136, 90, 76, 166, 294, -14, -20, 12, 102, 34, -54, 148, -28, 158, 62, 76, -16, -202, 34, 70, 2, 162, 134, 34, 178, -80, 46, 150, -82, 46, 46, 44, 216, -282, 8, 216, -8, -108, -80, 120, -40, 108, -24, -94, 132, -92, -130, -60, 226, -84, -14, 56, 110, -38, 32, 62, 72, -14, -2, -32, -58, 62, 40, -8, 64, -210, 34, -32, -8, -144, -76, -16, 252, -78, -58, 50, -48, -126, 294, -18, -26, 302, -156, 116, 126, 18, -280, 126, 40, 28, -144, 150, 54, -124, 72, 96, -48, 142, -52, 98, 60, 32, 20, 70, 216, -8, 24, 58, -26, 30, -84, -32, 8, -112, 232, 132, 78, 134, 236, -58, -190, -42, -8, 64, 90, 244, 122, -126, 34, -98, -70, 56, -26, 32, 248, 56, -144, 50, 152, -46, 54, 30, 138, -346, -156, -260, 16, 50, 204, 78, -146, -66, 142, -192, 86, 260, -72, -120, 160, -208, 116, 330, 64, -118, 54, -132, 234, -2, 64, -216, 12, 14, -32, 138, 52, 150, -240, 34, 2, 58, 12, 92, -74, -100, -42, 68, -80, 78, 156, -18, 12, 54, 224, -106, 178, -28, -72, 82, 38, 224, -30, 222, -90, -92, 48, 106, 120, 6, -44, -162, -242, 78, 116, -144, -252, -34, 4, 58, 64, 152, -110, 148, 96, -62, 50, 312, -18, 42, -60, -104, 68, 186, 148, 216, -120, 72, 2, -60, 378, 42, 20, -34, -228, -122, -12, -24, -2, -32, -22, -60, -78, 288, 68, 116, 28, 114, -112, -140, 294, -142, 
20, 172, 24, 212, 110, -38, 50, -114, -56, 4, -42, -208, 0, 216, -246, 18, 84, -60, 4, -180, 88, -182, 112, 88, 112, 100, 126, -62, 114, 90, 298, 72, 66, 208, 98, 6, 104, 116, 124, 30, 100, 310, -236, -16, 150, -78, 66, 52, 62, 92, 70, 108, 36, -118, 40, 64, 282, 36, 86, -116, 76, -166, 54, 94, -70, 66, -64, 20, 16, 40, -96, -18, -6, 36, -68, -18, 164, 34, -44, -100, 142, 48, -80, 42, -58, -112, -246, 62, -206, -124, -62, -26, 150, 60, 48, 38, 20, -164, 58, -96, 110, 46, 20, -26, -252, -128, -38, 114, -64, -150, -94, 10, -270, 64, -62, -76, 108, 128, 152, -340, 36, -58, -42, 142, -92, 34, 168, -136, -126, -46, 6, 162, 184, 300, -176, -10, 154, -96, 48, -52, -138, 224, 168, 258, 36, -264, -82, -110, 108, 216, 90, -2, 244, 64, -18, 16, 248, 246, 8, 244, 16, -142, -236, -10, -54, -118, -52, -14, -104, -278, -188, -80, 240, -52, -88, 74, -82, 72, 136, -28, -30, -174, -16, -68, -12, 212, 200, 40, 28, -122, -54, -78, 48, 30, -74, 86, -8, -56, -2, 180, -54, 152, 112, -138, 52, -28, 72, 34, 294, -144, -242, -44, 16, 148, 6, 162, 344, -194, 16, -18, 84, 60, 144, -20, 82, -20, -50, 6, -202, 150, -26, -126, 334, 224, 198, -46, 176, 212, 80, 134, 92, -146, 28, 36, -156, 22, 58, 24, 154, 30, -36, 92, -68, -2, 30, 190, -98, 148, -62, 196, 20, -44, -100, 14, -140, 116, 32, -174, -14, -24, 166, 34, -32, 76, 282, -244, -186, 8, 186, -88, 182, -76, -258, 60, -208, 142, 218, 16, -154, 184, 134, -200, -42, 160, 102, -84, -56, 140, 130, 178, 146, -38, -40, 122, 60, 206, 98, -130, -40, 128, -108, 62, -2, 90, 178, -154, 112, -44, -246, 200, 120, -82, 100, -78, 104, 2, 290, 86, 118, -28, 30, 14, -98, 38, -24, 12, 214, -168, 44, -38, 90, -74, -236, -124, 78, -12, -46, 98, -26, 42, -148, -114, -32, -60, -142, -104, 46, -102, -118, 128, 28, 56, -6, -106, -28, -180, -22, 284, -116, 106, 50, -6, -44, 124, -178, -28, -142, -16, -76, -122, -10, -62, -128, 210, 172, 166, 52, 30, -60, 24, 108, 24, 136, 210, 68, -100, 40, 56, -42, 124, -202, -132, 20, -40, -40, 82, -86, 98, -120, 226, -148, -74, 174, -98, -88, -72, 280, -62, 128, -110, 60, -78, 88, 246, 72, -38, 326, 20, -38, 60, 122, 216, -62, -182, -130, 6, 94, -74, 20, -62, 22, -178, 20, 194, -66, -240, -8, 202, -16, 82, 208, -108, -128, 204, 222, -60, -66, 120, 36, -198, -8, 14, -8, -22, -136, -56, -82, -100, 132, 162, -102, -172, -200, -28, 68, 76, -58, -68, -190, 74, -68, 28, 70, 86, -56, 84, 64, 114, -6, 198, 204, -170, 88, -96, 180, 34, 198, 92, -186, 146, 
36, -308, -4, -56, -80, 112, -126, 248, 114, -46, 94, 312, 90, -36, 414, 16, 134, 62, 24, 50, -100, -16, -76, -128, 50, 60, 56, -52, 192, -10, -172, -14, 48, -198, 6, -130, -228, -34, -60, -72, -42, -262, 176, 48, -118, 72, -16, 26, -124, -6, 148, -66, 60, 128, 52, -134, -234, -74, -168, 60, -16, 50, -218, 18, 96, -70, 156, -10, -128, 0, 114, -94, 76, -44, 220, 20, -76, 102, 30, 234, -66, 180, 2, -26, 120, 142, 208, 72, 298, 92, -4, 30, -70, -94, -12, 122, 94, 16, -88, -176, -120, 42, 26, -126, 278, 54, -198, 36, 42, -2, 24, 114, 406, -138, 194, 152, 10, -16, -58, 428, 14, 74, 374, 2, -92, 26, -28, 224, 130, 132, 80, -70, -4, -312, 146, -54, -156, 154, 12, 64, 122, 26, -140, -134, -4, 276, -8, 120, -16, -120, -52, -80, -164, -178, -84, -126, -182, -132, 46, -178, -94, -2, 122, -36, 138, 328, 152, -104, 204, 222, 56, 164, -60, -136, 0, -128, 86, 82, 106, 194, 116, 192, 98, 48, 130, -94, -218, -132, 22, 148, 32, 120, -244, -138, -32, -124, 38, 186, 218, -142, 100, -152, -48, 140, 32, 74, 48, 112, -152, 42, 188, 12, 28, -24, -52, -74, -70, 44, 68, 56, -70, 90, -256, 172, -50, 60, 56, -146, 12, -42, -134, 114, -178, -94, 98, 20, -172, -244, -128, -86, -74, 102, -44, 16, 138, -2, 110, 80, -124, -62, 8, 18, -64, 114, 46, -112, -82, -134, -84, -104, 10, 12, 80, 48, 210, -106, -36, 356, 86, -44, -100, 190, 90, -44, 32, 268, 208, 38, -10, -50, 58, 60, 108, 108, 262, -62, -146, -80, 154, -78, -42, 24, 188, -12, -30, 226, 202, 54, -112, -118, -44, 86, 116, 60, -62, -92, -72, 342, 200, -4, 62, 210, 16, -48, 90, 56, -178, 56, 136, -138, -106, -254, -200, 74, -42, -124, -172, 18, -12, 160, 72, 60, 142, 102, -64, 12, -82, 180, 122, 54, -76, 54, 160, 188, -154, -36, 98, -58, -38, 66, -146, -48, -88, 144, 52, 34, -42, 64, 252, -194, 20, 46, -106, 94, 16, 138, -24, -2, 76, 20, 98, 134, 44, 126, -16, 116, 42, 32, -84, 96, -30, 164, 80, -96, -38, -162, -238, -132, 132, 64, 6, 36, -110, -96, 78, -26, 56, -168, 112, -156, 270, 68, 146, 14, -12, 36, -60, -78, 80, -132, -58, 148, -46, 96, 266, -14, -180, 236, -184, 140, 0, 168, -52, 20, -4, 38, -246, 36, 216, 30, -6, -94, 186, 186, 156, 174, -116, 186, -96, -34, 0, 156, 98, -104, 8, 202, 132, -266, 68, -16, -128, 74, 154, -234, -76, 16, 156, 98, 48, 62, -108, 42, 84, -24, 254, 86, 134, 288, -88, -66, 90, 176, 270, 2, 86, -116, 148, 254, 36, 14, 288, 124, -146, -166, 28, 94, -132, -176, -240, 68, -84, 208, -120, -60, -24, 114, -30, -198, 70, -164, 
-16, -54, -2, -14, 146, -258, -30, -92, -46, 40, -236, -138, 6, 178, -362, -14, -6, 36, -48, 6, 74, -90, 20, 50, 54, -136, -72, -52, -108, 152, 344, -58, 106, 258, 158, 298, 140, 192, 322, 46, -26, 122, -246, 36, 110, 50, 134, -66, -8, -46, -178, 12, -172, 86, -46, 72, 120, 154, 250, 30, 208, -16, 126, -50, 44, -30, -86, 10, 260, 56, -80, 110, -44, 28, -128, -132, 208, 32, 48, -264, -16, -100, -74, 6, -16, 38, -206, 18, -136, -70, 12, -158, 138, 196, 140, -122, -62, 156, -34, 118, 16, -274, -70, 306, -174, 278, 240, -4, -72, 14, 60, -42, -96, 108, -230, -78, -62, -2, 16, -306, -28, 126, -316, 50, 54, 192, 226, -24, -38, 32, 4, 38, 60, 26, -108, 58, 54, -112, 92, 28, -228, 22, 224, 204, 18, -94, -76, 74, 76, 188, -86, 386, 80, 110, 32, 66, 234, 42, -8, 2, 180, -58, -32, 14, -88, -186, 38, 140, -96, -168, 12, 68, 6, 138, 154, 124, -98, 54, -40, -36, -46, -244, 72, 134, 56, 76, 242, 252, -32, 108, -14, -76, 192, 186, 80, 186, 78, -174, -170, 176, -198, 156, 40, -224, -70, -242, -56, -58, 188, 102, -54, 50, -142, -38, 188, 160, 70, 4, 4, -146, 48, -122, 218, -78, 102, -150, -198, 122, -180, 132, -44, -128, 86, 66, 38, -110, -144, 238, 280, 206, -102, -68, -14, 152, 50, 20, -24, 34, 146, 172, 112, -84, 92, -50, 12, 46, 286, -112, 28, 94, 182, -146, -58, -14, -186, -10, 82, -160, -34, 128, 194, -90, -14, 192, 44, -44, -56, -176, 38, 12, 68, -24, 12, 6, -356, 42, 150, -36, 76, 52, 24, -36, -208, 64, -60, -266, -140, 16, 114, -8, 38, -46, -292, 90, 88, 194, -24, -122, 24, -10, 58, -48, -30, 180, -164, 152, 198, 44, 40, 22, 52, 140, -32, -98, 6, 130, 136, 88, -128, -152, 58, -34, -112, 72, 76, 110, -84, -116, -40, 22, 138, -54, 120, -116, 52, 116, 24, 104, 86, -44, -12, 24, 116, 80, 104, -36, 60, 78, -64, 350, -190, 2, 206, -196, -66, -36, -80, -298, -72, 52, -18, -144, 34, 128, 76, -32, -104, 126, 284, 30, 96, -88, -184, 98, 162, 70, 236, 102, -52, 156, -18, -46, -64, 90, -178, 34, 36, 156, -164, 34, -98, 52, -2, 118, 22, 130, -98, 228, -64, 60, 182, -80, 130, -164, -224, 18, 104, -158, 242, -72, 88, 18, -30, 0, -80, -130, 210, -62, 34, 120, 2, 56, -148, 10, -162, -36, 78, 132, 50, 50, 48, -98, -48, 52, -6, -40, -108, 210, -52, 134, -46, -126, -42, 108, 92, -6, -64, -66, -40, -16, -48, 22, 140, 28, -104, -38, -88, -90, 82, 190, 42, -134, -92, -78, -96, 110, 74, -42, 152, -40, -152, -70, 304, 56, -56, -124, 144, 158, 34, -152, 6, -18, 196, 116, -14, 66, 20, 94, -96, 228, 
-40, 92, -234, 16, -182, -6, 44, 134, 52, 32, 362, 150, 10, -188, 246, 120, 48, 18, 124, -40, 120, 162, -6, 144, 0, 34, 180, 46, 8, 80, -186, 92, -126, -256, -52, -164, -14, 40, -208, 122, 214, -86, 214, -106, -36, -146, -48, -46, -52, 68, 82, 116, 214, -22, 114, 62, -90, -56, -184, 144, -138, 68, -70, 0, 160, 86, 198, 12, -18, 0, 186, -14, -6, -178, 100, 154, -284, 16, 104, 96, 140, 66, -6, -28, 92, 162, 326, 30, 250, 146, 128, 122, -172, -108, -36, 80, -62, 232, -162, 48, -72, 254, 148, -86, -222, -264, -246, 30, 218, 102, -106, 28, 138, -152, 210, -18, 96, -10, 26, 392, 44, -60, 406, 86, -216, -130, -106, -52, 150, 94, -22, -28, 128, 52, 30, 30, -12, 68, -40, 54, 252, -18, -242, -162, 122, 288, 28, 2, 68, -172, 162, -242, -40, -160, -76, 64, -128, 64, 140, 2, -112, 156, 156, 138, -92, 96, -148, -52, 62, -22, 36, -32, 24, -160, -64, 38, -16, 44, -78, 152, 82, 254, 96, -14, -118, -62, -280, -182, 8, 148, 58, 108, -6, -100, -172, -26, -112, 110, 6, -258, 62, 78, 50, 56, 132, 94, 106, 14, -88, -38, 126, 20, 264, 76, 218, -42, 76, -4, -170, 248, 72, 20, -196, 158, 38, 278, 118, -144, 302, -36, -72, 316, -2, 14, 70, 36, -48, -124, -260, -8, 58, 94, 8, -146, 36, -18, 164, 34, -176, -180, 58, 10, 238, 80, 96, 102, -258, 34, 132, -156, 82, -44, 98, -32, 186, 156, 10, -66, 32, 150, -78, 104, 198, -162, -12, -74, 38, 228, 82, -24, 20, 164, 8, 16, 50, -210, -58, 138, -62, -22, 84, 44, -44, -28, 158, 216, 150, 48, -22, 68, -100, 62, 272, 22, -32, -152, 134, 228, 146, 26, 178, 200, -10, -16, 58, 8, 32, -58, 10, 42, 20, -304, 114, 42, 74, -24, -22, -186, 196, 102, 222, -72, -38, 34, 30, -86, 148, -38, -54, -62, 14, -110, 168, 172, -6, 8, 94, 20, -28, 180, -54, -40, -14, 74, -58, 46, -74, 66, -16, -360, 272, 266, -166, 172, -10, 90, 248, 178, 16, -246, 82, 252, -52, 32, 32, 128, -2, -28, -232, 52, -136, 170, 174, -28, 32, 18, 8, -14, 82, -118, 12, 30, -24, 30, 300, -140, 134, -106, 354, 204, 202, 176, 28, 10, -16, 6, -14, -30, -54, 120, -262, 22, -126, 168, 168, -6, -116, -44, -170, 142, -254, 142, -48, 20, 52, 10, -252, -150, -22, -76, -48, -8, 94, 6, 228, 100, -112, 20, 116, 20, -92, -84, 198, 172, 244, -10, -50, 16, 234, -2, -36, 30, 148, 4, 22, 48, 48, -86, -52, 56, 96, -4, -318, 46, 12, 14, 76, 304, -62, -158, -44, 272, 42, 108, 326, -14, -196, 120, -28, 42, 256, 36, -258, 42, -90, 124, -26, -88, -166, 114, 132, -98, -132, -108, -10, 10, 0, -94, 268, -226, 
220, -58, 196, 92, 122, -222, -86, -54, -74, 90, -210, 200, 46, 198, -180, -166, -128, 68, 90, 30, -10, 60, -138, -260, 216, 108, -208, -20, 124, -94, 100, -252, 100, 206, -96, 244, -42, 146, 186, -44, -172, 158, -178, -34, 22, 190, 38, -102, 58, -176, 54, -40, -150, 154, -22, -182, 6, 154, 218, -152, 114, -44, 164, -164, -162, 78, -32, 8, -62, 96, -108, 112, -52, 78, -48, -96, 132, 26, -114, 12, -96, -92, 14, 64, -126, -6, -4, 154, 108, -114, 118, -194, 200, 128, -66, 26, -14, -296, 58, 2, 4, -118, 146, 202, 168, 316, 98, 4, -130, -70, 52, -26, -90, 176, -126, 134, -48, -4, -18, -260, 144, 164, -110, 100, 150, -80, 10, 42, -140, 60, 154, -10, -98, -22, 40, 26, -46, -82, 46, 34, 114, 178, 298, 332, 54, -2, -28, 24, 106, 72, -88, 312, 126, 96, -54, -194, 80, 4, -42, 60, 140, -180, 36, -50, 208, -36, 52, 174, -196, 28, 64, 160, 0, 146, -12, 52, 210, -84, -74, -26, -164, -94, 4, -6, 292, 158, 388, 132, -192, -118, -124, 16, -72, 118, 352, 30, 16, -106, 96, 94, -172, 20, 70, -78, -172, -46, -180, -30, -68, 130, -16, 114, 74, -116, 102, 6, 6, 228, 80, -100, -76, -190, 148, 84, -114, -260, -108, -100, -154, 126, -62, -94, 38, -186, -20, 80, -74, 22, 190, 34, 8, -128, 0, 142, 88, 6, -148, -16, 546, 82, -36, -96, -56, 86, -36, -52, 108, 36, -42, 210, 16, 32, -104, 138, -196, -78, 156, 146, 168, -278, 84, 40, -118, 62, 28, 32, 0, -128, 86, -20, 56, -32, -36, -6, -110, 16, -20, 48, 28, 34, 76, 6, -12, -86, -156, -140, -204, 74, -188, 14, 84, 38, -230, -92, 142, 272, 44, -176, -90, 184, -202, -92, 80, 76, 128, 14, 218, 20, 50, 84, 10, 2, -38, 112, 134, -102, 174, 68, -22, -106, -62, 76, 58, -132, 60, 0, -20, 204, 10, 48, -40, 158, 14, -306, -84, -48, 102, -150, 66, -40, 6, 28, -116, -48, -10, -22, 232, -84, 36, 238, -180, -204, 128, -52, 44, -52, -130, -18, -128, 138, -68, -190, 148, -122, 8, -96, 72, 224, 160, 84, 120, 98, -126, -18, 66, 70, -50, -126, 88, 88, 32, 130, -130, -130, -196, 132, -98, 82, -192, -56, -44, 184, 0, -114, 8, -24, 18, 126, -56, -262, 228, 26, 24, 92, -54, 134, 16, 76, 158, -172, 280, 6, 0, -154, 16, 28, 32, -60, 84, 142, -24, 78, -46, 86, -296, -84, 34, 14, -72, -84, 134, 24, -134, -32, -212, -36, -82, -2, -158, -114, -38, 108, 32, 106, -54, 38, -128, 38, 36, -154, 68, -68, 304, -40, -114, 364, -98, -242, 164, 28, -6, -128, -118, 30, -306, 94, 418, 102, 62, -60, -98, -132, 326, -20, 136, -106, 208, 54, 126, -98, -50, 92, 250, -58, 58, -74, 18, 328, -332, 112, 
-22, -112, 94, -136, -216, -48, 132, -144, -128, -102, 264, -242, -78, -96, 350, 156, -52, -112, -32, 30, 106, 14, 138, 72, -56, 12, 220, -148, 134, 136, -190, 26, -80, -42, 192, -140, 2, -96, -66, 286, 310, -30, 100, 118, 8, 86, -96, -72, -68, -100, -278, 6, 178, -392, 24, 70, 20, -2, -4, 128, -34, 160, -266, 126, 156, 120, 18, 10, 58, 6, -28, 28, -70, -22, -18, 78, -268, -166, 114, -50, 100, 54, 120, 196, -64, 4, 136, -58, 64, 178, -104, 190, -6, 40, 226, -144, -32, 242, -48, -40, -116, 100, 78, -178, -206, -160, 30, -172, 88, 42, -86, 62, 108, -46, 188, -118, 54, 18, 58, 158, 18, -122, 232, -36, 56, 128, 2, 34, 92, 164, -20, 80, -80, 244, 76, 100, 2, 234, -138, -12, 30, -72, -32, -208, -244, 78, 138, 98, -170, -72, 64, -124, 28, -22, 38, 246, 64, 28, 16, -48, 24, 82, -94, 8, -50, 108, -4, 38, 136, -16, -84, -68, 10, -106, 36, -282, -88, 58, 190, 26, 398, 310, 32, -98, -186, -56, -390, -114, 214, -126, 140, -106, -80, -166, -116, -46, -170, 192, 62, -92, 84, -192, 24, 102, 106, 136, 2, 100, 14, -46, -56, -24, 142, 130, 124, 130, 124, -118, -46, 88, 94, -6, -168, 12, 226, -40, 6, -38, 152, 12, 180, 256, -26, 108, -74, -120, 96, -230, -140, 154, 98, 14, -4, -216, -32, 108, 96, 86, -336, -48, 72, 78, 210, -16, -18, -10, -60, 18, 114, -62, -52, 18, 70, -178, 200, -32, -192, -104, -54, 266, -128, 78, 166, -10, -100, -8, 24, 104, 86, -58, 188, 80, 84, -224, 80, 94, 12, -42, 34, 108, 148, -196, 140, 10, 202, -100, 304, 8, -44, -38, 66, -34, 90, 104, -92, -136, 44, 90, 24, -68, 194, 86, 118, 200, -70, 156, 32, -168, 36, 62, -124, 126, 24, -60, -58, 142, -40, 2, 38, 238, -180, -104, -142, 42, -68, 22, -30, -322, 70, 42, 64, -26, -54, 210, 130, 138, -18, 264, -32, 162, -10, 168, 80, -2, 226, -116, 76, 184, -154, 36, 100, 176, -12, 52, 154, 44, 128, -78, 70, -134, 182, 50, 70, 92, 2, 46, 50, -162, -44, 106, -64, 68, -32, 62, -250, -82, -50, 126, -88, -74, 16, 34, 154, 298, 190, -176, 116, -230, 206, 90, 76, -186, -66, 10, -124, -38, 32, -94, -92, 192, -66, -68, 30, -60, 116, -60, 30, -14, -298, 130, -122, 166, 160, 66, 162, -36, 94, -46, 34, -108, 250, 60, -74, -138, 76, 136, -146, 54, -28, 48, -90, -64, 14, -64, 214, 34, -28, 74, 94, 22, -16, -52, 124, 182, 36, -68, -102, 66, -64, 228, 120, -2, -134, 76, 72, -116, 84, 324, -114, -180, 80, 4, 200, 178, 122, -222, -458, 36, -90, 98, 304, 32, -176, -64, 134, 12, 32, 22, 48, 278, 94, 0, -228, 120, -98, 2, -36, -176, 398, -166, 
162, 172, 284, 104, 116, -78, 10, 210, 150, -22, -118, 422, -56, 206, -338, -268, 134, 44, -58, 42, -98, 90, -124, -190, 122, -126, -64, -116, 28, -98, -44, -16, 74, 62, -64, 130, 10, 160, 192, 26, -262, -20, -154, 66, 120, -12, 102, -126, 132, -64, 202, -126, 174, 280, 56, 26, 102, 70, -176, -146, 14, 80, 158, -38, 48, 62, -30, 50, -36, 14, 24, 62, 40, 120, 78, 28, 268, 56, -88, -44, 192, -54, -22, -212, 182, 122, -128, -6, -78, -202, 90, -6, 30, -54, -154, -36, 14, 8, 162, 234, 106, 92, 152, 72, 186, 168, 166, 86, -6, 170, -126, -48, -2, 128, -50, -76, 30, -94, 32, -80, 36, -96, -246, 12, -100, -72, 62, -90, -28, -232, 24, 98, 4, -104, -170, -72, 190, -276, -52, 64, 186, -26, 30, 154, 156, 30, 2, -42, 30, 36, 206, 52, -186, 140, 116, 26, 52, -56, 16, -114, 138, -48, 122, 100, 206, 38, 46, -28, -28, 106, 44, -46, 82, -6, 52, 266, -50, -128, 94, -114, -288, -176, 12, 136, -66, -2, 520, 242, -144, 118, 22, 228, -18, 282, 10, -122, 196, -168, 2, -10, 34, 152, -238, -198, 12, -52, -26, -136, -34, 32, -70, -156, -266, -138, -214, -148, -6, 194, 186, 44, -94, 108, 6, 126, -102, -38, -34, 168, 22, -90, -112, -126, -4, 44, 148, 88, -110, 274, -100, -24, -138, -16, 144, 116, 144, -30, -102, -82, 244, 114, 68, -122, -92, -6, -32, 68, 72, 52, 180, -40, 214, -168, 136, 58, 6, 90, 286, 42, -162, -150, 142, -36, -134, 2, -46, 112, -96, -42, -188, 140, -172, -112, -148, 208, 12, -84, -28, -184, -46, 90, 26, 180, -108, 190, -82, -90, -76, -24, 362, -44, -16, 138, 40, 30, 68, 204, -34, -82, -94, 38, -104, -162, 182, -152, 108, -28, -192, 102, -2, 48, -2, -176, -118, 40, 82, -308, 80, -10, -88, -380, 162, -28, 62, 92, 28, 154, 100, 170, -70, -236, 132, -64, 204, -232, -4, 44, -66, -82, 22, -34, 0, 48, -98, 86, -18, 226, 78, -110, 122, 222, 58, -148, -24, -42, 114, -50, 92, 288, -14, 236, 88, -74, -60, -154, 50, -86, -74, 178, 36, -88, -42, 0, 88, -166, 216, -162, 132, -96, -52, 128, -206, -102, -120, -124, 48, 212, -12, 360, -64, 20, -102, 164, 60, 86, 32, -62, -74, 90, -10, -206, 78, 54, 50, 64, -42, 8, 66, -86, 280, -106, 16, -52, -144, -92, 150, -6, -146, 90, 130, 74, -336, 134, 114, 140, -72, -60, 194, -118, 8, -94, 4, 102, -32, 84, -88, -80, 148, 72, 156, -20, -34, 96, -198, -112, 52, 96, 222, -2, -46, -150, 88, 62, 28, -32, 96, 242, 4, -154, -40, -4, 2, 32, -12, -56, -40, 96, 246, -138, 118, 54, -260, 50, 132, -36, 32, 184, 126, 52, -118, -214, -324, 30, 230, 92, 106, 12, 222, 66, -256, 162, 
-66, -74, -212, -60, -70, 120, 112, -24, 82, -130, 220, -250, -148, -48, 478, 200, -48, -48, -142, -28, -176, -92, 6, 78, -104, 168, 134, -14, 56, 12, -38, 172, 114, 86, 212, -98, 44, -190, -52, -80, 230, 76, 112, 72, -26, 68, -290, 140, -128, -14, -96, 222, -170, -180, -154, -124, 36, -16, 102, 58, 102, 158, -86, 20, 124, -102, -120, -84, 106, 150, 56, 4, -32, 20, -152, -22, -78, -4, 100, -32, -140, 32, 126, 150, -6, -180, 100, 86, 146, 274, -138, 6, 28, -48, 110, 12, -62, -6, -182, -296, -124, 54, 80, -178, 54, 38, -10, 22, -54, 86, 256, 74, -166, -108, 82, -36, -68, -18, -110, -104, -14, 44, 188, 16, 242, 62, -28, 152, 2, 38, -2, -50, -26, -42, 66, -72, -130, 298, 8, 0, 60, -114, -96, -38, 76, -200, 62, 66, -54, -152, -80, 34, 154, -300, -306, -42, -128, 18, 86, 186, -154, 168, -88, 108, -58, -28, 62, 134, 14, 6, -28, 126, 150, 270, 92, -2, 56, 240, 16, 2, 260, 208, 50, -246, 14, -98, -324, -144, 204, 94, -12, -266, 210, -20, 138, -42, -272, 156, 66, -34, -10, -50, 178, 124, 54, 162, -14, 10, -90, 30, 112, 84, 250, 312, 230, 102, -2, -54, -114, -144, 196, 54, -134, -184, -22, -88, 66, -36, 76, 74, 144, 128, 300, -76, -130, -222, 72, -338, 162, -66, 198, -46, -106, 8, -32, -134, 70, 58, -158, -230, -74, 236, 290, -70, -6, -198, 74, -132, 20, 56, -220, 410, 164, 62, 28, -90, -356, 0, 186, 94, 138, 108, 110, 22, -90, -130, 86, 158, 266, -154, 134, 208, 258, -110, -60, 158, -180, -110, 170, 88, -28, -116, 108, -180, 136, 262, 158, -70, -140, -8, -20, -180, 20, 6, -50, -110, 110, 82, -20, -36, 238, -260, -114, 98, -84, 6, 148, -26, -44, -56, -62, 174, -76, 24, -74, 288, -114, -142, 94, 232, 14, -16, 108, 72, 78, -244, -4, -30, 82, 194, -186, 254, -84, 242, 96, -8, 208, 60, -124, -172, 26, 66, 136, 4, 104, -180, 42, 12, -64, -66, -66, 94, 400, 182, -96, -4, -40, -134, -22, -14, -74, -88, -206, 94, -168, 16, 130, -10, 80, 18, 36, 24, -36, 80, -156, 270, 110, 84, 78, -128, 26, 102, 266, 186, -128, -4, 124, -92, 196, -78, -34, -108, 80, -116, 110, 16, 94, 30, 108, 192, -234, -100, -30, 60, 72, -60, 32, 72, -286, 208, -188, -14, 74, -8, -168, 56, 26, -178, 144, -14, 214, -58, -164, -184, 172, -10, -236, 62, -18, 88, 50, -140, 14, -8, 94, 142, -94, -110, 0, 108, 240, 22, 158, 180, 18, -44, -26, -52, 10, 160, 6, 10, -36, -160, -28, -94, 52, 218, -20, -26, 72, -28, 74, -26, 94, 34, -40, 68, 20, 100, 62, 10, -22, 50, -18, -104, -38, -84, 72, 66, 90, 68, -18, -170, -42, -106, -206, -144, 194, -140, 
148, 100, 150, 176, -68, -148, -108, 98, -34, 134, 40, 74, 160, 56, -234, -186, -64, -24, -30, 4, 160, 204, -72, -102, 22, 20, -32, 10, -70, -152, 106, -112, -50, 4, -204, -6, 56, 222, -72, 124, 92, 22, 54, -100, -44, 66, 110, -116, 164, 42, 106, -232, 280, 186, 106, 192, -162, 34, -124, -88, -82, -36, -126, -108, -270, 124, 48, 156, -2, -146, -64, -234, -32, 88, 44, 102, -32, -56, -24, 178, -88, 28, 24, -222, 86, 280, 44, -126, -76, -270, -10, 98, -58, 56, -106, 58, 112, 128, 210, 178, 120, -76, -6, 156, -102, -108, 12, 52, -146, -120, -206, -12, 164, 46, 86, 44, 42, 126, 102, 138, 36, 190, 2, -6, 88, 26, -76, -106, -68, -66, 76, 138, 156, 92, -116, 192, 54, -294, -14, -62, 12, -6, 84, -40, -46, 88, 128, -28, -130, 226, 208, 64, -50, 170, 274, -140, 148, -14, 128, -110, 186, -134, 68, -4, 32, 172, 168, 8, -14, 52, -16, 76, 52, -94, 26, 162, -94, -72, 12, 50, 10, -20, -106, 194, -42, 8, 266, -92, -58, -162, -106, 162, -62, 156, -62, -8, 266, -202, 188, -2, -50, 294, -46, -144, -34, 112, 114, 30, 72, -58, -58, -6, -162, -338, -204, 0, -30, 36, -36, 120, -198, 12, 178, 290, -176, 32, 88, 160, -48, -180, -136, -198, -230, 172, 136, 136, -132, 216, 16, 44, -90, -40, 164, -22, 88, 222, -166, -28, 78, 246, 150, -32, -94, 72, 176, -40, -16, 44, -96, -26, 46, -176, -146, 56, -62, 60, 282, -122, -60, -2, 22, 22, -44, 12, 32, 164, 14, -104, -84, -16, 6, -34, -152, 60, -42, 36, 150, 100, -126, -14, 2, 180, -162, 320, -62, -64, -114, 184, -36, -6, 16, 238, -40, -56, 48, 252, -136, 8, -120, 50, -102, 342, -38, -86, 60, 146, -86, 90, 54, -126, 104, -142, 0, -10, 32, -78, 72, 74, 42, -158, 80, 78, -22, 8, -156, 48, -38, 58, 56, -212, 170, -282, 32, -116, 16, 88, -42, -54, 100, 206, -108, -26, 42, 188, 66, 190, -68, 98, 62, 14, 118, 46, -214, 66, 74, 118, 116, 88, -126, 62, 94, 80, 38, -106, 50, 46, -66, 34, 40, 146, 142, -6, 44, 110, 210, -316, -48, -86, 70, 212, 112, -44, 54, -122, 144, 88, 60, -16, -112, 214, 106, 144, -102, 148, -16, 184, -238, 168, -64, -80, 146, 54, -62, 24, -42, -68, 60, -162, 390, -112, 208, -130, -232, -200, 10, -26, -24, 222, -48, -54, -82, 12, 324, 116, -40, 42, 38, 26, -82, -36, 6, 98, -90, 150, 20, -36, -2, -8, -16, -44, -188, -84, -76, -114, 110, 54, 44, -168, 58, 12, -10, 6, 238, -40, -58, 160, -168, -40, 116, -12, 20, 92, 218, 84, -138, 32, 150, -112, 108, 28, -54, -154, 44, -42, 36, 74, 120, -2, 238, -8, 0, -108, 134, 102, -18, 68, 226, 360, -312, 144, 
-10, 14, 84, -82, 200, 34, 180, -152, 100, -72, -50, -36, 80, 82, 236, 140, 280, 68, 98, -62, -310, -324, 30, 248, -96, 236, 30, 152, 120, 144, 48, 104, 42, 194, 74, -44, -136, -16, 8, -46, 2, 24, -18, 38, 122, -160, 16, 32, -60, 124, -6, 80, -54, -56, -146, -56, 254, -74, 220, 234, 194, -32, 132, 252, 108, -158, -100, -158, 52, 218, -158, 46, 8, -170, 4, 28, 64, 24, 64, -52, 102, -122, -92, 16, -14, -168, -18, 80, 182, 98, -38, 32, 204, -146, -144, 38, -36, 16, -46, -18, 68, 114, 230, -226, 212, 188, -68, 116, 234, 4, 344, 106, -98, 108, 124, -90, 78, -166, -224, -252, 70, -340, 92, -86, -76, 18, 176, 138, 74, -66, -86, -110, 132, 74, 326, -16, 94, 414, 106, 164, 54, -76, 62, -30, 128, -168, 166, 24, 258, -292, -46, 30, 268, -74, -196, -50, -122, 208, 26, 32, -182, -60, -182, -56, -108, -174, -162, 16, -16, -50, -36, -18, -54, 90, 62, -112, -184, 68, -58, -50, -154, -116, 152, -104, 226, 40, -220, 78, -58, -38, 102, -182, -64, 42, 174, 72, -96, 74, -56, 42, -86, -150, 90, 154, 36, -106, -222, 22, -48, 48, 206, 112, 150, 238, 162, 42, 114, -46, 48, -44, 98, 280, -268, -140, 236, -12, -110, -212, -58, 106, -70, -96, 82, -250, -208, -212, 84, 22, 26, 120, -56, -48, -34, 312, -44, -82, 188, 188, -144, -114, 150, -122, -40, 130, -8, 246, 144, -144, -8, 2, -64, 262, 162, 46, -120, -78, 62, 48, -40, -14, 156, -122, 176, 28, 98, -76, -32, 46, 176, 134, -194, -128, 70, -82, 2, 74, -156, -58, 50, 30, 10, -142, 116, -224, 188, -50, 200, -34, -2, -92, -60, -170, 148, 166, 144, -228, 194, -6, -64, -64, 188, -260, -80, 168, 30, -98, 28, -88, 4, -76, 58, 260, 32, 32, -38, 46, -26, -44, -30, 152, -50, 98, -178, 28, 182, -2, 136, -28, 82, 98, -74, 214, -132, 184, 12, -36, 30, 44, 6, -242, 72, -104, 2, -122, 102, 132, 66, 166, -74, -80, -78, 22, 194, 58, 44, -250, -6, 58, -8, -106, -32, 64, 180, -54, -66, -8, -14, 226, -68, 74, 54, -16, 180, -146, -68, 274, 70, -58, 234, -138, -230, 238, -30, 162, 32, -90, -190, 150, 214, -82, -168, -114, 42, 20, 88, -76, 188, -60, 218, 162, -146, -226, 166, 24, 174, 150, -18, 200, -280, 166, -124, 146, 278, 102, -42, -66, 116, -34, -22, 10, 16, 232, -128, -56, 112, -56, -96, 44, -6, -136, -48, -8, 10, -198, 60, 168, -132, -62, 88, 2, 128, 40, 62, 18, -120, 184, -170, 48, 204, -76, 92, 144, -78, 148, 88, -36, 172, 238, -46, 134, 28, 172, -308, 108, 210, -120, 20, 166, -42, 12, 204, 116, -24, 248, 80, -12, -98, 18, -250, 24, -132, 20, -18, 124, -6, -48, -176, -204, 272, -18, 
0, -204, -66, -8, -294, 184, -26, 172, -20, -142, 294, 38, 2, 0, -224, -40, -324, -20, 130, 122, 208, 426, 12, -204, 154, -284, -88, -128, -122, -46, 70, 42, 202, -18, -48, 124, 242, 168, 14, 172, 148, 56, -16, 62, -78, 294, 20, 44, 300, 84, 74, 80, 24, 136, 234, 114, -114, 20, -220, -38, -150, -68, -122, -358, -44, 62, 146, 14, -42, -82, 84, -60, 82, 160, 200, -4, -78, 64, 36, 312, -30, 194, -26, -86, 98, 128, 182, 18, -248, 14, 20, 134, -100, 78, 248, -108, 78, 110, 52, 50, 54, 40, -122, 238, -170, -114, 130, 136, 60, -122, -38, 122, 108, -98, -52, -8, 96, 256, 154, 368, 150, 428, 32, 378, 126, -82, 58, 4, 32, -186, -36, 16, -2, 22, -274, 16, 58, -312, -266, -40, -240, 96, 296, 134, -156, 64, -156, -44, -328, 206, 186, 236, 4, 80, 264, 104, 88, -160, -84, 130, 152, 252, 54, -136, -58, 230, 206, 124, -110, 192, 82, 92, 38, -116, -26, 120, 136, 72, 18, 30, -20, -4, -106, 330, 34, -212, 122, -100, 154, 154, -28, 348, 106, 156, -16, 8, 88, 84, -10, -118, 174, 182, -34, -112, 170, -92, 200, 130, -56, -66, -152, 20, 6, -148, -40, -40, -30, -14, 224, -40, -104, -14, 86, -154, 18, 76, 52, 30, 150, 26, -54, 94, -254, 172, 154, 342, -132, 152, 54, -34, 142, 178, 138, -210, 98, 122, -318, -142, 12, -2, 76, 50, 74, 42, -16, -198, 120, 326, 8, 12, 166, 2, -90, 102, 124, -22, -122, -136, 224, 16, -128, 208, -54, -18, -212, 276, 178, 162, -116, -6, 66, 222, 42, -14, 0, -88, 154, 122, 132, 136, 38, 192, -126, 140, 2, 218, 24, 170, 142, 58, 98, 158, -10, -78, -66, 280, -180, -38, 168, -186, -134, 176, 182, 0, -18, 172, 106, 36, 36, 4, -92, -16, 14, 16, 150, -50, 134, 72, 110, -132, -48, -56, 316, -18, -228, 64, 54, 10, 136, -144, 216, -66, 146, -62, 72, -20, -78, -36, -60, 228, -192, 168, -2, 212, -42, 160, -48, 6, 64, 190, 118, 44, -6, -48, -18, 182, 46, -68, -92, 194, 116, 52, -180, 66, -102, -50, -62, -206, 8, 44, -66, 54, -138, 120, 22, -242, -8, 4, -12, 102, 150, -274, -82, -14, -38, 60, 172, -154, -150, -24, 26, 116, -16, 76, 160, 10, 12, 94, -158, -20, 256, 70, -76, -116, -102, 112, 46, -170, 170, -4, 78, 14, -92, -254, 176, -78, 80, 202, -8, 216, -104, -92, 162, 166, -96, 44, 94, -32, -112, 44, 78, -22, -80, 60, -12, -8, 20, -64, -226, -212, -158, 50, 130, -16, 48, -48, 242, -18, -16, 174, 88, 104, 100, -28, -112, 78, -14, -208, 124, -60, 88, -122, 106, -198, -230, 202, 36, -182, -18, 64, -230, -46, 32, -60, 212, 52, 118, 162, 262, 78, 224, -192, 64, -174, -172, 54, 198, 140, 72, 140, 
36, 90, -104, 10, 180, 50, -98, 74, 16, 44, -70, -76, 48, 14, 152, 102, 398, 44, 60, -8, -82, -200, -20, 56, -112, 250, 104, 210, 122, 26, 38, 14, -108, 130, -46, 38, -14, -174, 148, -4, -26, 88, -74, -16, 76, -292, 134, -30, -138, -58, -82, -162, -78, -144, -80, -236, -6, 214, 186, -46, 104, 92, 250, 110, 88, 60, -154, 26, 244, 130, -134, 84, 2, -230, 32, 20, -98, -16, -64, -150, 2, -128, -46, 130, -160, -70, -68, 6, 204, 202, -98, 0, -40, 34, -288, 164, -58, -72, 46, -92, 40, -50, 26, -44, 144, 90, 32, -92, 102, 264, -132, -4, 0, 152, 88, -74, -130, -170, -106, -352, -180, -288, -44, -238, -42, 30, 6, 88, 184, 50, 82, 156, 36, -90, 134, 118, 116, 304, 164, 48, 148, 8, -392, -8, 22, 102, 146, 84, 300, -120, -2, 166, -142, -4, -132, -52, -34, 142, 94, -168, 162, -264, 6, 164, 4, -72, -62, -12, 56, 96, 24, -204, 100, 168, -76, -32, 68, 92, 122, 74, -36, 48, 120, -128, -10, 184, -66, 148, -164, -38, 102, -204, -38, -182, 124, 16, -30, -34, -128, 104, -234, -250, -58, 78, -42, 48, -160, -156, 110, 192, 278, 58, -4, 208, 62, 172, -36, -160, -44, -68, 42, -14, -78, 282, 80, -78, 42, -26, -46, 68, 14, -64, 190, -88, -66, -62, 198, -106, -64, 12, -118, -78, 24, 48, 48, -2, 232, 120, 158, 96, 8, 92, 18, -44, 60, -30, 2, -168, 6, -50, -90, 102, 26, 10, -74, 94, 88, 130, -164, 22, 176, -352, -68, -14, 288, -184, -2, -66, 100, -84, 56, -30, 62, 10, 112, 34, -52, -40, -40, -214, 140, -162, 138, -150, -176, -190, -30, -172, 98, 6, 72, -274, 2, 6, 30, -152, 16, 78, -16, 34, 74, -240, -118, 102, 80, -4, -208, 18, 68, -32, 46, -18, -160, -82, -50, 128, -166, 46, -126, 122, 112, -8, -168, 156, 324, 58, -30, 46, -114, 144, -144, 0, -52, 126, 74, -110, 108, -34, 96, -170, 68, -132, 62, 98, -106, -240, 98, -48, -152, -244, -234, 84, 34, 100, -160, 120, -144, 58, 106, -132, 86, -62, 184, -8, -66, 110, 92, 216, -152, -44, 4, 34, 366, -78, -2, 274, -200, 6, -12, -24, 128, 286, 22, 6, -18, -122, -182, 220, 116, -16, 50, -60, 176, 122, -198, 74, 6, -68, 232, 34, -190, -66, 122, 132, 120, -64, -34, 104, -54, -78, -44, -74, -144, 218, -52, 190, -78, -6, 262, -120, 30, 58, -144, -238, 10, -22, -118, 66, 60, -16, 230, 92, 6, -114, -26, 18, 58, 120, 122, 178, -32, -22, -52, 10, -106, 150, -200, -70, 136, -8, 8, -34, -132, 26, 190, -210, -120, 72, -20, 86, -194, 180, 20, 182, 70, 120, -128, 94, -8, 44, 248, -18, -96, 284, -66, -172, 78, -76, -268, 150, -132, 158, -50, 16, 94, 44, 34, -156, 26, -110, 
-24, -240, 78, 50, -44, 132, 136, 200, 190, 94, 68, -52, 32, -100, -6, -28, -134, 212, -4, 40, -86, 324, 34, 208, 110, -6, 72, 140, 134, 26, -10, 4, 234, -20, 82, -64, 46, 12, 86, 82, -24, 18, -64, 44, -46, 360, -70, 80, 14, -10, 80, 138, -98, 60, 34, 84, -142, -66, -96, -84, -8, -52, -182, -88, 54, -92, 194, -64, -58, 4, 182, 20, 128, 140, 66, 10, 74, -94, 152, -20, -130, 186, 146, -40, 196, 100, 122, -16, -56, -68, -6, -144, -22, -22, 412, -188, 154, -50, 28, -218, 2, -52, -14, 22, -36, 60, 80, 258, 66, -108, 200, -30, 34, -6, 12, 78, 90, 120, 222, 338, 222, 264, 100, 188, -82, -68, 168, -60, -4, 56, -30, -104, -40, 160, 58, 146, -156, -64, -36, -44, -10, 194, 364, 90, -12, 0, -160, 122, -324, -64, -88, -8, 40, 54, 204, 116, 58, -98, -56, 150, -164, 108, -120, -138, 140, -64, 20, -142, 42, 50, 10, 230, -102, -34, 42, 52, 230, -56, 86, -108, 14, -48, -110, 148, -172, 70, 248, -94, 212, -84, -80, 116, 102, 88, -50, 2, -46, 16, -16, -50, 164, 334, 98, -148, 66, 66, 188, 168, -66, -194, 26, -26, 118, -28, -16, -210, 126, 110, 100, 66, -12, 64, 122, -174, 6, 10, -12, 28, -62, 78, -84, 106, 44, 236, -14, 106, -154, 318, 36, -44, 94, 64, 244, -118, -16, -66, -286, 146, -110, -30, 86, 106, 124, 92, -102, -38, -40, 260, 52, 118, -48, 54, -44, 16, 200, -6, 6, -254, 358, 42, -214, 362, 34, 84, -110, 20, 28, 38, 98, 254, 104, -32, -288, 150, -106, -26, 114, 42, 42, 62, 6, 130, 68, 256, 74, 130, 18, 122, -54, 70, 44, 162, 0, 54, -60, 80, 2, 2, 38, -148, 70, 162, 76, -126, 62, 126, 182, -38, -174, 14, 58, -40, 224, 64, -8, -196, 134, -8, 86, -178, -6, 22, 248, -70, -78, -80, -70, -138, 92, 138, -88, 26, 12, -36, 12, 298, 32, -42, 56, 86, 150, 218, 8, 108, -74, 236, -48, -26, -22, 304, 148, 42, -64, 142, 44, -8, 54, -210, 2, 60, -76, -30, -92, 298, 156, 30, -42, -252, 260, 32, -98, 120, -246, 272, -62, -212, 80, -106, -52, 116, 114, -164, -20, 162, -154, 70, 216, -158, 60, -2, -126, 68, -138, -88, 242, 204, 176, 94, -150, -6, 70, -50, -124, -130, 32, 12, 92, -34, 6, 80, 56, 34, 54, -196, -8, -154, 36, -108, -340, 82, -80, 30, 108, 248, 60, 276, 306, -30, -90, 8, -98, -142, -98, 244, 10, 32, -10, -78, -4, -268, 160, 40, 260, 120, -6, -84, 178, 290, -262, -114, -172, -4, 16, -100, -146, 118, 70, -64, 112, 130, 158, 82, -114, -142, -90, -38, 2, -148, 170, -18, -82, 52, 56, -204, 92, 32, -32, 148, 278, -236, 136, -190, 190, -152, -28, 8, -156, 54, -48, 88, 
74, 294, -126, 190, -14, 120, -72, -62, -226, -54, -16, 160, -28, -40, 20, -56, 200, -60, 6, 6, 170, -228, -8, -12, 108, -10, -298, 8, -96, 216, 184, 84, -90, 150, 2, 100, 24, 40, 70, 66, -82, 104, 20, -72, 146, -40, 226, -52, -6, -238, -6, -114, 100, -82, 4, -212, 174, 176, 104, 112, 14, 64, 164, 164, -68, 190, -196, -54, 54, 10, -40, 6, 28, 16, -62, 50, 30, 60, -90, -28, 264, -186, -76, 106, -240, -74, -30, -84, 30, 116, -132, 40, -16, 122, -88, 180, -218, 152, 34, 216, 82, 174, -72, 38, 272, -98, -118, -72, 94, 206, -118, -6, -48, 94, -208, 24, -16, -252, -12, -168, 4, -184, -124, -152, 36, 24, -96, -6, -52, 34, 68, 190, -54, -12, 2, -62, 50, 258, 72, -6, 182, -50, -290, -4, 102, 60, 144, 8, 54, 266, -28, 34, 92, -130, -10, -140, -128, 60, 156, 12, 164, -80, 0, 168, -130, 72, 2, 248, 72, 182, 24, -122, 104, 104, 34, -148, -126, 6, -86, 150, 84, 42, -116, -50, 144, -142, -218, 142, -110, 64, 26, 26, -70, -90, 30, -140, 132, -2, -26, 86, 18, -196, 22, 132, 40, -38, 14, -104, 28, 82, -84, 174, -58, 154, 116, 90, -18, -44, -30, 22, 92, -18, -36, 2, -38, 206, 162, -82, -14, -82, 44, 110, 128, 150, -26, 28, -30, 46, -52, 28, -68, -62, -54, 50, 4, 180, 232, 2, 42, -28, -56, 64, -48, -236, 80, 44, 6, -354, -94, -50, -152, 102, -48, 242, -154, 102, 28, 164, -132, 136, 274, -188, 32, 96, 28, -44, -38, -200, 4, -174, -22, -18, 290, -76, 54, -36, -80, 66, -6, 28, 36, -46, -54, -234, 38, -124, 10, -56, 60, -26, 86, -16, -146, 48, -96, 98, -140, 108, 60, 114, -74, -88, -164, 46, 48, -184, -100, 32, 306, 12, -148, 60, 6, 54, 66, 132, -170, -34, -108, -46, 114, -120, -188, -6, -90, 56, 52, 156, -72, 40, 118, -50, -4, 16, -60, -180, 76, 92, -54, -60, -130, -104, 92, 6, 64, 84, 174, 280, 82, -110, -180, 178, 214, -198, 130, 66, -234, 152, 102, 124, 90, -2, 26, -276, -108, 142, 8, 304, -88, -52, 148, 18, 210, -250, -16, 118, 76, 154, -90, -142, -74, 234, 6, 54, 258, -172, -176, 198, -114, 4, 82, 38, 58, 136, -240, -84, -102, -244, 98, 6, 46, 12, 222, 80, 146, 42, 104, 86, 78, -184, 252, -122, 102, 150, -170, 148, 94, 198, 256, 16, 132, 84, -14, -152, 124, -128, -172, -20, 12, 134, -74, -4, 144, -382, -54, 30, -18, 118, 154, 184, 40, 44, -96, 42, 152, 172, -90, -106, -48, 76, 196, 78, -94, 54, 272, -242, 14, -68, 100, -20, 56, -78, -48, 266, 94, 112, -72, 122, 72, 24, 180, -128, 54, 192, -66, -46, -36, 86, -140, 208, -160, 138, -92, 130, 92, 14, 20, -4, -32, -54, 
-140, -206, 72, -186, -64, 94, -58, 268, 264, 108, 34, -308, -80, -36, 86, 0, -52, 32, 30, 76, -138, 76, -4, 2, -36, 146, 160, -56, 20, 4, -146, -74, -2, 32, 66, 174, -20, 6, -200, 144, 82, 56, 108, 60, -6, 60, -200, -72, 22, 14, -124, 106, -26, -84, -194, 100, -98, 6, 60, -296, -110, 20, -124, -116, 78, -252, 296, 128, -46, 24, 20, -64, 30, 20, 86, -6, 34, 110, 30, -32, -190, 10, 158, 64, 116, -22, -20, -52, -106, 264, -30, -62, 6, -148, 26, -320, 20, -164, -36, -166, -70, 8, 182, -60, -116, -32, 16, 276, -148, -64, 60, 90, -92, 62, 48, 32, -68, 106, 54, 242, -64, -72, 106, 268, 24, 72, -8, 50, 98, 6, -56, -202, 44, -4, 42, -10, -32, -288, 112, -22, -146, -54, 220, 102, -30, -54, 106, -144, -62, -76, -10, -168, 68, 128, 94, 60, 82, 24, -152, 126, -260, 100, 28, 58, 166, 58, 16, 42, 34, -220, 122, 224, -56, -12, -74, 62, 188, -194, 90, 106, -362, -100, 42, 132, -66, 74, 148, 40, 186, 152, -74, 128, 44, -68, -94, 158, -86, 98, 24, -150, 134, 218, 48, -46, -62, 52, 88, 84, -58, -108, -4, -40, 180, -146, -170, -56, -64, 44, 98, -114, 42, -256, 64, -30, 128, -236, 126, 44, -116, 54, -84, -176, 78, -140, 8, 186, 14, 130, 54, 64, 198, 146, 98, -66, 60, -240, -244, -180, 70, 160, -10, 0, 82, 168, 126, -66, -196, 404, 108, 50, 48, 84, -8, -180, 134, -104, 2, -122, 348, -158, -318, 172, 50, 74, -44, 42, -96, 162, 40, 60, 22, 44, -176, 114, -96, 262, 78, -106, 84, 78, 70, 12, 70, 182, 48, 44, 20, -110, -20, -92, 36, -74, 138, -98, 96, 30, 78, -68, 32, 58, 98, 94, 10, 30, -82, 102, -94, 128, -60, 48, 178, 90, 14, -174, -54, -72, 22, -42, 156, 22, 14, 68, 108, 130, -4, -50, -4, -118, 26, 16, 40, -96, 150, -56, 54, 84, -68, -60, 116, 140, -58, 158, 86, 14, -36, 54, 18, -294, -96, 134, -84, -164, -258, 166, 54, -88, 238, -128, -142, -72, -238, 38, 10, 208, 48, -174, -16, -14, -26, 124, -40, 144, -120, 156, 98, 22, -28, 52, 24, 198, -2, -100, 150, -192, -166, 62, 132, -228, 162, -10, -24, 138, -78, -172, 308, 192, 98, -52, -78, -12, -44, -122, -64, 182, -160, -36, -46, -114, -26, 66, -266, 84, 96, 76, 10, -4, 76, -114, -312, 2, 8, -76, -120, 210, 20, 120, 8, 144, 42, 34, 152, 74, -104, 204, 62, -160, 42, -42, -20, -172, -44, 8, 54, 68, -50, -4, 54, 266, 134, -20, -44, -50, 170, -148, -78, 160, -48, -100, -6, -32, -64, 180, 38, 6, -76, -150, 104, -224, -46, 166, -56, 244, 32, -244, 176, 160, 104, -116, 210, -82, 14, 52, 196, -84, -190, 38, 34, 66, 48, 28, 
20, 126, 80, 270, 100, -20, 90, -168, -62, 18, -62, 170, 84, -102, -168, 198, 28, 60, -74, -60, 16, 220, -92, -146, -26, -72, -122, 12, -88, 16, 86, -2, -8, -18, 8, -186, 26, -148, 106, -78, -152, 128, -276, 6, 28, 30, 252, 46, 122, 64, 108, -20, 104, -110, 172, -84, 94, 10, -34, 68, 104, 162, 188, 294, -6, 56, -184, -60, 84, 20, 86, 280, -78, 218, 0, -40, 74, 14, 88, 110, 14, 214, 36, 68, -44, 154, -34, -2, 92, -40, -42, 96, -28, -48, 62, 260, -172, 224, 100, 116, 92, -50, -242, 142, 138, -18, 114, -122, 80, 140, -96, 142, 44, 24, 4, -2, 66, -54, 30, -88, -44, 174, -108, -384, -44, -36, 164, -22, 98, 50, 14, 258, 22, 58, 10, 58, 32, 136, -6, -254, 38, -22, -124, 6, 68, 76, -194, 114, 88, -168, 0, 128, 52, -130, 4, -170, -56, 110, 164, -152, 202, -68, -142, -6, -80, 82, 90, 116, 50, 252, 94, -242, -28, 190, 58, -214, -314, 134, -128, 18, 122, 54, -56, 28, -14, 140, -154, 82, -100, -26, 204, -48, 144, -76, 110, -204, -18, 52, 124, 26, -120, -102, 32, 64, 64, -112, -78, -84, 16, 24, 62, 164, -44, 132, 228, 238, 164, -138, 54, 214, 158, 230, 116, 170, 70, 194, -64, -96, 200, 66, 114, 186, -40, 12, -14, -138, 80, -66, -118, 56, -92, -206, 36, 100, -82, 312, 194, -18, 142, -302, 194, 188, 134, -114, -238, 28, 262, -398, -114, -30, 6, -218, 6, 54, 26, 86, 26, 34, -312, 40, 148, 74, 0, 66, -16, 74, -72, 82, -76, 40, 102, -58, 118, 118, -20, -196, 54, 296, -176, -12, 130, -50, -54, -6, -8, 362, 12, -94, 76, 12, -94, 54, -144, 156, 56, 40, -172, 144, 148, 28, 126, -14, 62, -52, 180, 56, 88, 150, 280, 62, -148, -66, 8, -12, 138, 160, -120, 56, 14, 122, -112, 76, -242, -152, 52, 234, -68, 356, -50, 154, 146, 188, -46, 18, -52, 38, 140, 90, -186, -12, 46, 62, 6, 136, 114, 156, -20, 270, -76, -18, 114, 142, 210, 80, 108, 26, -188, 144, 158, 104, 150, 66, 178, -118, -94, 304, 128, -50, 30, -50, 234, 150, -38, -112, 2, 308, 50, -82, -172, 48, 170, -28, 40, 176, 122, -98, -158, 240, -68, 6, -4, 8, -108, 116, -254, -86, -104, 154, 200, 166, 152, 204, -80, -314, 208, 0, 36, 134, -48, -32, 224, -4, 38, 30, 16, 20, -92, 112, 202, -54, 156, -26, 68, -174, 62, -66, -44, 24, 62, -76, -120, 2, 168, -80, 56, 204, 130, 246, 50, 54, -132, -110, -80, -94, 40, -178, -100, -42, -98, 200, 36, 12, -4, 176, -16, 146, -82, 174, -54, 94, 194, -44, -228, -18, -44, 156, 30, 110, 54, -172, 124, -270, 112, 20, -20, -6, 116, 146, 46, 14, -12, 52, -142, 254, -2, 16, 36, -14, -56, 52, 
142, -240, 58, -140, -108, 0, -180, 160, -52, 84, -54, 38, -18, 8, 130, -118, -2, -218, 58, 120, 36, -180, 50, 116, 52, 174, -12, 70, -70, 84, 82, 92, 196, -110, -16, 330, -110, 78, -8, 68, 62, 26, 328, -188, -36, -78, -168, 58, 156, -34, -4, 112, -214, 94, -24, 100, 128, 62, 194, -68, -44, -144, -72, -210, 0, -84, 136, -158, 26, 120, -112, -180, 176, -80, 26, 32, -118, 4, 78, -70, 18, -262, -126, -54, 72, -130, 84, 0, 44, 68, 68, 70, 210, -14, 64, -306, 60, -40, 106, -36, -62, -152, 304, 80, -184, 318, 104, 186, 84, 8, 190, -194, -10, -150, -48, -32, 34, 84, 44, 130, 80, -12, -102, 176, 50, 184, -50, 74, 34, -84, 6, -138, 54, -68, 82, 92, -74, -114, -14, 66, -34, -6, 118, -144, -20, 208, 118, 16, 128, 272, 12, 80, 102, 114, 92, 216, 40, -166, -106, 118, -94, 40, 130, 38, -22, 50, -126, 38, -298, -60, -68, 118, 30, 30, 56, 120, 258, 82, 114, -62, 68, -102, 20, -100, 86, 30, 210, -80, 116, -132, -264, 64, -24, 4, -192, 144, -80, -20, -62, 74, 192, 178, 58, 16, -58, -44, 186, -12, 90, 50, -24, -134, 232, 114, -238, -46, -236, 72, -60, -152, -76, 16, 102, 74, 102, -196, 112, 44, -228, 94, -106, -54, -48, -98, 178, 120, -46, -156, -100, -76, -10, 218, 176, 14, 60, -208, 212, 96, -98, 196, -134, -132, -46, 124, 28, 8, -234, 304, 102, 26, 36, 270, -74, -154, 54, 0, 58, 176, 142, 64, -98, -238, 28, 16, 122, 10, 12, -10, -52, 44, 34, 22, 66, 58, -26, 16, -50, -206, 104, 206, -44, 110, -46, 76, -22, -142, -96, 54, 16, -94, 228, -54, 156, 86, -46, -192, 186, 44, -66, -110, -96, 52, -172, 216, -30, 2, -8, -130, -118, -24, 82, 158, -38, 30, -196, -54, -2, 40, -152, -26, 82, -96, 76, 64, 124, -232, 100, -190, -144, -146, -358, 76, 56, -16, -14, 8, -66, 40, 214, -60, -30, 26, -26, -16, -28, -220, -168, -218, 130, 136, -62, -174, -182, 166, 190, 30, 86, -170, -44, -24, -92, 84, -232, 28, -54, -182, 80, -6, -26, 6, -188, -142, 234, 130, 8, -188, 114, -62, 184, 48, -6, 120, 280, -46, -116, 164, 106, -84, 90, 16, 62, 6, 244, -56, 192, 152, 30, -70, -154, -72, 70, -110, 220, 302, -178, 12, 154, -198, 164, 94, -88, 42, -288, 114, -50, -22, -104, -28, -34, -42, 0, -18, -96, 26, -108, 84, 86, 34, 68, -22, 34, 68, -154, -138, -88, -178, -16, -210, -12, -60, 270, 224, 124, -24, -44, 378, 260, 260, 92, 2, 40, 42, 52, -68, -168, -198, -42, 4, 38, -48, 6, -66, 274, 24, 64, -48, -104, 22, -18, 158, -4, 206, -144, 100, 42, 120, -194, -206, 66, 122, 100, -130, 138, 88, -56, -72, 80, -40, 130, -86, 
-180, 354, 62, 294, 142, -78, 116, -76, -26, -238, 24, 124, -18, -180, -58, 192, -66, 120, 172, 18, -110, 328, -208, -38, 26, -192, 70, -148, 124, -200, -154, -30, -164, 212, -182, -138, 2, 56, -6, -254, -130, 44, -90, 208, 26, 104, 152, 6, -100, 128, -6, -16, 188, -80, 80, -88, -120, -38, 14, 70, 138, 20, 202, 108, 64, 32, -152, 184, -64, 40, 114, 192, 106, -58, 130, -12, -2, 114, -44, 96, -136, 148, 28, -50, -194, 56, -140, -72, 70, 98, 76, 44, -138, 92, -58, 274, 18, 152, 84, 26, 160, -92, -206, 106, 202, -2, -236, -58, -50, 144, -82, 200, 40, -86, 102, -2, -148, -110, -120, -20, -44, -40, 50, -20, 68, 114, 72, 28, -48, -26, 64, 146, 26, 38, 114, -32, 88, 204, 70, -30, 60, -50, -76, 262, 8, -132, -36, -24, -100, -206, -138, -30, 10, -88, -174, -42, 120, 132, 26, -72, 174, 12, -58, -88, -14, 76, -60, -48, 172, 50, 12, 166, -96, 48, 2, -134, -18, -132, -34, 230, 116, 98, 144, 108, 140, -176, -24, 66, 140, 162, 212, -16, 88, -118, 54, -202, -190, -24, -64, -134, -36, -62, -30, -74, 190, 36, -76, 246, 52, 30, -24, -26, -170, -392, 170, 112, 140, -166, 246, -4, -32, 114, 6, -16, -196, 198, -174, -220, 188, -60, 60, -12, 14, 212, -104, -96, 328, 92, 150, 364, 74, -200, 128, -152, 134, -30, -16, -14, -66, -20, 144, 182, -44, -98, 14, 24, 128, -126, 64, 106, 104, -102, 108, 38, -28, 138, 116, -74, -206, 4, 310, 104, 8, -154, -230, -278, 102, -48, 82, 92, 20, 128, 68, 44, 86, 96, 322, 92, -16, -280, 174, 82, -32, -44, -94, 104, 142, -58, -136, 330, 134, -30, -58, 156, 90, 142, -60, -68, -102, 130, -50, -4, 274, -318, 62, -14, -112, 54, 88, 102, -82, -106, -68, 64, 232, 108, -126, 0, 90, 168, 62, 188, 4, -104, -152, 96, 70, 2, 32, 110, 180, 2, -46, -66, -104, 160, 2, -54, 42, 32, -26, -58, 102, 76, 134, 220, 196, -6, 120, -208, 130, 122, 192, 4, 128, -96, 30, 38, -28, -32, 16, 26, 250, -62, 22, 238, -128, -34, 2, -112, 188, -16, -76, -34, 142, 38, -96, -24, 118, -152, -88, -58, -154, 78, -42, -170, 60, -34, -10, 34, 60, 70, -180, 98, -190, 40, 142, -76, -10, 116, 6, 54, -28, -18, 196, 110, -178, 162, 132, -112, 38, 42, 346, 16, 22, 58, 30, 62, 232, 220, 176, 60, 142, 116, 200, 76, -94, 48, 152, 86, 82, -24, 146, -2, -108, 264, 30, 206, -18, 76, -300, -174, -118, -82, -42, -236, -100, -342, 34, -156, -32, -92, 126, 104, 158, -122, 120, 122, 80, -32, 102, 16, -152, -18, 62, 90, 44, -50, 10, -144, -130, -54, 228, -106, -50, -90, 328, 66, 36, -114, -180, 138, -20, -148, 18, 34, 60, -8, 60, 58, 
114, -202, -60, -128, 118, -2, -4, 110, 134, 110, -6, 56, 136, 130, 202, -136, 144, -82, -148, 0, -14, -22, 86, 238, -84, -42, -46, 106, 78, 348, 192, -72, 86, -96, 200, 128, -58, -20, 70, 374, 230, 58, 56, -24, -16, 90, 40, -138, 240, 112, 110, 262, -10, -40, 66, 50, 204, 240, -12, -124, -58, 22, -138, -96, 2, -142, 208, -54, 20, 242, -116, -110, -172, 158, 0, -38, 112, 26, 86, -74, -120, -92, 54, 166, 58, -24, 70, -8, -50, 122, 94, 18, 26, -6, 60, 30, -4, 8, 86, 34, 46, 256, 146, -116, -148, 26, 82, 20, 112, 84, 204, -50, -6, 56, -50, 140, 126, 88, 140, 82, -58, 80, -112, 112, -54, -76, 14, -16, 52, -14, -152, -112, 50, 28, -210, 24, -26, -6, 10, 66, -50, 132, 78, -128, -8, 232, 82, 24, 92, 364, 80, -62, -16, 158, 282, 16, -150, 86, -6, 30, -60, -74, 0, 8, 2, -44, 14, 206, -30, 30, 72, -36, 190, -50, -20, 66, -10, 174, -158, -54, -130, -82, -242, -56, -56, 22, 66, -200, 58, -78, -144, 64, -120, 138, -94, 104, -6, 110, 70, 36, 14, 200, 48, 20, -78, 90, 134, 46, -40, 102, -16, -20, 0, 294, -290, -98, -92, 132, -234, -6, 82, 84, 76, 86, -40, 18, 168, 214, -214, 68, 86, 116, -16, -94, 98, 52, -242, -112, -176, -212, 0, 206, -64, 120, 172, 50, 76, 44, 174, 6, 156, -106, 166, 84, 56, 80, -50, 192, 82, -48, 46, 298, -42, 22, 60, 50, 82, 180, 296, 176, -312, -46, -126, 134, 130, 360, -146, -32, -200, -164, 160, 68, -40, -144, 10, 36, -282, -92, 20, 346, -12, 16, 12, 72, -84, 4, -240, 78, 86, -130, 6, 186, 398, -112, -54, -58, -28, 238, 46, -14, 152, 182, -286, 300, 136, -48, -58, -92, -18, -160, 82, 130, 76, 136, -154, 52, 396, 34, 120, -98, 30, 6, 10, 46, 188, -158, -132, 10, -84, -100, -72, 174, 18, 354, 152, -50, 74, 170, -140, 48, 124, 110, -36, -30, 54, -206, -40, 120, -78, 106, -128, 272, 74, 114, 162, 122, 142, -26, 114, 78, -28, 96, 14, 70, -16, -162, 334, -140, -68, -96, -2, -158, 118, 106, -34, -62, 10, -44, -54, 98, 152, 40, 122, -216, 76, 112, -218, 130, 188, 54, 94, -72, 212, -86, 74, 188, 12, 32, 6, -24, -144, -8, 50, 146, -52, -6, 148, -16, -52, 130, -14, 122, -156, 50, 116, -78, 28, 60, 0, -80, -64, 36, -144, -98, -194, -6, -16, -120, 4, -328, 8, -54, -280, 122, -12, -214, 56, -92, 110, -128, 138, 138, 130, 0, 110, 198, 76, 316, -72, 38, 120, 172, 2, -96, -174, 40, -64, 54, -28, -6, 146, -90, 202, 170, -62, -110, 6, 240, -102, 236, 180, -42, -108, 220, 82, 112, -290, -72, -128, 64, 108, 68, 102, 180, 68, -70, -16, -226, -70, 38, 
-210, -82, -70, 40, 16, -36, 48, 132, 164, -46, 78, -202, -152, -116, -54, 210, -84, 208, 174, 186, 8, -62, 34, -124, 150, -38, 134, -112, -140, -136, 8, 110, -142, -16, -174, -124, 90, -90, -4, -130, -164, -62, -120, 172, 168, -126, 8, -26, -74, -72, 126, -144, 156, 60, 24, -60, -162, -152, 188, 40, -112, 90, 330, 138, 126, -32, -106, -78, -26, -18, 182, 30, 206, -146, 94, 30, -182, 172, -42, 272, 196, 94, -10, 62, -22, 64, -166, -50, 6, 8, 56, 20, 10, -114, -174, 0, 190, 134, -138, -118, -14, -212, 44, 28, -20, -184, -28, -50, 80, 6, 8, 230, -264, -146, 106, -166, -8, -138, -134, -206, -10, 100, 70, 134, -66, 140, -66, 80, -10, -220, 266, 60, 134, -6, 180, 46, -56, 158, 10, -32, 62, -110, 0, 134, -80, -166, -116, 30, -162, -288, -118, 8, 134, -42, -66, 86, 110, 90, 166, 78, 182, 46, -2, -36, -12, 212, -86, -274, 40, -112, 4, 68, -62, 4, -58, -78, -18, -56, -4, 204, 100, 66, 366, 8, 252, -70, 44, 124, 66, 290, 230, -160, 154, 98, -26, -208, 14, -62, 16, -236, -8, -204, -94, -134, 76, -30, 30, 28, 290, -150, 122, 144, -86, -2, 300, 210, 4, -32, 282, -152, -160, 40, 88, -94, 78, -98, -60, -32, 86, 92, 76, -12, 192, -34, -140, 22, 252, 44, 70, 42, -70, -32, 28, -26, -230, 10, 128, -70, -184, -54, -130, 96, -108, -28, 54, -22, 56, -332, -80, 70, 30, -114, -34, -48, -156, 4, -62, -132, -132, -90, 286, 28, -74, -32, -76, -196, 166, 114, 70, 44, -82, -290, 216, 336, 2, 64, 70, 84, 20, -214, 60, -6, -90, 134, 84, 64, 64, -90, 68, 208, -62, -8, -342, 112, 12, 190, -28, -102, 86, 24, 98, 146, 278, -244, -142, 146, -74, -66, 12, 246, -72, -122, -134, -56, 154, -20, -186, 36, 38, -28, -50, 94, 152, -64, 70, 102, 8, 48, 42, -46, 182, -20, 182, -94, 40, 78, 54, -54, 178, -14, 20, -110, 92, 124, -8, 134, -2, -130, 124, -100, 112, -108, -66, -72, -92, -8, -218, -60, -206, 228, 70, -142, 106, -256, 112, 80, -208, 152, -128, 228, -30, 170, 34, -158, 66, 118, 40, 266, 172, -108, 52, -88, -114, 140, -144, -90, -12, 24, -106, 202, -94, 168, -74, -6, -184, 108, -22, 10, 60, 122, 70, 50, -230, -140, 44, 138, -40, 104, 156, -126, -2, 56, 44, 12, 64, 56, -36, -42, 64, 48, 60, -42, 112, -32, 296, 14, -34, -2, 182, 54, -22, -118, 134, -130, -58, 158, -82, 96, -180, 114, -198, 54, -72, 22, -230, -216, 148, -404, -106, -86, -230, 84, 54, 220, 200, 34, 152, 18, 34, 86, 0, 68, -280, -64, 220, 184, 120, -84, 152, -172, -198, -4, 48, -140, -46, -154, 144, 6, 210, -74, -192, -6, -356, -134, 10, -26, 52, -44, -102, -76, 
140, -10, 4, -38, 48, 38, -150, 76, 6, 122, -2, 260, -26, 122, 116, -288, 218, 22, -138, -234, 280, 8, 6, -58, -4, 52, -228, 254, 150, 4, -52, 88, 86, 70, 46, 166, 18, -82, -20, 60, 54, 90, -80, -66, 34, 64, -32, 20, 94, 24, 62, 256, -90, 58, 48, 30, 92, -134, -32, 250, 6, -80, -412, -122, 86, 94, 144, -106, 258, 216, -56, 58, -234, -10, -6, 134, 150, -190, 122, -54, -64, -46, -10, 54, 144, -14, 210, 122, 82, 142, 30, -24, 78, 10, 202, 24, -132, 20, 18, 62, -88, 134, 72, -16, -76, 16, 44, 124, 142, -126, 160, -90, 204, 182, -220, 166, 20, 90, 78, 118, -126, -58, 24, -138, -84, -54, 30, 34, -94, 92, -116, -50, -170, -64, 4, 140, 72, -112, -152, 54, -24, -52, -56, -86, 100, 60, 268, 82, 54, 312, 94, -114, -4, 192, 88, -12, 4, 90, -50, -24, 68, -80, -102, 336, 128, -272, -24, 132, 62, 34, 82, -44, 2, -20, 134, 194, 42, -56, -32, -118, 4, -18, -208, 12, -186, 38, -108, -38, -120, -106, 12, 46, -98, 160, 258, 118, -6, 8, -60, 146, 118, 192, 94, 132, 28, 0, 42, 80, -156, 232, 118, -56, 138, 136, -248, -160, 66, -4, 122, 136, 136, 46, -180, 334, -182, 152, 26, 86, -8, -24, -64, 132, 22, 218, -6, -40, -142, 58, -28, 46, 14, -134, 2, 94, 86, 8, -216, 118, 58, -42, -112, 18, -4, 6, -48, 82, 130, 266, -108, 40, -156, 74, 166, -60, 14, -18, 138, 14, -64, 146, -336, 144, 100, 16, -12, 134, -194, 56, 70, 58, 4, 250, -182, -148, 2, -64, -58, 78, -36, 54, -58, 76, 112, -64, 106, 42, -42, 136, 90, -200, 112, 136, 292, -118, -104, 14, 22, 160, -132, -24, -8, -46, -294, 266, 324, -92, 80, 118, 112, -232, -20, 208, 154, 90, -104, 14, 134, -88, -224, 4, 154, 112, -56, 100, -22, 70, -38, -26, -116, 132, -202, 112, -226, 276, 120, 80, 94, -176, 54, 2, 306, -4, 4, 96, -60, -228, -88, 202, 78, -22, 160, 124, -20, 214, 150, -196, 370, 184, 236, -118, -72, -18, -156, 266, -94, 26, 142, -176, -58, 24, -40, -68, 44, 418, 46, 40, -152, -300, 24, 10, 12, 34, 34, -130, 278, 56, 294, -66, 16, -40, -96, -70, 98, 210, 106, 92, 76, 44, -62, -118, 124, -108, 182, 66, -148, 8, 128, 18, 78, 172, 52, 120, 154, 58, -210, 200, 0, 178, -6, 90, -26, 104, -30, -26, -172, -76, 124, 80, -200, -162, -24, 98, -94, 256, 178, -110, 190, 32, 278, -170, 196, 110, -122, 224, 290, 136, -8, 294, 188, 248, 110, 8, -6, -292, -178, -62, -150, 110, 118, -110, -32, 58, 176, 20, -156, -170, -36, 62, 70, -90, 186, -40, 74, 128, 282, 102, -114, 4, -24, 162, 212, 18, 334, 194, -26, 112, -24, -54, 6, 38, 
-30, -84, 92, 28, -40, 146, 28, 182, -66, 4, -26, -212, 192, -128, 114, 134, -266, -10, 132, 108, -208, -84, -58, -66, 90, -46, 98, -234, -4, 76, 182, -192, 22, -84, 20, 40, -72, 170, 142, -22, 62, 26, 90, -40, -34, -76, 130, -122, -36, 54, -116, -142, 176, 6, -22, -172, -126, 66, 138, -28, 32, -78, 298, 112, -124, -226, 38, 232, -132, -74, 158, -38, 250, 84, 114, 64, -54, 212, -176, 176, 8, 110, 160, -180, 250, -120, -204, -12, -196, -102, -140, 122, 96, 114, 26, -62, 188, 146, -24, 80, 24, 94, 6, -6, 12, 10, -138, -26, -216, 12, -54, 242, -28, -326, 86, -162, -76, -286, 120, -102, 196, 302, -148, 84, 114, 116, -10, 114, 234, 12, -56, 92, 160, 90, 80, -208, 26, 334, 212, 26, 122, 74, 206, -34, -34, 122, -142, 26, -14, -26, 84, 138, -28, -96, -20, 90, -188, 0, -60, 108, 68, -60, -86, -4, 190, 340, 122, -76, 34, -116, -98, 42, 184, 52, 12, -40, -16, 118, -42, 36, 78, 28, 170, 58, 150, 152, 178, 46, 230, 310, -72, -68, 18, -72, -224, -184, 262, 22, 264, -226, -4, -34, -294, -72, 26, 20, 152, -234, 126, 8, -76, 168, -182, -46, 80, 156, -164, -178, 68, -26, -22, -28, 296, -322, 216, -232, 6, 152, -46, 120, 54, 10, -38, -6, 130, 94, 84, -26, 14, 104, -14, 138, 158, -134, 94, 92, 74, -86, -30, -60, -54, -64, 62, 190, 136, -44, 10, -212, -36, 130, 250, -200, -200, 232, 118, -24, -142, -44, 130, 22, 130, -82, 38, 44, 48, 42, -106, -98, 66, 136, 108, -226, 68, -58, 270, -44, -16, -46, 16, -108, 94, -138, -154, 18, 114, 38, 34, -82, -10, 116, -156, -216, -148, 140, 124, 134, -182, -104, 26, -44, -104, -4, 262, -38, 42, 90, -148, 48, -100, 122, 20, -186, -42, -16, 154, -150, -292, 146, 76, -58, -198, -134, 122, 86, 108, 174, 72, -18, 96, -156, -20, -52, 154, -156, -214, 164, 28, -16, -62, 74, -222, 196, -48, 26, 30, 80, 58, -188, -76, 134, -138, -166, 118, -120, -6, 282, -270, -48, -54, 106, 134, 182, 66, -120, -20, -44, -94, 10, 30, -168, 66, -94, 234, -270, -202, -104, 208, 130, -70, 136, -20, 20, -142, 268, -106, 122, -200, -16, 38, 72, 306, 70, -104, -4, -68, 78, 124, 268, 76, -90, 16, 152, -66, 18, 240, -94, 0, 76, -72, -18, -96, -222, -56, -16, 216, -24, 24, -208, -138, 102, 174, -56, 36, 180, 278, -18, -144, -38, 200, 300, 48, -2, 314, -206, -24, 0, 78, -90, -290, 234, 28, -200, 214, -132, -92, -10, -80, -110, -88, -52, -190, -4, 86, 98, 114, -40, 38, -96, -142, 90, 46, 58, 38, 8, 278, -18, 102, -76, -2, 86, -30, 98, -142, 112, -100, -164, 60, 46, 120, -84, -92, 176, -262, -274, 104, -114, 32, 22, -134, -74, 
-172, -26, -40, -150, 22, -160, -60, -72, 102, -132, -56, 222, -224, 168, 78, -276, 118, -88, -156, 138, 276, 16, 52, 212, 10, 22, 32, 142, 104, -10, -130, 260, 46, -54, 50, -16, 66, -166, 54, 82, -86, 16, -24, 226, -68, 108, 8, 306, 180, -94, 230, 72, -102, 72, 108, 78, 122, -106, -12, -40, -42, -56, -76, -38, 54, 214, -64, -182, 112, 218, 30, -44, -42, 54, 40, -180, 2, -106, 196, -206, 118, 10, -288, 154, -166, 88, 208, -52, 156, 80, 100, -226, 46, -20, 50, -6, -144, -234, 140, 2, -6, -108, 134, 88, -16, 58, 120, 86, 180, 80, 148, -166, 136, 262, 32, 72, -12, 312, 124, -38, -130, -58, 28, -80, 150, 92, 38, -94, -50, 170, 30, 134, 8, 0, 12, 88, -90, -246, -296, 112, 8, -76, -52, 14, 68, -76, -10, 64, 34, -68, 2, 62, 206, 90, 34, 26, 312, 142, 108, 166, 198, 188, 208, -60, -292, -192, 80, -78, 0, 232, 178, -32, -134, -88, 124, 90, 78, 12, 80, -132, 134, 150, -254, 20, -184, 42, -50, -18, -112, -154, 132, -166, -14, 74, 234, -98, -128, -2, -202, 162, -96, 88, 256, 80, -108, -102, -134, 122, -180, -156, 106, -256, 186, -52, -196, -294, 88, 66, -156, 186, 196, 14, -78, 164, -142, 156, 156, -82, 188, -120, 32, 24, 16, 38, -4, -228, 40, 80, -154, -2, 76, -52, 28, 196, -110, -120, -304, 136, 2, -14, 22, 124, -178, -22, 74, 32, -132, 212, -76, -76, -10, 160, 168, -158, -12, 8, 64, 134, -2, 76, -146, 32, -110, 252, -58, -164, 280, 94, -102, 28, -4, 216, -16, 100, -132, 222, 20, 220, 16, 304, 22, 6, -96, 78, 2, 134, 80, 132, 166, 120, 52, 240, 64, -142, -58, -144, 20, 190, 134, 210, 182, 38, -156, -44, 150, -58, 178, 50, 120, -112, -22, 202, -32, 78, 54, 184, 50, -70, -66, 86, 174, 62, -142, -94, -254, -294, -18, 82, -186, -68, 78, 22, -80, 132, 184, -198, -82, 78, 162, 116, 222, -10, -22, -52, -128, -86, -78, 126, 16, 24, -70, 130, -126, 34, -106, -292, 242, -80, 94, -126, -68, 16, -14, 52, 144, 60, -124, 150, -66, 42, -44, 54, 68, 94, -90, -66, -116, -130, 224, 12, -38, 72, 116, -114, 70, -182, 294, -76, 46, 64, -300, -24, -138, 18, 238, 48, -88, -106, 4, 216, 86, -222, 96, 166, -278, 60, -162, 72, 16, -10, -76, 116, 62, 226, -132, -68, 66, 10, 70, -62, -86, -94, -112, -32, -36, -114, 122, 6, -60, -152, 102, 110, -180, 242, 100, 52, 56, 52, 290, -162, -30, 152, -290, -4, 70, 14, -64, 242, -14, -34, 248, -6, 156, 2, -56, 22, 108, 130, 50, -68, -76, -100, 96, -68, 0, 68, -48, 22, -38, -182, -42, -124, 164, -202, -76, 224, -126, -162, -88, -4, -30, 28, 106, 30, -254, 236, 52, 164, 4, 120, 
230, -56, -186, 114, 14, -10, 56, 134, 116, 324, -20, -80, 176, -134, -20, 348, 126, 192, 94, -10, -94, -38, 34, -72, -108, 32, -48, -70, -14, -104, 96, 26, -98, -52, -68, 118, -230, 186, -36, 18, 94, 6, -74, -324, 24, -102, 66, -142, -196, -10, -252, 122, 160, 116, 8, -98, -104, 132, 186, 208, 134, 26, 6, 32, -74, -14, 222, 228, -48, -166, -68, 50, 66, -138, 6, 60, 62, 130, 16, -52, -22, 124, 362, -190, 160, 48, -36, 218, -4, -46, -84, 10, 110, 268, -46, 68, 176, 130, -30, 38, 136, 22, 38, 32, 42, -4, 76, -34, -310, -74, -144, 14, 86, 28, 286, -38, 22, -158, -160, 152, 88, 76, 40, 28, 32, -12, 142, 196, 130, -12, 78, -10, -68, 44, -86, -4, 98, -108, 252, -152, -42, 144, 142, -224, -36, 246, 28, 214, -120, 86, 226, 76, -86, 12, -36, -46, -74, 54, 66, -358, -66, -134, -190, 212, 74, 136, -118, -176, 106, -136, -130, 104, 186, 26, -58, -16, -4, 182, -214, 126, 10, 10, 146, -78, 100, -148, 98, 30, 302, 234, -152, 2, -94, -36, -94, 140, 104, 96, 262, 100, 56, 188, -206, -6, 120, -6, 302, -42, 214, 132, 114, 224, 66, 76, 64, 368, -10, 20, 24, -132, -58, 52, -24, -214, 226, -104, -120, -66, 70, 90, -26, 2, -58, 18, 102, -94, 20, 30, 164, 4, -60, 202, 10, 36, 132, 152, 234, -58, 186, 134, 98, -40, 62, -34, 176, 22, 208, 26, -6, 256, 34, 66, 12, -68, -44, 80, -88, 4, 0, 24, 256, -4, 4, 20, 196, 304, -354, 68, 182, 2, 86, -128, 34, 110, 214, -70, -182, 4, -58, -364, -34, 28, 114, 42, -54, -8, 78, -92, 10, 44, 56, -280, 0, 212, -54, -10, 10, -184, -60, -210, -56, -52, 102, 164, -54, 6, -110, -86, -156, 186, 114, -194, -4, 44, 180, -130, 100, 74, 146, 74, -54, -26, 22, -38, 204, 188, 102, -16, 266, 140, 172, -112, 190, 68, 110, 142, 174, 110, -132, 10, 46, -194, -194, 108, 146, -88, 90, -52, -142, 84, 78, 2, 92, 108, 52, 308, -54, 80, -90, 108, 112, -84, 86, -108, -182, 70, 224, -162, 98, 18, 40, -66, 66, -120, -138, 6, 282, 48, -98, 194, 110, 58, -48, 146, -218, 140, -110, 60, -56, -142, 206, 4, 44, -26, -228, -18, 106, 208, -60, -196, 10, 154, 28, -188, 218, -126, 390, -10, -66, -50, -54, -44, 68, -18, 172, 68, 110, 16, 74, 82, -56, 34, 184, 76, 98, 350, -322, -80, 128, 288, -144, 96, 212, -378, -96, -50, 30, -194, -58, 130, 132, -72, -8, 24, -66, -120, 54, -372, 74, 120, 120, 166, -64, -18, 144, 94, -124, -144, 24, 274, 120, 228, -50, 244, 18, 34, -18, -366, 28, 186, -104, 222, -76, 182, 84, -140, 94, 96, 222, 26, -78, 188, 38, -108, 174, -176, 10, -84, -62, 0, 
-88, 70, 62, 232, 30, 98, 24, -136, -64, -200, 46, 10, -192, 314, 146, -370, -216, 72, -126, 78, 22, -146, 18, -100, -14, -162, 148, 66, -28, 226, -92, -26, -50, 180, -98, -32, 150, 56, 188, -6, 32, -124, -64, 152, 58, 138, -180, 182, 196, 36, 184, -58, -126, -210, -122, 14, 208, -194, -270, -298, -32, 190, 132, 10, 4, 128, -160, -224, 210, 244, 126, 48, 18, 72, 82, -86, 44, -290, -100, -18, 190, 64, -206, -20, 24, -4, 106, 8, -4, 76, 158, 82, -96, -210, 140, -22, 70, -176, 100, -42, -188, -156, 138, 46, -114, 166, -188, -72, 274, -6, 2, 94, 2, 10, -184, -192, 68, 26, 138, -142, 88, 74, -66, -94, -66, 46, -18, -204, -126, 34, -50, -128, 220, -10, 8, 38, -4, 152, -70, 384, -28, -22, 84, 116, 140, -74, -104, -144, 184, 190, -48, 62, 182, 66, -144, 54, -74, 2, 100, 236, -36, 166, 132, -338, -124, -108, 196, 178, -184, 130, 118, 134, -62, 184, 62, 14, -60, -18, 220, -92, 116, 126, -128, 104, 124, 134, 62, 56, -252, -286, 230, 76, 62, 110, -36, 136, 76, -112, -206, 118, -120, 14, 268, -174, -166, 2, 58, 4, 78, 54, -128, -196, -88, 112, -34, -130, 146, -136, -94, 226, 116, 18, 150, 292, -40, 200, 152, 158, -110, 48, -74, 220, -48, 76, -28, 134, 82, -134, -94, -46, -106, -32, 18, -26, 98, -98, 2, 186, -44, -64, -4, -60, -42, 176, -96, 102, 2, -28, -70, -70, 84, -64, 108, -190, 58, 126, 198, -6, -104, 24, -80, 52, 48, -74, -92, -156, 244, -46, -36, -18, -100, 44, -174, -84, -92, 80, 38, 124, 150, 340, -10, 88, -70, -48, 46, 80, -130, 134, -10, -88, 30, 184, 46, -80, 156, 176, 18, 44, 200, 306, -84, 64, -30, -142, 40, 64, 182, -16, 26, -132, 148, 122, 98, 12, -134, 104, -302, 136, -68, -74, 38, -4, -118, 14, -112, 2, 62, -26, -226, -78, -62, 114, -50, 196, -210, -48, 36, -80, 32, -16, -4, 184, 2, 56, 20, 136, -62, -108, 178, 8, -96, 12, 144, -18, 28, -222, 188, -120, 84, -214, -90, 50, 82, 84, 242, 56, -52, 120, 138, -10, -78, 88, 176, -72, 48, -14, -200, -2, 142, -124, 92, 42, -32, -6, 234, -128, -24, 14, 124, 180, -54, 8, -50, -92, 116, 56, -82, -66, -108, -18, -84, -14, -42, 120, -164, 216, -298, 46, 18, 240, -30, 74, -70, 112, 0, -14, -102, -124, 44, 32, -102, 54, -166, -140, -140, -78, 172, 134, -76, -232, 104, 14, 62, 286, 124, 18, -16, 370, -2, -136, -28, 24, 2, 142, 74, 34, 74, 202, -38, 118, 170, -76, 148, -10, 6, 2, 200, 92, -42, -196, -50, -112, 4, -236, -6, 10, 60, 354, -54, 26, -2, -168, 50, -168, -60, 106, 36, -130, -226, -68, -8, -86, 14, 52, 14, 388, -64, 14, 178, -2, 
244, 146, 256, -194, 300, -12, -58, 186, 176, 156, -156, -56, -60, -76, 8, 216, 176, -128, -10, 70, -20, 92, 130, 112, -66, 254, 104, 4, 116, -174, 148, -66, 22, -144, 226, -28, 34, -46, -154, -76, -14, 124, -176, -70, 212, -174, 178, -30, -28, 174, 44, 60, 280, 290, 52, 114, 44, 134, 160, 190, -80, 28, -114, 88, 6, -62, -2, 96, -118, -116, -92, 86, -164, 8, -50, 26, 12, 144, -102, 212, -80, 36, 178, 224, 86, 20, -118, -136, 154, 60, -68, -44, 118, -4, -242, -76, 36, 96, -20, 66, 222, -22, 114, -120, 122, -132, 214, -2, 40, 46, 218, 4, -10, -54, 108, 56, 102, 30, -224, 30, 26, -72, 44, 146, 62, -132, 4, -52, 98, -60, -58, 96, -150, 188, -38, -50, 40, -72, 12, -202, 194, 100, -22, 30, -166, 114, 66, 202, -142, -104, 18, 66, -92, -48, 74, -244, 40, 110, -34, -86, 234, -224, -222, 240, 314, 0, -62, -214, 354, -130, 4, -96, 140, -16, 42, 18, 50, 92, -44, 118, -92, 40, -26, -42, -114, 90, -110, 44, 280, 356, 62, -30, 50, -16, 70, -162, 104, 90, 258, -298, -94, -110, -160, 78, 146, 76, -116, 100, -66, 86, 140, 16, 160, 88, 310, 48, -78, 162, 100, 2, -36, 100, -152, -114, 142, -86, -22, -272, 174, -42, 28, -236, -6, 70, -20, -34, -12, 18, -18, 142, 100, 198, 188, 170, -162, -22, -174, -170, 186, 190, -58, 208, -12, 48, -130, 44, -52, -28, 38, 26, 168, 66, 26, 52, -50, 32, -106, -220, 118, 36, 176, 88, -90, -50, -208, -54, -30, 76, 4, -166, -130, 134, 102, 160, 132, -64, -88, -140, 162, -190, 56, -130, 280, 138, -128, -118, 116, 90, -258, 138, 16, -18, -238, 52, 112, -36, -76, 0, -310, -150, 60, 16, 26, 102, -34, -26, -118, 70, -100, 114, -112, 18, 0, -136, 110, -168, 162, 70, 112, -72, 134, 52, 10, 12, 304, -202, -118, -16, -22, -152, 142, -16, 152, -284, 250, 92, -34, 148, 164, -48, -36, -60, -100, 162, 180, -58, 122, 118, -48, -246, 222, -40, -214, 88, -70, 100, -120, 26, 8, 104, 158, 22, -102, 102, -26, -142, 138, 6, -84, -74, 76, -48, -42, 72, -14, -26, 210, 82, -212, 4, -172, 32, 26, 74, -208, 276, -100, 230, 8, -114, 100, -196, -40, 42, -14, -24, 46, -8, 62, -12, 196, -50, 4, -136, 188, -24, 104, -112, -98, -412, -4, -134, 124, -52, -58, -16, 86, 36, 76, 102, 206, -176, 170, 242, 100, -4, -100, -118, 156, 110, -170, 166, 18, -144, -126, 148, 160, -160, 46, 190, 84, 96, 108, 102, -70, -24, -172, -166, 130, -26, 30, 24, -66, 100, -4, 86, -114, 22, -80, 96, 148, 132, 50, 134, -82, 14, 30, -458, -48, 40, -48, 172, -72, 180, 276, 126, -128, 136, 214, 198, 146, 130, 12, 72, -18, -350, 236, 66, -40, 34, 
-196, 22, -124, 178, -404, -104, 66, 32, -88, -98, 138, 124, 70, -4, 166, 46, -138, 40, 10, 46, 130, -34, -96, 92, -60, -202, -170, -12, -32, -72, -182, 124, 10, 212, -124, 170, -92, 212, 280, 50, -30, -160, 0, -192, -92, 98, 42, 186, -38, -236, -92, 22, 2, -74, 14, -20, 30, -162, -64, -116, -68, -34, 58, -164, 24, 254, -24, 16, 156, -46, 2, -78, 216, 152, -102, 38, -90, -44, 236, -108, -62, -82, -226, -174, -56, -104, 52, 36, -58, 10, 20, -86, 2, 88, 134, -48, 70, 30, -78, -54, -28, 218, 76, 156, -78, 58, -24, 38, 0, -254, -246, 68, -92, 44, -268, -22, 162, 164, 246, 78, -10, 100, -6, -202, -48, 234, -66, 16, -70, 128, 132, 26, 198, -102, 14, 0, 18, 16, 66, 330, -144, -148, -48, -46, 128, -32, -106, -124, 234, -54, 52, 32, 140, 40, -228, 246, -62, -28, 86, 82, -54, 254, 66, -178, -126, 16, 76, 212, -234, 110, 142, 124, -50, -72, -12, 104, -54, 120, 16, -256, -12, 50, -30, 164, -8, 112, 104, 4, -162, -280, 98, 38, 46, -46, 152, 106, -158, 22, -262, 212, 46, 214, 220, -60, 88, -92, 132, -120, -56, -88, -148, 104, -64, 214, -160, -62, 130, 32, 46, 102, -14, -40, -64, 92, -28, 200, 86, 38, -6, 114, 154, 36, 222, -18, 162, 50, -22, -28, -64, -68, -184, -218, -166, -76, 174, 116, 138, 186, -158, -156, 8, 12, 128, 206, 88, 58, 18, 70, 56, -98, -100, 74, -98, -126, 226, -40, 86, 256, -32, 76, -68, 78, 236, 180, 96, 206, -20, 202, 56, 102, 226, -80, -38, -88, -136, 142, 24, 16, -66, 54, -84, 106, -158, 50, 56, 54, -218, -40, 120, 30, -62, -22, 172, 10, 116, 14, 26, 126, 160, -24, -24, -132, 10, -276, 28, 122, 178, 58, 80, -56, 98, 68, 222, 332, 20, 318, -34, 116, -104, 82, -28, 20, -80, -16, -140, 130, -14, 100, 114, 76, -86, 166, -238, 358, 76, 90, 6, -90, -58, -4, -178, -8, 254, -316, -186, 234, -34, -98, -68, 68, -134, 24, 204, -66, 178, 28, 76, -66, 140, -166, -6, 124, 184, 168, 70, -42, -166, -24, 80, 164, 114, 126, 14, -40, 48, -2, -82, 16, 268, 108, 100, -160, 50, 72, 238, -136, 62, -134, 36, -60, -70, 170, 46, -68, -36, -42, 160, 180, -28, -20, -312, -68, 146, 50, 8, 66, -80, 136, 142, 210, 104, -52, -152, -8, 20, 126, 42, 132, -18, 20, 22, 216, -240, -296, -26, 84, 66, 128, 104, -126, 252, -96, 150, 194, 40, 68, -28, 228, -12, 28, -64, 144, -172, 158, 184, 46, 68, 262, -52, 68, 88, 50, 196, -114, 236, -26, 176, 50, 224, 38, -92, -20, 32, -184, 188, -110, 30, 300, 102, 148, 152, -50, 26, -14, -174, 16, 146, 76, -128, -172, -64, -222, -60, 184, -60, 60, -266, 88, 158, 168, 
38, 102, 114, -458, 384, 204, -144, 156, 142, 100, -36, -138, -58, 40, -206, -64, 178, -196, 8, -40, 86, 44, 62, -70, -14, 74, 218, -64, 116, 88, 144, 14, -206, -192, -48, -32, 94, -144, 36, 108, 248, 280, 66, 186, 88, -180, 100, -8, 160, 118, 170, 86, -82, 18, 118, -74, 22, 68, 120, 32, 104, 36, 154, 136, 120, -70, -92, -148, -142, 200, -24, 70, -188, 110, -50, 132, 86, 136, -18, 56, 38, -20, -8, 116, -102, 66, -178, -30, 218, 122, 192, -86, 302, -12, -116, 100, -58, 70, -102, 86, 282, -76, 22, -26, 36, -152, 306, 198, -64, 86, 238, -74, -10, -56, 168, -26, -34, -218, -190, -138, 88, 110, -94, 90, -4, -94, 70, 50, -2, -166, -72, 52, -40, -12, -78, -98, 4, 16, 10, -254, 174, -68, -112, 112, -130, 12, 64, 84, -8, 40, -4, -32, -58, -32, 284, -138, 116, 76, -86, 22, 82, -42, 116, 308, 60, -158, -132, -484, 206, -68, -88, 130, 58, -46, 80, 62, 206, -60, -2, 224, 26, 74, -32, -138, 158, -62, 58, 98, -32, 368, 76, 132, 26, 78, -36, 88, 6, 102, 80, -150, -6, -206, -58, 22, 74, 42, -46, 40, -10, 46, 4, 54, 54, -208, -96, 134, 180, 156, -4, 2, -46, -70, 154, -174, -10, 96, -90, -12, -26, 38, -78, -68, -16, 176, 4, 22, -114, -32, 98, 178, 38, 274, 154, 194, -52, -10, -154, -4, 4, 144, -52, -40, 142, -88, -36, 34, 66, 160, -10, 86, 124, -236, -54, 58, -154, -102, 36, -162, 126, 20, 150, 136, -72, -4, 68, -182, -72, -72, -88, -224, -50, -92, 264, 244, 114, -88, 266, 12, 262, -32, 100, -156, 66, 8, -80, 10, 172, -16, -14, -84, 102, -38, -58, 84, 34, 24, -24, -30, -48, -30, -96, 260, 20, 156, -78, -22, -292, -146, -26, -66, -210, -80, -128, -184, -134, -294, 44, -136, -34, 56, 204, -20, 116, 100, 34, -64, 70, 4, -48, -32, 44, 200, 86, -246, 52, 12, -66, 324, 154, 16, -36, 40, 76, 140, 144, -192, 72, 158, 68, -96, 14, -176, -166, 228, -132, 76, -210, 4, -146, 286, -42, -86, 84, -156, -120, -78, 130, 8, -2, 8, -172, -198, -6, -18, 2, -24, 180, -26, -140, -96, 80, 318, 44, 166, -248, -62, 8, 134, 182, 94, 64, 66, 206, 98, -68, 84, -134, -76, 50, -84, 188, 18, -26, 16, 30, 64, 122, -40, -22, -120, 162, -36, 212, -24, 46, -232, 162, 16, 142, -166, -80, -18, 190, 178, 74, 16, -216, 24, -218, 122, -78, 148, -138, -46, 2, 118, 158, -206, -70, 28, 178, 70, 284, -120, -146, -24, 232, 12, -118, -154, 138, 90, -154, 58, -96, -10, 44, -116, -128, -104, 76, 84, -156, 186, -54, 160, -78, -246, 112, -162, -178, 106, 88, 80, 16, -26, -68, -116, 202, 12, 208, 190, 90, -132, 150, -82, 232, -148, -96, -270, 
28, -146, -194, 338, -298, 20, -24, -42, 0, -102, -128, 142, 74, -40, -112, 62, -66, 86, 62, -52, -116, -54, 40, 128, 46, 124, 6, -50, -112, 164, -120, 62, 246, 56, 94, -32, 76, 98, 226, -222, 0, -166, 82, -94, 22, 270, -208, -90, -66, -100, -184, -28, 106, 26, -120, 124, 148, -34, -34, -16, 62, 68, -292, -84, 10, 218, 128, 238, 162, -208, 8, -32, 204, -38, -12, -36, -106, -114, 34, 62, -48, 114, -54, -164, -22, -114, 48, 98, -116, 16, -160, 138, -198, 60, 32, -62, -116, -110, 152, -6, -28, 94, 102, -52, 10, 72, -246, -70, -184, -138, -312, 104, 18, 222, -16, -106, 132, 54, 266, 332, 50, -54, 208, -100, -214, 22, -26, -40, -6, 134, -20, 52, -22, -30, 60, 68, 78, 108, -24, 212, -4, -82, 136, -202, 256, 18, -112, -176, -16, -32, -76, 122, 94, 80, -190, 260, -270, -76, 16, -18, -10, 178, -82, -30, 48, 66, 76, 148, -64, 246, 244, -128, -34, 52, -50, -110, -134, 30, -36, 10, 76, -88, 40, 88, -78, 82, -6, -22, 32, -216, 20, -98, -46, -162, 8, -64, -128, -138, -72, 264, -12, 100, 112, 46, -84, 80, 2, -90, 152, 124, -4, 76, -80, 390, -46, 62, -30, -80, 38, 30, 38, 10, -106, 16, -50, -154, 126, -48, -6, -132, 58, 56, 164, -192, -44, -2, 16, -4, 12, 26, 20, -104, -220, -136, 132, 46, 36, 50, 48, -170, -56, 88, -50, 18, 82, -46, 96, -112, -54, -18, -50, 108, 296, 30, 84, 102, 60, 154, -318, 78, -126, -40, -56, 212, -158, 128, 136, -90, 122, 150, 100, 2, -244, -50, -56, 50, -102, 8, -138, 82, 72, 166, -104, -26, 152, 48, -74, -72, 64, 124, 36, -34, -116, -148, -78, -170, 148, 96, 80, 116, 70, -258, -84, -134, 88, 180, 44, 126, -74, 32, 14, 18, 112, 156, 230, 244, 98, 76, -26, 118, -18, -92, -48, 46, 106, 12, -14, -156, 162, 140, -136, -62, -90, 318, 84, -12, -30, -84, -124, -178, 34, 0, 22, 124, -190, 120, 100, 44, -130, 152, 142, -156, 104, -12, -42, 128, 204, -126, 82, -82, 270, 160, -76, -32, 118, 110, -50, 80, 274, 70, 70, 46, 80, 34, 224, 8, -22, -68, 144, 34, -70, -60, -64, 54, 254, 176, -124, -230, -408, -204, -128, -64, -208, -168, -14, -56, 260, 0, 176, 22, -126, -32, -78, -20, 82, 116, -78, 40, 34, 148, -102, -98, -108, 64, 44, 280, -172, -64, -118, -20, 84, 78, -58, -98, 68, 94, 82, 6, 54, -72, 22, -294, 214, 4, -52, -68, -208, 34, 204, -100, -198, -6, -126, 82, 138, -6, -66, 126, 196, 234, -104, 52, 84, -18, 252, -4, -74, 112, 200, 270, -92, -174, 120, -174, -188, -248, 176, 106, -90, 154, 140, -192, 84, 88, 114, 276, -112, -42, -350, -114, -8, -162, 106, 64, -300, 72, -270, -20, 74, 344, 
-22, -20, 88, -170, 128, -18, 38, 26, 58, -28, 94, 176, 104, 142, -46, -2, 38, 96, -120, -34, 44, 90, 100, -72, 48, -22, 162, -90, 92, 128, 224, -248, 80, 116, 88, 142, 32, -14, -50, 248, -154, 164, 14, -122, -138, -190, 104, -36, -166, -16, -42, 82, 20, -62, 184, 58, -22, 132, 148, -138, 4, 130, 126, -20, 110, -152, 96, -108, -64, 0, 14, 184, -198, -70, 60, 210, 108, -6, 56, 80, 126, -62, 230, 220, -112, 60, -22, -140, 272, 74, 116, -24, 234, -24, -60, 2, 162, 138, -74, 122, 210, 18, 104, -8, 30, 94, 150, -52, 196, 198, -16, -38, 36, -284, -72, 76, 10, 56, -340, -244, 82, 26, -180, 44, 174, 174, 54, 162, 70, -96, -100, -20, 62, 74, -16, -116, 86, 16, 212, -150, -4, 112, -18, 146, -100, 82, 278, 246, -96, 82, 2, -38, -46, -76, 248, -182, 176, 28, 66, 134, -140, -156, 138, 136, -34, -36, -4, 80, 16, 14, -224, 58, 130, 84, 96, 154, -76, 48, 260, -6, -30, 176, 228, 10, -72, -172, -2, 114, 24, 164, -40, -58, 12, 78, 88, -198, 68, 144, 142, -80, 108, 16, 46, 38, 52, 102, 132, 24, -2, 276, 36, -26, 246, -152, 148, -248, 104, 36, 54, 134, -88, 168, 198, 30, 6, 166, -86, 230, 50, -48, -90, -4, -66, -18, -268, -38, -42, -194, -16, -48, 90, 152, 226, 72, -8, -26, 64, -6, -30, 218, 8, 44, 36, -72, 96, 94, -114, -22, 20, -28, 42, 62, 6, 94, -12, 4, -30, -86, 234, -90, 128, 276, 86, -200, 248, 4, -42, 108, -100, 126, 116, 68, 132, 144, 68, -30, 308, -44, 30, -288, -8, 8, 48, 46, -134, -108, 120, 190, -20, -188, 90, 108, 158, 108, 102, 114, -4, -146, 20, -22, 54, 158, 82, 152, -86, 128, 36, -118, 72, -76, -62, 82, -18, -18, -124, -60, 132, -162, 18, -100, 182, -48, -4, -44, 56, -46, 80, 100, -126, -42, 22, 114, 110, -238, -62, 178, -22, -44, 190, 246, -48, -6, 52, -166, 72, -108, 14, -94, 178, -10, -90, 202, -234, 14, 158, 84, -246, 134, 6, 122, -76, -182, 144, 86, 0, -120, 124, -120, -186, 86, -44, -78, 46, 34, -282, 86, 230, 194, -18, 100, 82, 118, -72, 200, -84, 20, 66, 252, 460, 96, 176, 152, 224, 92, -72, -32, -136, 32, -136, -96, 200, -58, 136, -14, 112, 98, -24, 86, 148, -170, 32, 120, -62, 226, 136, -198, 172, 140, 184, 6, 22, -8, 18, 156, 54, -154, -16, 72, 84, 68, 14, 116, -138, -238, -174, 152, 136, 24, 6, 120, 60, -54, 60, 50, 40, -184, 210, 18, 46, -42, 50, 34, 28, -6, 18, -154, -28, -22, 36, -132, 16, 136, -62, 146, 220, 266, -192, 54, 66, 8, 22, 74, 50, -24, 24, -106, 102, 98, 294, 74, 264, 156, -16, -26, 90, 98, 64, 158, 14, -188, 
-84, -118, 118, 118, -12, 2, -40, -20, -224, 94, -26, -132, -2, -106, -66, 6, 12, -144, 208, 26, -142, 90, -68, 44, 74, -94, -162, -92, -74, -184, -220, 92, 48, 44, 160, -128, -198, 88, 194, -102, 80, -236, 60, 66, 202, 250, -70, 64, 276, -16, 36, -116, 190, 150, -38, -80, -112, -32, -28, 26, -70, -46, 60, -64, -86, -106, -14, 202, -42, 50, 88, -210, -10, 108, 106, -82, 130, 172, 106, -66, 50, 152, -24, -74, 128, 90, -22, 164, -118, 62, -50, 82, -32, -84, -8, -76, -8, -20, 88, -62, 26, -154, -22, 146, -108, -36, -156, 18, -16, -106, -74, 0, -52, 28, -10, -116, 334, 10, 236, 40, -32, -44, 272, 72, -14, -282, -86, 12, -156, 158, -12, 256, 32, 20, -30, 120, -64, -38, -108, -64, -30, -76, 44, -244, -12, -70, -34, -90, 44, -44, 54, 56, 32, 4, -116, 124, -120, 108, -94, 42, 322, -100, -368, -260, 0, 12, -100, 36, -18, 2, 16, -148, -30, -22, -46, -172, -8, -54, -266, 44, 170, -310, -42, 172, -2, 118, -156, -186, -34, -70, 40, -94, 86, -56, -20, 142, -234, -12, -122, 48, -90, 10, -68, 128, 48, -140, -8, 84, 38, -192, -32, 94, -52, 170, 26, 354, 78, 98, -142, -64, 14, -314, 14, -20, 154, -172, 52, -192, -34, 228, -96, -66, -84, -146, 310, 40, 66, 108, 170, 80, 32, -52, -86, -6, 88, 184, -104, -56, 146, -174, -24, -160, -8, 290, -162, 188, 132, 128, 36, 74, -112, -10, 80, -66, -26, -60, -58, 212, -168, -38, -56, -56, 8, 236, -164, 260, 74, 78, 120, -20, -182, 28, 98, 116, -76, 78, -166, 208, 44, 242, -82, 208, -120, -204, 14, 240, -66, -44, 100, 270, -124, -156, -182, -24, -120, 104, 66, 64, 92, -28, -106, 24, -74, -298, 114, -224, 184, 76, -46, -66, 142, -42, 108, 68, 176, 30, -36, 112, 164, -94, -68, 14, 114, 104, -122, -34, -64, -96, 168, -130, 146, -54, -202, -106, 180, -228, 76, -28, -258, -250, -18, -6, 160, 278, -116, -12, 84, 182, -32, -36, 118, -26, 182, 130, -118, 124, 254, 30, -36, -52, 210, 148, -72, 12, 124, 174, -108, -50, 300, 82, 14, 40, 94, -140, 196, -80, 70, -80, 52, -54, -32, -204, -6, -74, 26, -10, -38, -56, -300, 54, -32, -172, -56, -24, 96, 14, 130, 154, 286, 60, -50, 64, -294, 122, 50, -86, -12, -4, -136, 120, -144, 164, -32, -122, -116, 108, -40, -172, -288, -48, 64, -128, 30, -356, -50, -62, 136, -30, -6, 146, 40, -118, 140, 212, 20, -4, -120, -46, -40, -58, 100, 68, -52, 106, -84, 46, -270, -92, 126, 82, 32, -86, 216, 62, 54, 116, -114, -134, 38, 146, -168, 34, 208, -14, -142, -224, 160, 126, 26, -52, -14, -6, 66, -82, -20, 76, -62, -110, -10, -252, -52, -10, 178, -140, 60, 96, -18, -48, -102, 414, 
238, 210, 24, -284, 168, 22, 44, 50, 140, 104, -28, 56, 50, 190, 130, -90, 60, 0, -196, -82, 166, -50, 240, -72, -48, 226, 46, 20, -68, 60, 152, -10, -200, -78, -98, -4, 186, -36, -112, 150, -4, 84, 64, 198, 68, -166, -18, -124, -52, -42, -22, 118, -16, 86, 86, -144, -44, -90, 274, 172, 148, 72, 108, 158, 12, 124, 72, -220, 50, -70, 42, 218, 40, -42, -146, 40, 166, 86, 90, -58, -24, -60, 24, 36, -38, -30, 126, -200, 240, -36, -18, 8, 178, 48, -12, -18, -4, -64, 148, 198, 84, 222, -18, -16, -24, 6, 58, -176, -128, 86, 46, 194, 144, 56, 234, 152, -158, -12, -200, 22, 92, 20, -220, 2, 40, 206, 156, 94, 132, -260, 14, -134, 58, 112, 102, 4, 88, -44, 340, 32, 68, -128, 104, 60, -48, 18, 60, 86, -150, 56, -258, 108, -76, 152, 40, -48, 22, -198, 238, -102, -392, 94, 128, 114, -46, -22, 12, -26, 108, -84, 68, 150, 84, -16, 56, 174, 34, -146, 112, 232, 56, 216, -6, -194, 30, 24, 232, 244, 38, 84, 62, 90, -28, 56, -4, -2, 190, 54, 206, -8, 136, -114, 4, 0, -20, 220, -30, 38, 50, 108, -172, -22, -20, -168, 26, -210, -8, 70, 192, 194, 148, 186, 112, 122, -62, 186, -122, 146, -36, -94, 138, -86, 236, 206, -22, 48, 92, -50, -110, 36, 2, 44, 88, -2, -58, -132, 0, -58, 70, 56, 60, 64, -34, 98, 0, 6, -144, 96, -66, 32, 66, -134, -84, 114, 140, -6, -142, -20, 360, -52, 90, 148, -140, -174, 88, -76, -100, 58, -214, -22, 66, -20, -54, -52, 30, 48, 24, -90, -38, -78, 144, -80, -100, -30, -26, -118, 82, -62, -8, -24, 84, 16, 72, -192, -2, -100, -50, -94, -120, 24, 106, -94, 204, 182, 50, 92, -8, -202, -22, -2, -74, -132, 16, -78, -54, 18, 70, -218, -126, 4, 138, -160, -208, -240, 242, 32, 208, 86, 92, 146, -78, 12, 178, -110, 22, 44, 46, 96, 268, 172, -4, 166, -14, -218, 104, 36, 112, -142, 152, 66, -134, 82, -132, -142, -98, 102, -180, 28, 6, 142, -70, -92, 110, -128, -56, -170, 58, 64, -24, 180, 132, -20, -66, 194, -240, 56, 94, 42, 42, -12, 98, 112, 76, 136, -102, -128, -52, 50, 218, -68, -66, 240, 270, 8, -164, 8, -110, -6, -120, 74, 80, -56, 250, 36, 24, -56, -306, 26, 154, -6, -280, -158, 136, 148, 52, -122, 38, 62, 294, -152, 158, 156, 96, 282, 150, 68, -82, -56, -30, -96, -32, 30, -34, -96, -62, 56, 412, 22, 140, -138, -50, -66, -90, 8, 142, 138, 136, -6, 64, -120, 14, 158, 14, 68, 112, 78, 48, 116, -84, -206, 210, 44, -128, 0, 56, 256, -246, 58, -46, 272, 126, 34, -140, -44, -4, -84, 22, 106, 96, 182, -174, 30, -172, -132, 256, -90, 122, 214, 52, -156, 
-50, -114, 106, 242, -112, -78, 104, 42, 106, 86, -172, -148, -58, -248, -184, 10, 26, 170, 90, 148, -4, 98, -14, 88, 42, -50, 120, 208, 14, 34, -232, 244, -86, 122, 160, -22, 106, 16, 96, -64, 180, -188, 34, 72, 70, 222, 162, -62, -28, 32, 56, -90, 8, 52, 42, 146, 50, -66, -272, 22, -38, -24, -46, -134, 50, -26, -80, 252, -104, 250, -28, -272, 60, 80, 288, 76, -4, 26, 54, 28, 98, 68, -58, -42, -194, 206, -12, 138, 4, 140, 96, 66, 102, -4, -116, 60, -32, -26, -104, -86, -102, -202, -60, 50, 120, 0, 138, 108, 106, -104, 16, -236, -48, 104, -292, 4, 262, 126, 208, -76, -62, 54, 144, 64, -26, 190, 6, -168, -48, 234, 112, 72, 116, -12, 4, -34, 70, -174, -170, 52, 58, -64, -28, 84, -68, 68, 94, -130, 56, -132, 136, -212, 64, -138, -12, 116, 14, 320, -224, 202, 178, 16, -34, 60, -100, 212, 100, 28, -12, 100, -78, -170, 34, 46, 68, -12, -88, 122, -166, -98, -96, -152, 180, 140, -38, -98, -252, -234, -210, -136, 80, -154, 76, -80, -132, 18, -120, -82, -130, -30, -326, 106, -122, -36, 258, -56, 110, -100, -132, -66, 154, 108, 78, 254, 138, 182, 56, 112, -154, -202, -214, -158, -6, -124, 150, -84, 56, -230, 204, 68, 194, 172, -152, -116, -68, 172, 76, 114, 44, 34, 20, 22, 28, -80, 156, 16, -348, 206, 248, 24, 6, 74, 50, 66, -168, -26, -20, 64, -92, -36, 180, 144, 46, 58, 162, -8, 60, 30, -68, 176, -70, 76, 146, 188, -10, 132, 158, -16, 280, 92, 58, 58, 132, 58, -74, -180, 82, 54, 84, 66, -116, 210, 222, -96, -68, 112, 74, 308, -2, -208, 178, -60, 86, 118, 28, 22, -74, -22, 300, 46, -126, 202, 54, -178, -58, 144, 148, 182, 80, -12, 2, -40, -78, 168, 246, -52, -34, 50, 294, 38, -102, 122, -56, 228, -40, 84, -118, 26, 196, 12, -20, -112, -96, 110, 172, 36, 4, -146, -82, -232, 148, -46, 176, 148, -48, -16, -156, 96, -296, 52, 180, -80, 20, 92, -48, 104, 202, 80, -20, 122, -18, 302, -180, -36, 86, 74, -52, 34, 98, -10, -158, -218, -14, -66, 240, 88, 4, -18, -84, -100, -80, -148, 98, -158, -10, 76, -164, -154, -288, 214, 12, -174, 10, 64, 312, -70, 64, 50, 180, -112, -60, 44, -66, -80, 50, -50, 360, -94, -110, -124, 58, 70, -22, 56, -236, 20, -82, 106, -92, 182, -144, -128, 118, -112, 0, -108, 64, 202, -48, 190, 34, -254, 28, -8, -38, -42, -174, 32, -52, 144, 44, -36, 14, -36, 170, -140, 14, 52, 108, 58, 134, 56, 238, 12, -56, 54, 110, -158, 134, 224, -124, 24, 64, 96, -128, 6, 56, 84, 164, -98, -112, 148, 84, 258, -82, 136, 12, -22, -26, -6, 158, -64, 46, -18, -202, -22, -22, -72, 82, 78, 
-34, -40, -162, 64, 172, 52, 4, 138, 6, 100, 74, 206, 2, 160, 90, -134, -184, -46, 76, -110, 168, -102, 102, -62, -126, 52, 34, 0, -40, 112, 186, 84, 130, 46, -116, -60, 12, 66, 54, 174, -38, 174, -192, -44, 18, -128, -134, 184, 54, -164, -154, 70, 112, -272, 152, -14, -26, 62, 230, 90, 76, -10, -30, 252, -8, -20, 112, -204, -2, -188, -96, 150, 180, 10, -224, 38, 14, 42, -46, -16, -124, -18, 62, 92, 88, -164, 128, -90, 34, 58, -170, 60, 0, -20, 188, 150, 138, 38, 300, -4, 238, 136, -12, -210, 180, 118, 4, 12, -100, 176, -42, -20, 148, 106, 170, 238, -128, 32, -170, -40, 162, 102, -58, -88, -116, -134, -198, 188, -18, -50, 146, -194, 28, 26, 128, 14, -84, 250, 176, 34, -22, 46, 118, -32, 80, 148, -72, 138, -22, 146, -32, 182, 192, 164, 48, 46, 34, -198, 314, -124, -82, 16, 62, 2, 42, -62, 10, -16, 58, 2, -72, 174, 70, -52, -214, -6, 106, -192, 200, 92, 90, 52, -80, -198, 242, 138, 100, 210, 64, 222, -68, 6, 8, -12, 414, 30, 90, -12, 158, 34, 202, 36, -36, 90, -238, 102, -58, 100, 46, 82, -102, -92, 4, -80, -2, -222, -34, 236, 56, 138, 174, 116, 122, -56, -166, 326, 64, 246, -132, 36, -26, -150, 48, 96, 118, 4, 86, -32, -174, 90, 8, -108, -104, 214, -92, -44, 342, -222, -66, 130, -110, 124, -16, -154, 110, 0, 48, -8, 184, 104, -48, -68, 74, 54, -186, -4, 32, -68, 148, -84, 48, 132, -292, -182, 60, 12, -128, 42, -52, 52, -90, 12, -144, -8, 154, 164, -132, 78, -8, -186, 110, -190, -86, 44, 74, -96, -26, -284, -78, 136, -64, 182, 136, 52, -32, -50, 42, 78, -110, -24, 144, -122, 78, 214, 92, 4, 56, -36, 40, 28, 158, 24, 148, 0, -194, -30, -44, -4, -308, 96, 136, -26, -8, -98, 10, -94, 138, -70, -20, 64, 56, 82, 26, -130, -108, -160, 126, 300, -80, 6, -124, -88, -158, -76, 284, 44, 8, -180, 356, -88, 154, 296, 170, -168, 56, -110, -62, -82, 4, 44, 122, -94, 56, -2, -8, 112, 92, -102, -36, -100, 34, 114, 14, 60, -160, -98, 44, -104, 188, 156, -138, -28, -108, 220, 32, 6, 138, 150, 206, -84, -42, 78, 18, 10, -86, 186, 30, -84, 106, 44, 102, 232, 28, 78, -202, 4, -192, 80, 96, 200, -14, 0, 232, 208, 8, -146, -70, -92, 66, -8, 128, 142, 58, 190, 36, 102, 4, -56, 18, -182, -48, 268, -228, 196, 72, 132, 250, 140, -44, -118, -26, 0, 84, -30, -98, 58, 76, -94, -8, -114, -34, -154, -152, 188, 84, -40, -164, 104, -104, -50, 94, -14, 224, 54, 218, -60, 20, -56, 36, -160, 132, 14, -36, -202, -12, -58, 124, 48, 116, 136, -122, -50, -72, -54, 208, 244, -110, -58, -110, 98, 
132, 48, 168, -14, -68, -16, -98, -184, 4, -90, -70, 120, -154, -70, 24, 40, 284, 10, -18, -16, -74, 106, -102, 84, 114, -40, 192, 164, 134, -140, -140, -50, -26, -148, 232, 194, 92, -160, -200, 132, 180, 22, 164, 92, 10, 210, 50, 152, 28, 52, 174, 88, -194, 210, -140, 50, -36, -8, -46, -52, -62, -32, 292, 40, 22, 76, -208, 304, -222, 118, 48, -88, -224, 96, 282, 0, 140, 112, -14, -38, 226, -10, 6, -186, -178, 190, 50, -4, 2, -230, 172, -94, 134, 14, -222, -72, -164, 92, 136, 50, -192, -138, 42, 82, -52, -60, 62, -150, 36, -54, 38, 332, -122, -80, -44, -22, 206, -98, 96, 68, -96, 88, 144, 188, 136, 84, 180, -158, 138, 192, -56, 186, 74, 40, -132, 46, 184, -98, -130, 86, 16, 82, -8, 138, -130, 36, 48, -124, -28, 38, 92, -206, -138, -80, -14, -88, -72, 202, -100, 212, -234, 66, 36, 228, -116, 8, 22, -18, -68, 66, 58, -90, 52, 18, 176, -20, 22, 172, -68, -120, -46, -36, 180, 64, -154, -12, -30, -172, 40, -178, 112, 66, -4, 240, -124, 140, -108, 130, 28, 18, -48, 70, 152, -22, 284, 28, 52, -240, 130, 48, 110, 188, -6, 60, 48, 214, 62, 14, 160, -54, -154, -244, -8, 142, 162, -160, 88, -50, 160, -86, -154, 106, -14, -54, 190, 178, 16, 4, 126, -154, 48, -102, 206, -110, 74, 70, -44, -12, 228, -162, 88, -118, 32, 54, 54, 70, 20, 130, -238, -122, 184, -98, 76, 56, 386, -38, 234, 82, -8, 36, 76, 6, 78, 150, -8, -14, 224, 96, 126, 106, 18, 266, 124, 56, -52, -44, 184, -244, 104, 80, -164, 158, 180, 242, 112, 166, 66, 212, 106, -142, 156, -178, 18, -198, 118, 30, 148, -120, 76, -86, 24, 188, -50, -56, -110, -106, 84, 10, 196, 120, 52, -20, -306, -18, 178, -62, 86, -126, 96, -22, -152, -82, 56, 142, 24, 66, -148, -26, 74, -8, -66, 18, -50, 54, 138, 120, 62, -80, 38, -86, 180, 22, 98, 174, -252, -140, -136, 266, -306, 12, -12, -216, -196, 194, 216, -14, 38, 106, 24, -66, -16, -130, 146, 196, 96, -92, 12, -60, 206, 130, -6, -90, 4, -156, 0, 180, 52, -20, -174, 74, 104, -144, 116, -154, 164, -42, -56, -176, -284, 4, 188, -48, 14, -100, 224, -130, -44, 116, 0, 164, 144, -198, 106, 122, -108, -70, -66, -120, 130, -182, 28, 70, -128, -48, -224, 20, -50, -108, -134, 12, -4, -158, -52, -100, -122, 20, 36, 194, 48, 172, 172, 8, 166, 120, 66, -4, -102, -306, 74, 46, 12, -18, -58, 298, 152, -34, -84, 48, 64, 88, 70, 218, 24, -244, -172, 166, 254, 186, 264, -78, 34, 28, -218, 52, -26, 92, 140, 174, -60, 236, -124, 20, 80, 240, 130, 160, -130, 56, -122, -88, 210, 2, -50, -84, -108, -218, 38, 20, 64, -56, 
36, 34, 8, 68, 56, -106, 120, 210, 46, -22, 78, -72, 332, 110, -28, -6, -44, 6, 90, -40, -16, -118, 92, -42, -124, 56, -142, 12, 10, 214, 76, 58, 180, 158, -38, -76, -200, 102, 388, -32, -164, 138, 66, 34, 40, -166, -138, -120, 96, -34, -54, 64, 278, -180, 206, -38, 62, 4, 78, 144, 100, 96, -152, -32, 116, -204, 146, -230, 52, 50, 32, -48, 96, -6, -260, -150, -192, -66, 44, 168, -84, -84, 140, 250, 120, 110, 60, -180, 24, 132, -88, 58, 120, -36, 278, 184, 264, 78, 44, 78, 60, 132, 36, -170, 138, 184, -130, 152, -24, 166, -40, -224, -40, 232, 0, -56, -130, 214, -2, -110, 66, 42, 78, -136, -250, -60, -226, 208, -34, -62, 296, -234, 2, 84, 64, -98, -122, 44, 246, 40, 72, -160, -16, -412, 180, -46, 154, 22, -2, -170, -110, 28, 172, -10, -6, 108, 56, -110, 200, 86, 290, -130, -126, -118, 118, 198, 62, -54, 70, 92, 70, 50, 28, 40, -232, -100, -34, -78, 50, 96, -86, -52, 20, -68, 194, -10, 50, 50, -100, 42, -58, -72, -134, -112, 104, -18, -4, -224, -8, 212, 148, -250, 46, 60, -4, 40, -28, 176, -198, -134, 112, -42, -46, -72, 44, -78, 248, 22, -28, 42, -132, 104, 12, -138, -152, 248, 22, 88, -182, -48, -76, -104, 94, 80, -22, -136, -44, -12, 94, 88, -28, -6, -94, 108, -80, 136, -86, 8, -128, 10, -176, 62, -20, -80, 64, 184, 32, 36, 338, 286, -108, 244, -132, 66, -240, -136, -34, -172, 86, 132, -72, 28, 134, 62, 162, 304, -132, -2, -6, -76, 8, -26, -70, -2, 212, 48, -118, 32, -36, 52, 180, -134, -94, -220, -84, -152, -24, -120, -108, 130, -48, 208, 208, 98, 44, 52, -138, 198, -156, -10, 76, -100, 14, -52, -6, 132, 30, 138, -28, 34, -24, -214, 314, 124, -36, 136, -182, 144, -10, 98, 206, -40, -64, -146, -64, -58, 20, -22, -6, -190, -46, 194, 126, -104, 6, -114, 0, 26, 182, 100, -6, -28, -170, -8, 116, 102, 118, -168, 242, -110, -116, 160, 116, -206, -74, 138, -72, -78, -10, 146, 88, 174, -56, -28, -108, -30, -132, 158, -144, -114, -142, 74, 180, 150, 2, -66, 28, -12, 190, -100, -64, -28, -60, 244, 44, 182, 114, 140, 320, 10, -20, 78, 64, 16, -80, 238, 14, -222, 66, -148, -16, 352, 150, -48, 384, 126, -38, 116, 12, 122, 136, -70, 162, 154, 94, -46, 74, -62, -2, 214, 12, 172, -80, 150, -40, -34, -108, -148, 18, 56, -6, -14, -78, -34, 74, 66, 218, 264, -174, 0, -10, 46, 110, -150, -88, 8, -44, 102, 38, -126, -170, -86, -4, 222, -94, 14, -328, -122, -174, 44, -4, -104, 104, -50, -78, 32, -76, 100, -138, -294, -32, 0, -172, -276, -260, -24, 20, -38, 196, 62, 16, 60, 254, -144, 78, 18, -80, -92, -12, 160, 
72, 138, -28, 78, 82, -36, -174, -140, -236, -240, 138, 114, -176, -128, -26, -16, -12, -78, -134, -184, 252, -64, 232, 104, -16, 18, 32, 122, 202, -98, -108, -6, -182, 18, 132, 276, 272, -116, -168, 106, 154, -120, 30, 12, -44, 22, 140, 112, 184, -222, 36, 42, -38, 150, -28, 256, -78, -68, -8, 92, 78, 26, 150, 142, -70, -2, -286, 254, -48, 40, 278, -168, -76, -12, 84, 28, 24, 118, -176, 38, 300, 156, 12, 6, -144, -46, -104, 182, 28, 72, -42, -16, -144, 106, -18, 76, -158, 190, -30, -210, -66, 18, -46, 194, 254, -170, -56, -150, 16, 28, 34, 78, 42, 70, 0, 72, 30, 82, 100, 112, -40, 92, -64, 136, 382, -54, -4, -272, -116, -24, -44, 158, 246, -24, 128, 94, 128, -78, -18, 54, 98, -52, -132, 310, -66, -28, -102, -18, 126, 124, 28, -18, 100, -68, 166, 68, 208, 96, -86, 62, -182, 42, 152, 130, -58, -208, -216, -168, 64, -16, -150, 100, 116, 22, 352, 272, 86, 118, -92, -56, -56, -70, -38, 6, -134, -134, -30, -46, -16, -142, -48, 106, 102, 158, 70, -124, -140, 188, 92, -208, 106, 170, -42, 64, -26, -52, 28, -136, 194, 40, -40, 246, -40, -52, -68, 194, -170, 24, 66, -138, 222, -40, 76, 126, 182, -178, -8, -16, 170, 194, 334, 0, 2, -72, 90, 188, 66, -200, 82, -64, 30, 16, 128, 92, 160, -4, 146, 116, 18, -80, 84, -68, 200, 68, -38, -12, 132, 30, -260, -206, 188, -12, 152, 72, 30, 140, 78, 226, -56, -244, -20, -34, -94, -102, -80, -90, 108, -42, 80, 182, 0, -214, -28, 22, -238, -42, 198, -12, 114, 80, -96, 78, 2, 28, 48, 136, 112, 164, 86, 172, 82, -230, -92, 76, 64, -44, 10, -182, 196, -58, -260, 92, -186, -126, 148, 10, -62, -180, 142, -106, 36, 80, -336, -130, -20, -66, 154, -82, -56, -98, -206, 162, -36, -12, 126, -76, 92, -2, 88, 162, -40, -14, 70, 212, 114, 64, 162, -42, -70, -52, -132, 126, 236, 16, 52, 4, 36, 188, -56, -16, 70, -46, -76, 128, 324, -10, 74, -36, -132, -100, -42, -176, 182, 130, 38, 106, 122, 118, 82, 172, -18, 124, -44, 50, -20, -18, -36, 44, -74, 134, 86, 16, 118, 42, 2, -132, -244, -16, 58, -82, 140, 92, -22, 14, 56, -148, 114, -16, -168, 56, -42, -202, 30, 50, -342, 30, -14, -6, 126, 28, 30, -50, -144, -98, 18, 60, -34, -68, 162, -12, 250, -34, 280, 132, 22, 88, 172, 238, 152, -86, 288, -18, -20, 30, -28, -78, -110, -248, 214, 136, 4, -110, -100, 80, 144, 146, -60, -144, -186, 236, 132, 212, 84, -174, -58, -80, 54, 82, 48, 34, 192, 82, 2, -50, 206, 58, 198, -108, 32, 36, 142, -218, 238, 232, 74, 54, -74, -48, -68, -84, 246, -30, -130, -36, 54, -38, 138, 104, -12, 172, 
10, -34, 10, 136, -144, -154, 44, -50, 136, 130, -80, 42, -74, 84, -94, -114, -98, 40, 104, 146, -342, 16, -172, -228, -100, -96, -78, -194, -84, 142, -70, 64, 80, -2, 0, -134, -172, -150, 210, -116, -218, 130, -126, 104, 128, -110, -172, 4, 48, 192, 20, 56, 64, -248, 10, -322, 114, 44, 174, -86, 92, 20, -134, -22, 40, -52, 304, -136, 216, -106, -60, 22, 56, -114, -24, 10, -38, 30, 170, 100, -304, -60, -120, 208, 114, 62, -18, -114, 66, -178, 18, 104, 66, 30, -92, -18, 262, -130, -26, 366, 104, 106, -54, -12, -188, -34, 108, 40, -48, 82, -82, -130, -80, -136, 166, 8, -180, 44, 34, -32, 28, 82, 298, 96, -294, 116, 6, -28, 154, -64, -28, -14, 2, -82, -128, 48, -220, 94, 178, 74, -164, 114, 102, -272, -40, -10, -62, -94, -8, -28, 44, -116, -64, 134, 60, -14, -244, 40, 78, -38, 92, -10, -118, -154, 26, 298, 114, 388, 108, 16, 182, -16, -126, 134, -72, -238, -22, -100, 54, -62, -86, 70, 132, 234, 32, 52, 34, -10, -196, -10, 208, 20, 22, -64, 18, 36, 82, -32, -64, 134, -36, -134, 46, 136, -40, 8, -66, 140, -2, -102, 196, -72, -120, -16, 202, -6, 158, -104, 80, -72, 46, 98, 48, 18, -202, 42, 78, 102, -268, -56, -68, -134, 102, 80, 84, -132, -102, 262, 72, 90, -68, 14, -220, -98, -86, 128, -26, -32, 18, 166, -124, 196, -14, 38, -18, -10, -156, -32, 292, 224, -212, 90, -52, 76, 202, -14, -138, -44, -64, 46, 100, 76, 46, -78, 90, 6, -20, 54, -42, -110, -90, 38, 176, 208, 142, 44, -210, 150, -144, 102, 250, -110, 78, -66, -126, -118, -70, 2, 126, -120, -4, 142, 206, -254, -38, -20, 88, 118, -124, 138, 114, -114, 248, -86, 28, 154, 88, -14, -164, 86, -138, 98, 286, 40, -2, 34, -52, 116, 184, 98, 282, -210, 190, 154, 138, 26, 130, 104, -102, -110, -200, -38, -122, -300, -96, 136, 2, 76, 214, 48, 246, -58, -212, -12, -38, -60, 14, 168, 14, 188, 58, 42, -10, 4, -276, 40, 212, 78, 46, 28, -34, 244, -84, 74, -110, -94, -68, 62, -98, -228, 70, -86, 228, 160, 12, 26, -96, -74, -26, -104, 114, -118, -160, -44, 32, 164, 86, -78, 24, 110, -78, 150, 44, 26, -30, -24, 40, 18, 298, 32, 40, 312, 54, 154, 44, -94, 68, -96, -100, 42, 24, 62, 144, 114, -86, -148, 98, -26, -38, -42, -94, -10, -170, 86, -112, 152, -118, -222, -60, 102, -58, -58, 40, -24, 116, 0, 56, 134, -18, -162, -8, -12, 144, -4, -84, -100, 60, 180, 246, 58, 36, -210, 80, 52, 16, 44, 48, 38, 20, 266, -86, 10, 10, 94, -92, 36, -174, -54, 106, 142, -42, 130, -180, -270, 136, -60, 134, 150, 0, 154, -60, -26, 170, 218, -16, 122, 22, -198, 40, -10, 
58, -62, 148, 32, 188, 26, 82, -40, -160, 60, 10, 34, 38, -98, -98, 80, 106, 102, -56, -80, 152, 106, 324, 178, 144, -48, 312, 302, 10, -52, 42, 128, -36, 88, 6, 60, 8, 286, -100, 168, 98, 34, 82, -140, -114, 136, 142, -126, 82, -94, -52, -130, 20, 114, -34, 252, 30, 28, -158, -14, 82, 126, 198, 108, 82, 60, -14, 164, 36, 58, 132, 18, -126, -8, 54, -64, 6, -24, -164, -46, 72, 108, 64, 8, -8, -180, -66, -6, -50, 240, -28, -46, 62, 70, 32, -2, -44, 176, 128, -162, -60, -112, 260, 144, 292, 140, -154, 20, 44, -106, -170, 134, 38, -90, -210, 24, 64, -78, 186, 20, -122, -48, -318, -110, 220, -90, 154, 66, 64, 142, 154, 130, 50, 40, 68, -78, 260, -54, -228, -170, 146, -114, 102, 272, 148, -8, 118, 38, 0, 294, -152, 166, 18, -34, -54, 22, 238, 120, -36, 82, -8, 14, 78, 342, -64, -148, 8, -270, -130, 28, -58, 336, 232, -54, 16, 214, 66, 28, 156, 50, 134, -60, 72, -400, -86, 32, 48, 148, 284, 36, -130, 38, 130, -24, -46, 20, -22, 162, -66, 50, 24, 6, 222, -60, 62, -90, 166, 156, 78, 204, 4, -60, 176, 42, -70, 48, -94, -28, -32, 178, 24, -72, 64, -110, 16, 150, -194, -6, 256, 170, 16, 118, -16, -22, 2, 156, 150, -334, 68, -120, 36, 206, 64, -72, -66, 116, -24, 74, -36, -112, 252, -132, 62, -46, -6, 124, 86, 74, -314, -152, 274, 174, 108, -168, -156, 84, 204, 130, -6, -34, -136, -116, 62, -70, 12, 52, 76, 96, 104, 22, 64, 74, -198, -164, -208, 46, 270, 4, 272, 14, -56, -22, -212, 122, 104, 170, -70, -94, -66, 182, 50, -44, -146, 262, 90, -14, 180, -60, 94, 74, -36, 80, -226, -30, -218, -94, -180, -162, 212, -102, -60, -76, -36, -170, -136, -14, 76, -76, -98, -38, -242, -28, -220, 92, 64, -108, -12, -36, 170, -68, 198, 68, 198, 240, 6, -58, -154, 80, -102, -64, -84, 46, 170, -18, 82, 128, 94, 56, 36, -66, -152, -76, -86, 30, 184, 26, 34, 226, -66, -74, -98, -68, 114, -38, 38, 144, -50, 104, 56, 138, -94, 36, -122, -198, -34, 58, 44, 26, 90, 22, -188, 92, 44, 20, -62, -38, -66, 268, 48, -10, 154, -128, -2, 244, 182, 52, -6, 34, -138, 54, 34, -104, 46, -114, -68, 242, 18, 196, 190, -2, -18, -30, -10, -26, 148, -70, -48, -2, 26, 108, -14, 124, 214, -60, 142, -104, 188, 130, -6, 152, 114, 52, 118, 132, 70, -36, 76, -18, 8, -14, 120, 208, -72, -70, 92, 154, -12, -112, -242, -82, 40, 20, 78, -68, -60, -8, -60, 20, -110, -308, 82, -56, 58, -238, 124, 198, 56, 86, 132, -66, 138, -164, 296, 192, 14, 140, -16, -120, 50, -100, 78, 46, 184, -14, 42, -72, -150, 336, 26, 116, 
138, -10, 8, -88, 182, -4, 80, 40, 116, -132, -138, 20, 70, 68, 16, 56, -46, -122, 48, -20, 74, -108, -312, 28, 70, 82, -150, -214, 12, 160, -108, -164, 42, -4, 270, 212, 30, -274, 24, 2, -16, -52, 82, 208, 274, 76, -128, 98, -66, 100, -6, 38, 94, 40, -10, -104, -6, -32, 168, 150, -310, -134, -182, -58, -140, -186, 112, -72, 96, -260, 158, 22, 94, 30, -82, -124, -98, 88, 60, 20, -104, -150, 356, 128, -72, 388, 32, 190, 84, -42, 58, 126, -14, 106, 8, -232, 188, -48, 216, -12, 132, 64, 46, -126, -224, -172, -22, 80, 30, 76, 152, -34, 14, -8, 76, 82, 46, 2, -8, -52, 138, 100, 154, 128, -58, 172, -72, 38, -228, 112, -128, -256, 252, -34, -24, 182, -64, 50, 140, 190, -312, 28, -8, -164, 46, 40, -158, 66, -88, -150, 228, -6, 56, -26, -48, 86, -54, -50, 170, -86, -20, -56, 102, -240, 106, 0, 42, 262, 86, 80, 70, 78, -80, 2, 10, -70, 24, 154, -252, -152, -234, 16, -4, 544, 10, -90, 132, -114, -270, -70, 172, -34, 86, -54, -66, 20, 46, -140, 148, 26, -134, 58, -200, -68, 24, -80, -146, -18, 84, -34, 198, 132, -182, 2, 152, -190, 142, -72, -66, -126, -42, 164, 52, 48, -4, -12, 128, 178, -164, -76, 46, -60, 178, 66, 56, -110, -38, 458, -172, -58, 146, -152, 110, 162, 86, 30, -28, -178, -48, 36, -138, 214, 62, -158, -124, -108, 114, -204, 224, 180, -348, 4, 32, 50, 208, -40, -80, -86, -72, 92, -18, 96, -40, 18, 32, -186, -48, -222, 12, 206, 106, -192, 266, 100, 338, -42, -232, 56, -180, 58, 72, -28, 134, -154, 80, 70, -110, -68, 86, -112, 70, 16, 102, -226, 42, -84, 10, 196, 198, -116, 48, -214, 250, -62, 90, -52, 60, 166, -170, 186, -32, 154, 12, 98, -74, -74, 54, -76, -56, 96, 166, 16, 64, 82, -42, 186, 10, 18, -98, 28, -266, -12, -20, 30, 186, 38, 126, -32, -92, 54, 86, -154, 18, 88, -162, 118, 68, 64, -22, 216, -62, 150, 218, -84, -86, 70, 24, -362, 4, -60, -76, -70, 120, -98, 30, -130, 128, 46, 86, 104, 122, 108, 150, 140, 120, -94, 52, 10, 88, 134, 330, 16, 68, 36, -84, 6, 36, -110, -82, -132, -28, -2, -94, -110, -110, 8, 54, 138, 118, 108, 20, -98, -52, 54, 98, -56, -110, -52, -188, -12, -110, 78, 92, -36, -156, 42, 138, 100, -188, -114, -104, -32, -136, 106, -144, 162, -12, -84, -46, -202, 32, -208, -18, 78, -80, -58, 40, 68, 136, 124, -6, -192, 152, 84, 54, 58, 6, 52, 140, 112, -66, 60, -10, 0, 148, 46, -58, 130, 206, 344, 20, -12, -162, 152, 76, -54, 74, -216, -14, 138, -150, 154, -124, 8, 126, -114, -50, 24, -130, 220, -166, -62, -270, 38, -204, -16, 284, -330, 28, -166, 
-88, -224, 24, 8, -188, -68, -190, 46, -26, -62, 112, -114, 24, 44, -28, 72, 82, 208, 44, 0, 66, 158, 122, -62, 100, -52, 172, -50, 60, -116, 168, 154, -156, 62, -134, -234, -70, 170, -210, -28, -168, -40, 24, -190, -284, -30, 180, -4, 158, -158, 252, -88, 66, -12, -108, 292, -6, -74, -122, -24, -32, 98, 34, -26, 86, 98, -54, 184, -212, 56, -166, 176, -50, 76, 102, 124, 130, -96, -28, 6, -14, 76, -176, -96, 24, -180, -26, -78, 14, -14, -98, -44, 56, -32, 16, 70, 108, 84, -104, -34, 32, -72, 224, 232, 236, 170, 176, -98, 34, 70, -40, 84, 28, 246, 108, -48, -70, 194, 82, -30, 50, 76, -82, -22, 234, -72, 78, 2, 68, -128, 354, 368, -90, -56, 42, -118, 48, -108, -118, -142, 332, -2, 56, 188, 124, 188, -84, 162, 12, 180, -134, 44, -124, -44, 60, -278, 56, 104, -106, -144, -110, 320, -18, 156, -240, 44, 212, -44, -162, 176, 40, -18, -92, 48, -84, 100, -54, -152, 52, -92, 194, -58, 30, -252, -150, -44, 16, 30, 142, 152, -80, 58, -206, -38, 136, 170, -32, 200, -52, 28, 172, -34, 98, 142, 216, -248, 186, 42, -12, 118, -78, 22, 58, -42, 14, 376, -56, -184, 34, 48, -18, -232, -154, 132, -34, -158, -26, -110, 128, 220, -106, 86, 16, 48, -314, 114, 68, -210, 240, 144, -136, 116, -88, 170, -6, 270, -30, 196, 238, -2, 140, -168, -12, -126, 202, 36, -146, 110, -240, -74, 222, 58, -40, -208, -94, -28, 356, 50, 82, 84, 184, 0, -42, -176, 68, 126, 108, 160, -44, -138, -30, 234, -356, 84, -80, 210, 80, 134, 198, 18, -126, -186, -110, 48, 24, -50, 188, 94, -70, -2, 8, -92, 8, 2, -22, 216, 166, -48, -196, 124, -160, -42, -24, 36, 54, -46, 74, -10, 186, -162, -38, -10, -114, 144, 170, 56, 118, 248, 34, -114, -12, -94, 52, -126, 70, 26, -182, -26, 168, -30, 208, -46, -226, 68, -204, -58, 52, 82, -8, 128, 18, 0, -40, 10, 74, -156, 134, 48, -4, -156, -36, -2, -104, 112, 24, -24, -172, 308, 254, 26, 72, 160, -80, 32, -54, -60, -220, 86, -140, 94, 108, 18, -178, -56, -192, 66, -86, 78, -146, -108, -322, -36, -52, 28, 200, -36, -122, 166, 118, 214, 184, 90, 52, -92, 160, 100, -78, -90, -102, 18, 244, 132, 102, 54, -182, -58, 86, -44, 290, 60, 30, 66, 32, 162, 64, 128, 62, -70, 70, -142, 68, -160, 76, 46, 78, -158, -8, -8, 10, 218, -114, 0, 110, -4, 84, -42, -68, 106, -166, -114, -64, 30, -192, -158, 34, 28, 34, 172, 12, -178, -60, 6, 148, 24, -122, 24, 154, 46, -138, -178, 0, 106, 68, 56, -4, -130, -122, 162, -12, -86, 242, -84, 48, -84, 38, 116, 98, -126, 40, -138, 142, 8, 210, 148, 50, 136, -152, 128, 14, 218, 
222, 42, -152, -22, 42, 240, 106, 102, -82, 68, -186, 128, 146, -34, 84, 78, -166, -78, -264, 86, 58, -88, -148, 188, -58, 68, 22, -10, -32, 90, -2, -108, 166, -52, 210, 88, -188, -108, 168, -30, 132, 120, 78, 54, 158, -48, -8, 70, -98, 160, -52, 24, 50, 56, -86, -232, -40, 166, 184, 2, 8, 124, 94, 70, -126, -24, 60, 20, 128, 60, 64, -256, 68, -124, 126, 60, -28, 178, -90, -94, -84, 56, 228, 156, -126, 248, 152, 80, 46, 258, 4, -34, -38, -148, 86, -2, -166, -194, -92, -22, 26, -172, -130, -128, -166, -26, -300, 208, 12, 22, -112, 0, -6, -200, -32, 140, 240, -142, -204, 88, -86, -102, 124, -30, 34, 102, -238, -174, 48, 116, -122, -400, 12, 238, -148, 174, 0, 170, 184, 290, -224, -4, 70, -104, -10, 8, 172, 60, 36, 42, 150, 28, -94, 124, 6, 156, 208, -30, 94, 184, 210, -174, -96, -150, 116, 46, -194, 214, 202, -32, 18, 100, 160, 32, 60, -14, 132, 70, 74, 276, -102, 192, -46, 216, 144, 64, -158, 82, -48, 60, -16, 12, 184, 112, 106, 122, -54, 74, -172, 2, -330, -170, -118, -34, -104, 228, -106, -162, 160, 60, 62, 174, -126, 82, 90, -174, -4, 156, 4, -78, 224, 66, 200, 36, 76, 170, 182, 60, 118, 52, 140, 44, -80, 68, 220, 96, -180, 114, -198, 156, 58, -12, 146, -50, 22, -186, -68, 114, -162, -164, 10, 150, 120, -38, -88, 60, 244, -10, 192, 48, 6, -58, 92, -40, 8, -118, -162, 30, 2, 28, -322, -56, 122, 6, -66, 152, 26, 82, 96, 216, 48, -300, 422, 70, 196, -232, -48, -34, -44, -34, -78, 76, 6, -58, 38, -4, -32, 72, 56, 50, 104, -14, -72, 32, 78, -40, -14, 238, 254, -140, -90, 64, 98, 128, -6, 24, -96, 150, -14, 172, 158, 114, -48, -36, -134, 36, -70, -182, -84, 172, 8, 48, 8, 86, 40, -156, 284, 36, -176, -80, -36, 26, 32, -76, 286, -138, -344, 24, 32, -122, 60, -72, 62, -2, 18, 166, -28, -260, 132, 168, 82, 54, -48, -94, 180, -10, 316, -140, 64, 28, -84, -54, 168, -32, -14, 54, 104, 26, 134, -156, -238, 92, 54, -52, 352, -62, -52, -10, 182, 132, 44, 38, -60, 32, -108, 4, 112, 138, -58, -178, 36, 10, -88, 242, -84, 76, 104, -32, 110, -134, -206, 108, 76, -44, 102, 42, 28, -18, -288, -64, -30, 206, 38, -54, -204, 70, -36, 82, -164, 198, -70, 40, -78, -70, -66, 118, 20, 88, 60, 20, 42, 84, 22, 310, 58, 36, 180, -28, 140, 172, 170, 16, 92, 104, 180, 234, 18, 124, -152, 272, 30, -32, -132, -178, 184, 46, -200, 76, 182, 216, 60, -72, -12, 10, -26, 18, 82, -2, 110, 66, -74, 56, -12, 140, 108, -40, 76, 8, -62, 214, -176, -76, -224, -198, 16, 112, 276, 70, 66, -82, 
-248, 182, 12, -76, -72, -114, 52, -82, 96, -64, 196, -62, 90, -44, -186, 138, 50, 124, 290, -104, -70, 96, 188, 106, 50, 10, 10, 108, 94, -2, -6, 98, -248, 86, -138, 82, 162, 32, -12, 42, -44, 6, 50, -18, -72, -100, 148, 48, 250, -126, 14, 110, 102, 152, 10, -16, -6, -28, -54, 50, 80, -46, -122, -92, 270, 192, -50, 42, -66, 182, 26, 178, -8, 34, 20, -86, 90, -50, 86, 34, 40, 72, -140, -76, -38, -214, -20, -182, 94, -268, 24, 94, 12, -10, 68, 72, -28, 202, 120, 52, 50, 104, -60, 144, 152, -30, 114, -50, 76, 72, 88, -102, -12, 6, -156, 0, -310, 238, 54, 36, 134, 212, -82, -44, 86, 74, 4, 44, 18, -76, -48, 290, 52, -196, -46, -2, -32, -148, -254, -292, 116, 40, -68, 164, -78, 30, -94, -156, 186, -42, -74, -156, 232, -232, 332, -58, 34, -118, 142, -104, -198, 176, 260, 298, -182, -6, 62, -78, -202, 72, -70, -18, -46, 70, -140, -96, -128, 60, -108, 64, -84, 44, -92, -142, 76, 50, 214, 18, 42, -46, 56, 6, -88, -34, -84, -92, 190, -72, -78, 30, 118, 258, 316, -54, -84, -222, 154, 72, -162, -160, 76, -92, 186, -202, 14, 194, -56, 26, 14, 176, 12, -80, -66, 26, 142, 68, -48, 52, 20, -66, 196, -34, 112, -168, -218, 92, 34, 72, -74, -152, 24, 4, -168, 156, 30, 118, 42, -86, 148, 20, 24, 0, -208, 110, -98, -12, -50, 20, -250, -22, -170, -10, 60, 168, 132, -110, 158, -62, 312, 262, 236, -110, 154, 64, -44, 34, -44, 106, -80, -52, -122, 268, -228, -158, -70, 212, 62, 192, 224, 300, -12, 30, 62, 154, 114, 40, -24, -170, -58, 74, 76, -100, -14, -74, 48, -18, 120, -146, -112, 32, 64, 156, 68, -142, 262, 180, -20, 32, 30, -26, -136, 0, -218, 144, 214, 78, 26, 148, 128, -232, 28, -160, -58, 32, -42, 102, -168, 74, 234, -86, 68, 18, 122, -50, -92, 134, 300, -160, -8, 56, -22, 0, -8, 28, 100, -150, -72, 182, -222, 70, -92, -60, 8, 34, -108, 216, -76, 140, -78, -72, 140, 88, -94, 80, -142, 50, -178, 28, -66, 224, 64, 142, 40, 102, -238, 116, 76, 18, -162, -96, 84, -24, 186, 156, 38, 76, 116, 20, -8, 270, 20, 74, -126, -276, -8, -22, -76, -66, 90, 238, 56, -122, 40, 222, -40, -24, 44, -30, 170, 4, 144, 68, -176, 102, 50, 86, 46, 34, 92, -18, -26, -4, 22, -164, 140, -104, 242, -174, 38, 40, 116, 74, 82, -108, 56, -24, -12, 98, -4, 20, -80, -2, -20, -176, -104, -126, 24, -6, 160, -98, -180, 38, 14, 232, -24, 34, 108, -64, -266, -76, 182, 84, 54, 138, -28, 16, -20, -50, -192, 188, 140, -28, 180, -134, -100, -34, 12, 264, 114, -120, 82, -48, 20, 132, 46, 94, -108, 144, 26, 20, 
120, -124, 92, -48, 90, 162, 42, -22, -116, 88, -28, 38, -104, -106, 106, -164, 42, -238, -262, 258, 20, -108, -278, -176, 122, 192, 130, -96, -78, 58, 156, -92, 104, -58, 158, -82, 28, -142, 54, -154, 76, -4, 20, 108, -8, 104, -158, 126, -154, 184, 10, -36, 52, 8, 108, -102, -38, 114, -116, -114, -94, 84, 10, 72, -118, -86, 384, -26, 0, -72, 192, -70, -26, -38, -28, 160, 68, 106, -130, 16, 34, -46, 212, 122, 56, 60, -24, 72, -22, 32, 26, 80, -30, 16, -40, 10, -20, -176, -208, -28, -26, -260, 118, -246, -114, 86, -92, -20, -168, -262, 42, 96, -52, -54, -58, 130, 276, -120, 30, 64, 20, -362, 160, -130, 180, -32, 76, -68, -86, 108, -86, -118, -110, 274, 184, 68, 26, 348, 270, 178, -62, 16, 230, 42, 60, -130, -68, 182, -80, -60, 138, 142, -48, 224, -122, -10, 156, 238, 0, 148, 346, -150, 22, -212, 114, 160, -196, 8, 48, -76, 144, 86, -36, 44, 286, 70, 276, -48, 302, -114, 150, 38, -28, 352, 38, -52, 108, 178, 178, 38, 94, -32, 182, -62, 30, 238, -90, 60, 26, 80, -52, -258, -58, 140, 6, 82, 28, 22, 80, 180, 96, -90, -110, 146, 128, 0, 160, 6, 116, 102, 98, 204, 230, 38, -104, 76, -26, -66, 108, -14, 60, 126, -88, 100, 200, -14, -174, -10, 182, 334, 160, -164, 204, -92, 50, -42, -240, 134, 116, -126, -22, 30, 178, -230, 188, 34, 234, -82, 330, 28, 178, 130, 2, -96, -136, 16, -82, -68, -110, -286, -28, 174, -56, -40, 46, 234, 64, -224, 156, 228, -34, -170, 274, 156, 30, -204, -112, -130, -90, 96, 62, 28, -162, 2, 8, 152, 140, 54, -28, -80, 134, 318, -14, 236, -12, 214, 12, 174, 104, -22, -218, -138, -86, 54, -158, -154, 100, 264, 36, 198, 32, -20, 16, -184, -50, -46, -22, -96, -132, 216, 128, 78, 90, -62, -16, -38, 142, -148, 4, 54, 32, -48, -20, 174, 100, 98, -132, 118, 44, 84, 30, 212, -140, 148, 178, 100, -50, -34, 288, -66, -78, 20, -72, -162, 306, -194, 394, -42, 40, 56, -158, -232, 12, 190, 112, -266, 344, 236, 0, -100, -20, -34, -4, 22, 150, 96, -110, -104, 182, -48, -70, 156, -106, 74, 72, -100, -214, -114, 112, -18, 24, 26, 88, 78, 30, 110, 64, -26, 132, -232, -58, 48, -24, -192, 136, 196, 242, -18, -86, 142, -210, -40, 348, 40, -66, 30, 98, 88, -46, -62, -12, -140, 18, 104, -108, 290, -158, 36, 48, -154, 38, -282, 122, 144, 116, 254, 36, -12, 12, -14, 186, 184, -30, 116, 202, 162, -34, -6, -86, 118, 86, -76, -4, -118, -210, -92, -126, -58, 66, 120, -228, 94, 70, -158, 10, 60, -28, 88, -30, -132, 16, 126, 4, 176, -40, -198, 12, 2, -204, 172, 20, 78, 88, -44, 4, 14, 74, -286, -140, 52, 
18, 190, 20, 162, -182, -202, 44, 108, 196, -24, -60, -186, 48, 194, -36, 56, 150, 232, 130, -144, -22, 66, 210, 92, 40, 92, 66, -36, -68, -6, -142, 72, 12, -12, 106, 124, 84, 176, -38, 212, -12, 18, 6, 246, 0, -42, 98, -50, 226, -146, 56, -76, 166, -144, -82, 84, 118, 32, 42, 142, 178, -100, -204, 82, 4, -8, -414, 38, -14, 134, 16, 76, -12, 84, 152, 36, 58, 136, 36, 10, -68, 170, -198, -2, -106, -156, 56, 136, 158, -136, -144, 50, 32, -116, -22, 104, -104, 2, 292, 30, -74, 118, 12, 40, 66, -162, 72, 124, 254, 398, 26, -116, 106, 154, 4, 48, -76, 164, 132, -82, 86, 188, -164, 248, 64, 126, -56, 16, 94, -138, -68, 134, 264, -12, -80, 42, -94, -126, -200, 56, 178, 4, -108, -92, -146, 218, 58, -156, 168, 186, -44, -102, -10, -72, 154, -36, 90, -50, -78, 238, -258, 174, 54, 152, -92, -54, 304, 144, 2, -58, -52, 16, 68, -50, -284, -118, -144, 88, -84, -134, -128, 98, 38, -186, -134, 70, 64, 14, 8, -54, 136, 42, -118, 88, 106, -86, -88, 80, 24, -64, 178, 266, 136, -14, -126, -74, -4, -82, -138, -38, -144, 184, 22, 96, 124, 176, -134, -124, -204, -12, -84, -224, -126, 34, 84, -288, 166, 24, -180, 218, -34, -200, 130, -80, 100, 106, 20, 26, 94, 174, -100, 112, -36, 64, -30, 148, 262, -198, -122, 92, -2, -166, -244, 202, -248, 154, -136, 50, -132, 0, -128, -74, 140, -74, 184, 28, 134, -44, -24, 166, -92, -60, 130, 0, -44, -44, 12, 130, -62, -266, 36, 120, -128, -56, 176, 182, 54, 222, 216, 34, 78, 120, -108, -150, -76, -108, -110, -18, -44, 228, -108, -32, 70, -338, -164, -166, 116, -280, -12, 72, 184, 78, -24, 250, 190, 366, -130, -70, 68, 10, 16, 182, 118, 8, 2, -112, 114, 46, 166, 152, -198, -60, 52, 14, 72, 260, 46, 126, 14, -112, -158, -26, -50, -174, 274, -98, 72, -102, 50, 28, -4, -90, 50, 2, -46, 100, -18, 114, -182, 74, 34, 20, 104, 126, -98, 86, -10, 0, -2, -46, 146, 114, 4, -198, 100, 288, -172, -170, -10, 18, 162, 252, -108, 0, -72, -56, 38, -54, -154, -36, 66, -90, 122, 142, -144, 76, 416, 22, -12, -30, 166, 66, -42, 0, 240, -60, 70, -22, -16, 146, 76, -6, 4, 172, -108, -82, -342, 38, 122, -200, 120, 32, -94, 242, 48, 4, 50, 82, 60, 36, -24, 32, 16, 20, 226, -60, 192, -140, 46, 232, 66, 188, -24, -106, -132, -162, -28, 60, -40, 80, -332, -86, -58, 116, -78, -134, 108, -52, 58, -10, -36, 46, 50, 102, 124, -44, -8, -102, -100, 54, 124, 2, 6, 254, -36, 4, 100, 18, -164, -94, -216, -234, 164, -36, -34, 218, 26, 122, 92, 66, -26, 34, 26, 74, 114, -96, 32, 354, 242, -156, 
44, -32, 20, -48, 190, 66, 34, -160, -192, 92, 56, -52, -56, -98, 96, -152, -158, -166, -130, -2, -34, -8, -104, -20, 180, -178, -126, 8, -22, 96, 8, 90, 4, 48, -104, -22, -8, -26, 116, -182, 208, 116, -150, -128, 36, 76, -70, -62, -214, 164, -84, 8, 166, 146, 172, 112, 76, 36, 82, 8, -144, -28, 54, -74, 142, 40, 358, -28, -36, -36, -110, -78, -42, 2, -134, -56, -6, 44, 14, 60, 150, -114, 154, 46, 118, 140, -20, -92, -236, 118, -50, -194, -102, 252, 44, 166, -42, 28, -162, -74, 268, -30, 58, 84, 164, 64, -94, -122, 2, -134, -164, 112, -22, -34, 206, -48, 138, -212, -6, 98, 92, -206, 30, -178, -6, -232, -70, 128, -18, 134, 30, 56, -124, -76, 134, 54, 68, 102, 150, 4, -34, -24, 90, 272, 146, -48, 74, 138, -174, -98, 192, 300, 74, 220, -110, -142, -72, 232, -12, -252, 88, -232, 24, -256, 22, 72, -102, -128, -14, 14, 162, 82, -66, 72, 172, 56, -70, 42, 206, 64, 52, -44, 86, 222, 158, 94, 134, -102, 76, 132, 72, -22, 198, -24, -174, -20, 82, 10, -240, 44, 92, 96, -170, -10, 246, 52, -16, -62, 58, 38, 146, -348, 80, -136, -48, -48, -22, 38, 44, 34, 122, 246, 198, -140, -284, 106, -48, -144, 204, -208, -24, 76, 44, -50, 18, 254, -4, -138, -66, -14, 266, -46, 168, -48, 132, -78, -230, -4, 216, -180, 134, 56, 362, -104, 90, -80, 72, -32, 52, 104, 44, -12, -38, 12, -222, -152, 52, 342, -86, -34, 50, 64, -240, 22, -88, 122, -182, -118, -24, 206, -48, -140, 134, 20, 74, -222, 0, -66, -266, 48, 26, 44, 148, 82, -52, 136, 120, 150, -70, -184, 94, 78, 156, 168, -2, 158, -70, 132, -62, 86, -54, -90, 212, -8, -142, -290, -10, -128, 2, -60, -54, -188, 46, -228, 104, 30, -210, 250, -112, -46, 70, 92, -128, 70, -88, -308, 70, -58, 128, 146, 144, -36, 10, 234, -94, 138, 32, 40, -54, 72, 60, 30, -38, 110, 26, 84, 64, 24, 192, 38, 66, 42, -196, -184, -98, 60, -18, 70, 96, 134, -24, -252, 52, 152, 0, 4, 104, 222, -32, -44, 20, 0, 188, 96, 16, -164, -18, 246, 210, 238, -72, -102, -112, -124, 76, 30, -176, 54, -6, 102, -6, 60, 54, -164, -260, 174, -44, 90, 164, -78, -130, -40, 92, -148, 96, 134, 88, -100, 106, -64, -32, 134, 176, -190, 64, 196, -56, 148, 38, 40, 146, 114, 108, -34, 84, 62, -186, 22, -28, 64, -8, -30, 58, 166, 246, 182, 72, 74, -28, -114, 310, 58, 146, -4, -28, 56, -62, 36, 214, 94, -28, -52, -110, 10, -80, 30, 224, 70, 80, 170, -62, 98, 40, -188, 36, 216, 76, -2, 312, -6, 258, 146, -64, 70, -24, -146, 22, -94, -100, 104, 22, -4, -38, -100, -68, 122, -46, -298, -162, 22, 
-64, -34, -114, 48, -208, -120, 0, 338, 178, 4, 76, 212, 156, 140, -42, 196, 28, 126, 150, -26, 6, 178, 52, 118, -108, 258, 266, 8, 62, -148, 88, -4, 90, -52, 108, -90, -64, 40, -66, 18, 44, -66, 202, 222, 16, -176, 132, -194, 290, 8, 72, 116, 26, -88, 12, -196, -6, 116, 62, -58, 54, -4, -68, -52, -36, -12, -228, 256, -114, 14, 88, -22, 196, 74, -28, 226, 20, -82, 52, -124, -74, 156, -156, 174, 172, -84, 28, 298, 182, -46, 80, 30, 0, -24, 88, 26, 42, 56, 82, 44, -150, 22, 6, -116, -48, 142, -20, 24, 188, 284, 176, -18, -126, 4, 42, 70, -108, 330, 18, 28, 94, 240, -12, 94, -100, 150, 152, -118, 68, -98, 36, 240, 116, 118, -22, -8, 44, 70, 10, 8, 42, 6, 42, -146, -172, 106, 160, -10, 150, -146, -106, -130, -66, -196, 168, -8, 184, -160, -52, 64, -90, 26, -40, 148, 58, 30, 122, 164, -132, -208, -2, 24, 136, 118, -114, 140, -56, -74, -122, -90, -32, 66, -122, -66, 126, -230, -110, 272, -86, 48, 48, 138, 24, -156, 144, -174, -128, -100, 200, 30, -18, 88, 188, 212, -50, 88, 182, 52, -68, 246, -184, 104, 58, 104, 136, 98, -4, -96, -110, 70, -220, -192, 40, 36, 444, 38, 26, 320, -198, 210, -64, -14, 188, -16, -132, -116, 192, 66, -88, 30, -88, 22, -170, 138, -32, 192, 14, -114, -152, 144, -238, 40, -264, 104, 32, 144, -20, 136, 64, 172, 114, 140, 26, 18, 182, 226, -30, -80, -52, 164, -52, 100, 356, 170, 182, -204, 112, 96, 60, -42, 306, -64, -212, -114, -166, 238, 158, 60, 194, -4, -50, -34, -158, 54, 212, -74, 20, -66, 32, -50, 52, -168, -188, -52, 6, -6, 108, -80, 170, -124, 100, 254, -140, 182, 168, 220, 218, 58, -2, 178, 172, 178, 60, -8, -88, -218, 66, -36, 166, -120, 56, -94, 94, -40, 28, 280, 44, 80, 112, -220, -40, 182, 52, -52, 148, -32, 24, -12, 56, -68, 136, -58, -52, 10, 66, 26, -58, 38, -84, 56, -158, 132, 214, 94, 110, -40, 136, 50, 66, 12, -136, 136, 96, -254, 74, 34, 50, -34, 150, 80, -60, -18, -40, -14, -80, 118, 212, 76, 54, -46, -62, 48, 152, 162, -138, -52, 62, 82, -84, -54, 102, -18, 42, 242, 352, 58, -40, -102, -58, 148, 56, 212, -178, 156, 94, -78, -40, -6, 18, 122, -48, -50, -140, 56, 96, -102, 58, -10, 220, 204, -156, 42, -56, 108, -124, 12, 26, 10, 162, -196, 56, 2, 82, 74, -6, -182, -98, -42, 106, 38, -34, -106, -62, 14, -36, 136, 126, -122, -94, 76, 52, 90, 80, 242, 74, 20, -62, -14, 32, 166, -8, -6, 150, 72, -94, -126, 76, -106, -158, 146, -160, -200, 66, -174, 234, 116, -206, 130, 98, -188, -20, 70, 74, 114, 28, 12, 212, 222, 132, 158, 
50, 104, 62, 70, -4, 160, -22, -234, 34, 202, -160, -8, -16, -64, 176, -8, 2, 68, -84, -88, -100, -128, 68, -286, 216, -72, -66, -174, 204, 34, -40, -16, -138, -4, 120, 36, -12, -104, 78, 164, 152, 230, -74, -188, -140, -68, -30, 86, -56, 22, -100, 188, 40, 4, 8, 340, 50, -108, 88, 170, -248, 36, 216, -68, -34, 40, 200, -186, 256, 140, 134, -32, -158, -20, 52, -70, -50, 44, -106, 134, 128, -16, 152, 28, -64, 140, 52, 40, -22, 160, 10, 96, -2, 140, -116, 2, 64, 120, 40, 10, 138, -68, -236, 144, 76, -8, 40, 228, -68, -92, -22, 40, 0, 92, -36, -8, 188, -86, 28, 8, 202, -204, -12, 108, 128, 22, -118, -22, 16, -42, -122, -66, -126, 18, -54, -18, 128, 144, 82, -92, 170, 200, 220, -12, -58, 64, -12, 8, -34, 186, 222, 184, 136, 60, 36, -18, -212, -68, 128, 64, 104, -28, 120, -196, 116, -58, 146, -130, 174, 122, 222, 40, -178, -182, 136, -36, 24, 62, 28, -116, 8, 24, 166, -58, -200, 286, 34, -230, 48, 172, 72, -314, -82, 66, -98, 112, 28, -40, -74, -34, -8, -32, -54, -180, -34, -10, -198, 88, 60, -74, 64, -40, -180, 0, -4, -36, 206, -2, 90, 116, 322, 248, 150, 190, -324, -72, 2, 8, 94, -170, 2, 82, -114, 150, 184, -72, -74, 44, 72, 54, 164, 168, 14, -198, 54, -100, -46, 40, 8, -108, 190, 42, 322, -162, -70, -58, 148, 0, -150, -150, -4, -188, 60, 156, -176, -92, 44, 30, 164, -74, 132, -104, -256, -44, -42, 204, -166, -50, -42, 90, -226, -40, 140, 220, 208, -112, -316, 50, -66, 66, 248, 32, 268, 158, -200, -98, 56, 240, -4, 68, -178, 132, 96, 168, 174, 74, -94, -48, -4, -70, 244, -250, 140, 154, 2, -148, -136, -128, 28, -154, -172, -58, -122, -20, 30, 168, -186, 170, 108, 272, -126, -68, -204, -116, -78, -256, 66, 100, 106, -32, -86, 114, -10, 112, -62, 66, -178, 72, -44, -10, 116, 110, 50, 70, 74, 22, 108, 112, 12, -108, 368, -56, -170, -272, -84, -14, -164, 64, -24, -32, 276, -22, 8, 218, -78, -56, -8, 72, -234, 82, -96, 46, 96, 170, 140, -34, -104, 90, -104, -16, 88, -88, -168, -70, 136, 150, -190, -52, 118, 38, -80, -86, -4, -60, -238, 12, -32, 140, 10, -100, 56, -222, 190, -54, 66, -60, 16, 70, -110, -124, 184, 102, 26, -154, -124, 58, -42, -40, 6, -156, 50, 30, 178, -178, 30, 162, 158, 70, -34, 104, -116, 2, 70, -200, 12, 154, 140, 94, -122, 30, 10, 30, 194, 70, 26, -84, -76, 306, -64, 50, -4, 10, -136, -98, -96, -86, 16, -48, 72, -76, 0, 52, -92, -96, 214, 200, 6, 120, 8, -78, 54, 284, 10, 220, -50, 60, 244, -56, -98, 142, 76, 94, -6, -52, -40, 8, -72, -110, -120, -128, 
34, -280, 168, -146, -106, -128, 72, 230, 38, -152, 240, 18, 40, -8, -330, -16, -28, -84, 264, 188, 24, 24, -36, 126, -102, -16, 212, 120, 128, -34, 78, -64, 162, 98, -60, 8, -132, 274, 144, 62, -58, -166, 138, 204, 70, 66, -8, 158, -164, 86, 188, -86, -16, 178, 18, -180, 52, 16, 14, -132, 156, -20, -178, -18, -54, 78, 22, 304, -182, -110, 134, -24, -8, 94, 232, -112, 144, 114, -98, -16, -236, 136, -56, 68, 288, -44, 86, 202, 186, -32, 128, -82, 10, -70, 88, 90, -216, -168, -4, 66, -182, 122, 232, 76, -20, 52, -40, 12, 60, 312, 116, 154, 180, 128, 40, 60, -50, 146, 222, 38, -116, 22, -66, -6, -124, 58, -66, 78, 48, -110, 18, 42, -90, -112, 172, -32, 6, -180, 66, 200, -70, 88, -40, -80, 244, -86, 84, -220, 80, -98, -146, -96, 12, 46, -116, -2, 218, 140, 56, -152, -18, 2, 58, 122, 134, 32, -118, -26, -166, -240, -136, 188, 20, 184, -106, -32, -28, 60, -30, 92, 154, 60, 236, 58, 206, -98, -8, 256, -170, -68, 122, 254, 286, 52, 14, -24, -38, 194, 36, 42, 86, 62, 102, 46, 144, 56, 148, 28, 80, 0, 132, 82, 184, -56, 12, -10, -174, -58, -4, -70, -236, 20, -238, 148, 270, 42, -20, 140, -150, -6, 154, -28, 150, -352, -246, 162, 50, 70, -12, 22, 14, 16, 92, 76, 78, 138, 88, -58, 270, 150, -142, 28, -228, 148, -144, 180, -200, 38, 54, 100, 112, 104, -200, -138, 128, -152, 184, -106, -70, 32, 0, 58, 176, 170, 192, -266, 160, 128, 182, -28, 352, 140, -180, -34, -288, 126, 138, 14, -88, -140, 42, 142, -114, -134, 150, 98, -66, -104, -12, 142, 20, -146, -176, 18, 32, -84, 162, 14, 158, 92, -86, 286, -20, 172, -114, 46, 94, 46, -68, 48, 152, -36, -48, -28, -82, -94, -16, -284, -4, 24, 54, 6, 66, 142, 168, 158, 2, 100, -30, -124, -130, -18, 64, -106, 104, 122, 252, -120, 256, -34, -24, -20, -72, 46, -66, 124, -206, 114, 72, 184, -308, -132, 112, 266, 190, 124, 24, 78, -52, -24, -134, 4, -106, -104, 50, 6, 64, -160, 222, -6, 78, 144, -54, 46, -66, 32, 274, -34, 56, -18, -234, 126, 142, -104, -184, 4, 22, 0, -242, -12, 172, 24, -10, -126, 206, -42, -16, -60, -184, 210, 96, 168, -272, 162, 20, -86, 238, 42, 82, 66, 40, 0, -98, 112, 300, 32, 58, -2, -16, 284, 52, 172, -60, 116, -126, -58, 64, 70, 164, -200, 10, 156, -8, 114, 108, -274, -8, -2, 156, 94, -150, 16, -248, 164, -44, 120, 56, 10, 32, -114, 48, 182, 132, 46, -28, 98, 26, 68, 84, 44, 80, 76, -130, 166, -168, -86, -88, -72, 32, 44, 86, -146, 70, -138, 82, -84, -88, 132, 94, -118, -44, 124, 24, -32, -114, -18, -108, -140, 6, 176, 
106, 348, -156, 136, -204, 114, -28, -54, -178, 302, -98, -110, -150, -30, 374, -80, 86, 160, 30, -58, -4, 4, 104, 122, 120, -114, -56, -124, -254, 172, -82, -34, -92, 2, -50, 184, 40, 62, -40, -82, 80, 356, 48, -72, -90, 4, 148, 42, 152, -108, -48, 40, 116, -150, -74, 228, -112, 12, 60, 218, 2, 252, 290, 166, 92, -124, 56, -88, 136, -30, -152, 48, -50, -88, -202, 126, -64, -20, 66, 80, 286, 10, 28, -26, -336, 54, 42, -114, -50, 18, -40, 136, -194, 78, -68, 10, 334, 236, -24, 124, 112, 40, 122, -60, -28, -44, 208, -18, 124, -240, -12, -22, -120, -2, 52, -60, 62, -40, -20, -320, 28, -18, 132, 82, 336, -260, 60, -200, -14, 142, 36, 94, -68, 192, 152, 172, 6, 216, -130, -6, -64, -182, -72, 88, -204, -58, 130, 220, -120, 102, -18, 98, 28, 66, 144, 66, -4, -16, -42, 94, -6, -32, -28, -56, 118, -18, 126, 22, 170, 170, 132, 44, 168, -38, 0, 52, 24, 16, -54, -10, -78, -208, -204, -76, 186, 20, 48, -162, 94, 158, -166, -16, -198, 120, -90, 18, 114, -210, -28, -186, -98, -86, 80, -32, -68, 8, -42, -140, -92, 66, -212, 38, 126, -66, -110, 54, 380, -152, -60, 132, -40, 20, 138, 74, -120, -82, 52, -6, 162, -114, -20, 176, -74, 320, 72, -94, 106, 86, -30, -14, 124, 56, -140, 82, -108, -114, -114, 182, -228, -66, 180, 104, 178, -140, 98, -112, 210, -92, 146, 8, -52, 4, 168, 30, -114, 10, -78, -76, 170, 134, 114, 2, 24, 10, 4, 10, -40, -110, -24, 160, -68, 10, 190, 86, 176, 50, -106, 2, 112, 136, 54, 32, 22, 206, -62, -60, 96, 0, -136, -242, -136, 122, -4, 48, 174, 36, -170, -56, -34, -96, 88, -74, -10, -94, 16, 68, 40, 20, 138, 86, -144, -10, -8, 36, 108, 84, -44, 226, -34, 84, 26, 60, -106, -38, 14, -248, -34, 4, 86, 120, 12, 182, 160, -42, 0, -30, -74, 322, -156, 4, -18, 34, 112, 136, 116, -22, 140, 40, -18, -94, 88, 122, -152, -254, 4, 16, -24, -164, 68, 114, 154, 48, 78, -102, 44, 34, -52, 258, -338, -36, -4, 42, 218, -44, 106, 52, -214, 158, 156, -48, 148, 24, 34, 90, 236, -4, 112, 94, 16, 138, -96, 20, 58, 64, -30, 202, -116, -8, 52, -268, 6, -2, 34, -54, -58, 272, -82, -42, -80, 4, 166, -66, 118, -26, 56, -38, -14, 108, 88, 14, -194, -180, 210, -158, 80, 140, 54, -142, -86, 184, 92, -160, 178, 10, -76, 198, -8, 136, -204, 74, 104, -28, -24, -126, 126, -262, -12, 42, 18, -64, -78, -86, -102, 176, 76, 60, 132, 66, -78, -50, 50, 48, 112, 16, 144, -44, 66, -120, 130, 190, 76, -100, 104, 236, 50, 206, 36, 0, -30, 158, -46, 82, 150, 34, 96, 96, 84, -48, 46, -110, 
-40, -162, -116, -178, 140, -82, -178, 98, 268, 30, -28, 42, 118, -22, -172, 90, 4, -226, 72, 108, 80, 38, 196, -226, -74, 140, 176, 94, 166, -226, 16, 0, -40, 22, -218, -30, -18, 50, 2, -126, -44, -228, 96, 46, -42, -36, -168, -70, -16, 76, -152, 52, 36, 78, 70, -112, 310, -30, -16, -106, 72, -130, -242, -188, -38, 112, 150, 238, -24, 134, 144, 58, 204, 212, 50, 98, -26, 184, -66, 14, -210, -70, 18, 102, 336, 156, -106, 22, 12, -98, 194, 50, 106, -24, 12, 84, -314, 178, 116, -172, -38, 122, -166, 46, 36, -34, -186, 42, 40, 136, 10, 140, 130, 6, 196, -52, 8, -54, 56, 34, 46, -60, -44, -48, -152, 250, -4, 230, 10, 28, -182, 76, 80, -80, -64, -84, 104, -32, 106, 180, 110, -6, -4, 104, 190, 28, -48, 118, 120, -82, -36, 98, 76, -68, -126, -40, -110, 8, 152, -36, -152, 8, 18, 172, -44, 104, -100, 48, -86, -24, 66, -22, -42, 76, 64, -42, -30, -32, 150, 104, 42, 20, 202, 166, 98, 46, 24, 18, 46, -228, -62, -8, 82, 130, 58, 32, -330, 216, -38, 358, 194, -54, -190, -12, 138, 114, 138, 20, 28, -44, 314, 272, -44, 14, 156, 52, -24, -50, -62, -8, 68, -50, -176, 34, 44, 2, 154, 14, -96, 74, 144, -148, -30, -144, -50, 162, 142, 22, 38, 132, -224, -78, 72, -38, 150, 22, 292, -146, -102, 90, -88, 70, -210, 108, 16, 146, -10, -100, -108, 278, 12, 54, -210, -38, 44, 92, -86, -84, -40, -124, -70, -36, -46, 12, -142, -8, 24, 168, -76, -102, -34, 138, -174, -118, 74, -138, 106, -4, -206, -234, 118, 82, -38, -108, 94, 62, 60, -170, -32, 180, -130, -44, 64, -54, -54, -42, 262, -152, 24, 70, 22, 112, -48, 134, 4, -84, 106, 4, -134, -44, 118, 16, -40, -116, -136, 78, -20, -164, 154, -70, 18, -68, 254, 22, -52, 286, -254, 58, -80, 10, 142, -46, -98, -28, -62, 82, 124, -268, 14, 110, -8, 30, -68, 20, 144, -36, -166, 142, 196, 124, -84, 100, 98, 80, 88, 198, 190, 362, 132, -106, -56, 156, -16, 102, -206, 84, 18, -246, 204, 34, 176, -146, -96, 196, 42, 102, 142, -66, -46, 246, -28, 22, 84, -146, -122, -114, -102, -112, 278, -44, 88, -82, -72, -52, 106, -232, 180, -6, -228, 162, 2, 94, -72, 166, 196, -398, 54, 74, 8, -78, -308, 110, -60, 156, -70, -2, 74, -50, 0, -72, 106, 184, -172, 84, -74, -34, 78, 188, -34, -82, -66, 70, -42, 172, 156, -232, -6, -244, 190, -116, -114, 118, 10, 174, 78, 182, 136, 172, 98, -38, 226, -228, -8, -186, 52, -28, -134, -32, -40, -20, -52, -76, -28, 20, -88, 26, 86, 24, -196, -122, 92, 94, -2, -242, 6, -38, -34, -2, 118, -24, -30, -142, 16, -56, -114, 120, -80, -128, 98, 50, 
108, 190, 80, 68, 46, -28, 38, 30, -302, 196, 46, -154, -46, 22, 176, -132, -32, 84, -36, -90, -16, 74, -104, 188, 156, -208, -88, -204, 12, 62, -164, 84, 112, 104, 76, 16, 60, -56, -48, 34, -148, -80, -18, 190, 108, 24, 202, -160, -28, 108, 80, 90, 48, -148, -222, 10, -158, -28, 56, -70, 154, 68, 316, 194, 106, 64, -120, -214, 6, -154, -20, -64, -144, -220, -54, -106, 56, -222, 44, -12, 54, 118, 88, -172, -88, 78, 130, -162, -6, 188, -50, -78, -28, 96, 2, 26, 216, -180, -140, 118, 230, 32, 230, 158, 58, 168, 270, -176, -14, 22, 72, 4, 114, 24, 2, 78, 58, 114, -20, -44, -26, -16, 228, 64, 190, -110, 48, -194, 166, -92, -4, -4, 48, 122, -20, 234, -72, 82, 130, -140, -278, 98, 90, 54, -86, 180, 76, -76, -112, 92, 66, 42, 106, 48, 50, 70, 140, 44, 12, 74, 14, -8, 86, 140, 14, 34, 46, 54, 18, 72, -24, 58, -22, -78, 34, 4, 124, 100, -24, -128, 112, -20, -54, -18, -132, -80, 28, -132, 30, 10, 158, 26, 140, -76, 238, 42, 360, 22, -66, 6, -126, 36, 368, -48, -188, -80, -54, -132, 12, 74, -242, -46, 314, 92, -64, 252, -30, -2, 26, 22, -216, 314, 110, 204, 70, 70, -230, 96, 46, 214, -398, -28, 90, 250, -92, -152, 24, 22, -8, -146, -4, 4, -20, 14, 34, 68, -282, 262, 244, -112, 134, 10, 154, 80, -110, -70, 26, -32, 106, -90, 4, -18, -30, -68, -70, 56, 152, 130, 46, 330, 110, -12, 176, -36, 236, 32, 110, -154, 28, -110, 180, -78, 80, 172, -78, 46, -24, 54, 158, 76, -140, -58, 64, -46, -154, 50, -64, 276, -26, -234, 252, 160, 144, -104, 228, 120, -240, 146, -100, -20, 106, 116, -52, -154, 186, 60, -126, 40, -84, -104, 24, 90, -20, 42, 74, -142, 124, 116, 68, 98, -90, -80, -150, -204, 40, -112, 226, -108, 22, 168, -200, -12, 44, -34, 18, -70, -272, 252, 204, -16, 164, -52, -16, -78, -214, -10, 276, -74, -128, 92, -80, 28, -50, -60, -166, -190, -16, -250, 20, 0, 126, -66, 100, -136, 292, 182, 162, 116, -112, 168, -164, 248, -10, -38, -32, -56, -84, 174, -122, -290, 364, 74, -162, -140, 58, 40, 34, 62, -130, 38, -134, 86, 44, -118, 40, 120, -78, -100, 92, 46, -32, 26, 10, -138, -12, 216, 66, -142, -96, 50, 220, -34, 106, -102, 142, -6, -48, 288, 74, 240, 62, -154, 146, -82, 196, 130, -120, 48, -34, 276, 250, -180, 48, -146, 12, 232, 6, 232, 78, 172, 6, -170, 66, -14, 104, -176, 60, 178, -322, 166, 156, 172, 166, 60, -32, -116, 50, 106, 168, 52, 94, 156, -108, 120, 64, 40, -162, 26, -2, -12, 132, -122, 56, 28, -2, 160, 2, -54, -30, 88, 132, -34, 112, -24, 138, 106, -234, 326, 204, -140, 
-12, -110, 40, -2, -112, 36, -114, 72, 30, -42, -30, 22, 122, 74, -132, 76, -42, -64, -2, 210, 36, -18, 114, -32, -72, 260, -94, 342, -50, -242, 184, -130, -64, 0, -196, 60, -16, -40, 196, -62, 172, 10, -48, -14, 78, 118, -38, 34, 94, 86, 112, -46, 144, 90, 104, 122, 208, 106, 44, 116, -230, 84, -110, 42, -204, -120, 18, 316, -108, 104, -114, 146, 224, -70, 14, -10, -236, 208, -158, 50, -54, 124, -80, -52, 10, -78, -8, 162, 60, -166, 218, 234, 32, -22, 106, 54, -36, 86, -206, -42, -76, -72, 52, -230, -6, -22, -200, 276, -112, 18, 126, 82, -106, -108, -126, -36, 52, -20, 140, -34, -72, -34, -64, -236, 2, 18, -84, 124, -176, -8, 58, 66, 132, -156, 244, -164, -28, -122, 168, 22, 122, -152, 116, 98, 298, -268, -52, 164, -52, -160, 76, -48, -76, -56, -6, -22, -166, -2, 88, -8, 118, -100, 16, -144, 108, 140, -178, -4, 184, 32, 200, -30, 74, -14, -118, 342, -40, -92, -80, 212, -76, 112, 26, 2, 118, 116, 104, 24, -38, -96, -6, -80, -238, 80, -134, 100, -142, 144, 226, -46, 116, 82, -432, 28, 136, -60, 42, 170, 92, 58, 180, 226, -26, -176, -32, 124, 76, -190, -58, -56, 64, -230, 200, -56, -8, 36, 174, -20, -90, -106, 352, 78, -20, -94, 100, 86, 14, 106, 104, 0, 204, 132, 4, -110, -52, -174, 248, -72, -40, -42, -72, -102, -242, 138, -18, 40, -48, -26, -194, 150, 166, 52, 6, 60, 42, 40, -106, -70, -38, -306, 42, 50, -66, 44, -126, -56, 8, 122, -170, 152, -160, 72, 0, -92, 324, 32, 34, 90, -36, -92, 78, -30, 74, 58, 254, -244, 78, -186, -52, 188, -140, -68, -114, 174, -56, -50, 236, -132, 58, 136, -100, -146, 80, 224, 88, 46, -160, -2, -98, -2, 194, 140, 222, 28, 134, 72, 32, -26, 162, -54, 188, -84, 96, 168, 40, 24, -218, 80, 84, -78, 52, -20, -184, 12, 82, -126, 144, -152, -358, 18, -260, -100, -82, 100, 252, 114, -190, 32, 138, -48, -192, 250, 174, 178, -48, 56, -110, 74, 92, 82, -52, 20, 56, -48, -202, 0, 130, -28, -34, -148, 330, -300, -72, -160, 36, 8, 32, -132, -120, 120, -168, 38, 252, 86, 118, -62, -74, 38, 210, 44, 216, -6, 54, 194, 10, 34, 72, 144, -56, -56, 20, 98, 150, 92, 44, -204, -198, 118, 210, -16, -232, 2, -156, 100, 34, 188, 78, -70, -60, 62, 28, 144, 64, 158, -72, -50, 144, 40, 186, -182, -224, -44, -82, -46, -34, -118, -170, -324, 68, -50, 148, 212, 14, 12, -136, 26, -80, -82, 322, 72, -40, -158, -154, -216, 12, 58, -2, -88, -174, -74, -34, -106, 4, -18, 12, 16, 148, -12, -2, 36, -52, 66, -190, -182, -36, -126, -82, 142, 82, -76, -144, 80, -6, 130, 24, -104, 82, -146, -114, 202, 
64, 58, -192, 76, -88, 50, -20, -84, -130, 250, 58, -122, -114, 26, 210, -144, -6, 54, -28, -112, 48, -124, -62, 86, 30, -2, 108, -104, -164, 218, -54, 238, -160, 40, 196, 12, -26, 156, 40, 136, -162, -12, -86, 110, -74, -42, -6, -200, 88, 64, -114, -18, 60, -212, -104, 22, -36, -274, 60, 50, 30, 16, 170, 22, 244, 102, 62, -42, 126, 64, 110, -214, -264, 76, -20, 54, 310, -188, 36, 0, 140, -188, 154, -108, -92, 104, 94, -276, 76, 254, -10, -242, -54, 68, -138, -184, 180, 28, 198, 160, 230, 62, -56, 224, 76, -8, 12, -80, 194, 28, 2, 94, -18, 216, 16, -4, -18, 104, 14, 82, 8, 222, 166, 274, 64, -72, -40, -122, 96, 58, 208, -204, -10, 238, -134, 46, 144, 298, -82, -24, -106, 2, 10, 30, -104, 188, 58, -16, 78, -20, 158, 2, 92, 18, -118, 76, 68, 36, 60, 2, -298, -108, 120, 144, -30, -166, 130, -58, -104, 246, -40, 8, 46, 204, 30, 20, 58, 128, 220, -40, 290, 136, 78, -86, -148, 268, 26, 84, 12, 212, 100, 136, 272, -132, 30, 48, -74, 22, -238, 84, -134, -46, 152, 270, 48, -66, -160, -206, 14, 252, -16, -70, 176, 250, -44, -62, -118, 76, -104, 38, -54, 144, -80, 176, -38, -64, -158, -26, 64, 244, -352, -26, 116, -32, -62, -72, 122, -42, -128, 204, 24, 0, 20, 170, 26, 40, -146, 74, 240, 74, -60, -88, 256, -20, 6, 32, -100, 2, 88, -28, -56, -96, 60, 34, 128, -102, 140, -98, 58, 182, -84, -70, 276, 72, 94, 14, 120, -10, 64, -94, 168, -68, 218, 78, -230, -68, -4, -26, 2, 20, -52, 42, 120, -132, -118, 416, 114, 134, 88, -78, 194, 194, 46, -134, 74, 46, -158, -48, 34, -22, -124, 44, -130, -322, 22, -104, 140, 12, 108, 28, 22, -346, -2, 136, 18, -56, -56, -4, 114, -122, -150, 146, 174, 42, -26, -80, 288, -102, -280, 60, 6, 52, 204, 60, 10, 64, -20, 202, 316, -88, 218, 16, 38, -100, -118, 66, 58, -64, -148, -58, 14, -108, -236, -44, -22, 30, 178, -88, -2, 134, 60, 106, -80, 50, 88, 70, -164, -88, -42, 2, -110, 164, 164, 28, -36, -24, -88, 132, 12, -62, 192, -78, -154, -28, -216, 16, 18, -134, -30, -84, -106, 174, 50, -18, -106, -2, 50, -124, 72, 234, 114, 62, -154, -146, -60, 146, 150, 14, -94, -108, 220, 166, 208, -24, 186, -228, -82, -6, -58, -66, 94, -14, 58, 90, -76, 24, -242, -130, 64, -30, 116, 10, -118, 48, 130, 36, 44, 122, 36, 198, -12, -160, -124, 44, 112, -196, 166, 48, -164, -54, 86, 114, 104, 300, -52, -56, 2, -30, 182, 120, -10, 54, 20, 10, -12, 74, -264, -124, -164, -206, -126, -110, 156, 198, 30, -70, 90, -110, 62, 84, 22, -4, -112, -192, -34, 124, 82, 6, -46, -80, 
-30, -136, 120, -62, 94, 48, -12, 98, 40, -166, 120, 198, 32, -132, -160, 160, 52, 128, 6, 214, -252, 114, 36, 62, -20, 228, -12, -70, 204, -202, 22, -92, 184, 44, 98, 4, 138, -92, 0, 108, 152, -116, 80, -62, 54, -4, -122, 298, -108, 6, 54, -60, 88, 168, 30, 22, 202, 214, -76, 88, 48, -4, -112, -74, -98, 98, -188, -78, 144, -42, -26, 56, 106, 130, -60, 22, -384, 160, 238, 114, -106, 4, -186, 266, -40, -8, -8, 62, -58, -140, 128, 102, 118, -20, 136, 172, 2, -76, 34, -126, -68, -6, 94, -104, 38, -22, -126, 156, -236, 14, -22, -98, -6, -252, -16, -80, 176, -42, -22, -108, -194, -90, -192, -172, 36, 50, 176, 158, -6, -104, -54, 94, 114, -42, 146, -90, 148, -118, 80, 24, 250, 62, 32, -10, 82, -100, 114, 78, 76, 8, -58, -150, -12, -34, 200, 34, -20, -86, 42, 6, 114, 86, 94, -78, 58, 286, -108, 124, 68, -112, 176, -18, -214, -96, 120, -78, -98, -12, -10, -144, -148, -28, -40, 250, 230, -70, -16, 22, 146, -48, 36, 32, -104, 120, 10, -72, 66, -34, 372, -4, 68, -104, -72, 18, -54, 250, 160, 140, 122, -148, 208, 42, -126, -128, -120, 106, 88, 6, -76, -12, 124, -152, -66, -44, 160, 94, 88, -100, 46, -26, 172, 124, -188, -60, 146, 148, -158, 56, 42, -22, -110, -36, -240, -14, 30, 112, 236, 80, -96, -64, 120, 68, 28, 76, -54, -34, 138, 100, -122, 110, -78, 10, -26, 134, -36, -42, -182, 198, 34, 32, 148, 136, -324, 200, 38, -22, 116, 70, -78, 108, -82, -10, 36, -32, 394, 68, -304, 22, -92, 36, 152, -38, 42, 8, 24, -324, 52, 130, -54, 298, -116, -148, -202, 102, -84, 136, 26, 38, -60, 214, 78, -70, 176, 198, -114, 18, -116, -140, -128, 8, -214, 280, -34, -38, 60, 214, 82, 32, 58, -4, 20, -54, -154, 16, 166, 112, -234, 74, 126, -86, 44, -200, -50, -62, -66, 76, 22, 34, -108, 124, -142, -90, -72, 184, 142, -24, -96, 196, 70, 114, 132, 176, 134, 164, -14, 8, -26, 158, 176, -90, 38, 76, -48, -26, -98, -24, 216, 152, 106, -42, 262, -16, -4, 8, 220, 126, 32, -76, 180, -170, -200, 74, 120, 94, 80, 64, -106, 100, 30, 122, -8, -44, -152, 170, 122, 30, -100, 118, -74, -80, -76, -46, 264, 124, 8, -174, -50, 94, -26, -112, -8, -266, -124, 132, 4, -100, 34, 24, 20, -18, -70, 20, 34, -10, 242, -4, 168, 226, 118, -2, -184, 82, -34, 94, 34, 84, 114, 274, -32, -168, 10, 74, 128, 166, -122, -20, -192, -142, 18, 134, -74, -46, -16, -392, -36, -112, -102, 148, -138, -132, 124, -4, -74, 24, 58, 106, 168, -86, 344, 96, 104, 106, -124, -148, -144, -118, -26, 166, -184, -100, -50, -82, -20, 66, 64, 0, 40, -184, 214, 180, 
130, -40, -380, 144, -2, -28, 46, -10, 128, 140, -124, -194, -22, 108, 54, -4, -48, 64, -8, 4, 148, -74, 198, -98, 76, -232, 154, -68, -192, 62, 40, -136, 18, -90, -104, -70, -68, 100, 96, -6, -212, 202, 146, 44, -136, -90, -26, -126, 156, -32, 50, 134, -70, 134, -82, -18, 74, -92, 152, -12, -2, 66, -12, 60, -86, -18, 150, 178, -8, -166, 112, 22, 174, -126, 126, 132, 474, -46, -298, -12, 12, -2, -20, -62, 162, -198, 86, 174, 126, 210, 104, 44, -166, 84, -8, 26, -168, 22, 76, 318, -84, 224, 144, 94, -64, 26, 84, -126, 268, -44, -20, 98, 50, 166, 158, 96, -136, 32, 40, 82, 184, 234, 134, -24, 130, 62, 16, -112, 112, 82, 130, 116, -22, -26, -66, 50, 6, 104, -38, 8, 10, 54, -90, 128, -44, 84, -50, 40, -290, -50, 336, 92, -14, 16, -30, -12, -10, 162, -42, 46, -70, 22, -150, 68, 20, -88, 128, 68, -126, -100, -90, -72, 108, 162, -60, -56, -106, 66, 126, 104, 0, 0, 64, -226, -258, 116, 18, -22, -66, 88, 10, -22, 186, 8, 0, -4, -70, -70, -314, 66, 152, 158, 8, 30, 138, -156, 50, -4, -106, 68, -160, -14, 122, 104, 186, -116, -112, 122, 2, -94, -118, 270, 106, 186, -142, -102, -108, -8, -160, 108, 2, 120, -78, -10, -164, 88, -104, 14, -18, 64, 190, 18, 144, -194, 50, 74, -234, -118, 180, 62, -110, -228, 52, -18, 38, 112, 4, 58, 272, 88, 80, 96, -108, -112, 56, -54, 104, -230, 210, -46, -104, 22, 246, -100, -108, 78, -28, 60, 94, -34, 42, 290, 82, 90, -120, 2, 256, 42, 308, 58, 20, 262, -104, 66, 84, 212, 22, -166, 94, -230, -46, 130, 170, -44, 72, -140, 20, -36, 170, -124, -58, 20, -166, 32, 134, 126, 168, 128, 114, -22, 188, -72, 20, -68, -86, -66, 92, -26, 80, -62, 128, -8, 124, 78, -238, -118, 104, -40, -80, -54, 104, -162, 2, -148, 282, -54, -56, -42, 44, -98, 134, 62, 352, -110, -134, -92, 212, -16, 60, -76, -148, -342, -68, 20, -220, -12, 314, -26, -232, 182, -60, -100, 162, 44, -28, -44, -92, -48, -8, -20, -138, -48, -34, -8, 82, -172, -68, -58, -96, 132, 306, 50, -160, 36, -2, -66, 88, -86, -88, -88, -80, 10, -38, 18, -10, 86, 176, -52, 72, 44, 60, 60, -36, -12, 26, 202, 146, 72, 8, 98, 20, 368, 48, -150, -40, 58, 76, -148, 106, -74, 8, 6, -36, 112, -86, 88, -14, -174, -116, 36, 148, 22, 234, 110, 212, -84, 16, -246, -76, 126, -64, -114, 52, -62, 120, -100, 112, 214, -36, -232, 272, -40, -14, 534, 222, -36, 94, -118, 196, 20, 260, -20, 124, 88, -80, -44, -26, 2, -210, -88, -140, 6, 178, -50, -52, -38, 112, -68, 86, 52, -12, -6, 144, 20, 66, 78, 150, 52, 156, -90, 
64, -20, 252, -238, 68, -2, -124, 6, -216, -190, 188, 212, 114, 58, -68, -102, -28, -150, 178, 130, -64, 196, -6, 114, 0, 268, -130, 152, 180, 44, 30, 42, 52, 42, -34, 104, 40, -70, -40, 102, 328, -168, -110, -24, 148, 104, -50, -44, -70, -116, -34, -40, 106, 64, -186, -134, -66, 86, -188, 42, -148, 14, 10, 56, 18, 46, 74, -8, 102, 142, -108, 252, -118, 108, -228, -116, -230, 50, 176, 132, 0, 54, -24, 216, -82, 160, -158, -266, -56, -242, -58, 116, 22, -114, 130, 118, 104, 0, 34, -160, -46, -162, -288, 100, 40, -44, 140, -26, -64, 90, -44, 8, 126, -44, -112, -40, 264, -126, -168, 66, -226, 32, -72, -18, 10, -122, 98, 102, -116, 72, 14, -162, 106, -48, -40, 16, 74, -92, -110, 160, 136, 36, 62, -112, 276, 14, 122, -120, 182, 64, -204, 132, 90, -50, 194, -178, 18, -10, 142, 52, 62, 130, 278, -2, -82, 118, -106, 46, 134, 224, 88, 84, -82, -24, 92, -40, -148, 146, -66, 68, -98, 8, -14, 154, 226, 30, -4, 30, -114, -248, 78, 64, -46, 64, 152, -126, 126, 208, 246, 78, -146, -34, -36, 56, -96, 206, -50, 58, -10, 12, 134, 8, 96, 22, -88, 192, -18, -306, 122, 6, 46, -136, -36, -56, 30, 82, 284, -56, 190, -12, 18, 60, 116, 182, 92, -246, 264, 34, -12, 16, -82, 58, -48, 82, 28, -94, 316, -102, -158, 86, 112, 44, 134, 34, 118, 36, -18, 4, -194, -46, 70, 36, 276, 158, 144, -20, -90, 158, -62, -32, -114, 4, -130, 6, 212, -198, -174, 70, 50, -78, -82, -168, -50, -36, 116, 28, -200, -22, -64, 4, -4, -118, 98, -62, -162, 58, -14, 258, 22, 164, 70, -64, -102, 198, 32, 26, 194, 92, -202, 30, 58, 96, 334, -34, -118, 138, -52, -24, -14, 14, -52, 248, 206, 6, 94, 134, -200, 250, -84, -120, 74, -6, -250, 124, 50, 240, -2, -48, -110, 160, 138, 182, 44, 90, -172, 124, 32, 32, -22, 204, -168, 78, -32, 228, 122, -20, -114, 68, -82, -162, 64, 368, 40, 158, 404, 54, -178, -94, 134, -50, 150, 242, 46, -140, -132, 72, 16, 8, -92, 304, 226, -4, -6, -104, -112, 160, 160, 206, 98, 72, -124, -196, -76, 76, -58, -18, 44, 162, 48, -2, 42, 168, -84, 90, -48, -226, -220, 148, -76, -26, -40, -104, -270, 20, -204, -78, -284, 100, 4, 22, 24, -106, -124, 48, 168, -40, 30, -50, 24, -50, 106, -36, 28, 16, 138, -32, 222, 332, 62, -210, -136, -26, 0, -50, -82, 6, -102, 256, 44, -140, -26, 138, -100, -110, 130, 26, -86, 40, -6, 160, -224, -54, -50, -236, -238, -6, 64, 244, -56, -38, -162, -86, 40, 66, 64, 36, 76, 120, 234, 122, 80, 114, -162, -22, 50, 82, -36, 80, -126, -28, 158, 96, -10, 14, -58, -60, -56, 130, -86, 58, 
-108, -124, -140, 250, -58, 36, -16, 98, 168, 58, -76, -104, -20, -18, 316, 14, 172, 94, -162, 192, 30, -54, 12, 164, -64, -214, 154, -228, -82, -176, -20, -80, -6, 70, 32, -6, -8, 114, -48, 16, -236, 346, 162, -40, -92, -18, -104, 276, 264, -46, 190, 32, -38, 20, 250, -36, 108, -58, 112, -22, 174, -20, 6, -130, 98, 144, -78, 70, 194, -162, 72, -202, 118, 140, 292, 34, 312, -228, -110, 102, 154, -266, 244, -126, 60, -148, 142, 196, 58, 150, 46, 150, -44, -4, 66, -252, -78, -24, 80, 204, 62, 118, 250, -18, -12, 138, 114, 146, -50, -116, 76, 130, -126, 108, 38, 52, -78, 202, 222, 62, 116, -144, 164, 124, -236, -22, 58, -100, 118, 222, -50, 172, -72, 14, 50, 50, 98, 190, 42, -88, 4, 150, 20, 114, -214, -14, -166, 30, 8, 112, -50, -70, -50, -58, -152, 190, -30, 14, 52, -24, -36, -104, -216, 100, 84, -56, 316, -12, 4, -12, -158, -16, 202, 142, 16, 100, 126, -194, 10, -142, -58, -138, 64, -52, -70, -16, 0, 40, 140, 168, -16, -96, -122, -120, 26, -26, 114, -110, -228, 76, 408, -146, 30, 44, 178, -58, 216, -154, -34, 28, 24, -102, 4, 22, 134, -92, -40, 400, -206, 10, -34, 40, -54, 142, 12, -198, -324, 0, -170, 218, 250, -152, 2, -194, 0, 96, -156, 52, 20, -104, 100, 6, 160, 62, -38, 116, -164, 92, 62, 66, -28, -58, -20, 46, -182, 264, 146, 296, 130, 180, -80, 52, -142, -236, -120, 44, -126, -54, 76, 194, -10, -166, -30, 2, -18, 102, 114, 52, 70, 174, 262, 168, 92, 10, -168, 44, 12, -12, 300, 192, -8, 62, 162, 124, 76, 160, 36, -212, -78, -2, 10, 8, 252, -234, 178, 90, -16, -114, 6, 70, -160, -20, -72, 100, 118, 94, 8, -56, -100, -128, 86, -284, -82, 66, -98, -68, 276, -246, 214, -112, 2, -80, 88, 40, 288, -212, 14, -76, 150, -6, -52, 26, 58, -136, 296, -98, 148, 56, 50, -56, 150, -44, -18, 68, 34, 184, 280, 52, 40, 10, 86, -152, 0, -276, -308, -2, 36, -36, -152, 130, -2, -168, 80, 160, 84, 58, -76, 168, 184, -228, -320, -228, -384, -50, 196, -40, -58, -48, 48, -66, 104, 70, 82, -40, -24, -18, 14, -266, 26, -98, 4, -200, 74, 82, 8, 62, 204, -260, -80, 12, 228, 26, 158, -132, 40, 130, 250, 26, 74, 72, -28, 206, 180, -114, -114, 56, 118, -24, 148, 56, -58, 58, -28, 22, 32, 202, -138, -366, 46, 128, 150, -110, 42, 84, 12, -28, 70, 146, -42, 162, 116, 48, -36, -88, 38, -88, 212, 26, 6, -6, 72, -20, 26, 264, 186, 18, -106, -166, -2, 76, 114, 52, -192, -42, -70, -68, 84, 160, -148, -8, -116, -182, 94, -22, 124, 206, 94, -44, 52, -14, -22, 120, 54, 168, 48, 138, 174, -228, 102, -56, 
172, 128, 204, 0, 54, -46, 18, -2, -182, 30, 248, -90, 120, 70, -188, -182, -224, 12, 246, -212, -42, 152, 130, -118, -54, -38, -230, 204, 310, 234, -112, 112, 12, 66, -222, 130, 80, -166, 136, 30, 190, -90, -2, 108, 96, -12, 262, -182, -48, -112, -86, 30, 232, -80, -92, 114, -16, 28, -34, 112, 30, 158, 58, 144, -42, 50, 102, -18, -98, 284, 76, 22, -24, -96, -148, 30, -238, 168, -108, -42, -138, 156, -208, 72, -14, 124, -106, -188, -14, 88, 50, -80, 130, -84, -160, 142, 56, 160, 142, 80, -70, -132, -236, -126, -22, -206, 26, 58, 126, 38, 78, -24, 262, 100, -50, -168, -44, 0, -274, 44, -48, 102, -22, -22, 240, -180, -76, -28, -18, -144, 74, 48, 22, 58, 32, 52, -156, 0, 6, 14, -12, 26, -4, 180, 54, 104, 90, -204, 40, -120, 84, 146, 102, 88, 158, -206, -16, 36, -4, 214, 50, 140, 136, -164, 104, 392, -30, 146, 194, 120, 252, 60, 70, -82, 156, -68, -90, 244, 78, 164, -10, 178, -10, -70, -32, -6, -10, -84, -106, -98, 92, -52, 58, 124, 78, 196, -142, 100, 174, 0, -230, 58, 218, -64, -186, -18, -192, 42, 70, 106, -86, -46, -78, 116, -88, 158, 14, -336, 224, 132, -30, -62, 30, -98, 34, 76, 428, -80, 64, -168, -128, 228, 230, 48, -6, -98, 166, 48, 2, 176, -22, -138, -166, 20, 116, -2, 192, 82, -236, -58, 0, 286, -6, -18, 114, -58, 38, -166, 6, -88, 78, -68, 124, 18, 144, -70, 82, -4, 46, -122, -8, 248, -90, 186, 38, 18, -84, -82, -96, -64, -276, -90, 34, 16, 158, -162, 166, 46, -288, -264, -92, -284, 30, -148, 44, 92, 212, 158, 114, -230, -28, -32, -224, 316, -26, -80, 28, 56, -90, 136, 44, -42, 288, -40, -248, 92, -8, -62, 94, 70, -200, 352, 18, 28, 228, 56, -188, 174, -212, -106, -168, 70, -16, -2, -82, 34, 88, -60, 2, 14, 8, -32, -10, 200, -130, 18, -22, 80, -28, 226, -172, 12, 42, 114, -84, 64, -96, 106, 32, 104, 60, 240, 198, 104, 120, 64, 12, 18, 204, -158, 110, 202, -240, -210, -2, -76, 246, -50, -190, 336, 276, 96, 64, 66, -14, 132, -74, 92, 132, 156, 46, -88, -138, -40, -100, 22, -162, 202, -28, 104, 68, 156, -4, 24, -30, -10, -162, 66, 40, 94, 8, -20, 56, 160, -176, 66, -346, 78, -50, -66, 78, -210, -90, -88, -18, -94, 152, 144, -198, -62, -10, 38, 128, 52, 2, -250, 132, 242, -112, -16, -244, 140, 192, -152, 156, 128, -88, -152, 96, -172, -38, -98, 156, -18, -96, 64, 140, -112, -48, 202, -98, 68, 26, -192, -4, 14, 88, 150, -90, 28, 116, -66, 104, 340, 2, 62, 42, -48, 152, -6, 8, 174, -38, 148, -128, -142, -2, -36, -4, 258, -16, -158, 114, -76, 28, -138, -84, 52, 14, -162, 
-112, -90, -196, -92, 110, 50, 44, -40, 254, -92, -58, -16, -42, 6, 266, -28, 242, 8, -56, 256, 54, -104, -88, 136, -78, 44, 288, -250, -270, -60, 26, 52, 42, 86, 42, -272, 174, 116, -52, -262, -148, -64, -174, -232, -70, 16, -202, 172, 8, 162, 64, -6, -130, -28, 138, 44, 100, 0, 234, -90, -158, -96, -92, -38, -6, -58, -164, -14, 292, -40, -80, -66, 72, 58, 198, 120, 138, -42, 148, 180, 226, -140, 80, 70, 222, -48, 186, 94, 34, -50, 134, 12, -256, 14, 162, 2, 136, 64, 2, -34, -44, 30, 268, 6, 60, 298, 12, -98, -52, -54, -174, 32, -160, -4, 186, -50, 144, -30, 204, -176, 104, -122, -22, 158, -94, 172, 22, 12, 0, 104, 82, -40, -32, 88, -18, 44, 182, -66, 110, 74, 68, -114, 30, -100, -190, -126, -46, 216, -36, 140, -106, 132, -70, -18, -220, 238, -86, -102, 78, -200, -78, -32, 4, 208, -130, -90, 70, 184, -126, 82, 134, 16, 142, 218, -88, 40, 46, -54, -46, 44, 102, -174, 78, 112, -34, 32, 26, 154, 62, 162, 76, 40, -66, 66, 144, -56, 256, -144, -22, -34, 188, 56, -126, -58, 232, -28, 42, 128, 24, 44, 88, -106, -32, 60, -4, -28, -30, 138, -6, -176, 72, -12, 118, 160, -70, 108, -38, 54, 100, 14, 76, -186, -122, 114, 104, -46, -130, 18, -42, -186, 56, -76, 110, 64, 6, 132, -134, 36, 110, 72, -36, -36, 92, -52, -138, -10, 154, 92, 18, 248, 52, 218, -82, 122, -40, 182, -10, -104, 52, 86, 152, 34, 12, -156, -8, 160, 90, -50, 168, 248, 228, 6, 4, -150, -178, 136, -24, 26, 194, 136, 34, 76, 58, -126, -78, 92, -130, -16, -120, 150, 76, 72, 36, 2, -156, 148, 134, 16, -108, -154, 54, 18, -98, 24, 194, -108, -68, 176, -140, -68, 358, -198, 26, 56, -186, 48, 182, 8, 154, 4, 74, -64, -14, 68, 216, -8, 118, 4, 14, -162, -6, 12, -170, -214, -20, 66, 18, 2, -48, -320, 216, 166, -54, 20, 244, -160, 80, -14, -8, -36, 184, 0, -64, -168, -154, -20, -2, -32, -196, 246, -72, -178, 180, 58, 32, 76, -108, 78, 24, 12, -364, -178, -186, 20, 148, 102, -2, 120, -100, -22, -64, -78, 154, 186, 44, 78, 118, -120, 86, 34, 102, -60, 84, 92, -10, 16, -36, -152, 94, -52, 130, -62, -42, -138, 176, -210, 392, 12, -76, 14, -12, 42, -4, -44, 90, 232, 22, -4, -10, 110, -64, 16, 50, -110, -2, 186, -128, 68, -56, 148, 50, -190, -160, 2, -164, -124, 222, 134, -94, 164, -114, 74, -84, -28, 42, -154, -62, 116, 4, 68, 260, -24, -138, 214, 66, 0, -14, -84, 86, 82, 42, 214, -92, -118, 62, 8, 104, 132, -194, 42, -32, -20, -52, -68, 44, 102, -80, 0, 154, -224, 144, 284, 124, 62, -48, 114, -148, -116, -58, -38, 
102, -26, 198, 216, -88, -66, -124, 92, -202, 124, 184, 46, 118, 24, 44, 226, -248, 78, 68, -142, -14, 44, -38, -64, -60, -166, -136, 206, 382, 132, -18, 58, 8, -190, -38, 164, 10, -32, 212, 224, 152, -6, 234, 76, -16, 190, 154, -56, 2, -96, -102, 94, -70, 68, 22, -80, 30, 168, -200, -20, 32, 146, 156, -100, 12, 72, 330, -52, -254, 52, 4, -2, 196, -64, -76, -108, 94, 140, 32, 0, -64, 0, -190, -152, -70, -16, -118, 36, 46, 64, -116, -50, 274, 30, -44, 38, -146, -34, 82, 54, 132, 120, -152, 82, -158, -118, 22, 64, 130, 10, 94, -96, 132, 6, -66, 244, -54, 20, 142, 74, -210, 190, -78, -260, 86, -50, 16, -56, 136, 52, 98, 40, -74, 120, 240, -26, -48, -94, 100, -90, 90, 150, 38, 102, 36, 56, -60, -140, -66, -16, -54, -16, 248, 108, 146, -204, 42, 92, 42, 136, 84, 50, -54, -248, -102, 114, -176, 12, 234, 162, -68, 28, -14, -54, 96, 32, 92, 42, -60, -92, -28, 40, 50, -6, 94, -78, -6, 0, 18, -36, -2, 16, 192, -44, 152, 250, -108, 2, 36, -122, -100, -2, 132, 58, -22, 6, 40, -106, 28, -64, -30, 316, 20, -86, -76, 48, 270, -136, 50, 128, 146, 100, -18, -120, 90, -154, -84, -150, 76, -74, 32, 198, 36, -138, -150, 40, 90, 60, -70, 246, 114, 116, -40, -38, 128, -306, -26, 96, -14, 12, 54, 106, 136, 20, 152, -166, 80, 50, 144, -146, -82, -124, -48, 38, -78, -156, -116, 24, 68, -118, -108, 30, 44, 194, -68, -16, -12, -20, 14, -112, -106, 138, 152, 270, 212, -212, 72, -94, -40, -172, 232, -32, 64, -56, 80, -34, 112, -156, 184, -138, 8, -38, -18, 66, 178, 26, -114, 92, 78, 90, 74, -6, 156, 30, -76, 316, 44, -98, -70, 210, -414, 186, 52, -108, 170, 62, 24, 106, -100, 22, -52, -96, -40, 98, -186, -70, -12, 10, -120, 34, 28, 126, 74, 88, 60, -50, 136, -80, -2, 26, -42, 44, 118, 124, -18, 168, -106, 126, 70, 2, -108, 0, 124, 32, 12, 14, 114, -38, 106, -302, 84, 248, -86, 84, -52, -60, 118, -96, 148, 128, 48, 206, 254, 66, -116, -102, 22, -122, 70, 138, 166, 230, -150, 54, 132, -128, 8, 196, 222, -14, -210, 20, 22, -16, 76, 60, -44, 100, -16, 136, -48, 44, -44, 66, -122, 218, 46, -102, -6, 120, 0, 46, 202, 138, 60, -92, -34, 124, 96, 98, 140, -80, 42, -112, -42, -182, 38, -46, 96, -128, 84, 228, 66, 114, 34, 54, -96, -70, 8, -38, 362, 186, 50, -114, -102, 22, 148, -130, 56, 54, -46, -2, 202, -148, -164, 0, 136, 24, -104, 20, 112, -282, 228, 22, 92, -20, -126, -160, 278, 66, 190, 34, 10, 28, -134, 6, 286, 76, -38, 84, -40, -76, -58, -178, 138, -18, 80, 118, -118, 32, 
-316, 228, -74, 104, -56, 128, 76, 0, 42, 90, -188, 140, -134, -12, -162, -206, 248, -58, -46, 134, -54, -56, 58, 342, 200, 34, 248, -120, -284, 26, 18, 44, -124, 150, 204, 36, 74, -38, -248, 14, 22, 84, -66, -70, -78, -244, -78, -52, 6, 2, 72, 18, 160, -34, 66, 42, -56, -44, 162, 114, -6, -74, -46, 92, 24, -18, -98, 118, 156, -172, -140, 12, -198, 148, -174, -42, -48, -26, 118, 142, 64, 92, 22, 120, 80, 94, 248, 144, 74, -6, 2, 110, -308, 106, 128, -18, -58, 16, -22, -68, -198, -34, 188, 66, 246, 166, 68, -188, 30, 18, -224, 216, -156, -32, 94, -148, 32, 190, -164, 10, 178, -84, -32, 164, -38, -14, -164, 196, -132, -206, -160, 158, -180, 88, -184, -48, 226, 76, -28, 108, -182, -198, -50, -76, -244, -72, 140, 150, 58, -18, 0, -76, -140, 0, -58, 226, -130, 38, 82, 56, -14, -44, 158, 236, 0, -88, 204, 26, -196, -106, -144, 78, -74, 36, -52, 216, 140, 136, 34, 0, -74, -62, -52, -50, 48, 88, -110, -192, -26, 12, -56, -84, -104, -10, -84, -162, 8, -120, 30, 38, 84, 36, -38, -220, -36, 114, 6, 114, -20, 30, 178, -204, -136, 88, -42, -140, -128, 96, 72, -88, -54, -34, 66, 212, -10, 24, 126, 20, -70, -52, 210, -210, 146, 92, 264, 38, 20, 4, 326, -26, -42, 4, -92, 172, 76, 226, 132, 120, 82, 14, -20, -22, -80, 84, -96, 180, -132, -6, -54, 46, 118, -58, 104, 134, 186, 36, -82, 190, 84, 124, 56, -24, -94, -110, 76, -76, -2, -42, 102, -32, 180, 8, -126, -216, 60, 224, -98, 334, 20, 144, -222, -158, 34, 4, -266, -4, -86, 186, -62, -34, 58, -40, 38, 32, -188, 56, 228, 96, -40, -58, -186, 18, 54, 44, 56, -112, -14, 48, 212, -180, 150, -88, -166, 238, 30, -132, 22, -8, 112, -100, 110, 24, 44, -4, 198, 108, 104, 218, 78, 132, -50, 18, -104, -226, 124, 66, -104, 236, -66, 226, -48, -54, -104, -120, 72, -224, 22, 24, 132, 146, -38, 116, -96, 104, -30, 62, 214, -122, 134, 368, -130, 98, 200, -150, 134, 236, 148, 98, 16, -54, 96, -110, -214, 32, 30, 136, -56, 226, -22, -36, -78, -122, -50, -76, -158, -30, 46, 18, -334, -96, 104, -150, 166, 246, -86, -116, 70, 96, -72, -2, -142, 102, -26, -142, -118, -10, 150, 68, 60, -72, -54, -6, -94, -62, 0, 288, -48, 42, -2, -272, -182, 16, 72, -32, 76, -18, -36, 110, 216, 84, -52, -212, -144, -8, -92, 34, 194, -30, -18, -80, -236, -54, -54, -12, 118, 166, -152, 124, -46, -6, -56, -104, -312, 64, -28, -58, 16, -80, 86, 34, 8, 228, -74, -114, -36, 138, 182, 178, -358, 18, -106, 232, 84, 56, 54, 168, -210, 70, 90, 48, -46, 86, 22, 140, -200, -24, 4, -142, -12, 116, 
122, -74, 100, -132, 262, -224, 26, 146, -62, 80, 232, -116, 42, 66, 138, 222, -80, 176, 226, -76, -178, 20, -82, -100, -166, 186, -62, 20, 188, 150, 28, -88, 112, -170, -74, -64, -234, 164, 164, 28, 6, -124, 44, 152, 182, 132, 120, 26, 2, 6, 28, 264, -112, 10, 118, -138, 84, -64, 78, -110, 42, 70, -112, -54, -162, -16, -72, -400, -138, 234, 170, 126, 156, -32, 162, -32, 332, 6, 50, -28, 120, -134, 42, 94, 8, -66, -136, -134, 12, -50, 84, 30, 80, 166, -60, 104, 114, -198, -54, 50, 154, 114, 14, 36, -202, -82, -58, 326, -138, 92, 26, -44, 96, 26, -50, 232, -40, -58, 44, 88, -232, 152, 192, -104, 96, -32, 162, 10, 92, 90, 0, -104, -16, 78, 68, 4, 0, -62, 78, -124, 38, 134, 138, 102, 250, 34, -70, -34, -64, -44, 218, 50, 60, 28, 134, -216, -84, -162, 174, -110, 138, 114, -114, -20, 74, 124, -82, -22, 54, 58, 212, -174, 124, 140, 74, -138, -158, -218, 16, -174, 110, 90, -12, 46, 60, -28, 68, 84, 86, 48, 138, -24, 128, 12, 56, 206, 50, 98, -20, -12, 28, 124, 188, 272, -24, 78, -54, 50, -106, 240, -40, 38, 98, 32, 78, -22, 72, 74, -84, 230, 8, 48, 50, -42, 46, 14, -40, -48, 122, 216, -6, 136, 8, -98, -20, -178, -140, 32, -256, 160, -82, 106, 38, -234, 36, -86, -48, -22, -128, -16, -208, 40, 20, 54, 138, -14, 124, 90, 96, -70, 6, 56, -44, 122, -90, -138, -52, -150, 96, 102, -154, 96, 222, 154, -60, 164, 92, -22, -126, 38, 8, 182, 50, 110, 6, -36, 138, -248, -54, -62, 86, 66, 128, -68, -12, -22, 32, 12, -2, 98, -16, -36, 170, -92, 248, 80, -220, 148, 22, 12, 82, 66, 102, -54, 120, 134, 188, -12, -42, 116, -176, -60, 410, -212, 84, 258, 68, 90, -72, -68, -96, 112, -22, 110, -246, -62, 0, -184, -62, 22, 134, -182, 24, 184, 30, -146, 78, -134, 334, -116, -18, 152, 110, 188, -110, 288, 34, 46, 22, 44, 118, -66, 174, -48, -92, -128, 0, 8, 20, -114, 58, -54, 114, -8, -138, -58, -172, 140, 142, 138, -192, 104, 96, -14, 98, -196, 168, -194, 44, -132, 126, 22, -20, -34, 162, -216, 112, 68, 110, 184, -124, 10, -166, -250, 162, 134, 104, 100, 50, 56, 296, -98, 76, 114, 34, 98, -176, -166, -106, 46, 4, -22, 136, -96, -18, -70, 152, -40, -56, 168, 46, 32, 144, -10, -32, -88, -200, -110, 30, -246, 68, 266, 32, 28, 150, 78, -96, 24, 104, 26, 112, 142, -2, 96, 50, -148, 18, -312, -102, 70, 52, 212, 282, 184, 108, 0, -4, -76, -154, -226, -30, -182, 96, 64, 82, -140, -12, -212, 426, 84, -46, -88, 86, 12, -28, -116, 144, -130, -154, 160, -60, -50, 142, -188, 44, -98, -42, 46, -24, 160, 
-188, 4, -22, 116, -226, 142, 66, -76, 104, 62, -58, 70, -96, 150, -40, -130, 96, -138, -54, -122, -50, 28, 38, -4, 112, -192, 200, 58, 20, -38, -68, -48, 150, 110, 148, 116, 336, 28, -286, 140, -100, -8, -252, -18, 40, -40, -20, 36, -14, 176, 192, -218, 218, 10, -36, -46, -98, 278, -76, 168, -18, 12, 28, 274, 286, 10, -24, 244, 178, -258, -110, 10, 60, 42, 76, 18, -360, 4, -8, 10, -50, 8, -208, -140, 130, 2, 142, 44, -58, 68, 36, -70, -148, -218, 122, -42, -64, 72, -6, -150, -188, -186, 128, -138, 82, 92, 132, -48, 178, 12, 12, 10, -114, 4, -40, -36, 20, 226, 114, 76, 242, 40, -170, 92, -12, 234, -34, 20, 38, 124, -76, 118, 64, -10, 192, 198, 124, -50, -12, 172, -98, -90, -112, 48, -314, -68, 152, 36, 112, -34, -130, -220, 90, -20, -120, 468, 124, 200, -144, 120, 48, 64, 144, -4, -258, 144, 92, 134, 122, 52, -14, 258, 16, 34, 10, 124, -28, 270, 212, 138, -306, 162, 52, -122, -42, 42, -194, -114, -40, -92, 158, 44, -8, -26, -16, -106, 240, -154, -76, 130, 50, -174, -262, -68, 180, 70, 156, -92, 100, -84, -276, -20, 174, 60, -76, 36, 54, -48, 144, -12, -16, -162, 98, 162, -128, 14, -22, -60, 202, 24, 0, -102, 72, 0, 30, 190, 132, 160, 134, -62, 160, 90, -134, 310, 256, 204, -192, -72, 220, 48, 208, -132, 46, 66, 30, 42, -142, 8, -156, 110, 100, -32, 72, -140, 128, 84, -30, -6, 142, 128, 42, -88, 106, -14, 64, -80, -68, 110, 86, 62, 154, -254, -134, 98, -174, 74, -164, 118, -12, 228, 62, 74, -196, 186, -42, -18, -106, 12, 154, 58, -102, 18, -54, 210, -108, 22, 308, -102, 230, -72, -28, -38, -10, -8, 28, -176, -120, -52, 42, -10, 216, 122, -248, 202, 10, -56, -102, 26, 56, -30, 154, -56, -6, 12, 174, 274, 28, 126, 48, 80, 32, 82, 62, -124, -74, 226, -18, -14, -344, 192, -104, -162, 288, -84, -28, -198, -8, -26, -142, -66, 58, 10, 36, 86, 14, 100, 322, -70, -108, -84, -154, 126, 70, 156, 58, 228, 260, -64, 30, -6, 186, -98, -60, 172, -136, 160, -126, 132, -70, 262, 148, -28, 122, 102, -88, 56, 62, 264, 28, -116, 168, 140, -42, 288, -62, -12, -72, -38, -124, 8, -144, -18, 32, 32, 102, 88, 240, 344, 48, 20, -68, -12, 92, 180, 168, 178, -72, -92, 62, -44, -58, -136, 0, 82, 238, 128, 96, 42, 184, 278, 16, -36, -132, 102, -114, -26, 130, 2, 16, 40, -208, 142, -2, 172, 126, 114, 50, 74, 102, -84, 84, -90, -134, -40, -66, 102, 86, 120, 286, 104, 80, 228, -88, -100, 44, 112, -136, 24, -230, -80, 82, -8, -24, 142, 120, 150, -18, 226, 174, -56, 68, 116, 54, 46, -70, 130, 4, 14, -204, -68, 
158, 38, -90, 56, 318, -146, -44, -78, -132, -110, -42, -192, 152, -26, 48, -6, -30, 82, 60, -98, 42, 46, 48, 230, 30, 154, -70, 16, 90, 112, 228, 84, -56, -124, 94, -68, -242, 260, 106, 36, 314, 108, 156, 112, 148, 4, -40, 70, 36, 32, -206, 190, -126, 162, 54, -28, 80, -174, 100, -190, 174, -18, 14, -74, -4, 76, 156, -42, -82, 222, 68, 134, 76, 6, -38, 140, 378, 14, 46, 128, 6, -46, 252, -46, 34, 174, -240, -208, 42, -18, 58, -16, 72, 192, -178, 92, 50, -62, 198, 254, 190, 138, 30, 86, 10, -136, 0, 46, -124, 54, -2, -54, -4, 80, -2, -116, 344, 0, 142, 14, -158, -190, 78, 38, 50, -202, -84, -16, -196, -4, 34, -198, 12, -28, -76, 146, -6, 60, 62, 38, 42, 0, 212, -32, 312, 22, -110, 70, -186, 230, 80, -42, -152, -66, 68, -154, 28, -92, 150, -56, -64, -70, -158, 110, 116, 26, -24, -74, 130, -24, 316, -36, -66, 188, 58, -226, 116, 10, -166, -84, 186, -44, -176, 176, 186, -22, 276, 22, 8, 182, -28, 136, 150, -54, 176, 208, -172, 202, -24, -106, 26, 150, 238, -30, 46, -112, -224, 196, -80, 142, 160, 30, -196, 28, 46, 134, -132, 110, 16, -80, 120, -98, 16, -204, 86, -172, 190, 36, -8, 6, -116, 10, -158, -94, -50, -28, -204, 84, 122, 150, -276, -108, 220, -206, -22, -20, 238, 32, 26, -72, -36, 18, -40, -140, 110, 88, 258, 2, 148, -136, -120, 82, -274, 46, 128, 66, -152, -68, 48, -186, -48, 142, 12, 86, 72, 158, 208, -48, -136, -44, -124, 52, -72, 138, 10, -126, 194, 84, 246, -362, -168, 62, 196, -198, 64, -18, -30, 64, -150, 154, -126, -44, -86, 36, 98, 22, -152, 150, -188, 6, -58, 20, 8, 166, -40, 278, 132, -86, -66, 188, -156, 188, 140, -166, -70, 108, 116, -32, 28, -34, -6, 140, -22, 26, -32, -96, -4, -230, -50, -380, 38, -20, 12, -10, 44, -204, -46, -38, 158, -86, 154, -12, -96, 132, 78, 422, 222, -96, 274, 72, -30, -90, -18, 46, 68, -16, -92, 132, 52, 158, 246, -22, 54, -396, 166, -396, -128, 44, 44, -26, -66, -4, 122, 8, 160, -126, 8, -26, 102, -98, 32, -144, -14, -106, 100, -94, -52, -18, 94, 180, -220, 10, -102, -28, 104, 44, -90, -180, 102, 16, 4, -46, -56, 16, 156, 30, -94, -110, -96, -110, 146, 118, 102, -150, -20, -224, 188, 142, -20, -120, 156, 230, 76, -172, -116, -66, -256, -22, 24, 4, 34, 100, 116, 64, 140, -112, -30, 124, -96, 186, 144, -150, 174, -108, 10, 44, 70, 4, -42, 104, -50, 80, 318, 24, 104, -192, -150, 12, -100, -134, -172, -6, 160, 102, -154, -58, 156, 114, 214, 32, -14, -8, 174, -290, 30, -226, -102, -120, -58, 38, -130, -36, 102, 130, 44, -172, -194, 4, 112, 86, 
-104, 42, -32, -82, -266, -56, 120, 132, 214, 216, -20, 236, -208, 256, -56, 40, 86, 10, -46, 310, 38, 4, 52, 86, 86, -110, 76, 116, -192, 120, -204, 168, 80, 162, -42, -10, 258, -144, -146, -14, -60, -108, -50, -20, -174, 180, 100, -172, 202, 102, 52, -22, 36, -100, 70, -66, -138, 132, -62, 94, -146, -2, 130, -20, 68, 64, -130, -192, -16, -94, -72, -52, -34, 18, 160, -182, -100, 6, 116, 76, 64, 184, -160, 60, 2, -60, 218, 296, 178, -8, 190, -8, 30, 36, 38, -64, 64, 220, 130, -336, -42, -96, 56, -270, -40, 132, 18, 78, 156, 2, 8, 80, -72, -52, -54, -8, -164, 132, -108, 32, -88, 132, 110, -50, -8, 172, 76, -14, 254, -10, 8, 248, -62, 114, -32, 16, 76, 120, 36, 216, 64, -8, -60, 14, -196, -140, -66, -112, 246, -196, -222, 26, 90, -6, -92, 8, 54, 200, 32, -52, 96, 270, 30, -248, 12, 228, 92, -100, 12, -14, -274, 44, 268, -372, 40, 142, -92, 188, 40, 160, -170, 66, 62, 26, -122, -114, -238, 200, -32, -192, -92, 134, 114, 120, -58, -82, 158, -2, 98, -12, 20, 48, -130, 24, -102, 144, 22, -176, 100, 10, -20, 136, -16, 20, -70, -164, 156, -96, 76, 150, -252, 58, 14, 36, -6, 58, -12, -92, -152, -66, -14, 82, 158, 94, -28, 106, 248, 184, -94, 38, 128, 104, -100, 100, -88, 40, -36, 186, -36, -10, 2, 110, 106, -8, 16, -90, -134, 164, -122, 94, 86, -140, 240, -78, 76, 116, 24, 68, 160, 70, 8, -76, 12, -2, -126, -28, -332, 46, 266, 16, 186, -202, -2, -112, 14, 132, -78, -20, -152, 118, 50, -140, 48, 50, 154, 318, 134, -66, -72, -94, 178, -46, 204, 220, -30, 12, 102, -160, 72, -4, 132, 88, 110, -42, -122, -302, 36, 102, 196, 20, 164, -120, -136, 294, -26, -18, -24, 74, -166, -24, -164, -104, -108, -16, 90, 30, -246, 72, 86, 126, -78, 8, 16, -32, -150, 30, 28, -162, -118, 182, -124, 50, -4, -72, 36, -348, 34, 42, -36, 100, 144, 98, -32, -48, -18, -80, 88, 146, 106, -52, -164, 46, -78, 240, 24, 70, 320, 142, 44, 0, 246, 58, -162, 70, -64, 152, -174, -56, -34, 148, -44, 150, -32, 60, -134, 14, 270, 202, -20, -12, 22, 264, 138, -14, -42, 6, -30, -50, -4, 66, -128, 132, -14, -262, -232, -26, -8, 4, 166, 114, -312, 38, 94, 26, 86, 110, -100, -198, 130, 142, 118, 66, -146, 120, 62, 64, 214, 98, -18, 34, -4, 218, -18, -100, 30, 292, -4, -26, 52, -200, 84, 96, -194, 62, -28, -116, -88, 84, 110, -72, -80, -36, -76, -20, -178, 132, 112, -134, 218, -10, 110, 88, -98, -176, 262, 102, 116, 78, 6, -86, 106, -64, -200, 310, -76, 56, 88, 132, 208, -26, 58, 120, -154, 62, -18, 24, 414, -140, 78, -32, 
168, -16, 134, 68, 172, -42, -120, -102, 6, -138, 70, -16, 38, -144, -144, 0, -52, -102, -66, -170, 10, 170, -52, -140, -102, 116, -136, -58, 114, -180, -8, 68, 54, -224, 118, 146, 18, 112, 38, -38, -50, 174, 264, 84, 212, -24, -140, 74, -194, -24, 182, 116, -52, 30, 68, 70, 156, -94, 212, -98, 250, -70, -112, -222, 156, -46, -32, 110, 166, 180, 322, 66, 124, 126, -68, 76, 328, 144, -60, -66, 82, -104, 224, 20, -28, -20, -76, -260, 74, 140, 34, 192, 34, 124, 12, 154, 36, -136, 92, 236, -70, 168, -18, 124, -20, -52, 78, -110, -120, 30, -122, 70, 30, 82, 104, 52, 6, 76, 64, 114, 268, -124, -206, 110, 116, 60, -2, -68, -202, 254, -74, -118, -30, 218, -20, 40, -104, -16, 20, -144, -36, 18, -78, -120, 220, 88, 88, 46, -262, 38, 282, 34, 4, 242, 64, -206, -96, -136, -72, 154, 34, -208, 4, 188, -126, -86, -184, 20, 128, -54, 422, 54, -64, 306, -10, -178, 122, 130, 100, -338, -20, -28, -48, 34, 170, 174, 226, -172, -28, -80, 212, -24, -68, -106, -140, -4, 18, 152, -130, -34, -102, -232, 94, -56, 102, -204, 124, 136, -122, 134, 202, -136, 104, -142, -58, 54, -80, -74, -48, -172, 282, 28, 28, 142, 62, -2, -18, 72, 56, 86, 52, -130, -8, 16, 74, -12, -54, -80, 202, 118, 40, -200, 124, -146, 2, 48, 60, -48, -106, 26, -84, -196, -94, -106, 0, 38, 164, -140, 76, -76, -66, 130, -144, 116, 10, -192, -94, -68, -142, 20, -182, -80, -50, -186, 220, 152, 296, -88, -288, 180, -242, 198, 190, 90, -216, -70, 26, 112, 46, -16, 64, 24, 58, 162, 42, -50, 62, 104, 240, 242, -82, 82, -46, 30, 208, 4, -100, 236, 28, 32, -60, -108, -116, 78, 188, 148, -14, 76, -224, 44, -122, 196, 40, -358, -118, 92, 96, 232, 274, 4, 28, 342, 66, -40, -50, -76, 24, -154, -110, -162, -98, 190, -8, -46, 352, 44, 8, 204, 2, -10, 256, -18, 200, -120, -6, 346, 40, 48, -170, 72, -46, 56, 158, -78, 58, 264, 162, 6, -110, 142, 216, 166, 12, -114, 124, -90, -416, -76, 0, 112, -176, 54, 150, -80, -36, -122, 214, -18, 90, -130, 124, -20, 54, 56, 18, 64, -164, -66, -64, -22, 6, -186, 32, 152, 108, -126, 120, 130, -160, 38, 110, -28, -36, 218, 244, -4, 22, 0, -194, 22, 214, -60, 84, 50, -30, -102, 222, 364, 138, -230, -126, -18, 86, 2, -76, 34, -34, -56, 158, 56, -22, -74, -132, -110, 96, -96, 134, 108, -54, 86, 16, 6, 274, -32, 144, -46, 12, -70, -30, 48, 170, -198, 132, -76, 126, -104, 52, -132, -290, 40, -24, 70, -12, 8, -128, -174, -86, 146, -96, -214, 164, 92, 22, -152, 24, -16, 204, 54, -116, 126, -70, -94, 180, -86, 56, -14, -248, 42, -178, -86, 
-138, 16, -184, -28, -198, -134, -70, 350, 304, 138, 2, 40, -236, 124, 100, 104, 142, 66, 10, 94, 10, -46, -28, 84, 70, 10, 66, 48, -96, 24, 20, 50, 30, 44, -58, 64, 6, 28, 112, -24, 172, -228, -68, 128, -26, 68, 136, 84, 6, 24, -12, -280, 176, 16, -58, 62, -160, 208, -126, 82, -170, 306, 188, 264, 0, 0, 80, 16, -92, -48, -100, 158, -36, -56, 10, 208, -386, 208, -50, -38, 60, 128, -42, 106, -134, 86, 242, 68, 66, -94, -128, -232, 16, -66, -40, -24, 76, 144, -116, -46, 66, -138, 68, -34, 122, 262, 52, 154, 208, -14, 10, -56, -76, -184, 104, 188, 16, -112, -6, 52, -70, 178, 118, -80, 6, 128, 88, 42, 116, -234, 116, 124, 96, -98, 78, -100, 106, 234, -96, 68, 20, 8, 244, 50, -172, -82, -126, -122, 188, 56, -260, -38, 214, -34, -18, 84, -16, 42, 84, -52, 20, 396, -62, -166, 292, 58, 118, -56, -72, 18, -334, 56, -48, -150, -36, 62, -250, -22, -196, 230, 18, 88, -148, 20, -156, -50, -268, 162, -98, 196, -166, -10, 40, 112, 154, 62, -58, -112, -148, -124, 314, 38, -2, 66, -90, 154, -98, -126, 40, -132, -182, 156, -88, 176, -80, -68, 124, -42, 36, 72, -128, 48, -104, -120, -50, 6, 0, -116, 58, 54, 10, 164, 74, 148, -56, 16, 114, -26, -296, -42, -18, 190, -98, 230, -48, -60, -56, -2, 222, -178, 16, 82, 280, 18, 106, -98, -12, 48, -148, 26, 14, -12, 116, -38, 128, 190, -50, -56, -64, 192, 226, 76, 256, 352, 80, -86, -160, 74, 180, -136, 192, -304, -34, -64, 212, -12, 50, 142, 42, 134, -8, 44, -38, 4, 168, 48, -172, -178, -100, -48, -54, -148, 134, -56, 20, -42, 6, -184, 232, -100, -196, 244, -12, -8, -4, 136, 110, -80, 248, 42, 82, -196, -32, 234, 60, 154, -72, -82, -48, 84, -106, -366, 74, 224, -84, 0, 102, 18, 66, 116, 80, -40, 30, -30, -158, 138, 130, -12, -94, -20, -138, 234, -70, 86, -124, -176, 108, -94, 46, -56, -56, -120, -166, -76, 114, -192, 24, 56, 92, -140, -130, -38, -30, 236, -190, 146, 244, -122, -160, -18, 72, -98, -54, -16, 14, 108, -204, -16, -78, 124, 36, 148, 170, 162, 230, -64, 244, 166, -80, 70, 32, 236, 60, -74, -204, 174, -10, -104, 128, 78, -106, 194, 78, -182, -36, 52, 160, 272, 138, -200, -186, 52, 160, -168, 6, 152, -190, -66, 24, 102, 70, -48, -14, -64, 8, 96, 204, 136, -52, -44, 94, 96, 186, 16, -182, 114, -22, -170, 102, 62, -58, 136, -66, 122, -28, -66, 102, 192, -114, -182, -220, 110, 12, -12, -98, 178, 66, 104, 292, -42, -116, -82, -30, 82, 54, 80, -142, -90, 66, 258, -42, 36, 94, 142, 168, 46, -30, -134, -56, -54, 86, 62, -54, 176, -150, -50, -72, 0, 28, -36, 
-20, -110, -54, 280, 310, 0, 228, -92, -206, 20, 178, -64, 328, -42, -78, 160, -120, -14, 0, -90, 124, 36, 6, -44, -62, 36, -230, -52, 38, -34, 58, -24, -6, -192, -146, -148, -120, -106, 34, 152, -122, 162, 134, -198, -94, 102, 82, 60, -12, -132, 106, 268, 14, 6, -4, 34, 4, -144, 100, -8, 76, -198, 42, -166, 26, -32, 44, -200, -24, 204, 220, 22, 162, 204, 14, -78, 130, -296, 80, 68, -4, -32, 136, 50, 224, 26, -160, -40, 46, 46, -70, 194, -98, 310, -38, 166, 108, -110, 108, -20, -166, 242, 42, 88, -100, -114, 40, -332, -176, 150, -52, 106, 42, 204, 54, -30, 48, 226, 42, 2, 314, -158, -180, 140, 196, 4, -130, 182, -232, 368, 44, 150, -100, 44, -22, -8, -174, -188, -10, 22, -60, 12, 14, -224, 104, 230, 108, 8, -136, -298, 224, 192, -100, 126, 16, -14, 50, -46, -150, 98, 194, -268, 138, 52, -158, 52, 32, 176, 94, 110, 254, -12, 142, 72, -174, 92, 176, -46, 88, -96, 12, 16, 28, 94, 178, 2, 446, -148, -98, 74, 212, 54, 100, 94, -140, 42, -218, 214, 78, -46, -68, -86, 220, -26, -42, -2, 38, 210, -68, 126, 126, -122, 88, -136, 150, 116, -126, 12, 2, -160, 146, -86, 14, 84, 172, 130, -136, 104, -18, 88, 224, -20, 48, -138, 76, 20, -6, -8, 110, 62, -182, -36, 50, -50, 14, -52, 56, 64, -90, 144, -120, 60, -226, -28, 130, 88, -48, 152, 174, 68, 66, -96, -32, 78, -32, -108, -6, 54, 26, 58, -226, -6, -184, -88, 68, 16, 222, -40, -72, 84, -78, 102, 62, 86, -190, 150, 50, -50, -26, -22, 246, -54, 40, -92, -214, 72, 124, 28, 110, 116, -54, -64, -46, 182, 98, 12, 72, -24, 22, 240, -34, -184, -46, 0, -130, -196, -8, 238, -82, -62, -98, -58, 82, -144, 40, -74, 38, -90, 82, 40, 206, 210, -132, -204, 180, 86, -72, 72, -74, 68, -102, -54, -112, 46, 38, -146, 20, 52, 146, 26, 188, -124, 60, -182, 202, 388, 8, 116, 24, -18, -98, 104, 144, 22, 4, 28, -36, -134, -186, 184, 190, 182, 36, 20, 212, -14, -156, 234, 20, 238, -16, 20, 176, 142, 48, 0, 52, -88, 30, -80, -28, 24, -70, 326, -142, -22, -220, -206, 130, -88, 20, -180, 34, 142, 76, -124, 150, -64, -56, -152, 160, -38, -86, 170, 10, 70, -244, -222, -126, 290, 120, -46, -66, 240, 48, -48, 170, 74, 86, 26, 64, -172, 152, -130, -98, -104, -4, -12, 196, 158, -4, 48, -150, 98, -86, 38, -16, -56, -80, -242, 204, -68, 266, 80, 74, 82, -28, -164, -2, 64, 104, -34, -62, 8, 60, 60, -78, -64, -20, 328, 98, 56, -68, 206, -36, -32, 102, -16, 50, -132, -8, -112, -40, -24, -164, -56, 80, 30, 60, 166, -54, -148, -128, -2, 46, -66, 32, 136, 126, -16, 
88, 130, 148, -118, -222, 90, -212, 42, 312, -92, -116, 18, -200, 66, 246, -108, 136, 136, -78, -4, -160, -106, -2, 54, 52, 212, 144, 72, 20, 10, -126, -18, 78, 128, 38, 72, 276, 72, 190, 50, 222, -2, 12, 286, -46, -52, 170, 14, -142, 100, 236, -120, -36, -6, -172, -20, 34, 142, 188, -84, -80, 26, -112, 208, -46, 132, 108, 212, -8, -92, -218, 82, 76, -152, -4, 42, 0, 256, 56, -28, 84, 178, -112, -8, -222, 90, 202, 208, 202, 188, 68, -80, 26, -156, -120, -54, -30, 68, 194, -42, 228, -50, -76, -4, 4, 88, -16, 374, 198, -106, 226, -88, 4, -90, -22, 124, 142, -138, -2, -16, -244, 154, 224, 16, -154, 110, 176, -72, 102, -200, -50, 38, 66, -112, 32, 130, 272, 224, 64, 210, 4, -24, 54, 328, 18, -82, -76, -116, 80, 310, -70, -184, 172, -2, -76, 312, -68, 234, 78, 8, 86, 284, 50, -62, 304, -20, -272, 28, -130, 46, -218, -98, 140, -124, 66, -64, -38, 8, -200, 250, 56, 40, -56, -14, -82, -74, -482, 232, 92, -2, 22, -230, -54, 64, 196, 24, 124, -220, -46, 88, -26, 68, 62, 2, 22, -32, 12, -120, -42, -132, 118, 156, 52, -52, -108, 178, 174, -32, 78, 184, -150, 222, 28, 18, -44, -132, 134, 42, 264, -6, -34, 2, 60, 46, -250, -116, 60, -158, -120, -18, 136, -98, 70, 28, -90, 152, -18, -100, -24, 96, 30, -72, 124, -136, -146, 66, 182, -144, -254, -50, 0, 292, -22, -20, 200, 80, 18, -72, 6, 30, 32, 146, 100, 132, 34, 0, -322, 48, 132, 0, 170, -30, -8, 236, 166, -100, -104, 56, 94, 90, -188, 252, 44, -14, 300, -26, -136, 132, -248, -74, 20, 118, 16, -298, -80, 38, -200, 120, 172, -32, 92, 260, -6, 28, -112, 86, 24, 10, 150, 90, -40, -88, -156, 132, -130, 90, -20, 124, 14, -230, -140, -230, -56, 138, -130, -66, 52, -4, 104, 132, -4, 48, 34, -56, 156, 118, 2, 150, -322, -94, -32, -38, 220, 42, -188, -186, 150, 138, 102, 62, 38, 98, -56, -76, 230, 20, 28, 92, 128, -198, -62, -20, 56, 36, -106, 52, 56, -48, 38, -84, -86, 80, -198, -138, -106, 102, -40, -50, -134, 172, 66, -102, 148, -112, 110, 110, 142, 302, -120, 140, -54, 222, -132, -58, -94, 68, 50, 98, 66, 132, 122, 4, 4, -174, -2, -72, 86, 396, 234, -34, -250, 188, 72, -248, 80, 100, -90, -212, 72, -52, 96, 56, -10, 296, 142, 60, -42, 24, 48, 106, -88, -2, 94, 126, -52, -66, -64, 152, 132, 240, -122, 52, -266, -192, -6, -114, -122, 252, 68, -214, -148, -14, -24, 68, -16, -40, 168, -18, -6, -254, -70, -174, 108, 128, 24, -28, -124, 64, 30, 84, -4, 130, -34, -190, 90, 66, 20, -162, -102, -232, 120, 14, 34, 94, 56, 30, 138, -172, -192, 160, 
-18, -162, -106, 58, 94, -62, 260, 130, -38, 66, 84, 96, 258, 34, 2, -8, -218, -52, 226, -8, 66, 268, -42, -72, -32, -130, -206, -104, -56, 246, 234, 138, -78, -84, 150, 146, -20, 80, -186, -56, -4, 94, 118, -100, -12, 100, -32, 46, 94, -178, -20, 158, 164, 100, 258, -62, 4, -136, -100, 68, 70, -46, 104, -106, 100, 56, 116, 12, 8, 212, 162, 98, -44, 158, 48, 90, 26, -118, -116, 96, 64, -28, 156, 56, 156, 66, -38, -194, -146, -266, -226, 36, -52, 302, 204, -12, -80, 18, -118, -122, -4, 222, 72, 228, -192, -52, 88, -296, -48, -10, -158, 214, 38, 142, 16, -76, -28, 208, 102, 88, 152, -252, -114, 94, 190, -222, -40, 12, 40, 110, -12, 24, 4, 164, 12, 180, -178, -34, -26, -230, -40, 102, -20, -60, -10, 58, 152, 162, -66, -216, -74, 128, -164, -70, 92, -252, 220, -24, -60, 6, -66, -258, -54, -82, -232, -58, 280, 126, 140, -66, -86, 68, -66, 44, -60, -22, 126, 102, 230, -98, 102, 112, 66, 194, 48, 2, 294, -152, 138, 136, 42, 186, 236, 42, 2, 52, 8, 204, 232, 8, -108, -154, -24, 12, 194, 14, -132, 2, 194, 28, 78, -172, 118, -100, 160, -68, -102, 232, -110, 48, 268, -188, 50, -62, 70, 52, 40, 74, -132, -158, 92, -48, 32, -114, 170, -2, -90, -18, 10, 186, -90, -30, -194, 218, 20, 70, -66, 86, -10, -72, 200, 190, -182, 236, -26, -38, -192, -36, 238, 50, 146, -318, -36, -98, -158, -190, -20, 2, -54, 134, -48, 68, -76, -164, -106, -78, 306, 38, 10, -6, 110, 46, -34, -124, -248, 140, 116, -156, -196, 64, 180, -112, -116, 162, -162, -2, 192, -94, 56, 258, 168, -78, 154, 108, 40, -42, 316, -30, 94, 56, 86, -276, -130, 84, 98, -12, -2, 30, -136, -256, 56, 84, 28, -166, 210, 100, -96, -116, -104, 260, 262, 210, 116, -42, 304, 108, -130, 148, -36, -84, 172, -22, -38, -34, 28, 24, 148, 150, 402, 18, -192, -64, -58, -140, 252, 146, -70, -218, -74, -124, 170, 182, 214, 100, -116, -54, 58, -68, 64, -16, -6, 58, 116, -30, 154, 30, -140, 284, 16, 0, 144, 156, 232, 30, 128, -12, 32, -34, 58, -168, -14, 46, 94, -126, -146, -258, -28, -120, 46, -16, -50, -110, -14, -14, 204, 24, 30, 116, 2, -82, -210, -76, 88, 160, -114, 120, -40, -22, -88, 54, 146, 26, 18, 172, -2, 74, 262, -64, 140, 104, 30, -164, 72, -242, -98, 96, -58, 104, -206, 178, 272, 16, -112, -68, 174, -42, 34, -34, -56, -226, -26, 80, 170, 302, 140, 168, -52, -68, 84, 276, 96, -30, -130, -8, 20, -12, -140, 8, -172, 20, 202, 160, -18, -20, 50, -110, 52, -218, 38, -38, 86, -200, 98, 252, -92, -52, 136, 106, 34, 2, -156, -26, 124, 42, 120, 62, 98, -60, 214, 122, 
-72, 262, 68, 120, 140, 72, -54, 146, 36, 144, -168, 52, -80, 50, -90, -54, 204, -72, -220, -216, -86, -120, 58, 66, 76, 234, 80, 140, 102, -242, -178, -50, 190, -86, -110, -8, 116, -106, 138, 124, -80, -118, 44, -12, 310, 14, 6, -30, 38, 218, 68, -122, -82, 12, -128, -26, 188, -2, -66, 42, -20, 196, 22, 186, -150, -144, 14, 0, 192, -62, -132, -104, -50, 48, -28, 44, -214, 122, 134, 16, -62, 20, -180, 54, -184, -40, 160, 304, 174, 150, 224, 110, -114, -138, -14, 166, 314, -134, 64, 74, 20, -94, 62, -182, 230, -8, 68, 218, -48, -60, 144, -234, -76, -48, 90, 130, -72, -188, -80, 88, -118, 148, 190, -52, -158, 240, 62, 164, 76, -42, 24, 0, -60, 20, 10, -64, 264, 26, 130, 100, -24, -38, -28, 16, -136, 88, -154, -78, -14, 54, 22, -226, 98, -44, 2, 300, -186, 110, 10, 122, 166, 258, -52, 134, 194, 116, -134, 20, -260, -86, 90, 16, 76, -8, 86, 182, -112, -86, -238, -52, -10, 56, -8, -100, 148, 74, -6, 86, -188, -34, -122, -70, -160, 82, 72, 62, 50, -182, -92, 214, 184, 72, -156, -100, -226, 0, 16, -108, -162, -66, 150, 44, 90, 148, -34, -146, 226, -152, 184, -28, -58, 294, -112, -52, -202, 24, -66, -68, 208, -110, 158, 154, -132, -62, -108, -36, 132, -174, 104, -250, -26, 112, -14, 10, -158, 62, 60, -14, 12, -30, -220, -396, 204, -2, 116, 26, 236, 106, -238, -72, -32, 166, 50, -12, 64, 24, 20, 20, -146, 4, -132, -78, 118, 54, 248, 102, -396, -68, 104, 36, -50, 32, -86, 128, 228, 56, -68, 346, -68, -110, -306, 132, 304, 86, 250, 34, -54, -20, -18, -208, -72, 134, 22, -200, -40, -164, -200, -8, -210, -142, 48, 214, 230, 16, 26, -20, -48, 22, 166, 84, 88, -162, -28, 160, -150, -62, 150, 32, 110, -148, -224, -192, -230, -8, -140, -66, 244, -70, 146, 130, -40, 82, 116, 164, -4, 8, -160, -20, -492, -58, 294, 94, 126, 232, -128, -146, -90, 296, 8, 230, -94, 6, -64, -146, 140, 76, -18, 100, 58, -162, -216, -130, 2, 162, -10, -52, 224, -92, 84, 30, -154, -132, -108, 108, -96, 36, -74, 118, 6, 308, -22, 24, -104, 2, 10, 256, 20, 198, -154, 42, 8, 14, 4, 62, -176, -34, 38, -138, 98, 174, 126, 32, -4, 20, -68, 90, 104, 108, 52, -74, -194, 206, 54, -120, 24, -104, -138, 60, -60, 40, -90, 28, -158, 248, 26, -76, 136, 166, 166, -174, -102, -168, 74, 252, -68, 194, -26, 104, 112, 166, 44, 14, -166, -130, -114, -90, 192, -12, -50, -36, -10, 60, 224, 102, -38, 112, 142, 50, 102, -72, -52, -114, -106, 48, 44, 186, -244, 158, 82, -22, 154, 220, 36, -188, 12, 116, -176, 102, 24, -222, 10, -4, -10, 110, 148, -90, 168, -210, 56, -58, 
148, -226, 48, 66, -24, -6, 226, 16, 156, -126, 182, 236, 112, -96, -116, 78, -150, 232, 158, 62, 234, 216, -52, -36, 36, -246, -202, -240, -194, 154, 172, 146, -192, 54, 116, 26, -12, 94, -116, 4, 32, 238, -256, 114, -48, 62, -166, -168, -38, -132, -58, 122, 200, 32, 38, 92, 44, 102, 14, 162, 24, -110, -16, -254, 346, -62, -24, 82, -64, 28, 74, 108, 80, 144, 306, 14, 208, -268, -84, 186, 108, -142, 70, 0, 232, 62, -86, -122, -150, -206, -110, -134, 208, 84, 94, -108, -64, 164, -38, -182, -122, 112, -6, 78, -162, 6, 120, -338, 18, 94, -52, 126, 220, 270, 4, -54, 42, 252, 0, -88, 114, -68, -108, 38, 162, -132, 54, 78, 40, 62, -112, -176, 46, -58, -132, -28, -80, -60, -54, -26, 152, 186, 12, 106, -68, -142, 258, -46, 60, -60, 6, 98, -58, 78, 268, -286, 4, 12, -76, -156, -148, 66, -92, 18, -22, -4, -68, -10, 334, 158, -106, -128, 36, 0, -86, -54, -116, 182, 186, 100, 52, -78, 74, 28, -4, -278, 68, -34, -102, -86, 234, -26, 214, -156, 188, -114, -194, 94, 148, -136, -228, -56, 218, 180, 254, 18, 48, 110, 246, 40, -180, 24, 186, 48, 2, 228, -146, -40, -124, 118, 240, -72, 132, -212, 110, -4, -134, 8, 140, 122, 18, 2, 132, 48, 24, 214, 58, 146, 80, 272, 20, 26, 102, 204, 184, -98, -168, -18, 112, 198, 88, 252, -40, -8, -126, -102, -138, 12, 168, 118, 54, -124, 4, 16, 84, 106, -34, -40, 58, -30, 58, 68, 160, 22, -186, -144, 150, 182, 56, 10, 72, 36, 12, -50, -204, -14, -48, -224, -18, 94, 86, 10, -94, 32, -138, 178, 92, -92, 6, 162, 88, 64, 88, 260, -28, 210, 208, 6, 222, 104, 44, -182, -96, -84, 34, 74, -14, 204, -264, -160, -130, 162, -28, 12, 26, -22, -78, -68, 80, 112, 194, 38, 24, 74, 148, 158, -186, 152, -130, -30, 210, 14, -100, -202, -28, -36, 60, 40, 298, 38, -172, -42, -48, -138, 130, 158, -38, -206, -96, 8, 6, 126, 38, 124, -224, -6, 66, 108, -48, 4, 84, 90, 80, -150, 214, 116, 152, -28, -100, -216, 120, 252, 20, -162, 290, -30, 70, 2, 24, -64, -180, 260, 78, -94, -64, -274, -104, 62, 248, 70, 34, -250, 68, -22, 252, 22, -18, 228, -44, -80, -134, -98, -62, -92, 234, -76, -56, -154, -154, 70, 208, 80, -82, 182, -54, 52, 90, -172, 296, 26, -108, -124, 244, -276, -50, 34, 90, 118, -62, 124, 108, -42, -10, -90, 170, -92, 200, -140, 62, -64, -146, 106, 32, 146, 80, -136, 46, 8, 240, -92, 42, -108, -170, 164, -8, -42, -194, -124, -168, 112, 58, -84, 98, 30, 168, 164, 292, -238, 4, 26, -32, 4, -30, 18, -90, -174, 246, 64, -182, 124, -76, -170, -92, -78, -68, 56, -146, 106, 78, 368, 
-150, 102, 120, -44, -34, -18, -102, -36, -166, 142, -252, -208, -38, -218, 104, -90, 44, -116, 104, -22, -126, 4, 56, -4, 16, 112, 240, 316, 220, 82, -120, -66, 304, -42, -104, -42, -56, 116, 140, -150, -8, -150, 22, -44, 8, -178, 94, 256, -46, 152, 202, -140, -80, -28, 106, 62, -4, -2, -62, -30, -80, 214, 144, 268, -252, -188, -12, -208, 212, 102, -40, -126, 12, -206, -168, 156, -66, 260, -28, -156, 44, 274, 28, 62, -186, -60, -84, 126, 76, 236, 80, 236, -62, -128, -16, 48, -26, -34, 30, -36, -4, -68, 82, -142, 32, -26, 62, 204, -88, -72, 106, -118, -236, -388, 98, 150, -42, -204, -88, 78, -80, 60, 256, 28, -158, 146, -98, -50, -86, -128, 146, 168, 6, 186, -158, -42, -100, 148, -36, 142, -60, -230, 12, -104, 180, 28, -220, 50, 4, 28, 70, -52, -158, 24, -96, 102, 182, 108, 186, 0, 134, -242, -28, 14, 24, 70, 14, -20, -250, -270, 104, 54, 106, -134, 172, 126, 130, -30, -206, 98, 46, 92, 14, 96, -26, 228, -210, 12, 132, 140, -232, 42, -92, 88, -92, 168, 234, -70, 62, -8, 248, 64, -314, -40, 28, 132, -126, 144, -198, 140, 118, -134, -130, 88, 48, -206, 118, 56, 126, 4, -274, -58, 0, 108, -34, -24, 104, 90, 86, -170, -26, 194, -174, 58, 8, -128, 70, -226, 136, -192, 90, -284, 182, -56, -152, 48, 316, 74, -12, -12, -170, -152, 238, -32, 188, 110, 52, 74, -130, -112, 10, 16, -8, -184, -162, -56, -44, 58, -158, -122, 90, 24, -24, -78, 70, 46, 214, -182, 34, -168, -78, -38, -228, -24, 326, 116, 126, 264, -82, -12, 46, 80, 118, 142, 36, 112, -102, 152, -106, -20, 98, 150, 42, -42, 8, -104, -82, -92, -32, -120, -92, 0, 62, 66, -34, -2, 30, -146, 112, 152, -48, -32, 226, -70, 162, 34, 26, -116, -64, 126, -6, -18, -46, -136, -80, -236, 120, 80, 120, 10, -38, 280, 62, 72, -258, -2, -56, 154, -84, -114, 256, 60, 140, 188, -216, -42, 92, -28, 214, 108, -66, -46, -162, -156, 154, 104, -158, 86, -118, 96, 102, 44, 24, 192, -182, -36, -128, 184, -34, 182, 8, -134, -16, 126, -252, 120, -78, 116, -4, 40, 20, -192, 84, 38, 124, 68, -112, 56, -54, -32, 92, 4, -92, -44, -164, 118, 12, -210, 88, 46, 6, 54, -92, 50, -82, -6, 96, -28, 2, 10, -78, -274, -98, 204, 112, 112, 4, 284, -224, 228, -62, 156, -52, 190, -28, 118, -28, -16, 14, 28, -34, 168, 98, -136, -140, -62, -182, 0, 154, 40, 2, -76, 116, -90, -108, 124, 64, 92, -76, -110, 42, 80, 8, -42, -120, 176, 136, 186, 150, -130, -58, 96, -32, -34, -10, -98, -116, 222, -58, -34, 30, 70, 80, 158, 150, 244, -26, -20, 130, -68, 58, 178, 152, 56, 90, -50, 234, 82, -118, -264, 
-60, 74, -50, -94, 6, 218, -74, 70, 226, -162, 80, 66, 54, 236, -68, 68, -2, 92, 10, 186, -64, 56, 26, -44, -54, 10, -108, -280, -142, -46, -36, 118, -244, 80, 158, 88, 128, 78, 52, 58, -148, 208, -62, 122, -14, 16, -190, -192, 52, -16, -134, 8, 116, -50, -54, -80, -154, -30, 60, 58, 110, -138, -168, -116, 272, 144, -18, 126, -172, -132, 18, 104, -80, -78, 182, 174, 80, -198, 22, 64, -296, -22, 104, -144, 50, 174, 92, -140, 118, -250, 8, -188, 114, 100, 102, 78, 40, 84, -62, 158, -150, 56, -6, -22, 66, 126, 88, -38, 90, 268, -80, 132, 220, 406, -164, 22, 12, 134, 100, -130, -128, 20, -202, -88, 128, -110, 170, 2, 104, -2, -114, -198, 28, -68, 96, 92, -134, -100, 152, -216, -30, 228, -6, -14, -202, -20, 248, -14, -98, 72, -118, 32, 230, -128, 196, 50, -226, -310, -208, 100, -154, 174, 72, 242, -96, -58, -48, -64, 132, 124, -100, -218, -64, 42, -182, -54, -24, 158, 304, -42, -196, -130, 166, -120, -22, 4, 108, 14, -90, -66, 208, 64, -12, -86, 108, -298, -38, 204, 34, 158, -152, -28, 228, -72, 60, 50, 216, -160, 242, 60, -62, 68, 310, -86, 86, 22, 50, -12, 36, 306, 210, 28, -160, -96, -116, 348, 32, -88, 34, 140, -4, -194, 152, 32, 34, -52, 110, 158, -24, 146, -118, 54, -120, 218, 188, -94, -230, 42, 116, 256, 78, 152, -164, -52, -150, 84, 52, -48, 28, 118, 158, -20, 0, 108, 86, 64, 136, -226, -52, 8, 78, -250, -12, 34, -34, -20, 124, 206, 112, 146, 112, -104, 162, -86, -94, -134, -84, -64, 116, 152, 8, -108, 176, 12, -146, 8, 32, -216, 150, 116, 44, 44, 150, 130, 36, 12, 106, 260, 30, 190, 118, 52, -170, 8, -36, -24, -226, 110, -94, -94, -4, 38, -156, -78, -84, 92, 200, 14, 80, 124, 98, 82, 8, 44, 186, 106, 120, -94, 14, 116, -76, -168, -6, -166, 282, 150, 26, 2, 394, 124, -286, -30, -50, -112, 124, 122, -10, -134, -84, -14, 74, 70, 66, 168, -24, -60, 132, -146, 314, -26, -2, -110, 32, -156, 148, -64, -52, -88, -66, -214, 126, 152, 24, -36, 214, -168, 18, 4, -78, 24, 152, 128, 110, -174, -148, -40, -26, -22, 100, 76, -38, 16, 128, -58, 136, -94, -144, 200, 150, 72, -108, 56, 232, -6, 196, -30, 166, 140, -74, 36, 10, 128, 12, -230, -30, -90, 120, -92, 154, -198, 52, -50, 172, 64, 98, -142, 140, -88, -148, -68, -86, -50, 68, 68, 284, 8, -110, 150, 34, -2, -192, 82, 36, 122, 38, 174, -30, -62, 106, 250, 22, -76, 288, 62, 10, -110, -54, -274, -176, 82, 208, 18, 32, -66, 166, 112, 122, -324, 42, 156, -116, 116, -86, -152, -64, 12, 230, 134, -34, 42, -72, 104, 92, 16, 160, -40, -116, -2, 92, 296, 
4, -68, 76, 114, -2, -110, 66, 74, -384, 116, 202, -120, -132, -146, 116, 60, 68, 4, 124, -38, 150, 8, 78, -34, 150, 82, -30, 162, 38, -28, 206, -64, 250, -4, -182, 136, -144, -100, 114, 100, -24, -176, -4, 4, 180, 56, 174, 152, -58, 194, 166, 24, 76, -108, 200, 248, 134, 50, 70, -226, 32, -8, 60, 118, -194, 22, 14, -68, -104, -20, -34, 130, 142, 72, 12, -142, -140, 176, 32, -26, 254, 104, 80, 196, 198, -10, -94, 56, 32, 428, 24, 86, -22, 174, -192, -80, -190, -178, 214, -102, 102, 210, 170, 124, 56, 32, -74, 70, -188, -190, 74, 10, -212, -392, 238, 226, 58, -168, -100, 144, 94, 98, 144, 224, -30, 46, 230, 14, -42, 126, -50, 178, 74, 12, -58, -88, 36, 32, -136, 100, -64, -248, -130, 48, 120, 248, -192, 146, 178, 30, 16, 76, -154, 12, -62, -122, 166, 348, 208, -76, 82, -64, 26, -306, 160, 88, -8, 92, -16, -250, 242, 280, 124, -116, 66, 88, 118, -192, -316, -16, 192, 42, -190, 176, 58, 66, -142, -102, 70, 280, -40, -94, -150, 264, -134, -10, -14, -142, 72, -78, 142, -26, -114, -210, -90, -50, -94, 156, -50, 20, 14, 52, -158, 200, 112, 18, -44, 58, -162, -54, -16, -158, 198, 64, 210, -82, 32, 76, 56, -44, 46, 42, -160, 40, 28, 22, 24, 70, 66, -198, 186, -26, 116, -290, -124, 8, 186, -30, -242, -2, -146, -122, 194, 132, 70, -64, 2, 100, 108, -16, -16, 40, 76, 208, -70, 168, -48, 168, 96, 36, -182, 74, 194, -40, 182, -8, 28, -52, 48, -46, -98, 82, -204, 76, 218, 104, 108, 118, 40, -72, 26, 118, -24, -136, 34, -90, 164, 152, -152, -62, 96, 14, -64, -52, 4, 34, 60, -128, 12, -82, 186, -134, -40, -18, 110, 26, 156, -50, 106, -16, -124, -24, -96, -16, 80, -78, -132, -134, 32, -62, 60, -94, -10, -20, -148, -94, -90, 112, 182, 76, 100, 146, -32, 240, -148, -52, 34, 98, -152, -218, 64, 258, 240, 180, 56, -86, 74, -18, 76, 76, 110, 28, 52, -30, -38, -22, 12, -14, -62, 136, 18, 114, -26, 4, 22, 142, -78, 112, 38, 134, -64, -168, -56, 38, -112, 202, -10, 76, 36, 140, -60, 66, -90, 24, 216, 16, -72, -134, 62, 66, -12, -50, 6, 2, 32, 170, 108, -6, -60, -202, 42, 80, -110, 62, -86, 246, 10, -114, 56, 2, 182, -80, 78, 268, 36, 166, -110, 34, -30, 48, 8, 42, -162, 140, -60, 172, -18, 212, 368, 50, 142, 168, 66, 38, -164, -86, 168, -98, 78, 24, 44, 6, 102, -14, 32, -122, 140, 72, 2, -210, 20, 52, -266, 190, 158, 108, -62, 152, 96, 164, -14, 18, -46, 18, 190, -46, -64, 136, 64, -102, -4, 50, 120, 130, 56, 158, -2, 40, 2, -228, -100, 32, -76, -12, 30, 118, 130, 62, -202, -166, 
74, 108, -4, -142, 92, 232, -30, -26, 238, -148, 70, 20, 270, 272, -16, 48, -26, 124, 116, 130, -248, -30, 196, 200, 76, -12, 204, -104, 168, 80, 120, 112, -118, -10, 102, -118, -42, 114, -36, -102, 154, 178, 294, 164, -116, -194, -102, 136, 140, 48, -180, -84, -44, -58, -354, -64, -158, 16, -50, 194, -162, 116, -12, 58, 152, 94, 120, 42, 206, 102, -8, 20, -68, -6, 160, 234, 16, -82, 130, 140, -286, -88, -114, -56, -122, 60, 82, 58, 50, -288, -100, -102, 96, -144, 248, 232, 282, 100, -300, 192, 180, -32, 118, -28, 10, -108, -112, -118, 50, 94, -162, -36, 176, 248, -114, -128, -164, -102, 94, 164, 12, -40, -108, -132, 98, 52, -178, -86, 134, -42, 120, -6, 40, -58, 194, -64, 58, 106, 220, -72, 40, 150, -96, -110, -24, -36, 166, -140, 4, 70, -24, -64, 274, 32, -40, 32, -180, -206, 8, -28, 190, -8, -18, 142, -178, 18, 136, -122, 144, -28, -178, -120, 214, 38, 60, -46, -80, 242, 126, -40, -232, -224, 118, -108, -54, -44, 4, 82, 158, -298, -16, 232, 190, -40, 150, 90, 40, 210, 122, 132, -94, -42, 172, 160, 170, 126, 174, -146, 20, -54, 74, 158, 382, -118, -42, -118, 0, -52, 40, 52, 152, 116, -54, -110, -168, -26, -138, 36, 26, 164, -136, 34, 70, -156, -4, 10, 114, -18, 14, 196, -166, 184, -86, 130, 94, 176, -86, 10, 182, 128, 54, 32, -238, 58, 130, -16, -62, -92, 32, 156, -98, 32, -16, -16, 288, 20, -84, -356, -92, -64, 48, -12, -110, -70, -82, -44, 34, 50, -146, 16, 110, -118, 122, -102, -144, -36, -40, -30, -108, 124, -64, 2, 150, 222, -136, 130, 22, -248, 176, 134, 16, -2, 26, 4, -50, 16, 108, -114, -38, 166, -126, 132, 76, -44, -92, -38, -148, 204, 28, 14, 20, 42, 64, -38, -16, -160, 56, -106, 130, 150, 130, 94, 138, -30, 196, 28, 116, -102, -178, -66, 142, -142, 72, -224, 122, 64, 70, 84, -80, 184, 56, -224, 106, 50, -4, 96, -118, -126, -34, 0, -72, -26, 132, 96, 240, -38, -60, -22, -16, -12, -70, -208, -20, -82, -12, -78, -44, 132, 42, -50, 100, 172, 26, -86, 200, -198, 216, -88, 62, -148, 24, 60, 2, -66, -88, 76, 252, 170, 56, -38, 16, 180, 12, -14, 100, -122, -118, 24, -56, 148, -8, -114, 216, -26, 90, -244, 32, 158, -166, 84, -88, 18, -100, 56, 108, -172, 30, 118, 180, -6, 66, -46, 120, -110, 228, -220, 98, -26, -260, -114, -338, -82, -106, -174, 148, 172, -176, 40, 104, -78, -32, -76, -148, 126, -84, -2, -96, 16, -78, 196, 114, 138, 348, -326, -40, -202, 56, -200, 58, -136, 166, 74, 94, -6, -214, 144, 114, -200, -32, 114, 160, -54, -154, 74, 114, -94, 64, -146, 196, 212, 130, 48, 80, -82, 4, -14, 14, -64, 260, 114, 
-170, 0, 200, -34, -104, -204, 72, 34, -146, -8, -10, -12, -116, -186, 74, 60, 316, -204, -110, -52, 144, 46, -154, -94, -70, 96, -36, 164, -90, -80, -144, -128, 60, -40, 216, 118, 36, 10, 48, 126, 10, -146, -264, -130, 54, 58, 122, 16, -462, -86, -48, 264, 276, 244, 352, -52, 122, -48, 38, -182, 64, -2, 132, -28, -22, -104, -18, 128, -332, 52, 70, 58, 234, 40, -2, -204, -72, 62, -170, -220, 182, -88, 38, 34, 146, 44, -82, -30, 70, 302, -32, -10, -106, -32, -312, -94, -52, -204, 58, -38, -98, -30, -98, -104, -34, -118, 0, 12, 4, -84, 118, 58, -102, -126, 258, 270, 134, -32, 80, 96, 22, 4, 90, -52, -72, -52, 200, 90, -68, -40, -8, 74, 28, 156, -190, 132, -70, 196, -112, 286, 50, -114, -188, 82, 244, 68, -320, 332, 212, -40, 154, 80, -128, -54, 176, -54, 24, 248, 84, -52, 78, 132, 2, -78, 264, 56, 6, 174, -34, -146, 44, 46, -154, -88, 64, 172, -18, -98, -86, 80, 102, 106, -42, 204, 88, 14, -170, -94, -82, 90, 42, -204, -102, 86, -88, -62, -74, -194, 104, -282, 188, 122, -36, -256, 62, -4, -176, 34, -144, 82, -132, -24, -72, 78, -34, 192, 28, 236, 18, -42, -80, 26, 66, 138, 130, 60, 30, -316, -130, -212, 256, 10, 64, 114, 66, -62, 66, -70, 38, -142, 154, -210, -28, -246, -84, 0, 160, -88, -64, -24, -54, 166, 218, -100, 34, 2, 44, -96, -14, 6, 190, 180, 126, 40, -164, -62, 88, 324, 58, -100, -52, 34, 180, 66, 192, 150, 2, 80, 188, 4, -300, 128, -12, -48, 238, -186, 122, 2, 258, -100, 96, 130, 242, -6, 106, -110, 100, 120, -146, -144, 154, 208, 54, 178, 10, -86, -92, 114, 104, 150, 56, -150, -122, 48, -126, -50, 142, -92, 186, -52, -58, -18, -102, -2, 120, 238, 84, 44, -128, -132, -8, 166, -46, 114, 56, -106, 38, 186, 214, 118, -236, 220, -146, 358, -34, 68, 94, -98, 114, -94, 94, 168, 34, 28, 60, -48, 108, 54, 150, -144, 4, 16, -130, 38, -24, 24, 48, 40, -46, -24, 102, 154, -16, 78, 22, 202, 46, -26, 12, 106, -62, 72, 36, -44, -50, 196, -132, 106, 30, 62, 18, 58, 38, 44, 8, 16, -134, -8, 22, 50, -52, 90, 42, 78, -126, 78, 134, -204, 68, -70, -160, 32, -88, 70, -60, 82, 0, 186, -60, -2, 60, -8, 66, -122, -52, 188, 52, -272, -104, -250, 176, 104, -70, -124, -82, 252, -92, 52, 188, 186, 222, 30, 86, 88, -38, -14, 176, 94, -104, 102, 46, 120, 124, -158, 160, -68, 92, -8, 94, -138, 42, -204, -330, 294, 110, 76, 102, 208, 112, 136, -112, 96, -242, -12, 190, -120, -132, 168, 100, -52, -48, 94, 240, -50, -22, 14, -172, 48, -18, -52, -10, 36, 72, 96, 126, 214, 128, 36, -112, -62, 
244, 162, -2, 90, 160, 204, 116, -128, 68, 66, -22, -70, 142, 72, -82, -22, -274, 58, 256, 78, -216, -34, 142, 128, -30, 108, 318, -22, -6, 82, 164, 206, -34, 48, -266, 54, 124, 100, -192, -110, -38, 258, 184, 134, 50, 204, 48, 86, 234, 114, 200, -232, -160, -156, -270, -280, -182, -90, 6, 288, 80, 2, -14, 38, 236, -18, 78, -100, 208, 148, 62, 40, 62, -80, 102, 328, 98, -34, 288, 210, -82, 58, 196, -30, -74, 106, 124, 114, -114, -218, 98, 40, 174, -90, 128, -94, -70, 94, -102, 58, 142, 128, 84, 70, 154, 138, 112, 198, 44, 202, 24, 54, 116, -98, -114, -94, -6, 38, 62, -100, 28, 110, -128, -80, 24, 12, -142, -64, 126, 174, 112, -206, -38, -34, 122, -48, 10, -226, 292, -210, 136, 234, 110, 20, 14, -20, 192, -126, -210, 94, 108, -26, 140, -26, 40, -114, 124, -404, 48, 164, 154, -32, -92, 16, -134, -144, -26, -186, -40, 224, -146, 110, 122, 52, -44, -132, 138, 84, -48, -168, 94, -96, 36, -212, 66, -78, 224, 146, 104, 60, 60, 174, 124, 90, 218, 64, 212, 112, -280, 146, -6, -52, -36, 250, 142, -30, 2, -140, 160, -18, 18, 12, -48, -248, 372, -238, 66, -180, -136, 104, 22, 20, -106, -140, -138, 32, 90, 276, 88, 328, -94, 46, -12, -92, -90, -100, -58, 150, -94, 186, -6, 202, -10, 270, 228, 22, -60, 12, 142, 90, 122, -60, 6, 268, -42, 86, 90, 92, 94, 102, -16, 22, 114, 238, 48, 66, -62, -182, -44, 260, 64, -220, -214, 186, -154, -2, 162, 102, -174, -26, 264, -74, 40, 90, -98, 188, -138, -36, -98, -54, -72, 22, -48, -18, 52, 108, -54, -96, 234, 170, 4, -36, 114, 8, -22, 38, 294, 66, 12, -26, 104, 78, -62, -54, -24, 202, -200, 290, -70, 40, 4, 296, 78, -134, -96, -134, -74, 84, -70, 30, 34, -132, 182, 114, -132, 88, -92, -134, -100, -64, 250, -174, 134, -302, 62, -262, -142, 140, 10, 138, -74, -72, 170, 44, -40, 2, -126, -18, -80, 130, -26, 98, 38, 14, 22, 72, 4, -78, 170, 112, -80, -162, 98, 34, 36, -200, -58, 168, 38, -36, -36, 50, -90, 32, -12, -238, 86, 16, 54, 102, 138, 42, 84, 220, 2, 106, 20, 32, -52, -72, 48, 94, 128, 38, 270, 140, -102, 132, 56, 18, 196, -40, -10, -32, 162, -162, 50, -90, 100, 128, -34, 40, -28, 126, 52, -206, -36, 250, 142, 38, 130, -2, 114, -112, 44, -188, 160, -82, -152, -148, 0, -20, 58, -146, 8, 112, -80, -218, -56, -28, 136, 36, -128, 144, -66, -44, -110, 168, -256, 164, 68, 116, 170, -284, -172, -36, -122, -132, -64, -332, 120, -152, 248, -64, -88, 172, 38, -66, -12, -42, -24, -16, -100, -42, 226, -64, 120, -76, 104, 120, -108, -26, -66, -82, -232, -54, 52, 84, 114, 24, 
-132, -6, 10, 150, -28, -214, 70, -172, -78, 82, -114, 68, 130, 52, 16, 68, -28, -166, -52, -110, 310, 32, -124, -54, 24, -74, -296, -68, -18, 4, -84, -146, 132, -30, 212, 74, 26, -174, 140, 124, 56, -154, -296, -60, -92, 40, -76, -92, 18, -30, -186, 266, 66, 120, 226, 270, 98, 244, 16, -148, -52, 70, 100, -32, -138, 148, -94, 292, -104, -150, 28, -60, 88, -40, -20, -100, -92, 88, -250, -94, -24, -94, -46, 64, 84, 28, -120, 36, -116, 66, -16, 48, -154, -18, -144, 106, 64, 24, 72, -50, -44, -126, -182, 4, -40, -48, -110, -154, -50, -318, -46, 66, -12, -6, 94, 222, 130, -56, -26, -142, -92, -32, -148, -96, -2, 40, 156, -110, -120, 4, -272, 160, 84, 194, -56, -90, 84, 78, -106, 160, 64, 38, -284, -128, -174, 70, 20, 110, 290, 80, 52, 4, -44, 36, -46, -4, -196, 224, -80, -204, 12, -18, -168, -182, 40, 230, -54, 228, 34, -102, 84, -92, 162, -198, -18, 56, -110, -52, -66, 134, 10, -32, 78, 104, 150, 36, -184, 108, -44, -40, 60, -42, 86, -4, -28, 36, -100, 34, 50, -142, 30, 66, 80, -170, -192, 160, 24, -20, -54, 144, 264, -102, 76, 128, -294, 46, 206, -170, 154, 68, 44, 94, 50, 194, 224, 106, 106, -154, -60, -122, -36, -66, -74, -4, 158, -228, 36, 4, -52, -224, 104, -92, 170, -64, -42, 66, -102, -162, -92, -102, -10, 156, 38, -142, 2, 54, -62, 30, -78, 234, -58, 118, -206, -76, 116, -40, 172, 144, -250, -258, -114, 238, 376, -136, 282, -22, -130, -12, 258, 64, -156, 90, -4, -100, 220, 144, 172, 132, 68, 64, 122, -30, 68, -50, -42, -88, 156, 60, -106, -230, -70, 100, -18, 72, 104, -54, -150, 102, 70, -4, -10, -100, 94, -8, 108, -98, -52, -52, 102, -278, -202, -98, -94, 42, 56, 196, 106, 166, 76, 74, -50, 74, -6, -146, 60, -144, -70, -8, 74, -24, -172, 66, -68, 264, 46, 200, 190, -28, -44, -32, 76, 72, -94, 196, -56, 108, -4, 68, 174, -84, -126, -180, 32, -92, -102, -172, 38, 304, -174, 6, -14, 110, 32, -46, -42, 212, -62, -84, -238, 164, 10, -20, -62, -42, 142, -16, -84, 74, -16, -278, -160, -48, -194, 126, -50, -248, 114, 8, -112, 182, -20, -78, -136, 46, -34, -156, 14, -210, -18, -194, -90, 50, -50, 214, 134, 232, -84, 208, -20, -42, 58, 66, -44, -112, -4, 152, 4, -190, 46, -8, -48, 62, 80, -18, -30, 242, -4, 136, 12, 20, 148, -36, -196, 32, 222, -84, 218, 84, 164, -174, -102, -18, 12, 72, 56, 106, 80, -232, 292, -208, -14, -114, -22, 314, 116, 0, 124, 72, 16, 306, -132, 126, 70, 12, -72, -86, 164, 154, -8, -46, 180, -10, 94, 188, 28, -40, -8, 250, -80, 68, 6, 30, 18, 166, 82, 82, -6, -46, -70, -4, 
194, 18, 80, -164, 76, 264, -64, -32, 128, 0, 114, 26, -18, 84, -228, 232, 78, 48, 170, 144, -204, -70, 88, 40, 244, 236, 124, -46, 172, 40, 200, 104, -112, 92, -230, -76, 96, 48, -62, 70, 10, 106, 268, 72, 192, 152, 146, 108, 30, -10, 62, -246, 0, -30, 8, -40, 90, -96, -68, 190, 136, -82, -86, 184, 254, -56, 34, -58, 98, -38, 80, 54, 52, 4, 36, 134, 64, -70, 156, 16, 24, 134, 126, 28, -26, 54, 148, 162, 190, -108, 146, 26, 222, -4, -34, -160, -124, 76, -30, -18, -38, 62, 212, 28, 60, 14, 198, 272, 48, 188, 204, -20, 226, 212, 58, 16, 52, -52, 128, 244, 108, 320, 136, 80, 24, -82, -32, 132, 26, 124, 120, -6, -130, -64, 156, 106, 30, -20, 130, -134, 180, 4, -28, 174, -24, -58, 52, -122, -40, -256, 140, 126, 48, -18, 210, -38, 116, -62, 108, 332, -18, -200, 216, 96, 174, -122, -24, -212, -90, 188, -34, 254, -96, 104, 226, 34, 102, 52, 50, -172, 50, 68, -2, 144, -52, -96, 222, -58, 234, 4, 16, 66, 148, 74, 102, 96, -56, -112, -2, 88, -8, -42, 62, 66, 284, 14, 2, -40, -4, -62, -80, -22, 132, -46, 114, 50, -278, -8, -126, 190, 92, 70, -62, 40, -30, 4, 90, 84, 4, 72, 326, -6, 126, -20, -152, -50, -40, -32, 66, 364, -162, 172, -80, 30, -52, 134, 130, 100, 78, -190, 274, 20, 108, 228, -22, -34, 94, 40, 232, 4, 14, 94, 122, 324, -280, 50, -244, -136, 80, 178, 288, -162, -198, 78, -160, -76, 328, 196, -84, 112, 176, -36, 114, 80, -84, -172, -80, 40, -34, 42, -94, 312, -160, 34, -40, 162, -10, 190, 66, 180, 26, -186, 54, -52, -64, 60, 226, 82, 44, 92, 60, 164, -42, 62, -88, 152, 76, 60, -112, 230, 284, 122, 30, 108, -30, -172, -46, -56, 204, -136, 58, 80, 64, -12, 136, -74, 210, 104, 80, 272, 156, -98, 130, 38, 24, -272, -106, 2, 162, 44, -82, -12, 102, 78, 34, -52, 80, -4, 28, -60, 62, 152, -36, 116, 28, -14, -56, -310, 216, 176, 126, 8, -4, -78, 84, -8, 94, 122, -16, -116, 84, 8, 40, 46, -46, -86, 32, -84, 130, 230, 126, 60, 94, -246, 168, 382, -72, -52, 114, 28, 26, 62, 34, -32, -72, 246, -16, 244, 0, 228, 102, -182, 218, -160, 6, -112, 182, 12, -92, 96, -40, 4, 70, 122, -38, -274, -48, 212, 170, 72, 44, -46, -194, 22, -20, -24, -82, -112, 8, -58, 108, 216, 88, 286, -36, 46, 10, -128, -148, 40, 4, -88, -182, -10, -130, 2, -108, 356, -188, 84, 78, 146, 36, -198, -90, 150, -176, 0, 28, -370, 304, -136, -28, -44, -16, 156, -30, -92, -146, -58, 88, -96, 44, -58, -30, 288, 88, -168, -8, -20, -44, -20, 24, 76, 136, -88, 26, 154, 106, 96, 
-328, -74, 86, 192, 174, -90, 114, 176, -46, 26, -130, -134, -164, -40, 208, -6, 114, -54, 2, -102, 90, 318, 32, -118, -276, -52, -72, 32, 82, -58, -162, 124, 112, -94, 62, -124, 56, -22, 168, 88, -76, 24, -108, 18, -122, -74, -80, 46, -268, 98, -60, 212, 72, 146, -144, -126, -106, 180, -144, 70, 40, -10, 188, -330, -146, -26, -42, 152, 2, 214, -20, -122, -202, 46, -110, 96, -90, 94, 140, 80, -14, -6, -28, 116, 104, -4, -152, -170, -218, 132, -136, 66, -172, -10, 160, 132, 82, -110, 122, -162, 140, -14, 106, -56, 86, 68, -36, -118, -138, -220, -164, -2, -254, -278, 0, -50, -74, 24, -152, -152, -8, -168, 36, -84, 66, 182, 102, -306, 0, -156, -86, -82, 186, -72, -202, -208, 90, -38, -178, 334, 50, -142, 196, 36, -118, 156, 162, 204, 170, 116, 22, 12, -146, 20, -80, 26, -102, 98, -100, -112, 98, 126, -114, -64, -54, 6, 226, 154, 218, 180, 168, -384, 164, -180, -196, -16, -64, -60, 50, 184, -34, -80, -52, -14, 130, -192, -88, -136, -6, 80, 20, -108, -86, 130, 62, -98, -88, 66, 8, -66, 166, 170, 114, 38, -214, -34, 14, 12, 194, -190, 12, 138, -66, -68, -252, 72, 222, 78, -22, -106, 4, 24, -40, 82, 146, 38, -70, -144, 42, 46, -314, 28, 38, 78, 90, -52, 24, 112, 20, -240, 264, -58, -148, 22, 202, 108, 6, -96, 14, 202, 158, -36, -148, -218, -94, 80, -40, 66, -86, -84, 2, 140, -12, -128, 236, -34, 258, 90, -38, -38, -50, 152, 242, -44, 134, 52, -124, -168, 106, -72, 20, 70, -196, -6, 152, 266, 52, 30, 200, -60, 126, 22, 262, 46, -160, -60, 28, -38, -154, -106, 80, 86, -16, 76, 40, -172, -62, -234, -2, -42, -72, -26, -238, -98, 42, 62, -58, 100, 112, -94, -200, -162, 50, 24, 48, 194, 24, -120, 36, 92, -8, 8, 0, 102, 16, 216, 18, -18, -20, -294, 10, 160, -74, 276, 44, 206, -28, 50, -64, -78, 94, 210, -200, -10, 188, 78, -22, 226, 56, 114, -16, -130, 12, 4, -178, -116, 306, 244, -68, -32, 84, -236, -162, 40, -68, -72, -196, -14, 30, 122, 60, 84, 314, -90, 22, 130, 62, -78, 60, -244, -68, 56, -48, 64, -100, -186, 8, 48, -160, -60, 164, -32, 210, -2, 112, -194, 130, -116, 48, -152, -30, 144, -126, -42, -20, 114, -112, -78, 146, -98, -94, 132, 110, 30, 244, 190, 18, -12, 82, 18, 194, 64, 238, 156, 14, -72, 0, 132, -160, 86, -164, 14, -28, -34, 44, -40, -92, 12, 72, 72, -28, 254, 30, -20, 100, 32, 206, -266, 122, -26, -50, -208, 98, 180, 168, -70, 202, 44, 64, 126, -186, 118, -48, -86, 90, 44, -46, 72, 108, 116, 100, -26, 14, 48, -64, -154, 40, 108, -68, 102, 46, 194, 86, -94, -44, -22, 48, -30, 132, -218, 
262, 16, -186, 48, -178, 30, 6, -74, 138, 78, 70, 260, 308, 44, -48, -104, -136, -40, 64, 46, -84, -128, 20, 124, 276, 132, 160, 8, 48, 16, 274, -106, -22, 188, -114, 138, -186, 54, 40, -74, 72, -80, 34, -10, 342, 12, -6, -128, 220, 60, 126, -76, 72, 62, 210, 78, 28, -62, 154, 118, 80, 206, -258, 266, 162, 126, -26, -52, 84, -216, 182, 246, 196, 92, 212, 136, 84, -82, -32, 98, 72, 76, 38, 112, -116, 48, -94, 166, 166, 82, 78, -156, 0, -70, -120, -82, 132, 208, 106, 90, 114, -232, 132, -46, 0, -148, 196, 78, 146, 250, 146, 114, 46, 228, -8, 56, 106, 142, 162, -24, 160, 136, -66, 136, -14, -192, 122, 100, 82, 260, 62, -8, -22, 90, 128, 98, 168, 86, 192, -266, -202, 180, -98, -26, 76, -42, -224, 44, -184, -18, 242, 30, 142, 120, 172, 0, 148, 36, 12, 128, -24, 28, 114, 226, 142, 132, -120, -160, 6, -164, -42, 198, -56, 50, 154, -8, 152, 80, 16, -116, 238, -22, 114, -80, 50, 34, 90, 102, 122, -6, 46, -138, 166, -46, -128, 154, 36, 42, 20, -46, -14, -62, 60, 46, 54, 100, -22, 208, -150, 10, 6, -32, -16, 124, 96, 0, -132, -16, 44, 136, 52, 2, 106, 28, -112, -96, 90, 46, -58, 48, 26, -10, -264, -32, -4, -40, -94, -16, 32, 18, -88, 226, 68, 84, -82, -22, 50, 114, -12, 0, -98, 26, 176, 32, 0, -126, 62, -66, 186, 34, 32, 10, -20, -8, -212, -196, -84, 162, 48, -28, 168, -156, -26, 158, 6, -106, 78, -98, -48, 14, -170, -102, 40, 26, -92, -74, -134, -20, -136, -14, -40, 138, -196, 104, -104, 182, 98, 74, 178, 176, -56, -172, -104, 86, 90, 98, 6, 388, 134, -74, 94, 12, 274, -4, 48, 38, 180, 246, -46, 92, 418, 114, 92, 84, 180, -44, -112, 232, 12, -54, 136, 96, 8, 88, 90, 36, 102, 140, 34, 372, -68, -126, 36, -20, -4, -144, -48, -56, -14, 20, -112, -96, 108, 142, -62, 130, -6, 70, -92, -138, 226, 98, 294, -66, 186, 226, -118, -106, -66, 14, -170, 110, 274, 168, 24, 132, 92, 278, 86, -334, -248, 110, -72, 110, -16, 86, 2, 180, -148, 226, -8, 64, -20, -76, 116, 204, 164, 0, 36, 124, -80, -94, -12, 132, 110, -64, 100, 200, 8, -14, -16, -152, 224, 30, 70, 70, 174, -72, -120, 154, 156, -52, 32, 48, -70, -62, 134, -120, -40, 178, 10, -42, -138, 38, -66, 52, 16, -98, 248, -112, 8, 26, -62, 46, -164, 42, 182, -104, 30, -62, 62, -186, 118, -20, -162, -58, -114, 198, 38, 16, 86, 50, 148, 146, -148, -158, -26, -90, 120, -130, 136, 28, 112, -50, 114, 8, 224, -30, 28, -46, -118, 154, -52, 48, 76, 90, -10, -36, 36, -94, 34, 4, -116, -16, -8, 70, 186, -32, -146, 72, 
-176, -6, -78, 148, 294, -60, 16, 74, -76, 68, 66, -366, -216, -30, 28, -12, -128, 214, 40, -30, 144, 194, 220, -212, -212, -170, -298, 178, 190, 164, -212, 282, 96, 20, 96, -74, 314, -162, -76, 220, 54, 58, 18, 56, -338, 172, 18, 16, -192, 206, 46, 160, 36, 20, -76, -46, 72, 332, 38, -82, -38, -42, 64, -162, -182, -16, 34, 154, 78, 38, 8, -66, 96, -34, 36, -54, -106, -76, 160, -76, 158, 0, -162, 152, -60, -34, 146, -118, -186, -96, -118, 66, -56, -40, 264, 106, -90, -32, -84, -30, 12, 184, -92, -72, -144, 26, -134, -14, -84, -48, -22, 2, -66, -166, 92, -96, -12, 132, -132, 70, -220, -226, 62, -122, 168, 334, -24, -40, 176, -140, 30, -66, 34, -90, -38, 46, -84, -108, -184, 250, 42, -28, -116, 60, -148, 12, 124, 270, -4, 142, -136, -88, -66, -202, -134, 124, -24, -240, -104, -80, 40, -8, 30, -172, -210, -62, 76, 186, 120, -122, -86, -88, 256, 60, 20, 138, -200, -22, 8, 60, -40, 0, -80, -2, -26, 46, -10, -162, 64, -150, -54, -4, -132, -66, -50, 70, -94, -66, -96, 86, -96, 12, -82, 26, -54, -22, 28, -120, 262, 48, 42, 160, -40, -174, 152, 154, 278, -160, 106, -120, -90, 24, 44, -76, 36, -52, -178, 0, -16, 138, 12, 84, 96, 202, -40, 114, 166, -30, 56, -64, 48, -214, -8, -106, 120, -20, -164, -44, -92, -40, 160, 64, -100, -158, 64, 66, -24, 4, -94, 56, -34, -94, 16, 66, 184, 110, 134, -42, -58, 56, -152, 52, -20, -232, -80, -24, -84, 6, 58, -198, 48, 124, 36, -80, 158, 118, 52, 44, 220, 98, 104, -112, 86, 70, 62, -176, -90, 92, -222, -358, -36, 54, 120, 46, -24, -82, 30, -86, -48, 180, -160, 114, -154, 190, 18, 76, -120, -272, -42, -120, -214, -108, 12, -126, -70, 108, -68, 112, 16, 30, 174, 68, 60, 110, -50, 30, -14, -96, -204, -302, 78, 32, 42, 196, 44, -30, -4, 44, 196, 68, 210, -126, -18, 90, -36, -44, 290, 60, -58, 160, -148, -160, -204, -12, -26, -74, 228, -48, 168, 78, 44, 58, -96, -114, -46, -122, 100, -194, -22, 300, 38, 10, 78, -182, 124, 82, -182, 10, -40, -214, 20, 18, 34, 42, -60, -38, -164, 130, 8, -50, 48, 96, 152, 132, -114, 222, 82, 42, 170, 56, -4, 154, 62, 16, 50, 66, 12, -22, 126, -112, -176, 112, -16, -80, 150, -156, -108, 128, -80, -132, 84, 2, 130, 182, 30, -68, -218, -12, -104, -122, -84, -30, -36, 220, 102, 94, -6, 80, 148, 156, 112, 204, -146, -120, 120, 100, 216, -18, -66, 16, 2, -52, -20, 6, 100, 150, -110, 94, 70, 24, -200, 40, -64, 64, -138, -98, -86, -4, 44, 140, -66, -122, 258, 150, -46, 4, -118, 108, -32, 110, -16, 110, 108, -16, 62, 76, -64, 78, 280, 118, 
294, 0, 220, -302, -146, 76, 128, -188, 84, -32, -20, 280, 174, 118, -8, 8, -100, -168, 12, -6, -192, -316, -126, 130, 184, 214, 280, -144, -50, -108, 166, 24, -86, 124, -42, 214, -300, 300, 4, -102, 38, 62, 102, 186, 88, -214, 84, 54, 222, -102, -26, -142, 26, 90, 4, 110, -30, -176, 74, 42, -110, 62, -70, 224, 52, 4, -32, -36, 10, -12, 158, 36, 68, 196, 172, 118, 136, 178, 18, -62, -190, 68, 128, -78, 286, 90, -16, 208, 120, 128, 64, -98, -26, 60, -148, -4, -132, -48, 72, 120, 44, -108, 102, 26, 100, -134, 66, -164, 62, -264, -72, -80, -64, 238, -6, 264, -12, -44, 212, -120, 196, 202, -8, 100, -8, -306, 12, -26, 44, 48, -10, 226, -52, -102, 120, 10, 72, 264, 82, -72, 60, 82, 84, 170, 192, 100, -84, -126, -60, -6, 138, 28, 220, -138, 252, -124, -136, 302, 26, -16, -198, 160, 86, -64, 206, 204, -134, -64, 46, 26, 76, -26, 84, 12, 98, -14, 340, 138, 20, -44, -48, 24, 92, 30, 64, 46, 36, 266, -176, 66, -66, -130, 172, 16, 92, 78, -48, -64, 102, 136, 144, -16, 298, -102, 86, 178, -48, -90, -160, -16, 18, -120, 38, 382, -100, -16, -68, 146, -100, 142, 58, 132, 126, 40, -56, 66, 104, -94, 72, 10, -130, -16, -84, -146, 12, -190, -52, 16, -128, -32, 248, -68, -112, 184, -10, 232, -14, 58, -44, 54, -130, 54, 38, 302, 186, 166, 26, 110, 256, -82, 10, 52, -50, 10, -120, -26, -112, 138, 230, -50, 36, -48, 180, 244, -66, 48, 70, 104, -166, 168, -46, -24, -34, 0, -60, -212, 244, -84, 60, -56, -88, 112, -76, -10, -6, 132, -24, 140, -46, 164, 224, -50, -44, 6, 30, 150, -74, -48, 186, -14, 4, -204, 138, -276, 10, -192, 154, 222, 78, 126, 142, 96, -96, 62, 136, -292, 214, 30, 76, -92, -104, 124, 6, -94, 134, 104, -36, -16, 418, 252, 8, -28, 26, 136, 110, 82, -156, 60, -14, -178, 20, 80, 0, 0, -12, -156, -234, -100, 6, 26, 50, 116, 204, -84, 94, 66, -16, 136, 82, 26, 126, -160, -106, 116, 10, 164, 36, -22, 16, -86, 178, 68, 22, 40, 108, -46, 42, 108, -96, 248, 40, -148, 52, -10, 98, -90, -52, 70, -114, 254, 30, -186, -56, -86, 52, -30, -108, -68, -112, -84, 24, -168, 0, -64, 42, 28, 82, -110, -198, -28, 126, 0, -24, -56, -118, 142, 276, 14, 10, -8, -114, -50, -266, -64, 150, 62, 50, 206, 114, 54, 124, -50, 154, -154, -48, -128, 6, 82, -122, -66, -10, -44, 66, 180, -168, -188, -112, 170, 70, -98, 182, -80, -12, 126, 54, -4, 22, 116, -116, 72, 144, 202, 190, -60, 204, 222, 54, -70, 102, -180, -108, 130, -144, -240, 118, 156, 248, 46, 32, -6, 60, -66, 18, -28, 36, 150, -116, 4, -104, -52, 
-308, 138, -116, 272, 244, -88, -88, 214, -34, 4, 236, -138, 72, -90, 150, -28, 118, 126, 4, -36, 340, 120, 136, -6, -24, 14, 6, 86, 38, -54, -170, -6, 36, 34, 200, 76, 274, 100, -70, 76, 28, -44, -32, -268, -4, 232, -196, 18, 60, 220, 268, -46, -62, 38, 28, 2, -110, 214, -80, 72, 272, -164, 202, -126, -32, 66, 170, -46, -16, -86, 2, -12, 146, -46, -264, -118, -222, -116, -42, 102, 24, 48, -184, 208, -58, 180, 84, -206, -60, 18, 40, 28, 202, 104, 92, 36, 52, -64, 36, 10, -68, 90, 62, -20, 6, -2, -84, 166, -36, 154, -30, -106, 70, -258, 110, -104, 136, 30, -246, 0, -156, -202, 18, 36, 72, 126, -6, 176, -140, 22, 92, -158, 48, 60, -140, -66, -68, -170, 22, 108, 14, -186, -74, -92, 4, 40, -20, -10, 34, 216, -182, 122, -228, 84, -74, 76, 32, -306, 24, -88, -2, -146, 42, 68, -242, -144, -24, 188, 0, -132, -108, 0, -146, -44, -202, 34, -170, -220, 34, -26, -2, 132, 66, 32, -132, 120, 58, -164, 154, 170, -88, 204, -260, -48, -70, 92, 102, -86, 144, -166, -116, -30, -140, 20, -34, -124, 138, 36, 316, -144, -66, 246, -80, -40, 104, 18, 152, -184, 134, -86, -24, 6, -40, -126, 92, -106, -98, -34, -36, -184, 36, -24, 210, 92, -76, 238, -10, 98, 104, -14, -204, -82, 84, -104, 294, -50, 18, -28, -222, 82, 270, -42, -12, -162, -344, 112, -30, 102, -216, 42, -112, -70, -22, -48, 32, -16, -88, 48, -138, 74, 80, -74, -20, -88, 58, -218, -212, 52, 180, 80, 100, 140, 18, 14, 272, 244, -124, -32, -76, 70, -26, -148, 114, 142, -60, 84, -40, -114, 108, -208, -126, 80, 82, 164, 114, -80, -46, 18, -148, -34, -86, 260, 58, 104, 66, 16, 0, -186, 68, -26, -126, -214, -56, 26, -34, 290, -52, 124, -86, 102, 68, -22, 42, 254, -6, -204, 202, -72, -228, -52, 88, 74, -102, 80, -94, -156, 130, 272, 74, 14, 60, -122, 46, 204, 8, 132, 106, 50, 26, 218, -66, 40, -202, 76, -120, 34, 126, -196, -4, -98, -80, 94, -72, -58, -14, 8, -20, 38, 28, 56, -72, -76, -208, -46, -154, -48, 100, -18, 50, 30, 126, 116, 24, -12, -80, 186, 80, 68, 144, -158, 68, 84, -66, 208, 52, 140, 44, 16, -10, 242, -18, 190, -186, -108, 30, -30, -132, 118, 158, 76, 120, 242, 154, 170, 2, 54, -304, -168, 54, 140, 52, 164, 226, -84, -124, 10, 26, -12, -110, 0, 128, -72, -230, -8, 92, 170, -66, 74, 208, 138, -76, 20, 28, 142, 238, 106, -72, 10, -104, -24, -70, -134, -140, -94, -54, 58, 20, -66, -20, 10, -166, -22, 70, 14, -8, 50, -106, -74, -172, 140, -140, -194, 60, 152, -6, -92, -84, 16, 4, -58, -106, 212, -32, -48, -18, 186, 148, 22, -16, 64, 
238, -316, 104, -122, -120, 142, 134, -176, 22, 208, -174, 10, -64, 48, 28, 102, 52, 28, 160, -8, -128, 54, -198, 46, -28, -106, -62, -96, -84, -50, 20, -48, -68, 86, -90, -148, -116, -180, 118, 54, -106, 106, -82, 286, -122, -240, 116, -38, 56, -196, -90, 96, 10, -206, -46, 26, -20, -40, -52, -86, -172, 6, -82, 242, -68, 108, 64, 14, -22, 92, -26, 76, -118, -68, 180, 108, 74, 108, 86, 110, 40, 102, 156, -86, 116, -188, -66, 134, 64, 138, -160, 62, -128, -98, -128, -114, 74, -72, -24, 106, 44, -64, -28, -46, -20, -76, 90, 62, 80, 18, -26, 30, -70, 274, -68, 146, -10, 12, 214, 92, -86, 76, -64, -62, -154, -32, 24, -72, 228, -26, 218, -38, -72, 38, 100, -8, 188, 40, -16, 58, -44, 200, -42, 26, -8, -72, -12, 16, 40, -146, 264, 234, 292, 10, 288, 130, -58, 318, -32, 50, 76, 176, 86, 70, 142, 102, 188, -164, 90, 134, 48, 204, 270, 28, 152, -76, 30, -8, 74, -18, 28, 162, -4, 14, 276, -28, 70, 42, -54, 144, 280, -12, -30, 248, -84, 76, 132, 100, 2, 162, 0, -82, -38, 2, 26, 258, -34, 130, 74, 62, 180, -164, 198, -6, 88, -8, -102, 98, -96, 162, 126, 178, 32, 214, 52, 94, 170, 132, 118, 276, -44, 94, -108, -152, -30, 132, -118, -54, -2, 14, 82, 36, -176, -154, -120, 226, 140, 172, 86, -106, -114, -10, 54, 216, 330, -146, 4, -66, 210, 38, 98, 238, -18, 108, 2, 156, 84, 28, 158, 4, -12, 4, 220, 30, 32, 198, 38, -228, -54, 46, -160, -4, -94, 46, -88, 8, 304, 146, 40, -130, -94, 168, -82, 86, 102, 52, 108, -12, 74, 318, 144, -82, 126, -58, -58, 154, 152, 118, 250, 54, 40, -220, 28, -108, 78, 66, 106, 218, 56, 66, 2, 336, -20, 128, -154, -94, 156, -204, 116, -74, -78, -58, 108, -288, 24, 106, 64, -8, 196, 168, -156, -116, 56, 82, 40, 4, 54, -88, -156, -78, -78, 162, -32, 156, -94, 110, -14, -164, 96, -152, 70, 42, 110, 72, 306, -108, 34, 310, 56, 128, 98, 152, 214, 226, -84, 208, 44, -38, 54, 118, 86, 64, 254, 80, -28, 10, 20, 62, 62, 136, 14, -28, 20, 152, -12, -96, 70, 66, 44, 220, -114, -50, -148, -38, -18, 50, 36, 130, 94, -386, 92, -194, 188, 74, 72, 122, -74, -84, -160, 116, -52, -124, -294, -144, -102, 14, 58, 246, -42, -78, -52, -186, -324, 80, 106, 48, 6, -146, 92, -116, -36, 74, -56, -54, 26, -230, 72, 72, 10, -76, 212, 112, 20, 0, -52, -108, 54, -114, 6, 234, 126, 128, 146, -94, 4, 138, 18, 54, 44, -82, 140, 4, -172, 20, 104, 140, 48, 116, 246, -218, 28, 110, 166, -24, -126, -8, 70, -146, -54, 78, -98, 66, 142, 112, -24, -48, -66, -64, 42, -18, 
-88, 160, -140, 136, 62, -232, -46, 90, 134, -2, 128, 70, 156, 118, 2, -42, -22, 22, -262, 116, -22, -30, 128, 186, 198, 162, 206, 10, 232, 42, -66, 74, 96, -56, 34, 248, -10, 198, -156, 80, -180, 146, 120, -136, 120, 210, -124, 124, -142, 250, 8, -176, 52, 250, -102, -42, -42, 60, 200, -6, 114, -60, 152, -32, 226, 24, 140, -70, 76, -158, 74, -64, 88, 264, -16, -52, 60, 30, 38, -164, 42, 18, -250, -66, 6, 386, 142, -188, 54, -176, 52, -84, 48, 200, 76, 50, -2, 32, -8, 20, 200, 170, 0, 112, 164, 98, -120, -10, -98, 162, 4, -10, -168, -82, 56, -68, -82, -96, 76, -136, 170, 62, 96, -18, 146, -64, -76, 180, 58, 50, -222, -148, 52, 106, -62, 28, -106, -68, 126, -36, 18, -60, -72, -234, 66, -10, -46, 40, -26, 266, -272, -166, -288, 28, -202, -24, -14, -372, 44, 160, -126, 106, -10, -26, -166, -30, -96, 158, -38, -114, -44, -36, -164, 54, -98, -18, 154, -168, -48, 84, -100, -292, -20, 2, -324, 168, -134, -100, 60, -94, -70, 178, 128, -130, 78, 78, -46, -112, -92, -40, -98, 176, 118, 256, 76, -74, 28, -70, -198, 30, 14, 170, -164, 66, -14, 4, -10, -62, 114, -128, -46, -22, 206, -244, -32, 8, -148, 4, 138, -190, 22, -142, 138, 32, 28, 54, 142, -10, 66, 22, -244, -152, 192, -6, 216, -90, -148, -254, -44, -54, 196, 38, 18, -42, -256, 2, 34, 126, -82, -44, -120, -210, -138, -104, 126, -138, -54, -78, 38, -142, -112, -22, -154, -84, -64, -122, 56, 98, 180, 4, 288, 52, 120, -6, 182, 178, -236, -148, -90, 118, 168, -46, 116, -82, -192, -104, 22, -24, -272, -254, -238, 154, 8, -46, 156, 192, 46, 12, -220, 2, -22, 186, 40, 100, -26, -14, -220, -286, -154, -218, -30, -280, 76, 28, 48, 118, 38, 4, 2, 96, 158, 62, -166, 392, 136, -52, 72, -72, -10, -32, 256, 100, -68, -108, -96, 90, 46, -20, 382, 114, 58, -182, 124, -166, 46, 142, 34, 16, -52, 190, 32, -144, 34, 28, -204, 192, 22, -208, 80, 44, -12, -126, 44, -56, 176, -82, 40, -28, -134, -130, 50, -106, -164, 16, 92, -24, 168, -162, 12, -210, -20, 78, 62, -114, 220, 168, -64, -62, 146, 36, 208, 48, -66, 4, 122, 58, 14, -134, -82, 318, -40, 206, -118, -42, -82, 120, 300, -20, 282, -14, 232, 20, 220, 148, -74, 44, -164, -72, 68, 140, 38, 200, 238, -38, 16, 42, 142, 294, 36, 72, 62, 56, -84, 114, -32, 150, -190, -104, 76, -102, -126, -122, 150, -126, 208, -50, -32, 12, 62, -80, -110, -158, 124, 28, 40, -92, -34, -110, -30, 130, 114, -38, 320, -60, -142, -16, 10, -72, -164, -110, -74, 110, -124, -14, -2, -92, -36, 110, 126, -48, 154, 54, -50, 126, 36, 198, -62, 164, 14, 64, 
4, -98, 80, -66, 148, 210, 90, -78, 38, -4, -298, 38, -202, 92, -44, -28, 32, -16, 218, -16, 58, 52, 112, 36, -358, -178, -162, 80, 26, 64, 116, 46, -36, 40, 126, -250, 60, -254, 82, -82, 84, 114, -14, 60, -18, -68, 32, 4, 192, -112, -134, 194, -32, -130, 160, -80, 150, 98, -58, 44, -40, -74, -20, -174, -54, 136, -80, 184, 84, 66, -180, 62, -140, -98, 56, 134, -62, 78, 58, 6, -54, -166, -28, 214, -46, -132, -10, 76, 80, 52, -114, 234, 2, -136, -266, 120, -112, 104, -10, 44, -148, -132, -34, -168, -100, -24, 186, -46, 148, -80, -110, -226, 178, 112, -44, -48, -154, 58, 140, -98, -98, -8, 54, 70, 14, 126, 70, -84, 62, 102, 188, 194, 20, 4, 134, -30, -16, 154, -42, 26, 150, -24, 80, 66, 84, 136, -76, 254, -2, -110, 180, 132, 244, 56, 76, 122, -12, 136, -72, -274, -40, 40, 176, 224, 42, 14, 18, -210, 136, 86, 124, -20, 152, 20, 0, -26, 80, 42, -58, 82, 232, 452, 12, -138, 76, -200, 200, 160, -152, -106, 156, -124, -38, 244, -18, 254, 54, 104, 200, 96, 54, -46, -94, -64, -44, 80, 42, 164, -28, 44, -58, -190, 190, 86, -6, 18, 26, -120, -40, 32, 252, 48, 30, 118, 50, 68, 170, 0, -302, 4, 2, 152, -84, 82, 70, -28, 16, 44, -72, 66, 130, 354, -166, 52, -94, 188, 118, 84, 178, 90, -128, -144, 42, 208, 188, -92, 152, -74, 58, 26, 38, 280, 30, 100, -12, 72, 84, -4, 180, -100, 72, 102, 120, -40, 242, 226, -102, -114, -44, 20, -204, 162, -26, 42, -72, 28, 188, 120, 116, -88, -38, 124, 86, 50, 150, 138, -144, 68, 184, 124, 256, -142, 146, 272, -22, -68, -48, 148, 208, 114, 214, -162, 64, 12, -66, 94, 22, 346, 38, 100, 194, 178, -42, 8, -80, -122, 72, -2, -104, -44, -34, 120, -14, -346, -210, 62, -40, 14, -4, -52, -142, -46, 40, 90, -8, 26, 176, 76, -262, -34, -42, 36, 152, 66, 34, 68, -58, -8, 98, -188, 158, 294, -174, 60, 218, 64, 144, 144, 132, 8, -70, 220, 112, 28, 24, 186, -10, 178, 192, 168, -146, 38, 26, 68, -172, -38, 40, 54, 14, 232, 34, -42, -44, -54, -142, -6, 74, 52, -22, -34, -156, -84, 0, 10, -128, 70, -54, -10, 168, -98, 138, -62, 74, 286, 94, 68, -208, -52, -44, 50, -240, 48, -230, -18, 260, -192, 58, 6, -230, 14, 36, -130, -60, -184, -138, 124, -34, -72, -188, -14, 94, 10, -18, 42, -60, 94, 200, 148, 82, 110, 138, 130, -172, 146, -18, 164, 136, -182, 54, 50, 122, 192, -152, 62, -38, -142, 134, -40, 210, -54, 54, 132, -258, 64, 120, 202, 140, 224, 190, 340, 182, 120, -38, 36, -102, 24, 2, -154, -74, 108, -62, 16, 150, -54, -2, -94, 112, -84, 132, -88, 
98, 282, 154, -18, -48, 26, -104, 120, 88, -84, 244, 16, 74, 44, 60, 64, 38, 30, -110, -104, -14, 10, -76, 36, -88, 144, 114, 62, 118, 88, -24, 22, 138, -174, -130, 206, 100, 260, -42, 44, -22, 112, 90, -4, 136, 50, 100, 42, -154, 112, 134, 10, 220, 70, 202, 178, -114, -114, 162, -250, -192, 208, 4, 180, -200, -32, 168, -90, -44, 28, 184, -34, 248, 30, -182, 48, 204, -62, 50, 166, 126, 14, -20, -50, 28, 138, 230, 46, -100, -48, 26, -68, -92, 70, 70, 24, 30, -90, 54, 80, 166, 238, 2, 112, 70, 188, -74, -90, -148, -4, 228, 168, -48, 48, 222, 146, 62, -132, -80, 88, -164, -52, 12, -32, 70, -288, -40, -56, -86, 14, -74, -70, 124, -30, -88, -44, -112, -56, -26, -70, 28, 126, 16, -122, -22, -2, 250, -196, 12, 180, -54, -88, -88, -132, -114, 116, 52, -284, -50, 150, 180, 136, -32, -42, -196, 180, 136, -14, 122, -106, 40, 160, 16, 68, -42, 20, 18, -60, 324, 16, -84, -322, 40, -6, -148, -12, -4, -218, 268, 24, -52, 60, 132, -196, 86, -222, 60, -98, -162, 70, -16, 28, 82, 166, 136, -134, -42, -60, -226, -164, 16, 200, 22, -22, 74, 18, 72, 218, 118, 38, -138, 34, -10, -40, 10, 40, 46, 70, 102, 94, 62, 144, -54, -16, 48, 152, -28, 112, -32, -46, -140, -274, 360, -48, 162, -158, 68, 40, 102, 196, 70, 28, -62, -128, -60, 40, 14, 94, -130, 112, -254, -224, -234, -268, -58, -170, 230, -36, -112, 48, 26, -48, -14, 86, -182, -186, 112, 30, 238, 112, 198, -48, 72, -72, 158, 0, -82, -62, -150, 44, 196, -164, 50, 48, 2, -102, 152, -144, -162, -110, -110, 94, -74, -44, 250, -62, -6, 32, -206, 70, 110, 74, 136, 32, 0, -304, 50, -206, -142, 72, -154, -128, 8, 44, 84, 56, -78, 64, 108, -30, 164, -84, -34, 238, 230, 78, 166, 104, 254, 162, 118, 224, 38, 64, 18, -70, -180, -82, 306, 184, 130, 54, -52, -114, 0, 16, -216, 130, -160, 188, -64, -266, 144, 238, 8, -22, -158, -182, -28, -66, -20, -234, 86, -216, -76, -156, 0, -188, -112, 0, 28, -30, 76, 72, 168, -14, -8, 252, 88, 16, 0, 60, 218, -28, 240, 100, 106, 32, 38, 84, 340, 128, 40, -60, 168, -38, -146, 16, -348, 156, -74, 142, -210, -204, -94, 146, 68, -46, 38, -104, 452, -4, 122, -4, -196, 188, -114, -38, 206, 32, -14, 240, -106, 254, 146, -40, 184, 106, 36, -102, 26, -58, 154, -12, 0, -132, -16, -224, -162, 38, -226, 58, 318, 4, -18, 20, 134, 104, -60, 14, 84, -116, 232, -12, 186, 124, -18, 136, 38, 92, -16, -30, 140, 62, -6, -114, -34, -106, -6, -162, -206, -100, -168, -54, -92, 26, 48, -22, 90, -62, -82, -26, 0, -44, 80, -42, 2, -4, 140, 80, 
-88, -98, -262, -68, 44, 82, 118, 72, 136, 212, -242, -58, 68, 130, 182, -124, 42, -56, 192, -86, -124, -118, 136, 132, 92, -2, 22, 46, 74, -44, -38, 8, -178, 162, 40, -184, -32, -112, 98, 70, 4, -166, -142, 126, 44, -164, 50, 52, 120, -64, -116, -48, -216, -12, -244, -84, 70, 124, -184, 374, 198, -58, -24, -152, 150, 118, -88, 338, -80, -114, -232, 6, -108, 40, 160, 76, -74, 60, -154, -114, 194, -138, 22, -52, -20, 48, -240, -138, 94, 194, -104, -136, -100, -232, 4, 30, 122, -84, -150, 196, -44, -28, -46, -30, -6, -122, 136, 72, 246, 58, -176, -192, 222, 84, -142, -126, -88, 10, 6, -90, 110, 62, -82, 4, -96, 156, 36, 112, 32, 62, -90, 66, -48, 160, 178, 2, 56, -162, -70, 64, -198, -224, -122, 58, -130, -70, -28, 114, 196, 62, 86, 246, 196, -8, 118, -174, 114, 10, 74, -126, 26, -46, -46, 184, 166, -136, 110, -130, -36, -72, -176, -54, 250, -184, -200, -42, 58, 208, -98, 126, -112, 118, 64, 18, 64, -48, 142, 16, -52, -186, 88, 0, -206, 268, 226, 192, 222, 56, 190, -130, -54, 64, -272, -164, -34, 130, 92, 70, 218, 98, 150, -4, 132, -8, -8, -32, 56, -28, -30, -62, 276, 16, 18, 140, 76, 18, 140, 14, -184, 64, -164, -154, -4, 178, 76, 54, 134, -16, 12, 66, 82, 356, -150, 158, -48, -12, -8, -100, 26, -192, -92, 122, -34, 80, 88, 60, 116, 6, 104, -4, 56, 276, 68, 466, -120, 214, -228, -52, 76, -208, 6, 230, 18, 4, 200, 66, -212, -132, -308, 48, -104, 96, 48, 18, 222, -34, 78, -138, 192, 110, -36, 0, -12, 30, 176, -52, -42, 248, 218, 24, 88, -102, 70, 128, -232, 110, 64, -64, 156, -104, -4, 54, -20, 34, -24, 52, -70, -48, 188, -164, 108, 150, 134, 126, 44, 40, 86, 22, -60, 54, 80, 168, -92, 116, -54, -26, -100, -138, -28, -136, 16, -112, -90, 114, -146, 102, 116, -168, -22, -118, 138, 114, 4, 84, 58, 74, 136, -26, 168, -42, 106, 356, -224, -210, 162, 58, 192, 250, 24, 194, 40, 224, 4, 36, 180, 218, 30, 216, 212, 90, -54, -44, 52, -78, -98, 176, 154, -132, 132, 14, 10, -28, -46, 310, -200, -22, 4, 56, -14, 78, -178, 4, 22, -36, 122, 98, 40, -224, 290, -138, 264, -60, 216, 230, 118, -58, 106, 52, 248, -22, -142, -56, -82, -90, 96, -108, 4, 20, 70, 110, 4, -104, 78, -58, -96, 182, -166, 54, 72, 236, 62, 58, -8, 20, 246, 116, 112, 92, 28, -60, 186, 114, -188, -56, 76, -100, -66, 24, 178, -20, -126, 42, 90, 24, -108, -16, -106, -132, -126, -128, 128, 76, -114, 48, 16, 196, 66, -14, 72, 128, 174, 50, 132, 310, -134, 22, 118, 40, 94, 130, 70, 52, 118, 130, -220, -158, 68, 76, -42, 106, 
-86, 88, 174, 74, -58, -64, 56, -22, 8, -14, 266, 90, 40, -46, 30, 32, 44, 48, -218, 62, 138, 76, -30, -78, -14, -102, 248, 100, -38, 104, 124, -22, 164, -130, -52, 176, 144, 20, -26, -4, 100, 304, 32, -130, 12, 178, -210, -66, -116, 38, 162, 152, 176, -36, 54, 46, -10, -106, 146, -190, -246, 88, -42, -22, -130, -10, 220, -266, 46, 12, 88, 98, 122, 20, -108, 18, 10, 10, 24, 228, -34, 190, -48, -82, 128, -198, 308, -34, -12, -272, 76, 222, 122, 104, 214, -40, -64, 158, 90, -20, 86, 14, 106, 118, 30, 30, -260, -128, -210, 92, 72, 166, -108, -78, 256, -80, 154, 60, 168, 52, 10, -56, 48, 166, 212, 104, -174, -12, 126, -68, -72, -18, -176, -112, -204, 50, 44, -58, 124, 20, 214, 230, 46, 132, 62, 30, 84, -94, -180, -282, -68, -368, -116, -170, 52, 248, -46, -152, 62, 96, -200, -40, -46, -16, 16, 74, 86, -10, -144, 28, 38, 48, -134, 242, 188, -6, -158, -24, -78, 82, 154, 0, -44, -36, -112, 100, 112, -116, 152, -18, -132, 34, 146, -146, -46, -232, -2, -152, -330, 34, 16, -118, 180, 264, 150, -42, -136, 114, -66, -26, -326, 158, 52, 60, 190, 254, -28, 148, 94, -92, -138, -52, 42, -40, 62, 22, -36, 4, 174, -96, 354, 204, 38, -122, 6, -70, -28, -6, -140, 28, -64, -236, 190, 140, 66, -14, 168, 50, 210, 236, -142, 152, -54, 42, 68, -70, -22, 40, 102, 54, 126, -102, 68, -68, -56, -66, 216, 140, -168, 30, 120, -78, -112, -92, -12, 80, 148, 160, 56, 48, 146, 50, 46, -52, -128, 20, -72, 106, -124, -94, 132, 0, -10, -38, 56, 92, 20, -116, -166, 120, -22, 254, 30, -8, 44, -12, -6, -4, -102, 52, 78, 150, 16, 32, -88, 78, 62, -70, -180, -4, -172, 22, 204, -8, 4, 76, -156, 0, 152, 16, 76, -114, -112, -172, 22, 146, -42, 168, 98, 244, 188, 210, 162, -38, 4, -212, -10, 280, -84, 238, -126, -106, -200, -48, 0, 148, 16, -46, 2, -52, 114, -110, 118, 124, -86, 70, -14, -102, 24, -42, -38, -8, 142, -12, -12, -198, 240, 58, -178, 102, -48, 134, 58, 22, 208, -286, -180, 190, 90, 18, -136, 142, 76, -304, -94, 108, 180, 30, 108, -74, -18, -32, 40, 74, 112, -6, -242, 104, -176, 48, 30, 148, 88, -92, -80, 46, 48, 196, -156, 156, 190, 258, 232, 64, -138, -12, 72, -8, -54, 128, 94, 174, -70, 120, 162, -194, 154, 2, -46, -46, 184, -218, 226, -228, -76, -158, -10, 80, 76, 56, -278, -50, 78, -48, -186, -84, 166, 52, 68, 114, 12, -94, -124, -66, 292, 96, 106, 10, 42, 10, 20, -2, 136, 6, 32, -6, 6, -66, -22, -30, -158, -64, -50, -296, 114, -202, -112, 114, -72, -126, -44, -152, -50, -58, 342, 170, -154, -64, -252, -50, 
76, -64, -214, -30, 12, 146, -18, -48, 20, 114, -184, 90, 2, 174, 98, 222, -76, 24, 4, -94, -66, -18, 54, 120, 122, -98, -22, -116, -162, -20, -158, 126, -66, 34, 140, 24, -92, -40, 66, -80, -76, -116, -6, 48, 96, 68, 126, 176, 62, -42, 86, -114, -88, -144, 100, -94, 84, 62, -120, 120, 244, -98, 18, -70, 112, -120, -146, 82, 66, -12, -106, -60, -2, -88, 52, 2, -22, 74, -152, -76, -106, -296, -70, 140, -158, 258, -204, 4, -52, 252, -138, -44, -240, 22, -12, -16, 132, -162, -20, 46, 224, -194, 108, -168, -180, -126, 236, 134, 186, 22, 162, -122, 186, 40, 40, 290, -24, -16, 174, 148, -52, -44, 68, -16, -178, -52, 340, 214, -110, 108, -88, 176, 78, 156, 138, -98, 24, -86, 24, 182, -322, -220, -130, -80, 74, 54, -60, 54, 162, 86, 136, 316, 188, 6, 88, -72, -94, 66, 150, 50, 50, 68, -6, 32, -90, 54, -110, 56, -20, 82, 58, -262, 108, -48, -122, -48, 348, 72, 12, -140, -152, 60, -14, 0, 148, 90, 18, 178, 40, -48, 70, -48, 24, 108, 92, 144, 104, 58, 64, -132, -14, 80, -64, -276, -66, -48, 32, 24, 18, -58, 186, -140, -138, 100, 94, -82, -16, -78, -60, 188, -30, 22, -76, -118, 62, 140, 186, -112, -22, 132, -178, -70, -90, 66, -158, 120, 32, 16, 78, -164, -36, 184, -110, -166, 86, -26, 22, 82, -64, -94, -162, -68, 140, 216, -122, 106, -114, -20, 164, 200, 128, 82, -4, 222, 50, 0, -66, -132, 240, -46, -34, -18, 338, 186, -6, -84, -128, -42, -100, -36, -116, -178, 54, -90, 124, 14, 116, -64, 244, 4, 52, 46, 0, 40, 110, 22, 116, 70, 188, -108, -30, -2, -128, 176, -48, -16, -8, 186, 94, -42, -154, 164, -116, -80, 158, -2, -296, 74, 214, 66, 154, 62, 6, 180, -122, 106, 110, 98, 20, 150, -194, 94, 54, 200, 8, 80, -136, 10, 6, -284, -268, -44, -12, 170, 98, 238, -8, -166, -42, -172, 140, -78, 162, 148, -120, -170, -54, 46, -46, 230, 20, 106, -50, -14, 26, 58, 94, 80, -24, -72, -80, -56, -94, -54, 10, 212, -208, -12, 172, -12, 52, -40, -32, 156, -102, 230, 252, -114, -8, 124, 134, 208, 74, 302, -90, -94, -130, -102, 30, 194, -106, 118, 178, -114, 70, 96, 34, -204, 64, -42, 6, -58, 78, 18, 246, -18, 152, -110, 178, -106, -182, -220, -324, 60, 6, 40, -116, 98, 118, -112, -162, 96, 140, -72, -110, 162, -108, -2, -28, 24, -46, 68, -176, 264, 16, 64, -158, 10, 114, 12, 284, 64, -8, 76, 50, -12, -98, 144, 30, -26, 66, 138, 102, 238, -88, 48, -156, -30, -40, 34, -162, 42, -24, 2, 14, 142, -82, 6, -96, -38, 278, 148, 128, 258, -18, -22, -24, 20, -94, 130, 134, 130, 108, 96, -204, -76, 120, 96, 154, -96, 
-84, -44, 150, -54, -36, -52, 60, 52, -56, -238, 154, -60, 6, -102, 84, -128, 40, 58, -4, 100, 240, 18, 164, -44, 2, 216, 106, 18, 120, -88, 132, -116, -126, 22, 44, -66, 62, -16, 146, 196, 150, 204, 16, -38, -98, 82, -162, -40, -86, -330, 22, 372, 160, 128, -62, -22, -66, -22, -6, 34, -16, 178, -82, 90, 200, 130, -82, -34, -114, -120, 144, 140, -16, 80, 112, -106, 60, -162, 66, 108, 166, 182, 160, 156, 82, -58, 278, 224, -26, -54, 74, 50, 40, -108, 148, -12, 14, 194, 94, 38, -2, -6, -178, 92, 244, 108, -198, 26, -32, 142, -188, 70, -100, 156, 4, -116, 160, -118, -110, 60, -106, 110, -24, 34, 72, 78, -134, -72, 80, -56, 106, -96, -60, -66, -138, 98, -126, 82, 152, -140, 484, 268, 32, 8, -62, -52, 122, -178, -76, -144, -152, -240, -178, 10, -58, 30, 226, -58, -96, 128, -50, -56, 14, 78, 52, 4, 34, 138, -34, -120, -74, 214, -72, -26, 350, -46, -142, -64, 80, 326, -26, -128, -26, -20, -40, -216, 272, -42, -42, -88, -74, 260, 50, -66, -38, -52, -86, -64, -54, 70, 6, -80, 238, 320, -22, -56, 34, -26, 6, 124, -200, 148, 118, -94, -8, 274, 28, 112, -8, -220, 298, -114, -84, 168, -24, -122, -108, 136, -64, -196, 162, 74, 82, 12, 78, -148, 144, 84, -36, 56, -60, -32, 188, 224, 218, 120, 16, -74, 124, 88, 4, 294, -210, -132, 164, -114, -92, -16, -158, 90, -152, 16, 248, -16, 130, 182, 76, 104, 2, 6, -102, -104, -88, -156, 26, 46, 50, -36, 16, 80, 88, 186, -14, 224, -306, 138, -150, 44, -68, 2, 20, 28, 72, -134, 30, -124, -260, -2, -184, -16, 82, -144, 222, -136, 148, -270, 198, -68, -80, -192, 110, 128, 176, -88, -176, 102, 208, -132, -44, 12, -212, -72, -36, -234, 190, -104, -118, 24, -4, -88, -10, 44, -126, -102, -90, -206, 140, 92, 120, 48, 224, 172, 36, -174, -46, -156, 264, 174, 2, 72, -268, 22, -46, -30, 42, 38, 26, -90, -114, 18, -72, -146, 164, 156, -36, -148, 30, -130, -106, 122, 6, 58, 44, -106, -68, 8, 290, 124, -202, 52, 50, 12, 106, -48, 102, -108, -118, -56, 6, 168, 88, -282, -136, -234, 140, 132, -74, 138, -50, -52, 124, -134, -84, 138, 80, -138, -16, 142, 8, 126, -138, -38, -192, 62, 62, -174, 60, 128, -28, 226, 162, 274, 82, -130, 234, 56, 88, -138, 36, 22, 250, 160, -158, 250, -40, -108, 292, 14, 26, 46, -48, -202, 38, -114, 6, 138, 116, 52, 38, 34, -168, -66, 122, -62, 190, 30, 54, -96, 226, 210, 140, -124, 178, -208, 96, 40, -68, -10, 118, -32, 104, -90, 4, -46, -14, -20, 188, -14, 58, -4, -296, -118, 130, -142, 58, 34, 40, 8, 152, -170, -32, -14, -28, 32, 120, -28, -156, -134, -64, -42, 
174, 166, -176, 52, -16, 190, 2, 56, -6, 266, -154, 42, 74, 86, 32, 36, -10, 48, 128, -58, -198, -144, -80, 92, -118, -158, -80, 56, 42, -36, -126, 220, -130, -2, -30, 306, -84, 38, 22, -166, 4, -228, -38, 90, 108, 36, 170, -74, 130, 470, 4, -222, -92, -44, -6, -18, 96, -146, -106, -184, 154, -116, -58, -54, -34, -24, 34, 90, 152, -60, -38, -124, 70, 100, -136, 56, 118, 184, 138, -162, -132, -106, -66, 14, -36, 120, -12, -280, 130, -24, 140, 44, -48, 134, 184, 28, 24, 8, -30, 26, -34, 114, 108, -26, -98, -396, 308, 152, 24, -48, 12, 86, 58, -74, -56, 38, -176, 120, 104, 42, 238, 40, 186, -66, 78, 32, 72, 12, -100, -10, -58, 274, 146, 42, 184, -160, 42, -60, -214, 250, -236, -156, -24, 60, -74, 148, -64, 86, -8, 68, 352, 54, 292, -76, 154, 128, -120, 154, 110, 70, 136, -62, -124, -138, 50, 108, 150, -42, 128, 184, -56, 14, 150, 2, -12, -36, 336, 166, 52, -230, 170, 264, -108, -34, 68, 140, -152, 102, 62, 172, -30, -18, 28, 66, 130, -54, -50, 10, 12, 24, 4, -164, 34, -180, -2, -78, 164, 88, -72, -138, 122, -256, 10, 94, 44, -240, -84, -160, -6, 148, -20, 48, -22, -54, -106, 70, 4, -160, 28, 72, 4, 58, -144, -122, 58, 2, -106, 116, 154, -192, 62, -88, -114, -98, -56, 54, 50, -90, 130, 102, 174, 46, 152, -76, 38, 90, -80, -198, 158, -138, 320, -72, -56, 378, -194, -294, -146, -34, -48, 142, 202, -32, -106, 160, -28, 0, -36, 74, 18, 140, 48, -114, 70, -18, 218, -60, 14, -142, 34, 112, 86, 38, 134, -12, -140, -58, 280, -88, 86, 38, 92, -48, -148, -190, -92, 70, 66, -20, 108, 8, -30, -12, -292, 78, 276, 112, -8, 160, 124, -24, 202, 162, -150, 194, -172, 78, 74, -84, 158, 40, 258, 28, -74, 44, 22, 76, -152, -170, -66, -136, -262, -224, -74, 164, 18, 296, 32, -72, 154, -46, 166, -12, 286, -62, 42, 104, -22, -84, 108, 62, 260, 116, -136, -200, 20, 32, -82, 184, 170, -10, 62, 56, 14, 0, 102, 56, -140, -116, 124, -14, -128, -86, -6, -88, -234, -12, -106, -54, -34, -54, -234, 68, -50, 70, 14, 72, -12, -22, 50, -60, 38, 310, 76, -222, -30, 36, 82, 0, -8, -124, -52, -80, 258, 12, 20, 206, -242, -60, -120, -116, -14, -34, -44, 178, -128, -4, 82, 30, 24, 58, -256, -50, 180, -126, 24, 158, -82, 10, -58, -82, -98, 204, -64, 132, -142, -16, -236, 88, 6, 90, 136, 156, 68, 244, -190, -12, -42, 68, -218, -66, -130, 142, -54, 102, -132, -28, 70, 154, -108, -144, 2, -128, -134, 136, 10, 68, -164, -72, -8, 118, 164, 244, -32, 136, 72, -40, 150, -132, -18, 182, 74, 72, -110, 248, -116, 22, 156, 164, 152, -2, 
48, -48, 256, 14, 2, -116, 110, -126, -58, -34, 252, -140, -38, -78, -104, -4, 118, 46, -216, 134, 168, -58, 122, 88, 92, 14, 278, 98, 62, 136, 140, -116, 286, -40, 102, -88, 6, 20, 30, 208, 62, -34, 4, 118, -96, 14, -78, 62, -40, -84, 230, 192, 140, -78, 54, -10, -118, 154, -82, 208, -120, 108, 188, 202, 16, 132, 112, 132, 0, 94, 104, -20, 82, -176, 74, -164, 30, -90, -68, 96, 146, 154, 124, -176, 78, -172, 44, 402, -210, 48, 24, 72, 0, -46, -116, -32, -170, 78, 74, -166, 80, 132, -186, 102, 130, 428, -80, -18, -34, 130, 146, 56, -66, 14, 10, 44, 224, -144, -32, -28, -28, -22, -70, -24, 22, -70, 106, 126, -78, 100, 8, -158, -32, -166, -82, 402, 72, 258, 140, -256, 66, 106, 192, -20, 98, -140, 0, 92, 72, -140, -98, -44, -72, 142, -122, -90, -94, -12, -2, 64, 8, -30, 238, -46, 106, -156, 126, -62, 18, -140, 40, 60, 150, 104, 148, 144, -200, -36, -188, 42, -176, -250, 34, 60, 6, 0, 120, -28, -58, 28, -16, -28, -54, -16, -100, 246, 64, -44, 32, -36, -4, 0, -68, 146, -2, 132, -8, 176, 38, 194, -110, 56, -134, -46, 20, 136, 54, 170, 44, -136, -30, 8, -2, 230, 56, -22, -66, 160, 82, -268, -10, 22, 36, 50, 80, 106, 72, -102, 48, -22, 42, 174, 146, 130, -30, 164, -116, 350, -106, -8, 42, -32, -2, -10, 38, 32, -22, 268, -114, 170, -264, 98, 48, -328, 44, 142, 130, 116, 70, -258, -20, -150, 130, -28, -48, -2, -72, -124, 22, -100, -36, 104, 60, 104, -172, 108, -126, 134, -6, -32, -168, 22, -46, -32, 44, 80, -130, 86, -36, 28, -56, 142, 10, 158, 112, 100, -74, 66, 82, 248, 118, 344, 280, 56, -78, 26, 20, -58, -86, -8, -54, -240, 66, -170, 160, 20, 4, 122, 52, -90, -122, 20, 116, -86, 232, 100, -40, 136, 150, -28, 212, 168, 224, -170, 42, -50, 64, 228, -204, 26, -18, 128, -146, 244, 28, -282, 60, 214, 44, 42, -180, 60, 188, 140, 194, 30, 14, -146, -2, 62, 82, -16, 56, 14, 48, -30, 152, 48, 126, 140, 258, 88, -50, -40, 50, 36, 274, -104, 8, -20, 98, 12, 78, 10, 96, 24, -148, -94, 62, 54, -30, -272, -88, 132, -40, 36, -180, -4, 140, 132, -78, 104, -366, -170, 68, -108, 194, 194, 328, 260, 168, 68, 70, 6, 130, 16, -18, -4, -166, 154, 340, -92, -120, 294, 6, -44, 64, 62, 162, 78, 92, -114, 86, 124, 128, 70, 132, 116, 54, 10, -110, -52, 62, -220, 0, 100, 6, -42, 228, -146, -114, -192, 132, -90, 176, -22, 42, -200, 210, 2, 184, 62, -60, -2, -164, -110, 212, -32, -56, -14, -44, -328, -106, -44, 6, -36, -120, 162, -78, -106, -128, -82, 194, -250, -30, 22, -84, -58, 124, -76, 
32, -14, -168, -116, 90, 172, -42, 118, 158, 40, -422, 104, 14, -80, 166, 56, -44, 34, 146, -52, -244, 80, -144, 20, 70, 34, -216, 126, 126, -60, -126, -50, -178, 12, 58, 20, -92, 178, 66, -154, 100, 90, -126, -160, 228, 96, 136, 60, -118, 32, -192, 144, -306, 120, -130, -116, 172, -86, 0, -146, 30, -106, -78, -36, 130, -10, -126, -216, -90, -80, -84, -48, -94, -20, 104, 154, 116, 360, 120, -90, -110, -48, 42, 104, -26, 186, -20, -164, 288, -10, 32, 78, -116, -144, 72, 46, 154, -26, -36, 164, 26, -164, 74, -128, -166, -262, 140, -2, 148, -106, -224, -218, 38, 24, 200, 108, -250, 168, -28, 86, -24, 48, 68, 26, -46, 74, -160, 82, -4, 48, 132, 168, 40, 186, 128, -226, -12, -68, -126, 36, 156, 58, -96, -12, -170, 54, 56, -70, 48, 94, 148, 4, 92, -82, 54, 184, 66, 136, 58, -36, 198, -102, -94, 218, -126, 114, -100, 190, -42, 194, 36, -114, 122, 36, 10, -220, 226, 86, 218, -136, 52, 198, -74, 66, 26, 42, -120, 88, -70, -48, -36, -32, 114, 100, -156, -142, -86, -16, 188, 78, 150, 66, 14, 60, 106, 36, -46, -82, -58, -30, 226, 54, 58, 92, -6, 40, -194, 76, 36, 358, 132, -124, 36, -192, 46, 72, 88, -182, -76, 152, -22, -128, 78, -170, 144, 12, -128, 96, 120, -146, 236, -170, -44, -2, 148, 88, 280, -66, 82, 88, 52, 68, -64, 0, -28, -58, 68, 6, 176, 38, 182, 42, -8, 64, 122, -80, 174, -84, -274, 126, -146, 74, -102, 70, 30, 16, 248, 174, -192, 38, 220, -12, 72, -60, 188, -66, 230, 16, -96, 68, -8, 56, 162, 32, 40, 66, 10, 20, 42, 20, -16, 26, 2, -98, -174, -242, 146, 132, -86, -80, -78, -174, -192, -88, 126, 4, -134, -152, 2, -40, 28, 272, -70, 110, -88, 168, 18, -32, -90, 128, -12, 40, 22, -82, -180, 82, 76, -196, -268, -134, -112, -226, 42, 10, 12, 14, 62, -42, 344, -272, 16, 104, 84, -88, -116, 202, -88, -104, -70, -146, 194, -214, -220, -98, -66, -86, -176, 72, 2, -130, -104, -150, -168, -26, -128, 82, 76, -106, -62, -170, -188, -36, 180, -28, -106, 56, -134, 154, 62, -120, 22, 126, -210, 0, -94, 48, 146, 16, -226, -120, 128, 174, 192, -2, 40, 96, 296, 0, -106, 8, 34, -62, 300, 146, 38, 182, -34, -88, -202, -30, -72, 16, 16, -134, -128, -16, 54, 60, 66, -100, -176, 158, 118, -230, 34, 42, 36, 86, -88, -34, 38, 62, 56, -72, -148, -14, 8, -28, 82, 38, 168, 18, 10, 0, 82, -104, -54, -124, -144, 104, 122, 216, -22, -4, -62, -28, 118, 118, 58, 52, 114, -118, 16, 56, 234, 164, 140, 114, -164, 236, 74, 284, 226, 58, 108, 206, 48, -50, 166, 42, 144, -34, -204, 260, -6, 54, 120, 240, -50, 10, 
20, -140, 82, 38, 50, -216, 232, 104, -96, -50, 182, 88, -298, 76, 0, 12, 58, -28, 50, 74, 330, -32, 66, -132, -176, 76, 402, 52, -104, -16, 56, 78, 22, -74, -40, -20, 30, 60, -112, 186, -34, 156, 44, 96, -40, -106, 150, -184, 140, -116, 248, -56, 330, 310, 72, 44, 28, 102, -26, 70, -178, 28, -72, -10, -186, -56, 78, 172, 292, 156, 0, -52, -32, -20, 74, -90, -32, -110, 90, -102, -96, -60, -104, -258, -218, -200, 52, 80, -132, 184, 182, -116, 70, 88, 76, 126, 20, -30, 78, -16, 90, 40, 44, 110, 196, 182, -74, -14, -90, 98, -30, 118, -32, 38, -250, 6, 156, -138, -30, -40, -18, 26, -152, 328, 140, -72, -12, 30, 134, 94, -254, 8, -202, -62, -46, 290, 118, 80, 42, 12, -84, 2, 106, 150, 326, 24, -92, 146, -106, -86, -58, -142, -122, 94, 38, -166, 146, -44, -10, 188, -174, -50, -60, 16, 170, -62, -2, -244, 24, -264, 62, -42, 108, 84, -6, 156, -56, 24, -94, 30, 164, 56, 94, 112, 72, 30, -76, 134, 20, 190, 8, 76, -80, -134, 32, 98, 68, 36, -58, -66, -168, -84, 132, 160, -114, 54, 152, 134, -40, 208, -132, -128, -84, -28, -10, -26, 26, 106, -282, -230, -124, 110, -164, 62, -58, 58, 54, 190, 156, 54, 30, 242, 14, 108, -146, 50, 94, -30, 68, 96, -172, 242, -46, 40, -158, 54, -276, 156, -98, -212, -32, 128, -14, 108, 134, 150, -26, 22, 60, -98, -108, -12, -16, 66, -144, 72, -18, 108, 174, -190, 16, 42, 258, 10, 130, 38, -98, -24, 78, 122, -186, 92, -180, 266, -18, 156, -138, 134, 34, 14, 168, -30, -52, -170, -224, -84, -36, -90, 0, 174, -66, -62, -16, -48, 194, 172, -78, -110, 118, -40, -6, 96, 188, -4, -198, 16, -38, 60, 54, 16, -76, -180, 18, -54, 316, -108, 270, 42, 4, -58, -94, -64, 148, 6, 102, -24, 68, 194, 228, 86, 32, 114, 100, -108, 320, 46, -56, 94, -200, 388, -82, -384, 66, 312, 110, -60, -64, 164, 138, 104, 2, 94, 88, 182, 204, 50, -102, 102, -84, 38, 134, 78, 70, 68, 36, -200, 64, 46, 160, 96, 62, -118, -66, 120, 66, 120, 100, -86, 8, 126, -58, -144, 128, 102, 208, -2, 16, 4, 92, 100, -168, -18, -242, 140, -84, -48, -344, -60, 308, 148, -68, -24, -274, -148, 72, -70, -16, -2, 358, 90, 68, 4, 106, 142, 50, -124, -32, 38, -212, 30, 254, -146, 14, 362, 146, -56, -20, 48, 32, 66, 78, -50, -14, -42, 228, 134, 104, 96, -160, -8, 2, -164, -128, 182, -52, 192, 64, 72, -68, 42, -72, -96, 162, 6, 220, 16, 16, 108, 158, 104, -158, 140, -106, -70, -144, -156, -56, 30, 84, -28, -10, -76, -20, -66, -172, -12, 86, -34, -164, -18, -110, -94, 278, -90, -84, 32, -88, -164, 0, 212, 
58, 208, -118, -30, 60, 278, -88, 184, 142, -130, -160, -106, 274, 100, -24, -34, -20, -54, 32, 28, -380, 24, -88, 78, 78, -186, -96, -28, 20, 158, 74, -42, 78, 48, 114, 122, -190, 62, -72, -196, 24, -202, 0, 34, -72, -108, -20, 80, 130, 30, -50, -86, -434, -138, 148, 20, -90, -12, 64, -108, 70, 4, 116, 66, 162, -24, -40, 20, -206, -26, 124, 56, 16, -34, 12, -2, 26, -14, -98, -80, 94, 90, -48, 158, 236, 118, 142, -34, 220, -4, -130, 60, -52, -66, -30, -88, -24, 122, -12, -166, -96, -92, 84, -32, 22, -114, 178, 200, 126, 38, -30, 18, 142, -22, 138, 66, -82, 146, -12, 26, -36, -266, -6, -182, 120, 60, 206, -16, 0, -16, 100, 166, 194, 160, 226, -170, 130, -100, 94, 12, -36, 54, 6, -188, -384, 40, 268, -76, -144, 80, -12, 274, 188, 54, 86, 146, 52, 180, 262, -178, 32, -40, -196, -76, -132, -20, 34, 324, 138, 86, -8, 176, -38, 40, -40, -10, 22, -42, 114, 52, -190, -38, -164, 90, -74, 136, 188, -190, 78, 60, -92, -52, -78, 36, -26, -18, -222, 64, 24, 140, 150, 98, -30, -94, 276, -20, -82, -30, 84, -118, 80, -30, 140, 54, -104, 74, -94, -80, 324, 158, 160, -52, 210, -50, 122, 84, -30, -124, -150, -60, 48, -202, -114, -28, 134, -98, 154, 298, -154, 72, -2, -66, 58, 2, 62, 22, 462, -32, 172, 178, 6, -112, 96, -138, -16, -124, -140, 130, 28, 36, 266, 46, -12, -70, 194, -82, 102, 98, -152, 52, 24, 100, -152, 110, -246, 60, -46, -26, 72, -60, -16, -14, 242, -328, 124, -32, 66, 106, -164, -52, -38, -102, 166, 154, 100, 82, -98, 118, -30, -90, 220, 168, 116, 52, -176, 6, -34, 246, -54, 104, -2, -56, 58, -112, -56, 38, 6, 114, -66, 96, 26, 250, -186, 116, -118, 166, -244, 58, -66, 242, 90, 82, -48, 36, -42, 56, -170, -64, -104, 154, 116, 126, -42, 40, -290, -46, -90, -186, 142, -326, 86, 182, -30, -346, -234, -58, 266, -270, -266, -102, -150, -94, -40, -24, 132, 78, 82, -52, -66, -4, -44, -48, -28, 194, -56, 66, -10, 20, -66, -58, -64, 152, -12, -16, 238, -238, -126, 96, 68, -256, 74, 108, -178, 18, -234, 118, 6, -110, -54, 72, 166, 22, 116, 166, 76, 82, 422, 168, 2, -194, 84, 176, 284, 180, -94, 10, 52, -38, -176, 104, -116, -26, -88, -340, 2, -110, 44, 44, 174, 26, -144, 24, 48, -190, 122, 22, -136, -36, 126, -156, -106, 82, 250, 102, -126, -174, -14, -36, 370, 158, 38, 48, 8, -26, 78, 30, -96, 222, -178, -222, 66, 124, -54, -4, -180, 54, 102, 150, -98, -84, 68, -144, 24, 38, 96, 180, 152, 78, -24, 96, 72, 136, -34, 2, 62, 184, 78, -112, 72, 56, 42, 212, -114, 186, 190, 16, 38, -70, 142, -18, 
74, -160, 70, 112, -118, -106, 102, -164, -160, 184, 158, 224, -20, 44, 80, 146, -82, 26, 172, -122, 392, -72, 94, 52, -118, 104, 128, 76, -122, -74, 70, 48, 146, -134, -104, 156, 88, -250, 102, 16, -26, 176, 14, 62, 178, 152, 70, -218, -222, -50, 110, 100, 176, 182, -134, -58, 18, 62, 14, 82, 124, 154, -42, -30, -52, 104, 78, 98, 118, -52, -14, -162, -86, -66, 10, -178, 50, 164, 6, -10, -76, -20, -12, 154, -190, -152, -70, 40, -124, 108, 114, 172, 124, 84, 82, -154, 82, -46, 198, 104, -104, 66, -46, 40, -310, 124, 62, -174, 30, -178, 78, -122, 92, 22, -40, 172, 248, 0, 56, 136, 50, 136, 186, 96, 42, -6, -132, 284, 122, 20, 160, -126, -288, -48, -84, 230, -4, 116, -100, -42, 120, -36, 66, 186, 350, 78, -138, -46, 80, 94, 4, -100, -208, 158, 188, -232, -2, 90, -50, 110, 330, -24, 144, 46, 200, -56, 4, -286, -56, -104, 20, 0, -44, -208, -180, 90, -4, 22, -44, 342, 162, 20, 248, -270, -8, -68, -30, 168, 10, -54, 56, -38, 244, -144, 262, 160, 168, -38, -74, -36, -168, -218, 64, 442, -190, 24, 168, -4, -36, 218, -146, 126, -6, -164, -18, -288, -18, 30, -24, 22, -56, 210, -40, -154, -116, -102, 174, 74, 60, 64, -88, -50, 102, -60, 4, 266, -70, -136, -6, -74, -126, -54, 134, -58, -16, 144, -156, 70, -68, -124, 106, -36, -38, 226, 78, -166, 100, -142, -22, -6, -70, 34, -48, 206, -186, 38, -124, -56, -58, -194, 68, -16, 184, 64, 444, -6, -98, -90, -96, 170, 92, -88, 44, 224, 28, -94, 90, 76, 180, 128, -46, 112, 18, -172, -34, 42, 172, 16, 76, 88, -106, -38, 14, 82, 196, 232, -68, -152, 132, 40, 34, 98, -68, 84, 146, -2, 32, -2, 46, -40, 74, -164, 314, 132, -2, -18, 182, 20, 52, -128, -22, 32, -36, 0, 196, -80, 130, -94, 76, -38, -162, -80, 208, 78, 306, -76, 28, 46, -108, 300, -30, -146, -34, 330, 64, 138, 86, 208, 156, 76, 328, 22, 110, -16, -94, -132, -6, -2, 84, -26, 124, 42, -44, -154, -192, -84, 38, 104, 14, 94, -18, -160, 4, 42, -44, 354, 62, -132, -64, 280, -2, -84, 68, 54, -2, -12, 52, 90, 44, -106, -74, -98, -148, -118, -146, -204, -216, 40, 138, 348, -98, -92, -276, -140, 28, -112, 84, 10, 150, -68, 140, 54, 160, 110, -52, 148, 16, 52, -196, -2, 252, -14, 76, 370, 64, 44, -4, -114, -128, 160, 52, 22, -64, 112, 70, 156, 96, 66, -190, -274, -72, -118, 24, 68, -32, -150, 116, -176, 108, 72, -196, 32, 138, 110, 124, -78, -150, -34, 6, 250, 16, 140, -56, 82, 38, -14, -64, -196, -14, 18, -30, -142, 20, -56, 82, -76, -66, 118, -74, 12, 28, -54, 112, -10, 10, 62, -30, 90, -80, 116, 
114, 216, 14, -112, 14, 184, -32, 44, 222, -158, -230, -106, 220, -16, -232, -10, 164, 288, -132, 178, -332, 206, -108, 18, 76, 18, -84, -166, 206, 24, 96, 22, -178, 100, -136, -124, -88, 386, -198, 180, -130, -62, -118, -68, -78, -28, 12, 16, 176, -30, 100, -146, -180, -120, 172, 32, 84, 62, -156, 82, -130, -72, 64, 164, 236, 116, -206, -196, 54, 72, -80, 180, 98, 256, 94, 142, -92, -36, 30, 78, 172, 90, -50, 32, 178, 364, -66, 176, 40, -30, 52, -20, 16, 54, -312, 122, -70, -16, 60, -32, 134, 82, 4, 32, 258, -62, -94, 4, 42, 94, -198, 168, 132, -42, 22, -46, -144, 2, 20, -96, -278, 48, -186, 126, -118, 86, 120, -168, 26, 8, -190, 178, 248, 34, 2, -168, 70, -68, 258, 4, 40, 16, 2, -48, -276, -12, 130, 94, 26, -136, -34, -34, 360, -260, -84, 134, 74, 100, 198, -74, -212, 46, -210, 28, -276, 110, -154, 216, -140, 106, 36, 8, 42, 124, 52, 22, -50, -4, 156, -96, -130, 106, -86, 348, 176, -60, 2, -152, -26, 16, 66, 136, 12, 292, -152, -32, -216, 54, -26, -18, 126, 326, 4, -294, 54, -240, -152, 110, 34, 216, 28, -138, 40, 184, -8, 164, -30, 98, -34, 116, 72, -106, -74, 114, 20, 370, -74, -112, -44, -20, 78, 14, -24, -24, 104, 14, -148, 118, -64, 106, -2, 148, -98, 116, 70, 40, 22, -134, 46, 52, 74, -76, 36, -188, -116, 24, 34, 116, -54, 96, -116, 178, 58, -22, 114, -126, 58, -56, -48, 50, -2, -6, -14, -178, -262, -10, 28, -94, -62, 56, -72, 112, 72, -172, 68, 90, 134, 16, -132, -84, 2, 10, 274, 250, 280, -116, 60, -58, -30, -306, 180, 100, -56, -220, -140, -154, -74, -106, -186, -116, 78, 170, 80, 90, -60, 166, -34, 220, 132, 50, 28, 166, -128, -20, -22, -72, -68, 66, -8, 212, 118, -60, 150, 146, -134, -164, 110, 106, 72, 8, 256, 124, 22, 22, -266, 150, -46, -132, 72, -6, 256, 48, -56, -150, 210, 88, -62, -170, -52, 4, -120, 52, -4, 90, -18, -20, 56, 138, -24, 40, -6, 82, -160, -64, 330, 54, -62, -34, -14, -146, 74, 186, -32, -56, -24, -100, 28, 206, 90, -188, 180, -42, 46, -16, 130, 76, 196, 52, -50, 94, 34, 90, 56, 234, 18, 88, 94, 22, 100, -188, 28, -42, 266, 46, -146, 168, -46, -24, 114, 126, 4, 120, 24, 0, 220, 22, -192, 10, -172, -136, -144, 44, -92, -120, 200, 172, -156, 158, 86, -106, -194, 66, 236, -24, -62, -166, -22, -102, 176, 160, 120, 142, 74, -62, -98, 100, -98, 120, 136, -2, 84, -32, -58, -122, -86, 170, 106, -86, -14, 0, -66, 0, -22, 84, -166, -204, 62, 268, 56, 44, -84, 176, 22, -52, 72, 130, 64, -70, 228, -136, 300, 192, -108, -94, 36, 34, -84, 20, 4, -50, 
-124, -38, 86, 182, -32, -86, -58, -152, -358, 222, 146, 106, -130, -8, 162, -64, -26, -164, 62, -186, 148, -158, 46, 20, -78, -138, 138, 18, -168, 94, 140, -126, 146, -60, 230, 178, 150, -74, 150, -116, -22, 56, 190, 182, -138, 98, -36, -16, -38, 60, 118, 76, 50, 186, -164, -54, -44, -148, 130, -54, 234, 38, -46, -20, -186, -62, 306, -20, -48, 224, 34, -28, -268, 44, 92, -130, 38, 154, -38, -70, -156, 136, -40, -148, -282, -64, 104, -24, 106, 138, 16, 236, -184, -62, 276, 38, 110, 46, -62, -62, -180, 156, 208, -162, -40, 210, 82, 32, -122, -90, -16, -152, -126, 88, 38, 174, 234, -42, 134, 140, 174, 68, 92, 56, 8, -96, -12, -24, 100, -112, 248, -72, -198, -30, 54, 104, 82, 56, -44, -158, -20, 150, 152, -16, 304, 150, -40, 38, 84, 134, 30, 122, -258, 242, -50, -12, -80, 22, -138, -10, 352, -54, 230, -174, 132, 74, 138, 56, 16, -188, 120, 68, -126, 110, -64, 80, 118, 38, -56, 176, 240, 102, -60, -168, -70, 22, 156, -42, -152, -26, -170, -244, 108, -202, 34, 84, 186, 18, 188, 88, -20, -208, 26, 132, 48, 144, 326, -90, -68, -32, 30, 322, -116, -130, -38, 74, 62, -134, 94, 2, -38, 36, 236, -34, -48, -172, 54, 52, 200, -28, -98, 0, 24, 118, -56, 42, 174, -124, -8, -320, -24, -48, 64, -54, 58, 104, 160, 40, -66, 90, -206, -174, -40, 390, 162, 26, 52, -86, 132, -70, 16, -154, -154, 156, -18, -30, 4, 164, 46, 8, 2, 0, -120, 290, 292, 32, -30, 130, 66, -214, 36, 84, 64, 88, 114, 54, 8, 252, 136, 58, 136, -136, -168, 150, -108, 122, -112, 34, 170, 274, -8, -44, 102, 140, 220, 248, -32, 190, 202, 36, 70, -166, -96, -104, 130, -44, 132, 40, -200, -78, 14, 28, -68, -12, 170, 36, 192, 8, -22, -216, 74, 322, -102, -146, 146, 128, 122, 36, -82, 114, -84, 244, -134, 112, 170, -38, 42, 118, -136, -152, -174, 24, 148, 128, -8, 30, 302, -66, 172, 104, 76, 78, 84, -164, -20, 34, 74, 226, 2, -92, -14, -136, 110, -48, -44, 42, -50, 54, 30, 248, -92, -110, -72, 204, 46, 142, 52, 46, -74, 270, 60, 32, -78, 104, 8, -80, -196, -108, 98, -70, 276, 74, 76, -136, 126, -12, -190, 60, 36, 96, 98, -16, -58, 134, 146, 122, -24, 66, -190, 98, -124, -40, 100, -70, -238, -58, -42, -44, 190, 148, 356, -126, 132, 78, -288, -134, 108, -56, 98, 192, 74, -78, -140, -16, -36, -2, -12, -60, -82, -104, 32, -70, 90, 166, 110, -74, 24, 172, -54, 186, -54, 44, 178, 242, 166, -176, -72, 186, 136, 166, 168, 170, 18, 74, 184, 72, -126, -224, 80, -138, 112, -112, 18, 66, -18, 56, 46, 104, -118, 78, -196, 38, 234, 52, 118, 72, 34, 108, -180, 50, 
208, 78, 44, -68, -208, 2, -108, 116, 10, 36, 24, -194, -2, -16, -196, 4, 174, -48, 64, 152, -28, 230, 56, 22, -10, 312, -42, 338, 132, -118, 68, 60, 44, 232, 56, -96, 52, 240, -86, 122, 98, 40, 44, -204, -114, -46, 26, 106, 36, -48, 94, -56, -84, -62, 254, 182, 12, 148, -44, 80, -292, 28, 54, 294, 180, 106, -74, 90, -94, -10, 46, 34, 286, -172, 10, 20, -198, -104, 130, 30, 232, -162, 68, -92, 322, -138, 70, 212, -58, 110, 90, -258, -48, 234, -96, 140, -192, 100, 44, 22, 252, -34, -52, 54, 34, -64, -48, 74, -4, 86, 2, 58, 36, 98, -168, -162, -230, -32, -78, 42, -18, -88, -122, -60, 46, -6, 16, -112, -162, 104, 58, 34, 326, 148, 94, 84, 14, -62, 90, 18, -174, -206, 2, -180, -96, -38, 76, 138, -60, 38, 126, -66, 132, -124, 74, 162, 222, -138, 96, -12, -284, -124, -170, -14, -264, -38, -174, 140, 72, 116, -14, 48, 58, -148, 108, -202, -178, 28, 162, -22, -58, -8, 92, 44, 54, 12, 6, -170, 60, 126, 104, 46, -158, 102, 122, -212, 84, -170, -80, 2, 156, 100, -82, -190, 62, -64, -278, 26, 128, 106, -26, -130, 224, 132, 42, -66, 150, 58, 84, 50, 98, 276, -30, -124, -8, 100, 8, 100, -20, 268, 26, -24, 190, -78, 8, -182, -20, 30, -26, 250, -20, 50, -68, -60, -74, -210, -24, 34, -10, -118, 220, 134, 140, -230, -96, -180, -206, 60, -120, 54, 88, 238, 26, -240, 120, -76, 52, -112, 28, -150, 10, 104, 102, 10, -302, -160, -70, 138, 8, 216, -112, -96, 94, 146, -72, -56, -106, -76, 34, 88, -66, 42, 232, -270, 52, -4, 154, 210, 54, -202, 76, 192, -78, -38, -304, -116, -98, -106, -12, 16, -46, -112, 142, 102, 2, 46, -114, -128, 276, -150, 36, 18, 12, -108, -56, -30, -122, 28, 52, 288, 30, -118, 34, 134, -48, -42, 14, -156, 210, -140, 22, -124, 208, -108, -8, 62, 138, 120, 0, 90, 160, 114, -60, -12, 154, -88, -90, 26, -202, -40, -8, -110, 4, 136, -12, -52, -152, -200, 114, -124, 62, 112, -158, -26, 38, 32, 10, 38, 146, -32, 48, -46, 92, -314, -94, -56, -90, 16, 32, -6, -54, -54, 298, 90, 74, 82, 124, 228, -114, 100, -38, 30, -76, 160, -52, 70, 74, -58, -96, -170, 68, 258, -26, -108, -44, 100, 186, 6, 74, 30, 38, 48, 70, 4, 194, 12, 68, 172, -52, -44, -140, 16, -24, 118, 334, 282, -70, 114, -28, 26, 168, 64, 118, 230, 94, 44, 68, 74, 184, 186, 132, 80, -16, -178, 86, -128, -44, -202, 258, 76, 20, -214, -118, -38, -56, 114, 252, -160, -42, -148, -60, -26, -14, 32, -130, 158, 74, 52, -72, 204, -52, 56, -116, -58, 240, -48, 8, 76, -84, 32, 164, -12, -106, -240, 106, 194, 16, -30, 322, -54, 
-34, 92, -30, 0, 240, -222, 236, -10, 192, 124, -136, 290, 6, 88, 270, -150, -52, 126, 58, -92, 0, 68, 4, -8, 16, -62, 224, -318, -42, -36, -34, -80, 188, -50, 32, -20, -62, -106, 82, -244, -10, 242, -214, 104, 236, 188, -98, -186, 40, 44, 84, 70, 48, 132, 34, -10, 20, -334, 154, -56, 82, -82, 104, 8, -234, -158, -94, 62, 190, 192, 22, -56, -108, 166, 74, -162, -22, 92, 34, 4, -88, 70, -62, 74, -158, 142, 30, -10, 18, 32, -46, 72, 178, -108, 188, -20, 134, -18, -6, 164, -128, 24, -2, 112, 132, 80, -28, -54, 112, 52, 210, 122, -50, 46, 222, 66, 204, 88, 44, -40, 24, 4, 192, 296, -124, 10, -136, -12, 136, -86, 0, -124, -288, -190, 54, -104, 80, 48, 0, 152, -32, 110, 86, 52, 10, 56, 66, -128, -112, 216, -34, -108, -86, 94, -16, 202, 76, 48, -244, 116, 194, 124, 152, 4, 208, 116, -42, -4, -58, -118, 100, 56, 158, 122, -20, 32, 2, -136, -196, -12, 14, 20, 18, 34, 0, 78, -150, 418, -70, -136, -296, -250, 48, -164, -6, 214, 166, 122, 144, -94, -160, -156, 110, 130, 10, -60, 284, 94, -38, -82, 36, 160, 54, -24, 118, 142, -260, 30, -28, -38, -18, -246, 66, 22, -162, 90, 18, -18, -36, -288, 134, 62, 42, 16, 180, 152, -10, -100, -38, -292, 164, 98, 188, 22, 224, 50, -14, 174, 70, 200, -96, -242, 4, -10, 92, 160, 146, -32, 194, 66, -28, -210, -44, 60, 54, 136, -12, 110, 10, 176, -74, 186, -56, 36, 322, 212, 144, -190, -10, -62, -36, -140, -120, 26, -16, 134, 10, 112, 52, 46, 148, 86, -166, 286, -138, -96, 38, -138, 28, 68, 10, -24, -68, 190, 212, 108, -98, 114, 174, 90, 4, 126, 66, 68, -64, 20, 288, -106, -254, 42, 108, 10, 40, 210, 46, 82, 20, 84, -158, -84, 114, 160, -112, -156, 216, 116, -48, 152, -94, 134, 66, 78, -146, 28, 64, -68, -60, -40, 110, -92, -14, 48, -72, 146, -102, 118, -34, -234, 256, 110, -18, 114, 82, -6, 124, -182, 264, -28, 100, 140, 110, -180, 208, 4, 88, 158, -6, 54, -110, 26, -264, 114, 170, 132, 264, -44, 296, -48, 122, 66, 228, 52, -252, -128, -190, 8, 180, -158, 218, -64, 84, 56, 158, -134, 138, 114, 56, 82, 40, 128, -144, -266, 100, 34, 164, -28, -182, 26, 138, -22, -6, -80, -206, 78, 36, 28, -84, -62, 114, 0, 82, -20, -20, 44, -252, -234, 62, -52, 46, 232, -102, 94, -82, -126, -76, 34, -104, -36, -144, -266, -134, -120, 82, 384, -20, 74, 52, 252, 28, 36, -86, 212, 48, 80, -98, -126, -32, 48, -52, 190, 136, 18, 94, -46, 168, 96, 102, 52, 42, -24, -18, -148, 178, -28, -298, 44, -8, 114, 156, -50, -232, 88, 144, 236, 64, 46, 92, 86, -92, -48, 
176, -48, 254, 102, -200, 144, -186, 64, -66, -10, 246, -152, -92, -172, -116, 258, 84, 28, 148, -110, 92, -22, 180, -6, 102, -46, 46, 262, 90, 112, 78, 116, -142, 50, 36, 14, 100, 30, -94, 240, 102, -36, 286, -56, -296, -104, 126, 158, -86, -208, -84, -86, 14, -202, 50, 42, -20, 140, -108, 210, -108, -118, -220, -82, 258, 234, -26, -26, -210, -158, 112, -48, 82, 68, 50, 200, 222, 36, 80, -94, 12, 170, 164, -170, 22, -242, -144, 22, -140, -18, -76, 98, 158, 48, -26, 102, -120, 172, -150, 26, 200, 174, 16, -4, -54, -14, 116, 0, -54, -112, -130, 116, 146, 132, -70, 20, 174, -108, -18, 204, 2, -26, -90, -224, 64, 110, 142, 114, -42, 54, 36, 56, 158, 24, -50, 134, -118, -56, 44, 94, 202, -188, 28, 6, 52, -36, 104, 286, 116, -68, 26, -36, 134, -168, -160, -56, -102, -40, 180, -124, -262, -162, 118, -18, 10, 40, -8, -10, 150, 70, -190, -224, -6, 8, -34, 10, -44, 64, 182, 40, -20, -124, -16, -2, 118, 142, -2, -198, 84, 138, 458, 286, -34, 90, 2, -104, -96, -28, 8, 140, 220, 140, -96, -104, -6, 96, -374, -118, -76, 96, -166, 132, 70, -4, 30, -290, 302, 108, -24, 78, 268, 222, 106, 22, 38, -6, 158, -6, 62, 212, 20, 60, 36, 32, -6, 34, 78, 140, 100, 206, -136, -64, -164, 100, -8, -108, 34, -228, 16, -144, 4, 180, 160, -26, 78, -278, -80, 212, -230, -8, -88, 218, 14, -194, -64, -62, -18, 66, -242, -32, -20, -106, 104, 108, -222, 8, 52, 52, 176, -88, 136, 198, -20, -126, 114, -178, -50, -16, -66, -18, 82, -176, 138, -96, 160, 34, -38, 58, 264, -58, 8, 164, 92, 36, -116, -150, 130, 2, -254, 44, 8, 50, -8, -2, -76, 188, -326, 320, 78, -76, 120, 58, -18, -232, 0, 12, 56, -68, 60, 250, -32, -68, 70, 202, 12, -94, 158, 130, 26, 204, -12, -240, 226, -4, 20, 22, 44, -130, 4, 120, 252, -66, 20, 128, -16, 204, -64, 36, -76, -64, 52, -92, 170, -24, 18, 0, -218, 122, -106, 0, -78, 144, -22, 54, -78, -130, 72, -12, 128, -36, 118, 12, -94, -30, -50, 8, -140, 80, -62, -100, -126, -54, 298, -56, -44, 0, -32, -156, -330, 110, 8, 102, -118, 130, 100, 48, 148, -68, 20, -184, -120, 188, -214, 150, -112, 78, 218, -80, 52, 134, 2, 26, 130, -144, -92, 100, 178, 98, -136, 0, -22, -46, 98, 42, 198, 162, 12, 22, 124, -130, 238, 26, 110, 18, 84, 132, -64, 178, 24, 358, 84, 128, -10, -262, 14, 190, -70, -200, -56, 56, -30, -116, 86, 40, 144, 54, -96, -86, 8, -36, -186, -160, 54, 6, 60, 254, 62, 2, -162, -70, 88, 58, -86, -46, 332, -26, 228, -32, -274, 96, 154, -44, 4, -114, -70, 124, -42, -200, 136, -94, 
-82, 0, -88, 70, 216, -264, 82, -22, 164, -46, -10, 132, 108, 92, -4, -180, -260, 202, -178, 86, 60, -166, -82, -86, 62, 134, 124, -236, -108, 110, -36, -70, -138, -112, 64, -186, -92, 64, 112, -52, -72, 140, -132, -160, 268, 4, -84, -84, 96, 2, 148, 150, 100, 72, -172, 10, 14, 148, 136, 142, 30, -30, -74, 192, -234, -88, -126, 66, 44, 168, -166, 154, -42, -112, 90, 56, -166, 18, -88, 142, -108, -96, -100, 134, 136, 192, 256, 162, 126, 112, 156, 26, -180, 4, 10, -276, 22, -86, 210, 42, -174, -66, -62, -6, -12, -72, -94, -10, 44, -22, 74, 166, -136, 28, -16, -50, -216, 176, -90, -18, 70, -112, 198, 204, -178, -112, -184, -78, 128, -106, -6, 32, 44, -30, -18, 120, 32, 118, -2, -66, 22, 288, 18, 130, 134, 244, 96, -186, -194, 82, 72, 94, 0, 314, -36, -8, 68, 80, 52, 24, 124, 216, -230, -134, 146, -230, 120, -22, 88, -42, 28, 142, 54, -128, 218, -114, 12, -62, -142, 50, 122, 12, 154, 132, -210, -50, 122, 192, -54, 62, -460, -84, 126, 52, 78, -38, 126, 190, 18, -82, -220, -152, 150, 166, 124, -40, 438, 12, 290, 60, 210, 12, -2, 280, -58, 206, -288, -16, 168, -100, -42, -118, 112, 110, 92, 234, -62, -28, 100, -80, 72, -52, 58, 112, -222, -232, 22, -70, -34, -142, 28, 124, 152, -70, -144, 56, 126, 166, 48, 190, -44, -126, 12, -46, -26, 236, 124, -42, 150, -122, 2, 50, -72, 216, 98, 78, 78, 134, 134, 40, 108, 2, -118, 42, 10, 110, 74, 24, 78, -18, -92, 66, -38, 300, 134, -72, -124, 254, 2, 140, 46, 198, -52, 42, -262, 4, 58, 68, -48, 12, -60, -10, -4, 62, 30, 100, -50, 122, 196, 164, -70, 36, 32, 38, 64, 20, 242, -288, -128, -60, -14, -32, -32, 168, -16, 46, 56, -60, -132, 12, -144, 16, -184, 8, -50, 82, -46, -90, -126, -126, -36, 320, -134, 44, 230, 112, 22, -22, -124, 0, -150, -144, 142, 64, 120, -36, 22, 22, 88, 32, 58, 104, 80, 12, 78, 6, 138, -108, 190, 202, 38, -22, 212, 40, 24, 156, 102, -74, 164, -84, -64, 182, 384, 192, 124, -162, -64, 92, -20, 172, 262, -10, -138, 142, 6, 32, -34, 200, 354, -76, 52, 190, 206, -10, -164, 86, -212, -10, 34, 146, 92, -50, 232, -144, -30, -124, -92, -152, -104, -166, 206, -128, -242, 76, 60, -40, -142, -70, 112, 50, 190, 40, -128, 184, -50, -80, 10, -162, -32, -16, -334, -64, 60, -34, 84, -16, 30, -90, 78, -192, 140, -106, 94, 218, -66, -78, 62, 152, 70, 130, 44, 264, -152, -60, -30, -154, 88, 176, -90, 36, 134, -24, -50, 2, -76, 0, -112, -2, 176, 66, 156, -180, 110, 246, -92, 86, -50, 268, 374, -40, -64, -104, 198, 148, 170, -12, 68, 100, -162, 12, 
-12, 152, 78, 112, -38, 90, -152, -152, 0, -18, 180, 90, -308, -94, 124, 22, 466, -28, 82, 36, 178, 158, 124, 128, 44, 78, 76, 306, 62, -50, 14, 82, -38, -22, -36, 48, 112, -48, -56, 172, 156, -10, 60, 212, -110, 140, -42, 84, -144, -108, -114, -78, -42, -62, 310, 38, -34, -70, -32, 6, 34, -164, 158, -164, 264, 36, 64, -36, -18, -138, 220, -208, -20, 188, -132, -62, 66, 54, 92, 8, 326, 56, 128, 20, -128, -158, -110, -280, 20, -10, -198, 58, 244, -86, 156, 320, 64, -6, -208, -94, 162, 118, 120, 32, 14, 56, 284, 122, -120, -48, 158, -110, 68, 120, -82, 170, 126, -144, -12, 94, 26, 108, 66, -106, 276, 104, 46, 94, -48, 124, 96, 20, 162, 6, 150, 22, -32, 146, 246, -50, 4, -308, 38, 72, -94, -162, 244, 228, 170, -80, 98, -76, 170, -328, 98, 66, 68, 138, -74, 38, -38, -16, 156, 118, -346, 358, -118, -46, -30, 106, 170, 138, 6, 74, -242, -8, 254, -88, -82, -36, -64, 78, -44, -74, 106, -74, 54, -86, 258, -62, 228, 20, -182, 36, -132, -132, -30, 28, -164, 34, 74, 62, -142, -158, -110, 8, -226, -102, -176, -64, -150, -124, -158, -66, 78, -184, 168, 180, -186, -48, 98, 254, -94, -232, -38, -242, -106, -24, 100, 192, 120, 198, -44, -80, 58, 354, -78, 166, -38, 142, 286, 126, -378, 148, 112, -120, -98, -130, 132, -80, 234, 68, 40, 52, -14, -206, -32, -42, -222, 6, 30, 240, 64, -128, -2, -16, -54, -28, -24, 56, 56, -60, -34, 68, 74, -78, 22, -62, 166, 112, 188, 92, -38, -128, -20, 36, 100, -28, 38, 68, 124, -286, -164, -96, 414, 134, 50, -2, 118, -16, -4, 184, 140, -144, -12, -180, -32, -294, -166, -104, 150, 196, -198, 18, 12, 34, -212, 330, -18, 24, 46, 60, 200, -164, 80, -104, 98, -192, 100, -100, 12, -138, 196, 0, 68, -92, 76, -18, 64, 124, 72, -46, 40, 64, -132, -86, 106, 106, -60, 80, 154, 256, -14, 68, -86, -50, 60, -70, -108, 144, 86, -54, -70, 14, 14, 94, 52, 50, 30, -178, -100, 60, -66, 104, 46, -80, -170, -66, 16, 78, 172, -52, -100, -58, -158, -12, -50, 68, 50, -148, -290, 142, 6, -138, 78, -28, -54, 18, -220, 92, 104, -142, -52, 134, 224, -2, 176, 100, 48, -70, 24, -12, -44, 186, 98, 108, 172, 102, 104, 34, -140, 112, 142, -8, -98, 112, 106, 228, -120, -206, 18, -64, 218, -146, 18, 140, -64, 70, 102, 66, 134, -40, 64, 38, -56, 174, -164, 112, -58, 96, -72, 98, -30, -92, 78, 138, 14, -86, 32, -158, 60, -380, 268, 122, 158, 204, -66, 72, 0, -172, -210, 162, 46, 26, 54, 118, 138, 18, 24, 72, -50, 102, 208, -70, 12, 108, -244, 2, -294, 60, 2, 92, -134, -56, -134, -96, 84, -138, 96, 38, 
24, -36, -78, 42, 100, -48, 138, 78, 94, 44, -40, 36, 182, 174, -16, -164, -264, -32, 74, 178, -100, 16, 28, -88, -80, -54, -34, -84, -6, -98, -118, -224, 58, 182, 68, 50, 144, 0, -12, 10, -68, 2, -70, 96, 194, -120, 24, 62, 56, 214, 114, 52, 118, 70, -80, 36, -48, 108, 64, -84, -30, 190, -142, 148, -232, 20, -188, -66, 88, 142, -234, 202, 82, -74, 76, -14, -138, -6, -112, 118, -214, 68, -110, -58, 44, 198, 98, 240, -36, 110, 44, 30, -140, 96, 58, -298, -32, 94, 134, 4, 128, 18, 68, -230, 196, -88, -188, -44, -18, 92, -80, 150, -56, -250, -24, -46, 46, -22, 18, -156, 88, -28, -28, -8, 54, -92, 0, -60, -22, -116, 68, -66, -182, 38, -120, 16, 234, -96, -172, 242, 44, 262, 6, -64, 22, 72, -154, -16, -146, 116, -196, 122, -44, 330, -14, 84, -8, -76, 70, -2, 200, 74, 100, -210, 156, -230, 176, -24, 88, 58, -54, -238, 166, 236, 222, 14, -72, 230, 192, -70, 34, 26, 228, 210, 22, 18, 24, 24, -192, 84, -150, -166, 338, -164, 14, 16, 164, 188, 260, 0, -118, 0, 384, 154, 22, 104, 132, -72, -74, 110, 174, -78, 286, 96, -64, 140, 34, -136, 168, 208, -28, -342, -56, 222, 156, 242, 54, -80, -110, 84, -154, -114, -190, 8, -114, 56, 274, -16, 122, -274, -58, -46, 330, -70, -58, 174, 76, 206, -32, -28, -12, -114, -70, -202, 204, 82, 48, -6, 112, 126, 168, -28, -76, 116, 46, 94, -36, 10, -14, 50, -170, 366, 98, -112, -48, 86, 30, 202, 70, -86, -146, -86, -24, 86, 34, -80, -188, -4, 48, 22, -88, 250, -102, -88, -292, 24, 70, 132, 32, -56, 166, -16, -8, 54, 208, 96, -10, 382, 72, 154, 30, -74, 100, -150, -136, -162, 186, -76, 104, -14, -118, -82, -146, 8, -106, 170, -146, 152, -6, 42, 14, -74, -108, -26, -116, 222, -34, -32, 146, 24, 14, -4, 48, -142, 64, 68, -126, 44, 32, 26, -190, -236, -68, -12, -38, 68, -56, 128, 44, -232, -4, 52, -102, -12, -2, -62, -22, -94, -14, 136, 140, 172, 4, -70, 24, -26, 246, 246, 78, -62, -44, 40, 74, -130, 74, 110, 8, -32, -28, 188, 306, -186, 72, 268, 186, 188, -56, -28, 208, -58, -10, 98, 76, -42, -188, 252, -24, -196, -80, 82, 132, 78, 282, 106, -186, -138, -130, -60, 42, 54, 82, 26, -226, -76, -48, -16, -28, -182, 40, 234, 196, -54, -90, 216, -76, -240, -42, -126, -158, 20, -50, -94, -38, 68, 46, -38, 146, -68, 70, -36, 48, -12, 108, 134, 92, -58, -56, 28, 146, -94, -78, 214, -108, 186, 36, -50, 38, -36, 30, 176, 270, -94, 108, 108, 88, -2, -168, 184, -24, 8, 184, -116, 12, 42, 48, 10, 176, 62, 266, 8, 8, -142, 96, -34, 230, 178, 36, 262, -136, -86, 
-10, 8, 90, -20, 64, -8, -80, -86, 46, 112, 322, 72, 36, -76, -76, 184, 218, -50, -110, -194, 22, 148, 44, 16, 14, 62, 134, 202, 176, 168, 42, 360, 54, -114, 12, -20, 90, -132, -6, -148, 14, -24, 72, -108, 82, 90, 12, 68, -4, -88, 64, -136, -108, -14, 134, 10, 392, -200, -20, -54, 56, -46, 0, -140, 190, 186, 68, 202, -70, 6, 110, -80, 112, 256, -90, 146, 292, -10, 0, -66, 124, 14, 62, -32, 52, -66, -172, -94, -136, -26, 32, 64, 84, -80, 18, 316, 170, -208, -56, 222, 4, -2, -118, 88, 12, 82, 144, -74, -136, 80, 88, -152, 66, 84, 96, 148, 14, -140, 174, 152, 108, -34, 62, -36, -98, 216, 22, 72, 36, 136, 84, 124, 236, 38, 40, 172, -134, 22, 210, -94, -168, -178, 112, 338, 28, 44, 62, 232, 74, -20, 92, 36, 40, -306, 134, 152, 76, 238, 130, 24, -162, -56, 106, 52, -152, 224, -124, 34, -130, -60, -10, 138, -262, -156, -106, -34, 48, -38, -38, 162, 96, -4, -42, -330, -122, 154, -84, -48, 192, -152, 220, 128, -296, 86, -30, 110, -216, 8, -110, 32, 154, -40, -168, -58, 70, -58, -26, 114, -94, 6, -262, -44, -114, -50, 116, -226, 20, -22, 44, -176, 160, 174, -6, -104, -86, -156, -106, -134, -48, 58, 162, 72, 208, -20, 230, -74, -170, 76, -162, 110, 92, 92, -188, -40, -64, 6, 10, -96, 86, -20, 16, 22, 2, -68, -148, 72, 26, 108, -150, 22, 38, 44, 4, -38, 74, -98, -20, 96, 198, 114, 204, -390, -38, 110, -58, -32, 70, -22, 22, 104, -38, -14, 142, 32, -128, 38, 242, 82, -132, 46, -40, -126, 212, 56, 354, -54, -64, -74, 158, 22, -152, -32, -6, -34, 14, -18, 172, -144, 28, -84, 136, -36, -40, 190, 138, 152, -250, 70, -16, 4, -56, 4, 424, -2, 164, 88, 54, -30, -28, -124, 84, 128, 72, -2, 244, -104, -148, 316, -154, -56, -234, -190, -166, 80, -296, -6, -48, -50, 166, 166, 212, 86, 114, 150, 28, -36, -18, 32, 0, 54, 76, 140, 134, 160, -48, 110, 128, 138, -162, -22, -94, -18, -114, -150, 228, -156, -82, -18, 66, 70, 114, -88, -114, 176, -78, -146, 92, -48, 48, -18, -258, 248, 122, -312, -76, -62, -10, 98, -72, -20, -34, -176, 66, 72, 34, -32, 32, 74, -8, 42, -186, -110, -146, 174, -10, 82, 114, 82, 120, -114, -36, -62, 66, -190, 140, -20, 26, 68, 74, -250, 52, -28, 144, -22, -116, 226, 30, 208, 164, -102, 88, 62, 78, 94, 42, 52, -132, 52, -160, 70, 12, 6, -24, -200, 2, -44, -134, 88, -180, 72, -98, -138, 72, -76, 102, -24, 108, 36, 106, -22, -264, -132, 148, -24, -124, 166, 116, -250, 238, 48, -142, 146, 120, 42, 76, 84, 88, -132, -126, 84, -94, 126, -124, -120, -18, -122, 76, -38, 120, 142, 
18, -70, -46, 98, 66, -102, -46, -50, -26, 24, -208, 62, -102, 4, 156, -50, -182, 128, 48, 214, 162, 162, -94, 52, -96, 22, -84, -138, -264, -64, 198, -88, 2, 22, 24, 260, 144, -160, -32, 60, 178, -32, -262, 104, -38, -194, 98, 156, -78, 158, -28, 152, -46, 146, -22, -20, -274, 132, -12, 38, -74, 40, 42, 142, -138, -196, 98, -154, 130, -158, -126, 90, 248, -108, 174, -148, -230, 130, 2, 144, -20, 66, -28, -26, 32, -2, 196, 136, 112, 84, 122, 56, 20, -34, 62, -202, 176, -10, -6, -106, 86, 34, 4, -84, 182, 36, -162, 96, 74, 76, -130, 88, -112, 100, 20, -78, -134, 314, -82, -56, 28, 66, -16, 180, -28, -72, 40, -124, -4, -56, -118, -250, -22, -20, -96, -164, 60, 114, -120, 216, 96, 32, -228, -170, 170, -14, -208, 48, 12, 6, 44, 4, -64, 190, 14, -72, 124, -98, -44, -110, -4, 128, 18, 168, 26, -72, 72, 66, 170, 164, 114, -48, 170, 230, -10, -4, 108, 140, -12, -202, 16, -140, 42, 284, 250, 76, 34, -14, -68, 122, -156, 10, 254, 8, 186, -162, -62, 54, 116, 222, -58, -8, 172, 40, 30, -6, 196, -36, 132, 146, 316, 116, -6, -54, -50, 132, 4, 254, -8, 50, -50, 0, 100, 186, -142, 42, 390, 76, 2, -48, -114, -96, -42, -82, 102, 70, 94, -110, 236, -46, 42, -8, 124, 112, 286, -2, 68, 144, -130, 44, 138, 28, 190, -66, 186, -184, -78, -136, 202, 80, 64, -8, 104, 4, -4, 182, 12, 12, 20, -258, -108, 158, 118, -44, 44, -58, 16, -156, 144, -62, -32, 190, 22, -30, 86, -126, -166, -78, -76, 2, 88, 156, -140, 34, -108, 118, 86, 182, -2, -42, 234, -62, -48, 20, 66, -136, -134, 204, 38, 122, 78, 0, 58, -198, 78, -92, 206, 158, 32, 100, 14, 82, -154, 166, -48, -30, 14, -6, -202, 86, -22, -42, 114, -158, 58, 132, 86, -184, 184, 36, 124, 114, -48, 4, 230, 210, 160, 142, -38, -192, -158, 108, 14, 28, 66, 30, 192, 12, -42, 82, -42, 80, -140, -98, 196, -102, -10, -62, -38, -74, 116, 208, 100, 60, -70, 36, 148, 18, 154, -42, -116, 32, -4, -30, 250, 14, -74, -44, 92, 90, 232, -142, 30, 32, 68, 26, -48, -88, 48, 14, 30, 126, 150, -36, 62, -132, -128, -98, 22, 202, 100, -16, -4, -232, 24, 48, -40, 166, -26, 56, -30, 74, -34, 180, -178, -68, 264, 50, 214, -8, 86, -10, -74, 16, 24, -164, -64, -10, -156, 140, -42, 58, -16, -74, -42, 44, 46, -6, -68, -182, -104, 30, 128, 102, 154, 404, -32, -10, 50, 2, 38, -8, -16, -46, 28, 140, 16, -292, -262, -10, 376, 118, -296, 32, 100, -338, 20, 136, -174, -24, 264, -38, 36, 54, -6, -70, 30, 130, 116, -58, 98, -38, 206, 152, 114, 248, -36, -12, 92, -28, 
